# x[AU] y[AU] z[AU] vx[AU/yr/2pi] vy[AU/yr/2pi] vz[AU/yr/2pi] m[MSUN] m[mtot] wf[%]
-9.89567620917e-08	2.82933064419e-07	-9.6201877669e-08	-4.54430517079e-06	6.07640974651e-05	-6.04827257215e-06	7.34193233662e-08	0.997537620492	14.7317305796
-0.000178800842725	4.78947087734e-05	0.000146426585201	-0.0200753413294	0.00613660602421	0.0165457687599	1.59657726795e-12	2.169246209e-05	100.0
0.000107928677764	-4.50026939662e-05	-0.000206728262075	0.0124267759492	-0.00583032205837	-0.0231820881557	1.58537468506e-12	2.1540254233e-05	100.0
-1.92288727917e-05	1.19738787659e-05	-0.000233024818675	-0.00232804783967	0.00170446231359	-0.0259577727664	1.58176236001e-12	2.14911741e-05	100.0
8.59874681091e-05	-9.66431330697e-05	0.000251150572727	0.0109214741698	-0.0134759350378	0.0322149069184	1.58166530046e-12	2.1489855366e-05	100.0
0.000274610971632	-5.54942776054e-05	0.000117355181019	0.0363288966936	-0.0078311762437	0.0163775278632	1.57732578314e-12	2.1430894979e-05	100.0
4.28896257338e-05	-0.000122525212439	0.000222545592763	0.00535942465699	-0.016300299976	0.0263009420688	1.57545097487e-12	2.1405422232e-05	100.0
0.000255930017733	-8.30864156344e-05	2.24429674038e-06	0.0316714915368	-0.0112623793661	-8.27631666791e-05	1.57210971249e-12	2.1360024989e-05	100.0
8.36034667972e-05	-6.17841686058e-05	0.000327534529521	0.0114934378723	-0.00902668663638	0.045652356305	1.57125126353e-12	2.1348361368e-05	100.0
3.59814822886e-05	-3.75155453566e-05	0.000288677364403	0.00484746034353	-0.0052090542141	0.0374861261197	1.57125126353e-12	2.1348361368e-05	100.0
-0.000225659455339	-2.21265028246e-05	0.000122053745515	-0.0268270950911	-0.00288343549515	0.0149436740937	1.57125126353e-12	2.1348361368e-05	100.0
0.000253590350982	-5.60322231017e-05	-3.72981215527e-05	0.0306781458236	-0.00736761717556	-0.00451017313136	1.57125126353e-12	2.1348361368e-05	100.0
0.000265931831308	-4.23057784605e-05	2.31959424914e-05	0.0328667275322	-0.00569210244904	0.00282189859054	1.5708232963e-12	2.134254664e-05	100.0
0.000313224713746	-8.71649722752e-05	-2.66648543775e-05	0.0426425077162	-0.0126191253509	-0.0037224977832	1.5695434178e-12	2.1325157118e-05	100.0
-0.00042322691105	-7.64090334877e-05	0.000149536549279	-0.0636708437369	-0.0117941118756	0.0224361720742	1.56827007699e-12	2.1307856422e-05	100.0
3.35799041711e-05	-8.26012556541e-05	0.000327955607506	0.0043837921357	-0.0120989930104	0.0455425411899	1.56784713875e-12	2.1302110022e-05	100.0
0.000272319765638	-4.32838112628e-05	0.000312534730489	0.0403547280782	-0.0066072081691	0.0461540561886	1.56700327387e-12	2.1290644553e-05	100.0
-0.000288602290153	-4.63384363451e-05	8.68819459808e-05	-0.0380683014713	-0.00651260710323	0.0117956340285	1.56700327387e-12	2.1290644553e-05	100.0
0.000125364496314	-5.6775434652e-05	-0.000237758926839	0.0156037689481	-0.00759465697602	-0.0297575232879	1.56700327387e-12	2.1290644553e-05	100.0
-4.9814791914e-05	-5.79233993516e-05	-0.000262587525927	-0.0061992911122	-0.00782546241688	-0.0326289788005	1.56700327387e-12	2.1290644553e-05	100.0
-0.000256695676966	-3.3418819405e-05	0.000287320930745	-0.0370823227317	-0.00499220836973	0.0416461050561	1.56658234723e-12	2.1284925484e-05	100.0
0.000230174726792	-6.66789015286e-06	8.75744168396e-05	0.0266090391869	-0.000784562644066	0.0101470476911	1.56616192349e-12	2.1279213248e-05	100.0
0.00022166121934	-5.80694193484e-05	-5.3175100269e-05	0.0244292216451	-0.00699129877959	-0.00604481683026	1.56616192349e-12	2.1279213248e-05	100.0
0.000191961717561	-5.97579486357e-05	-0.000113655326479	0.0210190043786	-0.00709437512968	-0.0119994603504	1.56616192349e-12	2.1279213248e-05	100.0
0.000181383049966	-5.13688010521e-05	-0.000268695586654	0.024598201321	-0.00742462468478	-0.0372765162698	1.56616192349e-12	2.1279213248e-05	100.0
-0.000158113012948	-4.22950597725e-05	-0.000195355752928	-0.018942890883	-0.00529823805087	-0.0231142820251	1.5654533385e-12	2.1269585808e-05	100.0
-9.68589948119e-06	-7.11929107558e-05	0.000358853267335	-0.00134633896091	-0.0105175924715	0.0510725756795	1.5653235905e-12	2.1267822941e-05	100.0
-0.00027016982606	-4.94576268578e-05	0.000333425283579	-0.0402522163399	-0.007544284079	0.0495174332531	1.5653235905e-12	2.1267822941e-05	100.0
-0.000249888028667	-5.27287870188e-05	0.000239846907948	-0.0348815271687	-0.00769484841553	0.0337771478092	1.5653235905e-12	2.1267822941e-05	100.0
-0.000405956162724	-4.82403756486e-05	-0.000146875244662	-0.0604939124518	-0.00737597691638	-0.0220380438702	1.5653235905e-12	2.1267822941e-05	100.0
0.000217844413383	-8.78491882037e-05	-0.000119248635315	0.0259609480231	-0.011568705555	-0.0150031093397	1.5653235905e-12	2.1267822941e-05	100.0
-8.55673963747e-05	-2.83429768222e-05	-0.000221967467014	-0.00949972719754	-0.00346430693913	-0.0250564707541	1.5653235905e-12	2.1267822941e-05	100.0
-9.14820549715e-05	-0.000113278044037	0.000282260778081	-0.0125075389686	-0.0163074764307	0.0380726123548	1.56496452046e-12	2.1262944308e-05	100.0
0.000117734673586	-8.6633659499e-05	0.000201984927089	0.013583680531	-0.0110915114735	0.0235125435071	1.56496452046e-12	2.1262944308e-05	100.0
0.000308547809357	-3.80765356595e-05	5.08372256812e-05	0.0414758634522	-0.00542617620153	0.00669267366812	1.5644882749e-12	2.125647363e-05	100.0
0.000327222743084	-4.51221095128e-05	1.53377373051e-05	0.0449730986796	-0.00647555331871	0.00204572117284	1.5644882749e-12	2.125647363e-05	100.0
0.000479122796612	-7.41782076982e-05	-4.3418970339e-05	0.0729041412424	-0.0115822451868	-0.00671647353616	1.5644882749e-12	2.125647363e-05	100.0
0.000182561006973	-8.25012705144e-05	0.00022886866625	0.0237908125326	-0.0115782283897	0.0306924711361	1.56447620532e-12	2.1256309642e-05	100.0
-3.86885994294e-05	-0.000114444334026	0.000349635964765	-0.00535689128798	-0.0171238371799	0.049990257646	1.56365547381e-12	2.1245158483e-05	100.0
-0.000382119724362	-4.71374302161e-05	1.68378991039e-05	-0.0552505515813	-0.00699412983577	0.00269379249344	1.56365547381e-12	2.1245158483e-05	100.0
5.58660495266e-05	-3.79003516231e-05	0.000237235745916	0.00597729306341	-0.00487163575177	0.0275374813686	1.5628251872e-12	2.12338775e-05	100.0
0.000200101888268	-7.86117262095e-05	0.000110443993612	0.0225816922898	-0.0099258721465	0.0123839598941	1.5628251872e-12	2.12338775e-05	100.0
0.000141198247937	-7.24936688153e-05	0.000228799144118	0.0175169063737	-0.00977576603401	0.0289738583311	1.56253451146e-12	2.1229928131e-05	100.0
-0.000106756052384	-7.25831669341e-05	0.000244963813138	-0.0133172329265	-0.00988602149449	0.0309743855087	1.56253451146e-12	2.1229928131e-05	100.0
-7.74984873966e-05	-6.70979442156e-05	0.000299668964834	-0.0104944996478	-0.00960039174264	0.0402992337508	1.561997918e-12	2.1222637514e-05	100.0
-0.000271094383144	-6.53747008967e-05	6.31534072991e-05	-0.0346086772639	-0.00885052821135	0.00798429368411	1.561997918e-12	2.1222637514e-05	100.0
0.000209827833385	-6.23236163936e-05	0.000147612312372	0.0254883311622	-0.00831681103093	0.0177800726622	1.561997918e-12	2.1222637514e-05	100.0
-0.000311830571129	-9.41165053227e-05	2.22873914588e-05	-0.0425224314424	-0.0135815190488	0.00300442405593	1.561997918e-12	2.1222637514e-05	100.0
-0.000369648400637	-4.28141363833e-05	-0.000208415291749	-0.0548549733361	-0.00651667894254	-0.0309819052051	1.561997918e-12	2.1222637514e-05	100.0
-0.000206077503595	-2.07777748043e-05	0.000348982654918	-0.0303062319949	-0.00311863587588	0.0511304309388	1.56158503774e-12	2.121702777e-05	100.0
-0.000285991944683	-6.94547794456e-05	0.000161613936448	-0.039479118767	-0.0100365806927	0.022173544313	1.56158503774e-12	2.121702777e-05	100.0
0.000324804996813	-9.85826596528e-05	-0.000130988501389	0.0459571237844	-0.0145758151554	-0.018763307217	1.56158503774e-12	2.121702777e-05	100.0
-8.27283279507e-05	-7.05704243155e-05	0.000210360023941	-0.00909032523937	-0.00862740885356	0.0234742617439	1.56156944787e-12	2.1216815953e-05	100.0
0.000247710857405	-6.604305679e-05	3.32732202892e-05	0.0298026255767	-0.00840486507043	0.00320867194095	1.56156944787e-12	2.1216815953e-05	100.0
-0.000185969565521	-4.28155323537e-05	0.000144333139028	-0.0208487103592	-0.00529080187191	0.0163416614493	1.56156944787e-12	2.1216815953e-05	100.0
0.000320422657099	-4.50091594118e-05	-4.39953713867e-05	0.0437705923896	-0.00631825383202	-0.0059710230446	1.56156944787e-12	2.1216815953e-05	100.0
6.24682834814e-05	-9.53779792536e-05	0.000225375606285	0.00751309795366	-0.0123632923285	0.0261735103311	1.56117316329e-12	2.1211431692e-05	100.0
1.52415958725e-05	-9.96250957468e-05	0.000325138677819	0.00225126672989	-0.0144942055395	0.0449866058712	1.56117316329e-12	2.1211431692e-05	100.0
-0.000183469454328	-7.10753477255e-05	0.000311317564108	-0.0264104152263	-0.0105485414921	0.044199591419	1.56117316329e-12	2.1211431692e-05	100.0
0.000404687490275	-8.10152329728e-05	0.000159235061886	0.0604986730151	-0.0124259015966	0.0237548713116	1.56117316329e-12	2.1211431692e-05	100.0
-0.000283691650967	-5.53515330021e-05	-0.000101912301049	-0.0376290870631	-0.00777125952747	-0.0133700059219	1.56117316329e-12	2.1211431692e-05	100.0
-0.00024072600915	-4.36862770915e-05	-5.91124860516e-05	-0.0284877243286	-0.00554450442949	-0.00664174282257	1.56117316329e-12	2.1211431692e-05	100.0
0.000130966987126	-4.91781410369e-05	0.000250962714705	0.017178844433	-0.00677813976205	0.0321581880742	1.56076179173e-12	2.1205842447e-05	100.0
6.63825725068e-05	-4.47987079678e-05	-0.000272058232323	0.00863754684989	-0.00610818293218	-0.0345615920087	1.56076179173e-12	2.1205842447e-05	100.0
-3.88359845873e-05	-6.59084768818e-05	0.000398168767779	-0.00557861213213	-0.00987595316376	0.0584111232816	1.56060790457e-12	2.1203751605e-05	100.0
-0.00023310660405	-4.3076370101e-05	0.000109074620505	-0.0280732851357	-0.00539867752547	0.0131820865681	1.56060790457e-12	2.1203751605e-05	100.0
0.00021828562976	-4.7267206539e-05	-0.000111464804216	0.0253621234136	-0.00596215256481	-0.0129307350296	3.1183643706e-12	4.2368761131e-05	100.0
-0.000123008924585	-9.99743402698e-05	-0.000215442937825	-0.0151602188225	-0.0134234077734	-0.0262135957401	1.55965038447e-12	2.1190741919e-05	100.0
8.22081218633e-05	-4.8148901118e-05	0.000307766417367	0.0115610683367	-0.00689765891559	0.0419282438465	1.55953119735e-12	2.1189122541e-05	100.0
-0.000275172814622	-6.20286968456e-05	-0.00024250535092	-0.0394217127207	-0.00915335337764	-0.0345786405008	1.55953119735e-12	2.1189122541e-05	100.0
0.000247903058643	-8.641892546e-05	-0.000327922300922	0.036580935211	-0.0131656764241	-0.0484606955334	1.55953119735e-12	2.1189122541e-05	100.0
0.000185303949055	-5.55832068163e-05	-0.000277986219753	0.0254641259966	-0.0080889864428	-0.0384440822864	1.55953119735e-12	2.1189122541e-05	100.0
0.000134447450648	-0.000105074460655	-0.000379656272715	0.0199077304916	-0.0159976982549	-0.0558510882724	1.55953119735e-12	2.1189122541e-05	100.0
-5.52062005726e-05	-6.18654729549e-05	-0.000343141094394	-0.00831741984922	-0.00911387254903	-0.0481877583053	1.55953119735e-12	2.1189122541e-05	100.0
-0.000206796487672	-5.04754972104e-05	-0.000311077515845	-0.0295706481898	-0.00748073860139	-0.0447572116309	1.55871398613e-12	2.1178019212e-05	100.0
-0.000131156321692	-0.000111753997258	-0.000515646082281	-0.0202024115231	-0.0176234068452	-0.0797428192148	1.55871398613e-12	2.1178019212e-05	100.0
0.000153190984529	-3.86074893598e-05	0.00025537999459	0.0204093134611	-0.00533850606425	0.0334346977026	1.55869638466e-12	2.1177780063e-05	100.0
0.000322358364236	-5.13655411273e-05	0.000134668603274	0.0454501260692	-0.00737056331048	0.0187560927562	1.55869638466e-12	2.1177780063e-05	100.0
0.000216765662762	-9.44354577568e-05	1.55626377067e-05	0.0239886783094	-0.0116683009178	0.00137893157871	1.55869638466e-12	2.1177780063e-05	100.0
-0.000215633242352	-4.7109957684e-05	0.000106491608928	-0.0249489575856	-0.00567000871437	0.0119487654134	1.55869638466e-12	2.1177780063e-05	100.0
0.000188786986525	-6.3120851569e-05	0.000433512585617	0.0285851320706	-0.00980502072315	0.0657533254627	1.55830663777e-12	2.1172484629e-05	100.0
0.000192946174942	-5.19231165601e-05	0.000203249785286	0.0249869610534	-0.00710169317476	0.0257431527153	1.55830663777e-12	2.1172484629e-05	100.0
0.000455358506911	-5.29476827928e-05	0.000156208941903	0.069232857102	-0.00821434937507	0.0238925156146	1.55830663777e-12	2.1172484629e-05	100.0
0.000296675100223	-0.000100230186899	-0.000238472346131	0.0430535267313	-0.0150950322739	-0.0345826427212	1.55830663777e-12	2.1172484629e-05	100.0
5.4964263621e-05	-3.12970962447e-05	-0.00036417029784	0.0080414921517	-0.00462373875815	-0.0520071270138	1.55830663777e-12	2.1172484629e-05	100.0
-8.91837217573e-05	-6.64192983082e-05	-0.000220598714845	-0.0106368674256	-0.00838991132592	-0.0253402058725	1.558220642e-12	2.1171316217e-05	100.0
-0.000219989728463	-0.000108763514934	-0.000318735141001	-0.0322826260745	-0.0164107628852	-0.046407492661	1.5578997923e-12	2.1166956879e-05	100.0
0.000256671194104	-5.50824165755e-05	0.000307576049958	0.037473698477	-0.00821473547263	0.0452281135683	1.55774640804e-12	2.116487287e-05	100.0
0.000145329700211	-7.26226360721e-05	0.000411976933386	0.0219771474178	-0.0111015019663	0.0614645487568	1.55749344974e-12	2.1161435962e-05	100.0
0.00020569544928	-7.52335241226e-05	0.000280607463386	0.0289052473815	-0.0111962294985	0.0396274446274	1.55708761007e-12	2.1155921878e-05	100.0
0.000241943487515	-6.89574298399e-05	0.000411478336971	0.0366368529003	-0.01069412218	0.0625601292216	1.55708761007e-12	2.1155921878e-05	100.0
-0.000419473847277	-3.28175588424e-05	-3.11552110213e-06	-0.0619905935798	-0.00498715630107	-0.000621543452935	1.55708761007e-12	2.1155921878e-05	100.0
-0.000179956296116	-6.46989951729e-05	0.000134255010389	-0.0195863338166	-0.0078489038243	0.0150405906914	1.55708761007e-12	2.1155921878e-05	100.0
0.000284295951901	-0.000107560107953	0.000264640788848	0.0414664887676	-0.0162865834592	0.0386712676569	1.55708761007e-12	2.1155921878e-05	100.0
8.71188088842e-05	-5.96103523544e-05	-0.000324328313926	0.0121137108289	-0.00865845885427	-0.0450675670694	1.55708761007e-12	2.1155921878e-05	100.0
-8.58229334009e-05	-8.20203617377e-05	-0.000414681134275	-0.01302572471	-0.0124787499788	-0.0615635288134	1.55708761007e-12	2.1155921878e-05	100.0
0.000240052611671	-9.51270642384e-05	0.000134680735005	0.031234979979	-0.0132040073519	0.0169990141393	1.55679944882e-12	2.1152006673e-05	100.0
0.000238090388736	-0.000115010267262	0.000129581695296	0.0306202467119	-0.0159763038019	0.0171677503349	1.55679944882e-12	2.1152006673e-05	100.0
-0.000440151981882	-0.000111273564257	5.41013803842e-05	-0.0661688650748	-0.0171763393513	0.00827226176012	1.55679944882e-12	2.1152006673e-05	100.0
0.000204217198206	-5.1246433678e-05	-0.000137565360294	0.0240315211517	-0.00634329248695	-0.0158912234906	1.55679944882e-12	2.1152006673e-05	100.0
0.00023201505818	-7.80025671515e-05	-0.000235591859517	0.0320144655482	-0.0113187266004	-0.0329952988204	1.55627794234e-12	2.1144921041e-05	100.0
-0.000291976589938	-8.57570407518e-05	0.00010862461636	-0.03970153738	-0.0123395883764	0.0148038253043	1.55587411427e-12	2.1139434288e-05	100.0
-0.00036297123943	-0.000106994245454	-0.000277566296791	-0.0547782894988	-0.0165470288031	-0.0419881537817	1.55587411427e-12	2.1139434288e-05	100.0
0.000156083578755	-7.14010115119e-05	-0.000366445381318	0.0227670513468	-0.0107966442887	-0.05363371672	1.55587411427e-12	2.1139434288e-05	100.0
-0.000303976826643	-0.000106067969703	-9.02317311325e-05	-0.0418184246859	-0.0155324086254	-0.0124365674987	1.5558565128e-12	2.1139195139e-05	100.0
-0.000502847834578	-0.000105622739816	-0.000133753305019	-0.0775073289513	-0.0165926444525	-0.0206948568982	1.5558565128e-12	2.1139195139e-05	100.0
0.000143410547835	-3.27681233387e-05	-0.000221515735137	0.0175370874066	-0.00421267106631	-0.027142152493	1.5558565128e-12	2.1139195139e-05	100.0
-0.000104954891527	-0.000119759419751	-0.000195240433827	-0.0117291750687	-0.0155792566251	-0.0228753345346	1.5558565128e-12	2.1139195139e-05	100.0
3.74767688161e-05	-5.6240688395e-05	-0.000311241388424	0.00546562375396	-0.00798096752196	-0.0420796804877	1.5558565128e-12	2.1139195139e-05	100.0
-0.000211977761539	-9.80725399389e-05	0.000465095212187	-0.03281363879	-0.0154170226043	0.0714425309498	1.5554707891e-12	2.1133954367e-05	100.0
0.000270399850303	-6.63777375422e-05	0.000220688436543	0.0377622400224	-0.00975782043289	0.0314757704353	1.5554707891e-12	2.1133954367e-05	100.0
-0.000379169990252	-7.22282740953e-05	-7.20686301386e-05	-0.0550981625018	-0.0108626470999	-0.010602778925	1.5554707891e-12	2.1133954367e-05	100.0
0.000453653722867	-4.98390811147e-05	-0.000207473786016	0.0693122277405	-0.00769210889605	-0.0318465514864	1.5554707891e-12	2.1133954367e-05	100.0
0.00043331511796	-1.9323809159e-05	4.3315602458e-05	0.0645784876615	-0.00282193269369	0.0066696113274	1.55538630203e-12	2.1132806454e-05	100.0
0.00011442323916	-8.81299431089e-05	-0.000277581117369	0.0152416675066	-0.0125137736921	-0.0371947676243	1.55491709706e-12	2.1126431435e-05	100.0
0.000153675674336	-4.11780235426e-05	-0.000229050520517	0.0195902260355	-0.00531557265817	-0.02869087371	1.55491709706e-12	2.1126431435e-05	100.0
