# x[AU] y[AU] z[AU] vx[AU/yr/2pi] vy[AU/yr/2pi] vz[AU/yr/2pi] m[MSUN] m[mtot] wf[%]
4.51159947622e-07	1.18647273005e-06	1.00223170081e-07	0.000112329242592	0.000265631066819	3.04085151969e-05	6.42588823759e-07	0.998466728707	10.9060392353
-1.632305506e-06	-3.63691445148e-05	-0.000537197169385	-0.000970073463217	-0.0108305852448	-0.0581959518911	1.19188672698e-11	1.8519762518e-05	100.0
0.000625970679875	-8.52220288119e-06	-0.000535894393048	0.0835427154494	-0.00662086126854	-0.0715739647043	1.17887521562e-11	1.8317587182e-05	100.0
-0.000637939827027	-5.42891986958e-05	-4.97077664508e-05	-0.0772541348859	-0.0132278198424	-0.0059795199656	1.17598857413e-11	1.8272733998e-05	100.0
-0.000450047337793	-0.000133465476558	0.000328222523491	-0.050524983291	-0.0228616635599	0.0363734869097	1.17310344134e-11	1.8227904256e-05	100.0
-0.000546291044188	2.32151411009e-06	-0.000128193429133	-0.0612219524629	-0.00606717809383	-0.0149541593998	1.17166112639e-11	1.8205493292e-05	100.0
0.000145265477946	4.04522630796e-05	-0.000499615159208	0.0163613037444	-0.00152933714366	-0.0530013094363	1.17166112639e-11	1.8205493292e-05	100.0
0.000566336269257	-0.000131486831276	3.58270983405e-05	0.0641557209873	-0.022639623788	0.00447457438192	1.1687780052e-11	1.8160694807e-05	100.0
0.000563386419724	1.1972388857e-06	0.000436988864742	0.071346546888	-0.00562570530044	0.0561232914947	1.16157598556e-11	1.8048788457e-05	100.0
-0.000293344264853	-9.82375827626e-05	0.00067266636142	-0.0369788484496	-0.0189263383084	0.0868377264741	1.16157598556e-11	1.8048788457e-05	100.0
0.000492409735963	-6.70736915776e-05	0.000170929690632	0.0520459414603	-0.0146270427309	0.0177501420615	1.16157598556e-11	1.8048788457e-05	100.0
-0.000530517585763	5.64449453023e-05	0.000193812747791	-0.0601148913918	0.000730316557422	0.0228354272547	1.16157598556e-11	1.8048788457e-05	100.0
-0.000612135964252	-7.59444261462e-05	0.00011142127529	-0.0730803063874	-0.0160129115034	0.0129247783621	1.16157598556e-11	1.8048788457e-05	100.0
1.32601193187e-05	-0.000134295935664	-0.00058760425437	0.00168778922407	-0.0233984558559	-0.0681360170666	1.16157598556e-11	1.8048788457e-05	100.0
7.85858127458e-05	-0.00016261197717	-0.000599133456196	0.00939591427259	-0.0270251548813	-0.0706803147493	1.16157598556e-11	1.8048788457e-05	100.0
0.00054271440544	-7.12621338467e-06	-0.000651949795941	0.0729422608929	-0.00637036783404	-0.0878459447382	1.15869739046e-11	1.8004060299e-05	100.0
-0.000507884184852	-4.22840306791e-05	-0.000229431149256	-0.0563463826784	-0.0118189407754	-0.0258954491469	1.15869739046e-11	1.8004060299e-05	100.0
0.000560893606422	-6.87398235274e-05	-0.000362825202605	0.068847351181	-0.0150656884334	-0.0456550256281	1.15725809291e-11	1.798169622e-05	100.0
-0.000758364187599	4.11984444047e-05	9.57294761148e-05	-0.0991461256687	-8.33680985555e-05	0.0128195976065	1.15725809291e-11	1.798169622e-05	100.0
-0.000785992331975	-3.66186837451e-05	-0.000198637161358	-0.10442918942	-0.0105501597458	-0.0264506010964	1.15581929825e-11	1.7959339955e-05	100.0
-0.000551278655432	-0.000155692228893	-9.75016601958e-05	-0.0619891656274	-0.0258003597662	-0.0110068582285	1.15581929825e-11	1.7959339955e-05	100.0
-0.000366259243809	-0.000148383469572	0.000434646162855	-0.0410135131446	-0.0248489266242	0.0497023846594	1.1543805036e-11	1.793698369e-05	100.0
0.000613526068543	3.21262247999e-05	-0.000381406984632	0.0784845053213	-0.00151418555152	-0.0489438592698	1.15294221185e-11	1.791463524e-05	100.0
-0.000534308400434	-9.57486614547e-05	-2.89057586372e-05	-0.0578161894593	-0.0182395985107	-0.00418804255591	1.15294221185e-11	1.791463524e-05	100.0
-0.000623269548101	-0.000139503135094	8.33971490411e-05	-0.0749576729454	-0.0242174617607	0.0103357983429	1.15294221185e-11	1.791463524e-05	100.0
-0.000264890617765	-9.10618470253e-05	-0.00040701398272	-0.026207737195	-0.0173430953308	-0.0402886611591	1.15294221185e-11	1.791463524e-05	100.0
-0.000218797511869	-0.000234593728078	-0.000413846839847	-0.0219306119509	-0.0338805670551	-0.0413348257365	1.15294221185e-11	1.791463524e-05	100.0
-0.000350105611129	-0.000127055863643	0.000388201861118	-0.037059151114	-0.0220284440473	0.0413224520959	1.15006562835e-11	1.7869938339e-05	100.0
0.000206328724423	-0.000111592126137	-0.000455684975602	0.0208343405564	-0.0199286178736	-0.0465950655824	1.15006562835e-11	1.7869938339e-05	100.0
-0.000277248639783	-0.000131500830493	0.000474907373658	-0.031153298878	-0.0228344838858	0.0522636766305	1.14862783949e-11	1.7847597702e-05	100.0
-0.000318221946698	-1.85810341898e-05	-0.0007831775625	-0.0431762246714	-0.00800127315687	-0.105157903103	1.14862783949e-11	1.7847597702e-05	100.0
-0.000661111569959	-3.350421319e-05	-0.000178205920266	-0.082893924677	-0.0103284666296	-0.0221492304136	1.14719005064e-11	1.7825257066e-05	100.0
-4.64868001908e-05	-0.000103729837941	0.000501203711805	-0.00425824007279	-0.0189935008858	0.0514535716461	1.14431447294e-11	1.7780575793e-05	100.0
0.000553769146649	-3.57728944046e-05	0.000683113976702	0.0754206576713	-0.010297273562	0.0927158741663	1.14431447294e-11	1.7780575793e-05	100.0
-0.000196648783591	-3.23646194658e-05	0.000474651039589	-0.0210082194278	-0.0105922130452	0.0494438649607	1.14431447294e-11	1.7780575793e-05	100.0
0.000705981984408	-4.93702076697e-05	-0.00026177531823	0.0918367905495	-0.0123966480278	-0.0338011323897	1.14431447294e-11	1.7780575793e-05	100.0
0.000384567555366	6.88161852961e-05	0.00069036544228	0.0510478329912	0.00391518501522	0.0913392594954	1.13712804317e-11	1.7668911681e-05	100.0
-0.000551243236298	-3.84182811835e-05	0.000753933796666	-0.0757469592872	-0.0106759435287	0.103836948788	1.13712804317e-11	1.7668911681e-05	100.0
0.000634561653998	-6.74988971417e-05	-2.8556620478e-06	0.0763911833097	-0.0149682631797	-0.00052989123566	1.13712804317e-11	1.7668911681e-05	100.0
0.000564634658988	2.85033694246e-05	-0.000352319780458	0.0701271389642	-0.00205463220384	-0.044017127451	1.13569126011e-11	1.7646586673e-05	100.0
-0.000438921623568	-5.60731995806e-05	-0.000590731178629	-0.0566946027136	-0.0134247370522	-0.0757415026924	1.13569126011e-11	1.7646586673e-05	100.0
-5.52309006909e-05	-4.52351598264e-05	-0.000543008756414	-0.00655810569645	-0.0122811645367	-0.0593474461843	1.13569126011e-11	1.7646586673e-05	100.0
0.000231486874592	-4.28503324025e-05	-0.000606896160882	0.0280493312023	-0.0118205348408	-0.0740434160621	1.13281668821e-11	1.7601921028e-05	100.0
-0.000295194746298	2.90182425805e-05	0.000757745650654	-0.0394857218149	-0.0015925522956	0.100855070764	1.12706855019e-11	1.7512605367e-05	100.0
0.00053352719253	-5.87483313136e-05	0.000297748161913	0.0625017183129	-0.0138478516477	0.0359976396268	1.12706855019e-11	1.7512605367e-05	100.0
-0.00049615926278	-0.000135941880462	9.4068432232e-05	-0.0515056792934	-0.0229541519674	0.00868500852485	1.12706855019e-11	1.7512605367e-05	100.0
7.64836604122e-05	-4.96180073137e-05	-0.00070237574959	0.00918491884331	-0.0127098388652	-0.0890118889152	1.12706855019e-11	1.7512605367e-05	100.0
0.000174112046716	6.41061297018e-06	0.000736945467567	0.0225917224387	-0.00481440116873	0.0959196172889	1.12419397828e-11	1.7467939722e-05	100.0
0.000585479918338	5.6031411157e-05	0.000436178700537	0.0757073138157	0.0016488634135	0.0559838255513	1.12275669233e-11	1.74456069e-05	100.0
0.000552087180817	-4.65005247812e-05	0.000315615221835	0.0666537050861	-0.0121734306074	0.037934334391	1.12275669233e-11	1.74456069e-05	100.0
-0.000536688375679	-3.77108814578e-05	-0.000271853470525	-0.0630002531484	-0.011278027589	-0.0314524964646	1.12275669233e-11	1.74456069e-05	100.0
-0.000127559136268	0.00022803169893	-0.000808314859257	-0.0172943032484	0.0265437397186	-0.109346533995	1.12275669233e-11	1.74456069e-05	100.0
-0.000352321686187	-0.000124902140709	-0.00041968923676	-0.0390016952901	-0.0217219718183	-0.046101004456	1.12275669233e-11	1.74456069e-05	100.0
0.000443600449782	7.2866545767e-05	0.000562812473072	0.0574635641099	0.00428161834053	0.0717698227131	1.12131890348e-11	1.7423266263e-05	100.0
0.00052022924107	8.89602042845e-05	-0.000355515146193	0.0635259712762	0.00535409901831	-0.0430383077882	1.12010188738e-11	1.7404356036e-05	100.0
-0.000700530648061	-4.28746145215e-05	0.00031372304997	-0.0917676422829	-0.0116408007111	0.0406065500499	1.11988161753e-11	1.7400933441e-05	100.0
-0.000241031795996	-3.63454885371e-05	-0.000495539122383	-0.0264092477092	-0.0110832765825	-0.0547651526708	1.11844382867e-11	1.7378592804e-05	100.0
-0.000476106875765	9.66196174542e-05	0.000383122833552	-0.0573571337446	0.00611102232688	0.0457072723783	1.11783180033e-11	1.7369082992e-05	100.0
0.000338107284932	8.75995162744e-05	-0.000423126627069	0.0377797459059	0.00392733964924	-0.0469616462151	1.11783180033e-11	1.7369082992e-05	100.0
0.000145879925409	6.58926845086e-05	-0.00050487641654	0.0152729394965	0.00101393942903	-0.054849560178	1.11783180033e-11	1.7369082992e-05	100.0
0.000103709259433	7.05599654434e-05	-0.00052308557357	0.0117426305153	0.00148351844772	-0.0572015109535	1.11783180033e-11	1.7369082992e-05	100.0
0.000416529756944	4.44310212478e-05	-0.000389833071153	0.0474230325689	-0.000852370667711	-0.0448782867408	1.11670430029e-11	1.7351563682e-05	100.0
-0.0001701218588	-0.000123340777356	0.000572753128471	-0.0205133479946	-0.0220934907852	0.0666434233908	1.11556774807e-11	1.7333903717e-05	100.0
-0.000355771480643	-0.000126096226809	0.000453129192132	-0.0413284626715	-0.0221122359334	0.0511977287807	1.11556774807e-11	1.7333903717e-05	100.0
0.000759326490534	7.53098749486e-05	6.4870232653e-05	0.0994992783487	0.00462769585814	0.0081958285528	1.11556774807e-11	1.7333903717e-05	100.0
0.000382247781258	1.61482292776e-05	0.000473136152652	0.0451528883087	-0.00413323607082	0.0562220882731	1.11446438719e-11	1.7316759486e-05	100.0
-0.000310127155292	3.18096355311e-05	0.000451809274977	-0.0348039552357	-0.00280450393751	0.0497591536619	1.11335147123e-11	1.7299466787e-05	100.0
-0.000607657477754	5.38999272421e-05	1.04603800607e-05	-0.0721345334992	0.00042687679218	0.00142872805422	1.11335147123e-11	1.7299466787e-05	100.0
-0.000599889027184	0.000139581080795	-0.000164776344126	-0.0731405331373	0.0118217590399	-0.0202483013371	1.11335147123e-11	1.7299466787e-05	100.0
-0.000312384571627	7.0593331413e-05	-0.000412896165226	-0.0334056888616	0.00174694032278	-0.0443454283909	1.11335147123e-11	1.7299466787e-05	100.0
0.000304588698695	-8.53323115514e-05	0.000546309332169	0.0362027804645	-0.0173961862704	0.0656643472472	1.11114022339e-11	1.7265107997e-05	100.0
-0.000718258426522	0.000112254454923	0.000170782792245	-0.0933812802723	0.00943706468939	0.0222788436147	1.11114022339e-11	1.7265107997e-05	100.0
0.000654571614107	6.08070643488e-05	0.000247524285712	0.0829828216928	0.00209695266014	0.0317752491761	1.11114022339e-11	1.7265107997e-05	100.0
0.000447313484603	0.000165993469658	-0.000747017972964	0.0610091742981	0.0180667547823	-0.102136074205	1.11114022339e-11	1.7265107997e-05	100.0
-3.68141695495e-06	5.09590920862e-05	-0.000515687844286	-0.000865238238095	-0.00109791712279	-0.0547365978824	1.11114022339e-11	1.7265107997e-05	100.0
-0.000277830837107	1.32584681187e-05	0.000498943825442	-0.03162225922	-0.00517270229368	0.0569017776469	1.11004138861e-11	1.7248034094e-05	100.0
0.000539403352858	0.000108674621369	-0.000174628815776	0.0622649187716	0.00705090290629	-0.019863711805	1.11004138861e-11	1.7248034094e-05	100.0
-0.000399888185588	8.33442866376e-05	-0.000449702305923	-0.0483596561612	0.00427634175397	-0.0525878716801	1.11004138861e-11	1.7248034094e-05	100.0
-5.33758118156e-05	4.80231934531e-05	0.000726679525192	-0.00713478845493	0.000555874297841	0.0934868619533	1.10981407816e-11	1.7244502101e-05	100.0
-0.000701964083036	0.000114742076172	-0.000559552058912	-0.0962711728288	0.010934671592	-0.0767771535617	1.10981407816e-11	1.7244502101e-05	100.0
0.000256372064506	6.97905536365e-06	0.000528181368667	0.0301313043855	-0.00569549661324	0.0608755979065	1.10894657702e-11	1.7231022703e-05	100.0
0.000175049819609	-1.40290077524e-05	-0.00051953150769	0.0198525575784	-0.00847575120451	-0.0570433601042	1.10693598596e-11	1.7199781757e-05	100.0
-0.000167821923685	0.000130465360313	0.000648066189534	-0.0213736912273	0.011312914901	0.0814600688669	1.10677103502e-11	1.7197218718e-05	100.0
-3.3878905864e-05	6.97607688476e-05	-0.000620796171573	-0.00317063751168	0.00285817178543	-0.074937862264	1.10677103502e-11	1.7197218718e-05	100.0
0.00010218710492	3.55350838493e-05	0.000558576046109	0.0120366629908	-0.00224310580359	0.0633858468023	1.10461259159e-11	1.7163680414e-05	100.0
-0.000404323056812	4.61820412455e-05	0.000328076287425	-0.0426620811542	-0.0017334936626	0.035633171214	1.10461259159e-11	1.7163680414e-05	100.0
-0.000566202071872	0.000162030091188	-0.000529766769568	-0.0753853904073	0.0168403807871	-0.0700137031218	1.10353940467e-11	1.7147005031e-05	100.0
0.00065906343429	6.50544662919e-05	-0.000132457057398	0.0823476703761	0.00260933997128	-0.0165181055171	1.10261658461e-11	1.7132666078e-05	100.0
