# x[AU] y[AU] z[AU] vx[AU/yr/2pi] vy[AU/yr/2pi] vz[AU/yr/2pi] m[MSUN] m[mtot] wf[%]
-2.67290422627e-07	1.91312084174e-06	2.20221058048e-07	-0.000165458761627	0.000280909560693	3.83939074274e-05	6.40744142496e-07	0.992281580471	12.8368862519
3.15444331769e-05	-0.00019523758515	0.000524659832147	0.00409048312516	-0.0282730232824	0.0624623598869	1.32179464613e-11	2.0469831772e-05	100.0
7.79407803162e-05	-9.2367008443e-05	-0.000492861653552	0.00760177892877	-0.0143335609371	-0.0552259512759	1.32096989142e-11	2.0457059296e-05	100.0
0.000190092085676	-3.23981764942e-05	0.00045445543151	0.0208553139111	-0.00668083468079	0.049644058613	1.30315368097e-11	2.0181150453e-05	100.0
-0.000545249963414	-4.8653173875e-05	0.00015446106621	-0.0669152416083	-0.00943303612966	0.0179604273678	1.29442787671e-11	2.0046019216e-05	100.0
0.000114226771745	-0.000145580956	0.000580649305666	0.014807364591	-0.0217833595047	0.0730782122499	1.28718361353e-11	1.9933831708e-05	100.0
0.000466229994629	-5.52850555299e-05	0.000186656605019	0.0520329851104	-0.00966756981297	0.0201406994946	1.28581421897e-11	1.9912624725e-05	100.0
-0.000641033453533	1.50840088441e-05	-0.00020117883093	-0.0854928538852	-0.000219149711792	-0.0265577404	1.28581421897e-11	1.9912624725e-05	100.0
5.86779481902e-06	-2.96974777088e-05	-0.000569031617741	0.000431600553715	-0.00632893281414	-0.0694142049367	1.28154711914e-11	1.9846542739e-05	100.0
0.000213504162102	-7.23628481632e-05	-0.000598953028006	0.0281177207385	-0.0126472451484	-0.0778934776738	1.28013045206e-11	1.9824603675e-05	100.0
0.000260528902468	-1.60707742513e-05	0.000405367901617	0.0273085574248	-0.00465116215522	0.043503756196	1.27730516427e-11	1.9780850157e-05	100.0
-0.000185983064116	-0.000209452662838	-0.000479841723716	-0.0225812277124	-0.0294919741236	-0.0562449137367	1.27417109637e-11	1.9732314749e-05	100.0
4.24584887257e-05	-1.63131131478e-05	0.000586507781584	0.00520617538694	-0.00485229277513	0.073133975611	1.27168778005e-11	1.9693857136e-05	100.0
-0.000115943670868	4.75545465942e-06	0.000486771673683	-0.0134961713657	-0.0019668556161	0.0535284287253	1.27168778005e-11	1.9693857136e-05	100.0
0.000415395979222	-0.000129142520429	0.000454710001257	0.0534848402293	-0.0203029927562	0.0586054047171	1.27168778005e-11	1.9693857136e-05	100.0
-0.000442479003145	1.93947633701e-05	-0.000447762630889	-0.0572053587751	0.000362552126281	-0.0577209301339	1.27168778005e-11	1.9693857136e-05	100.0
-0.0002792456033	-9.60741566959e-05	-0.000471783947537	-0.0329186040951	-0.0149869233543	-0.0566995796714	1.27168778005e-11	1.9693857136e-05	100.0
0.000335265185237	-5.77331067086e-06	-0.0003478219695	0.0363953455596	-0.003757324902	-0.0366299202209	2.50245565686e-11	3.8754012556e-05	100.0
-7.0551033585e-05	-4.58925109367e-05	-0.000505236097388	-0.00732190059304	-0.00854341982563	-0.0569728684824	1.26889467782e-11	1.9650602056e-05	100.0
5.27077989132e-05	-2.23924144664e-05	0.000613746742867	0.00788723100541	-0.00541790982747	0.0782267328058	1.26750164699e-11	1.9629029033e-05	100.0
-0.00046919038609	-5.4554455105e-05	-0.000264887895787	-0.0554920766457	-0.00940594652917	-0.0303940261796	1.26750164699e-11	1.9629029033e-05	100.0
0.000339520490769	-2.87188343056e-05	-0.000497051063936	0.0424469490105	-0.00607113123724	-0.0630615668534	1.26750164699e-11	1.9629029033e-05	100.0
-0.000610914127971	-3.39545138546e-05	0.000194012003648	-0.0796377143237	-0.00727238283785	0.0249754157997	1.26611163357e-11	1.9607502738e-05	100.0
-0.000505660369429	-9.72436590436e-05	-0.000136239987973	-0.0589355612183	-0.0153159779796	-0.0149935378446	1.26611163357e-11	1.9607502738e-05	100.0
-0.000126442733633	-0.000138889637679	-0.000566486050052	-0.0158322400509	-0.0212086840466	-0.0705761108896	1.26611163357e-11	1.9607502738e-05	100.0
0.000234324609849	-0.000118819904455	0.000532852972395	0.029161172445	-0.0183122824333	0.0663402195219	2.48098487782e-11	3.8421507626e-05	100.0
-7.48094695375e-05	-0.00014981561142	0.00054742752878	-0.00847220821604	-0.0222172064637	0.0664237430261	1.26446514154e-11	1.9582004515e-05	100.0
0.000312927699385	-0.000115119018756	-0.000369139001154	0.0334947789351	-0.0163380004216	-0.0404418868099	1.26446514154e-11	1.9582004515e-05	100.0
5.73757121852e-05	-0.000228348019361	-0.000511065261426	0.00620866800828	-0.0323598130833	-0.0604528248467	1.26446514154e-11	1.9582004515e-05	100.0
-0.000296158579522	-6.10745470544e-05	0.00043109819759	-0.0336854823897	-0.0103288695747	0.0495585186861	1.2633386473e-11	1.9564559182e-05	100.0
0.000593907673012	2.64984588875e-07	2.794857973e-05	0.0744447346609	-0.00242145027861	0.00390516519944	1.2633386473e-11	1.9564559182e-05	100.0
0.000357870717641	-1.23971136536e-05	0.000515493500925	0.0464054738075	-0.00387368896234	0.065944348272	1.26057571902e-11	1.9521771388e-05	100.0
-0.00050405570044	-0.000206320658941	0.000159182996052	-0.0604284811832	-0.0299122310296	0.0182644745677	1.26057571902e-11	1.9521771388e-05	100.0
-0.000272222249223	-1.78445661647e-05	-0.000410535083906	-0.0300444436492	-0.00508373278978	-0.0443211028064	1.26057571902e-11	1.9521771388e-05	100.0
-0.000216695486435	-3.29450564038e-05	-0.000438647946083	-0.0234042410427	-0.0064542921776	-0.0473652590665	1.26057571902e-11	1.9521771388e-05	100.0
-0.000313630678922	-0.00019404645607	0.000385230706897	-0.0354268951902	-0.0272672757263	0.043981609135	1.2596282569e-11	1.9507098617e-05	100.0
0.000445783481583	-0.000164147358322	9.64193440088e-05	0.0466110420224	-0.0223521784186	0.0103115430115	1.2596282569e-11	1.9507098617e-05	100.0
-0.000349506828041	-2.79346174123e-05	0.000343460812661	-0.0380158572583	-0.00614722379407	0.0367924757585	1.25919777517e-11	1.9500432008e-05	100.0
-0.000553572953455	-1.47160999231e-05	-1.9718723568e-05	-0.0663574465552	-0.00480432510916	-0.00205973543646	1.25919777517e-11	1.9500432008e-05	100.0
0.000542946741942	-0.000111151190503	-2.66138003587e-05	0.0644619306307	-0.0170317055635	-0.00302904282015	1.25919777517e-11	1.9500432008e-05	100.0
-0.000124775853772	-0.000216926348932	0.00052465656321	-0.0152547258206	-0.031099086576	0.0635505790146	1.25801797362e-11	1.9482161137e-05	100.0
0.000549199412402	-0.000216100241532	0.000382320609648	0.0736282188842	-0.0330323598919	0.051113652313	1.25801797362e-11	1.9482161137e-05	100.0
-0.000543814718514	-0.000252184739064	0.000334017531681	-0.0719837090142	-0.038156582883	0.044338129006	1.25801797362e-11	1.9482161137e-05	100.0
0.000192039535995	-4.45134978195e-05	0.000584892635701	0.0235996983023	-0.00857823824725	0.0747354703073	1.25782184292e-11	1.947912378e-05	100.0
-0.000631187354774	-2.4071451912e-05	8.39703179144e-05	-0.0816634418829	-0.00562975671328	0.0110267145019	1.25507752191e-11	1.9436624145e-05	100.0
-0.000500160897217	-0.000158778402947	0.000153772251733	-0.0588299295304	-0.0235286647238	0.0175042259715	1.25507752191e-11	1.9436624145e-05	100.0
-0.000707997086819	-5.38057251145e-05	-3.30881355833e-05	-0.0959697641471	-0.00988609529191	-0.00405318463296	1.25507752191e-11	1.9436624145e-05	100.0
0.000282116819541	-5.84194214704e-06	-0.0004105215014	0.0311788381522	-0.00338950652973	-0.0449607275905	1.25507752191e-11	1.9436624145e-05	100.0
0.000529688249159	-0.000200389248388	-0.000466105565372	0.0723451108349	-0.0307842186959	-0.0635402412054	1.25480042445e-11	1.9432332905e-05	100.0
-4.67257657993e-05	-0.000226637143185	-0.000442739269885	-0.00346833362347	-0.0301134212059	-0.0472440634094	1.25480042445e-11	1.9432332905e-05	100.0
9.11199934679e-05	-6.64742022588e-05	0.000583792616575	0.011088899961	-0.0113358169747	0.0727189518777	1.25234275599e-11	1.9394272484e-05	100.0
-4.53800118259e-05	-0.000122621028803	0.000528888926211	-0.00581934338546	-0.0184347395955	0.061863668984	1.25234275599e-11	1.9394272484e-05	100.0
-0.000421454414739	-0.000112646255118	0.000509192864762	-0.0559126347086	-0.0181895913425	0.0669545731322	1.25234275599e-11	1.9394272484e-05	100.0
-0.000479252361638	-8.64389390002e-05	0.000496277831192	-0.0643447694844	-0.0146880630306	0.0664217653734	1.25234275599e-11	1.9394272484e-05	100.0
0.000680649684073	-0.000119315222633	0.000155223122491	0.0917549060912	-0.0193323789236	0.0212940326841	1.25234275599e-11	1.9394272484e-05	100.0
0.000545730723272	-0.000136751060816	0.000178694341169	0.066897818227	-0.0209377912038	0.0224701936763	1.25234275599e-11	1.9394272484e-05	100.0
-0.00041665059839	-5.03153306493e-06	-0.000272037427054	-0.0453813360968	-0.00357312832951	-0.0302251448443	1.25234275599e-11	1.9394272484e-05	100.0
-0.000516815067302	-5.44217671649e-05	-0.000244822323216	-0.0632916718436	-0.00959590771891	-0.0295247419522	1.25234275599e-11	1.9394272484e-05	100.0
7.04647521698e-05	-0.000219639064923	0.000648400186675	0.00901074298545	-0.0330516790717	0.0861623174794	1.25158740137e-11	1.9382574766e-05	100.0
0.000428293695166	-0.000222771826431	0.000410141123112	0.0543970817305	-0.0328661906705	0.05229879196	1.25158740137e-11	1.9382574766e-05	100.0
-0.000212408723295	-0.000190377051035	0.000398356601241	-0.0226244358005	-0.0255914660888	0.0416433479095	1.25158740137e-11	1.9382574766e-05	100.0
0.000100602521885	-0.000176511373895	0.000437891104048	0.0105964957483	-0.0238975978928	0.045502932266	1.25158740137e-11	1.9382574766e-05	100.0
0.000526606838569	-0.000148978407291	0.000400926415673	0.07032499344	-0.0232091049721	0.0526537204286	1.25158740137e-11	1.9382574766e-05	100.0
-0.000405965103065	-0.000195326350578	0.000241858697211	-0.0455093361691	-0.0267763674939	0.0250247607881	1.25158740137e-11	1.9382574766e-05	100.0
0.000521076048711	-0.000307136849442	-7.36026335501e-05	0.0641963190482	-0.0440415978491	-0.00915451394252	1.25158740137e-11	1.9382574766e-05	100.0
-0.000493461597759	-9.01663581232e-07	-7.82661283561e-05	-0.0543581901602	-0.00287189669929	-0.00824960949914	1.25097839042e-11	1.9373143382e-05	100.0
0.000802791250892	-0.000129935304226	6.45055890197e-05	0.113609466607	-0.0212913573753	0.00872489261419	1.25097839042e-11	1.9373143382e-05	100.0
0.000415700399738	-0.000145665984476	0.000264449850622	0.0464629350678	-0.0206737142167	0.0290285940303	1.24998214708e-11	1.9357715166e-05	100.0
0.000603130727114	-2.08451535454e-05	-0.000454125559516	0.0829270012006	-0.00488875889233	-0.0638534976138	1.24998214708e-11	1.9357715166e-05	100.0
-2.91555224562e-05	-0.000153309869129	-0.000692177549891	-0.00478382521333	-0.0240008173041	-0.093243959165	1.24998214708e-11	1.9357715166e-05	100.0
0.000309230431433	-0.000189633992103	0.00050587776487	0.0392143145137	-0.0282002497309	0.0639400516493	1.24837840148e-11	1.9332878931e-05	100.0
0.000199471067324	-0.000215585791055	-0.000397013264534	0.0205225052029	-0.028601652381	-0.0417789403379	1.24837840148e-11	1.9332878931e-05	100.0
-0.00077869303851	-5.79621562468e-05	-0.000183219007141	-0.109904083364	-0.0105747307128	-0.0258705995232	1.24825669987e-11	1.9330994212e-05	100.0
0.000407518522715	-7.15903021539e-05	-0.000499734038501	0.0533402777277	-0.0121828837195	-0.0650656165402	1.24825669987e-11	1.9330994212e-05	100.0
-0.000162137342661	-2.98700873815e-05	-0.000553101315887	-0.0202767947245	-0.00637902165563	-0.0676614183725	1.24825669987e-11	1.9330994212e-05	100.0
-0.000269904910278	-8.01642651121e-06	0.000556427019512	-0.0346345245466	-0.00351943538129	0.0707811798542	1.246898872e-11	1.9309966356e-05	100.0
-0.000166173973792	-4.05147056735e-06	0.000663179716882	-0.0218224439732	-0.0027657899191	0.088842638899	1.246898872e-11	1.9309966356e-05	100.0
0.000321042486309	-8.86528007714e-05	0.00038769090827	0.0361729299609	-0.013720026266	0.042959101382	1.246898872e-11	1.9309966356e-05	100.0
-0.000484732896268	-9.7844809104e-05	7.40115751059e-05	-0.0528720306501	-0.0148749213813	0.00904517920196	1.246898872e-11	1.9309966356e-05	100.0
0.000622711267915	-8.3212881532e-05	2.54918226814e-05	0.079770975445	-0.0139750850511	0.00344843995241	1.246898872e-11	1.9309966356e-05	100.0
0.000554806203649	-0.00010489126522	0.000134833852612	0.0676179776882	-0.0164917572377	0.0177267951191	1.246898872e-11	1.9309966356e-05	100.0
0.000627175302509	2.53118584301e-05	-0.000107089612794	0.081279847308	0.000922103362475	-0.015351771693	1.246898872e-11	1.9309966356e-05	100.0
-0.000418048304373	7.34088952644e-05	-0.000368675825137	-0.050675077762	0.00713548037942	-0.0445541668074	1.246898872e-11	1.9309966356e-05	100.0
0.000624788286622	-0.000152090683628	-0.000115168415241	0.0810495589591	-0.0237523106048	-0.0152302547721	1.246898872e-11	1.9309966356e-05	100.0
0.000627269274121	-6.98505698651e-05	-4.68465975118e-05	0.0808349162019	-0.012237180156	-0.00561969985073	1.246898872e-11	1.9309966356e-05	100.0
0.00017476296679	-0.000111421456001	-0.000457196387067	0.0194124298219	-0.0164288113596	-0.0498507559541	1.246898872e-11	1.9309966356e-05	100.0
-0.000163027036353	-0.000188351353974	0.000439062793552	-0.0174429625404	-0.0256477192345	0.0474980535101	1.24677515879e-11	1.9308050484e-05	100.0
-0.000286800425335	-0.000160440864049	0.00045252734648	-0.0340349511245	-0.0234736293466	0.0536938089161	1.24677515879e-11	1.9308050484e-05	100.0
-0.000526087481979	-0.000210714994141	0.000450883768441	-0.0710755145398	-0.0324955841978	0.0612195926154	1.24677515879e-11	1.9308050484e-05	100.0
0.000465546425602	-0.000203267779312	6.99165993009e-07	0.0507419989823	-0.0277842300857	0.00124158244016	1.24677515879e-11	1.9308050484e-05	100.0
0.000358929439803	-0.000266709264084	-0.000381489040733	0.0441253739395	-0.0378294196941	-0.0455083473847	1.24677515879e-11	1.9308050484e-05	100.0
-0.000331930529423	-0.000143817941601	-0.000439242607007	-0.0400941690029	-0.0215476314472	-0.0531712722402	1.24677515879e-11	1.9308050484e-05	100.0
0.00011409698066	-0.000128224848016	-0.000605277191783	0.0155141036048	-0.0199529199906	-0.0774736025221	1.24677515879e-11	1.9308050484e-05	100.0
-0.000625657056053	-9.26534406482e-05	0.000445501103787	-0.087330713722	-0.0157135807687	0.0620610067315	1.24554355862e-11	1.928897744e-05	100.0
-0.00025850872233	-2.30340557053e-05	-0.000624902484531	-0.0349575131246	-0.00541057234532	-0.0829264593093	1.24554355862e-11	1.928897744e-05	100.0
0.000384282114338	-0.000240936252096	0.000479226961831	0.0502893103479	-0.0357353448087	0.0617760053351	1.24517292189e-11	1.9283237613e-05	100.0
-0.000321242603649	-0.000246664721198	0.000365646038904	-0.0363766015346	-0.0341918978187	0.0422484305352	1.24517292189e-11	1.9283237613e-05	100.0
0.000514780968336	-0.000169877302966	0.000158138310394	0.0615504887158	-0.0246468683952	0.01910182584	1.24517292189e-11	1.9283237613e-05	100.0
0.000567547303533	-0.000114625705251	-0.000361153753788	0.0751888160991	-0.0182487755523	-0.0489596121877	1.24517292189e-11	1.9283237613e-05	100.0
0.000790699399173	-0.000176304243527	-0.000388925985482	0.114767672067	-0.028532257483	-0.0562443158625	1.24517292189e-11	1.9283237613e-05	100.0
-0.00044440046155	-0.00014907489458	0.000111564221796	-0.0461548328657	-0.0205737765042	0.0125787151536	1.24517292189e-11	1.9283237613e-05	100.0
0.000587795099753	-0.000226213504	-0.000345448331592	0.0796832372708	-0.0345851425276	-0.0463936075149	1.24517292189e-11	1.9283237613e-05	100.0
0.000504908881815	-8.57866723701e-05	-0.000357056766805	0.0643932328093	-0.0140336944959	-0.0453601847561	1.24517292189e-11	1.9283237613e-05	100.0
-0.000518135958783	-0.000226659506952	-0.000452360518417	-0.0699493583852	-0.0347610354462	-0.0614622605004	1.24517292189e-11	1.9283237613e-05	100.0
0.000288041869549	3.39004035363e-05	0.000554966434345	0.0369953256405	0.00234735290413	0.0714694786303	1.24419025683e-11	1.9268019676e-05	100.0
-0.000255752595287	-0.000109180065248	0.000553039859604	-0.0319598373275	-0.017325880009	0.070284099994	1.24419025683e-11	1.9268019676e-05	100.0
-0.000408863718506	-2.2944199274e-05	0.000335354201482	-0.0471339284212	-0.0057362140438	0.0383507422371	1.24419025683e-11	1.9268019676e-05	100.0
0.0005683661176	4.13530465611e-05	0.000135021526513	0.0703594254286	0.00287940917475	0.0171303608019	1.24419025683e-11	1.9268019676e-05	100.0
0.000481602864164	-3.77405904114e-05	0.000166152760956	0.053832516896	-0.00782926902737	0.0188895079828	1.24419025683e-11	1.9268019676e-05	100.0
0.000592905419689	-0.000134278360394	-0.000161123306142	0.0757866971951	-0.0210571166682	-0.0205213369303	1.24419025683e-11	1.9268019676e-05	100.0
0.000687402224436	-3.75139249385e-05	-0.000299352416311	0.0950050136136	-0.00765215245528	-0.0418498898278	1.24419025683e-11	1.9268019676e-05	100.0
1.21142646544e-06	-0.000117212081328	-0.000585360829778	-0.000130274990385	-0.0180892836019	-0.0729252500428	1.24419025683e-11	1.9268019676e-05	100.0
0.00020564614555	-0.000156812052018	0.00071929812013	0.0286840948851	-0.0251199012175	0.0998048203398	1.2435716908e-11	1.9258440319e-05	100.0
0.00044682401172	-0.000231070236811	-0.000659609867689	0.0634378751268	-0.0361798600498	-0.0932458056851	1.2435716908e-11	1.9258440319e-05	100.0
-0.000714106282263	-0.000170229633783	-0.00012951963718	-0.0979658790974	-0.0269071359652	-0.0180647233285	1.2419714655e-11	1.9233658601e-05	100.0
0.000383842987085	-0.00015608069098	-0.000431433939073	0.0480992992019	-0.0231419721443	-0.0532804513422	1.2419714655e-11	1.9233658601e-05	100.0
0.000424234792167	-0.000161458142245	-0.000635186650361	0.0583953741273	-0.0255951048314	-0.0888622696426	1.2419714655e-11	1.9233658601e-05	100.0
0.000513414965037	-1.62519282034e-05	-0.000187277591104	0.0609159437168	-0.00481595657424	-0.0220182398363	1.24148968805e-11	1.9226197606e-05	100.0
0.000482944483828	-0.000195701330179	-0.000353554929101	0.0616959241751	-0.0292918538416	-0.0449132970105	1.24148968805e-11	1.9226197606e-05	100.0
-1.10784196396e-05	2.95589874061e-06	0.000629148443829	-0.00130605469176	-0.00202588101395	0.0809860198966	1.23879766856e-11	1.9184507933e-05	100.0
0.000477877300482	-0.000134353850158	0.00046539198974	0.0640008198103	-0.0214929414885	0.0614653928451	1.23879766856e-11	1.9184507933e-05	100.0
0.0004392002149	1.72778499888e-05	0.000231671343929	0.04837291684	-0.000782610249496	0.0252944189888	1.23879766856e-11	1.9184507933e-05	100.0
0.000461002642927	-1.73521543044e-05	0.000386660013965	0.0579361188514	-0.00469218894526	0.0486322636827	1.23879766856e-11	1.9184507933e-05	100.0
-0.000494188483707	-0.000160782436377	-0.000483781915326	-0.0665682150822	-0.0252974006319	-0.0655769567043	1.23879766856e-11	1.9184507933e-05	100.0
0.000814545843599	3.43950535353e-05	-1.13806501626e-05	0.115560365213	0.00293785051078	-0.000836371047883	1.23879766856e-11	1.9184507933e-05	100.0
0.000565264224392	-5.92452461758e-05	-0.000120634971845	0.0694032560188	-0.0104153079419	-0.0147768273107	1.23879766856e-11	1.9184507933e-05	100.0
-0.000322053588721	3.83635163706e-05	-0.000432010622461	-0.0373311440889	0.00227480675009	-0.0512440277838	1.23879766856e-11	1.9184507933e-05	100.0
-0.000436682415213	-5.52811870243e-05	-0.000509287958689	-0.0579460468287	-0.00998931436171	-0.0673164158299	1.23879766856e-11	1.9184507933e-05	100.0
-2.30486195383e-05	-0.000182407970604	0.000446843731841	-0.00162837367802	-0.0241200584016	0.0462668444185	1.2387735294e-11	1.9184134104e-05	100.0
-0.000479633069009	-0.000265754428589	0.000268336463883	-0.0592564164825	-0.0385421787763	0.0335943543459	1.2387735294e-11	1.9184134104e-05	100.0
-0.000230836358756	4.7657789688e-05	0.00042262711631	-0.025419886234	0.00294139881067	0.0449158993622	1.23611319256e-11	1.9142935082e-05	100.0
0.000276992675264	-0.000118054490905	0.000548585658278	0.0352075999109	-0.0185216576294	0.0698555006071	1.23611319256e-11	1.9142935082e-05	100.0
-0.000537302000108	-8.6089291323e-05	0.000216115680482	-0.0660891843732	-0.0138651543765	0.0266597246153	1.23611319256e-11	1.9142935082e-05	100.0
-0.000582909013557	6.14897957147e-05	-0.000233251015938	-0.0749815905579	0.00603123512912	-0.0305932676689	1.23611319256e-11	1.9142935082e-05	100.0
-0.000579180625109	-0.000173520481953	-8.80111281891e-05	-0.0727739737529	-0.0261511421072	-0.0110940314526	1.23611319256e-11	1.9142935082e-05	100.0
0.000489763756243	-0.000105626531127	-0.000231809059953	0.0579693259537	-0.0162994629001	-0.0274542209467	1.23611319256e-11	1.9142935082e-05	100.0
0.000505920619838	3.44986919062e-05	-0.000248846333894	0.061549654273	0.00190744659328	-0.0298671417527	1.23611319256e-11	1.9142935082e-05	100.0
0.000387374325643	-4.36643919338e-05	-0.000410062142736	0.0460850723055	-0.00839670331142	-0.050044529689	1.23611319256e-11	1.9142935082e-05	100.0
0.000281653646264	-0.000133074928873	-0.000627150955525	0.0379348076691	-0.021372276465	-0.0843317720849	1.23611319256e-11	1.9142935082e-05	100.0
-2.00353143329e-05	-4.39635172535e-05	-0.000664823495606	-0.00212746356684	-0.00851978088022	-0.0878460908646	1.23611319256e-11	1.9142935082e-05	100.0
0.00015060155887	-0.000275056718324	0.000473260953159	0.0187142062504	-0.0384677099929	0.0553515205376	1.23557861069e-11	1.9134656337e-05	100.0
-0.000584220972478	-0.000142739430194	8.73244313697e-05	-0.0730735663618	-0.0217787406992	0.0115746257975	1.23557861069e-11	1.9134656337e-05	100.0
0.000686761561373	-9.36823532342e-05	-0.000576385473079	0.099228280104	-0.0161062584238	-0.0837620735034	1.23557861069e-11	1.9134656337e-05	100.0
-0.000523108961717	-0.00015688125918	-3.48321484224e-05	-0.0611717805054	-0.0228103438162	-0.00413408247328	1.23557861069e-11	1.9134656337e-05	100.0
0.000457904203452	-0.000277159310818	-0.000257866463831	0.0566508173793	-0.0391621317133	-0.0298241608764	1.23557861069e-11	1.9134656337e-05	100.0
-0.000338372602666	-0.000126304916758	-0.000364494991679	-0.0375364571929	-0.0183226165459	-0.0405161468432	1.23557861069e-11	1.9134656337e-05	100.0
-0.000306430177873	-0.000173097488887	-0.000691744157826	-0.0427671528315	-0.0273505332398	-0.0962455044497	1.23557861069e-11	1.9134656337e-05	100.0
-0.000144748094219	-0.000295168945844	-0.000846350709723	-0.0209500748924	-0.0464973606272	-0.122470102418	1.23557861069e-11	1.9134656337e-05	100.0
-0.000702740729651	-0.000142830885781	0.000142969184541	-0.0959737684356	-0.0229733894564	0.0196971156761	1.23477397195e-11	1.9122195385e-05	100.0
-0.000478176020897	-0.000113751131419	-1.67480520697e-06	-0.0510950188041	-0.0163666138337	-0.000438318859709	1.23477397195e-11	1.9122195385e-05	100.0
0.000508426300676	1.20063227986e-05	6.10719224762e-05	0.0571574525836	-0.00154718106797	0.00762777908939	1.23477397195e-11	1.9122195385e-05	100.0
0.000266975434223	-1.15740927641e-05	-0.000474822807221	0.0313936211578	-0.00421885064222	-0.0559821561253	1.23477397195e-11	1.9122195385e-05	100.0
-2.11826749082e-05	4.87729962697e-06	-0.000539597880747	-0.0028623517984	-0.00203874359952	-0.0631986098355	1.23477397195e-11	1.9122195385e-05	100.0
-0.000207621170727	-7.07733195363e-05	0.000549863218073	-0.0257698822034	-0.0120108898049	0.0682422031047	1.23343676294e-11	1.910148684e-05	100.0
-0.000490637611154	-0.000164069640237	-0.000174854503334	-0.0570592237357	-0.0238899857029	-0.0203954459926	1.23343676294e-11	1.910148684e-05	100.0
-0.000295535871822	-0.000150960620237	0.000810963770088	-0.0431190085172	-0.0246238999823	0.116503118296	1.23238721228e-11	1.9085233086e-05	100.0
-0.000267630245883	-0.000249312823849	0.000402323392829	-0.030441300048	-0.0343208631877	0.0461105953572	1.23238721228e-11	1.9085233086e-05	100.0
0.000559483013678	-0.000264111574076	0.000185548902549	0.0720259233416	-0.0387896988686	0.0226673839374	1.23238721228e-11	1.9085233086e-05	100.0
-0.000745452252349	-0.000210443455363	0.000505584280679	-0.108401878398	-0.0337640095442	0.0734801949724	1.23238721228e-11	1.9085233086e-05	100.0
0.00049025732778	-0.00012807759832	-7.89919481321e-06	0.0541734843134	-0.0183903201799	-0.00133073052185	1.23238721228e-11	1.9085233086e-05	100.0
-0.000357259035138	-0.000103324055133	-0.000578157262876	-0.0478864941082	-0.0169542749811	-0.0770197948099	1.23210106263e-11	1.9080801659e-05	100.0
0.000458744372322	-0.000250808528119	-0.000242991084605	0.0546221077748	-0.0353388562827	-0.0292413406408	1.23079302177e-11	1.9060544824e-05	100.0
-0.000563651873482	-9.58451357757e-05	-1.52821136224e-05	-0.0687208581187	-0.0151329739718	-0.0007809340987	1.23079302177e-11	1.9060544824e-05	100.0
-0.000781766021821	-0.000131754874069	-1.5920870214e-05	-0.109651350313	-0.0214504677491	-0.0024164559703	1.23079302177e-11	1.9060544824e-05	100.0
5.14486858248e-06	-0.000234885729995	-0.000425794587189	0.00113286881708	-0.0304564615797	-0.0435410665096	1.23079302177e-11	1.9060544824e-05	100.0
3.32165929886e-05	6.79978596647e-06	0.000750710401856	0.0044123192059	-0.0012303324909	0.103770707293	1.23076787681e-11	1.906015542e-05	100.0
-0.000517532643799	-6.35717758461e-05	-0.000378284567395	-0.0670118422746	-0.0113164617413	-0.0491507045401	1.23076787681e-11	1.906015542e-05	100.0
-0.000397490906065	-8.51804339753e-05	-0.000542691773647	-0.0528343777982	-0.0143705028941	-0.0722678882958	1.23076787681e-11	1.906015542e-05	100.0
0.000194897210225	-2.15749145466e-05	0.000782212757457	0.027207564952	-0.00527007513963	0.110588927865	1.22943619969e-11	1.9039532544e-05	100.0
-0.000692469957729	-1.8377785085e-05	-0.000245167410708	-0.0950546919947	-0.00486273556669	-0.0331483717135	1.22943619969e-11	1.9039532544e-05	100.0
0.000259968070916	-9.64849092668e-05	-0.00052498079227	0.0329484807262	-0.0154159022881	-0.0651868108343	1.22919883126e-11	1.9035856563e-05	100.0
0.000304096168496	-0.00030294992569	-0.000461141818979	0.0379910823801	-0.0436754640793	-0.0580406038142	1.22919883126e-11	1.9035856563e-05	100.0
0.000294925954558	4.97252165248e-05	0.000649109823165	0.0401587219926	0.00485066798906	0.088064457351	1.22810603127e-11	1.9018933033e-05	100.0
-0.000277986388091	-1.81429995146e-05	0.000723958022619	-0.0391178887156	-0.00483186698189	0.100926973368	1.22810603127e-11	1.9018933033e-05	100.0
-0.000478400373589	3.60408056617e-06	0.000318653072487	-0.0581399440416	-0.00235295449363	0.0387739620826	1.22810603127e-11	1.9018933033e-05	100.0
0.000267501138384	-0.000269717674451	0.000559803402416	0.034923526186	-0.0400584921788	0.0732034190376	1.22760614945e-11	1.9011191666e-05	100.0
-0.000636153083047	-0.000277224109715	-0.000124360693985	-0.0846465005036	-0.0413428236406	-0.0170710817552	1.22760614945e-11	1.9011191666e-05	100.0
0.000269410171545	-0.000201442418064	-0.000349127292204	0.0284428595159	-0.0270942296872	-0.035716626058	1.22760614945e-11	1.9011191666e-05	100.0
0.000566450691106	-0.000269450813534	-0.000513604009572	0.0799449756639	-0.0416684662794	-0.0715471335724	1.22760614945e-11	1.9011191666e-05	100.0
8.93291880591e-05	5.12219240103e-05	0.000503913255043	0.0102577360079	0.00370738012873	0.0569445428464	1.22677837735e-11	1.8998372462e-05	100.0
-0.000277788429672	2.96373408963e-05	0.000762070496836	-0.0395524764965	0.00212361821563	0.107459939809	1.22677837735e-11	1.8998372462e-05	100.0
-0.000433974694176	6.55890925372e-05	0.000323269017701	-0.0512822518794	0.00580913333655	0.0380258086658	2.41831357778e-11	3.7450955224e-05	100.0
0.00040142540855	1.10400057232e-05	0.000317958040682	0.0449520106507	-0.00168298045006	0.0357069690112	1.22677837735e-11	1.8998372462e-05	100.0
-0.000474465673829	2.26244580238e-05	-0.000420269255049	-0.0612818174304	0.000620641520522	-0.0541864157689	1.22677837735e-11	1.8998372462e-05	100.0
0.000159910671991	3.49070694627e-05	-0.000508885485447	0.0186755814093	0.00161025757845	-0.0591655998716	1.22677837735e-11	1.8998372462e-05	100.0
0.000726735699855	7.35786948403e-05	0.000145386121783	0.099839508037	0.00831609569971	0.0198897390043	1.22601397054e-11	1.8986534557e-05	100.0
0.0006972771694	-0.00024471364941	6.79234250759e-05	0.0950201092768	-0.0374557230923	0.00896936383231	1.22601397054e-11	1.8986534557e-05	100.0
0.000565855373174	-0.000207401272056	5.92160980531e-05	0.0701467127144	-0.0303596978293	0.00795155843074	1.22601397054e-11	1.8986534557e-05	100.0
0.000894470842492	-0.000178606684166	-0.000116384354928	0.12992347063	-0.0289746172253	-0.0172959352385	1.22601397054e-11	1.8986534557e-05	100.0
-7.26537653788e-05	-0.000153340087955	-0.000523880083889	-0.00970137512354	-0.0222186516757	-0.0614410306627	1.22601397054e-11	1.8986534557e-05	100.0
-0.000268371890657	-0.000331896963838	-0.000685030961407	-0.0374514754367	-0.0510105767838	-0.0957588052949	1.22601397054e-11	1.8986534557e-05	100.0
0.000853919207621	-7.07434070049e-05	0.000276098233837	0.123845571791	-0.0127867099792	0.040152985876	1.22545223212e-11	1.8977835255e-05	100.0
0.0005727861437	-0.000164625103745	0.000274149467242	0.0741164708426	-0.025379929764	0.036323449224	1.22545223212e-11	1.8977835255e-05	100.0
-9.93032467808e-05	-0.000173499879046	-0.000633536349131	-0.0130430144443	-0.0265823735834	-0.0831068012777	1.22545223212e-11	1.8977835255e-05	100.0
0.000709027025409	-0.000131555194121	0.000549760924853	0.102816980384	-0.021867099206	0.0793340551182	1.22442229453e-11	1.8961885237e-05	100.0
-5.12873041815e-05	-1.61956108049e-05	0.000649426299602	-0.00592553962771	-0.00452934313267	0.0848554718023	1.22280497066e-11	1.8936838723e-05	100.0
0.000568653294676	-1.39587415618e-05	0.00065189825	0.0822208028342	-0.00413834519305	0.0934157524814	1.22280497066e-11	1.8936838723e-05	100.0
0.000436533446903	7.91062202732e-05	0.000335131257413	0.0519065562599	0.00773451194858	0.0406835406165	1.22280497066e-11	1.8936838723e-05	100.0
0.000558823098603	7.70283654044e-05	0.000484552103007	0.0767955277463	0.00868350841134	0.0666568130132	1.22280497066e-11	1.8936838723e-05	100.0
0.000594693019431	-0.000103107885332	0.000478633305608	0.0827418533455	-0.0173467421458	0.0663810501462	1.22280497066e-11	1.8936838723e-05	100.0
-0.000470705904726	-0.000172326855024	-0.000276872245742	-0.0569929827642	-0.0252743937829	-0.0330571720827	1.22280497066e-11	1.8936838723e-05	100.0
-0.000415104018369	8.89346590613e-05	-0.00042832890558	-0.0525092250897	0.0095875882925	-0.0536957720922	1.22280497066e-11	1.8936838723e-05	100.0
0.000339878500784	5.9887332264e-05	-0.000473619279469	0.0420992493564	0.00545841514569	-0.0586672835592	1.22280497066e-11	1.8936838723e-05	100.0
0.000285798128596	5.81612187399e-05	-0.000643052169726	0.0387683773767	0.00601496900947	-0.0869576974026	1.22280497066e-11	1.8936838723e-05	100.0
4.28461625731e-05	2.42698757791e-05	-0.000542741957857	0.00396263176398	0.000370384022964	-0.0641266506457	1.22280497066e-11	1.8936838723e-05	100.0
-0.000440551757639	-0.000275249907063	0.000352290079581	-0.0558419952113	-0.0399789565494	0.0439546024802	1.2212409541e-11	1.8912617747e-05	100.0
0.0004860434343	-0.00012844039228	0.000170811275611	0.0559034781845	-0.0192618168187	0.0190245738474	1.2212409541e-11	1.8912617747e-05	100.0
0.000764545797242	-0.000129525899509	-0.000255831624046	0.108448836687	-0.0212545216586	-0.0353915684651	1.22016474978e-11	1.8895951224e-05	100.0
-0.00017876313547	-0.00018051856095	-0.000487652931507	-0.0205081091554	-0.026208755248	-0.0571538679875	1.22016474978e-11	1.8895951224e-05	100.0
0.00059136614748	1.54833412873e-05	-0.000655686256977	0.084975990813	0.000184490407657	-0.0949613043758	1.22016474978e-11	1.8895951224e-05	100.0
0.000363307845678	-0.000153560900356	-0.000551121910922	0.0481986908899	-0.0238125863088	-0.0730037810146	1.22016474978e-11	1.8895951224e-05	100.0
-0.000147029844309	-3.32379959403e-05	-0.000761716621746	-0.0205262059148	-0.00697728489461	-0.106077059569	1.22016474978e-11	1.8895951224e-05	100.0
-0.000688491568817	-0.000160100463703	-0.000279581156545	-0.0950138041319	-0.0253230625603	-0.0390799012419	1.21965128969e-11	1.8887999579e-05	100.0
0.00052972325933	1.28899051275e-05	0.000291546126017	0.0663709142482	-0.000632433672718	0.0375261604938	1.2175315695e-11	1.8855172759e-05	100.0
0.000604312186143	4.82427117534e-05	-0.000276715605425	0.079629380042	0.00428035828685	-0.0366539120719	1.2175315695e-11	1.8855172759e-05	100.0
0.000376349113925	-0.000120825271492	-0.000382428414985	0.0436957701534	-0.0180841639877	-0.0458425474548	1.2175315695e-11	1.8855172759e-05	100.0
-0.000265252150985	-3.48534083774e-05	-0.000576584983719	-0.0340902067279	-0.00717398130098	-0.0742718035733	1.2175315695e-11	1.8855172759e-05	100.0
0.000932651631786	1.73342093966e-05	0.000238371544963	0.136788784162	0.000572025500235	0.0349867688025	1.21647397245e-11	1.8838794395e-05	100.0
0.000973958221519	7.79372503328e-05	5.31958721235e-05	0.143509227392	0.00983975569277	0.00737352226625	1.21647397245e-11	1.8838794395e-05	100.0
0.000610353661544	-0.000251845213657	-0.000136217474932	0.0796332393959	-0.0375422243108	-0.0187077979512	1.21647397245e-11	1.8838794395e-05	100.0
-0.00051136673595	-0.000197687626847	0.000114700175963	-0.0604839309727	-0.0283316757335	0.0127858810914	1.21647397245e-11	1.8838794395e-05	100.0
-0.000577387863757	-0.000233703734956	3.86590394344e-05	-0.0726516598103	-0.0341324413503	0.00443607129893	1.21647397245e-11	1.8838794395e-05	100.0
0.000554481232593	-0.000326115642901	-0.000376408062926	0.0753197869865	-0.0492139179817	-0.0512496908154	1.21647397245e-11	1.8838794395e-05	100.0
-0.000894700417417	-0.000230451482375	-2.31079212867e-05	-0.129803967823	-0.0366661107537	-0.00354176803028	1.21647397245e-11	1.8838794395e-05	100.0
-0.000365303274079	-0.000159793349612	-0.000581505194753	-0.0486226818192	-0.0250179869706	-0.0784636132881	1.21647397245e-11	1.8838794395e-05	100.0
-0.00070257613914	-0.000171308985797	-0.000738028739336	-0.104239573134	-0.0281055362698	-0.10980355832	1.21647397245e-11	1.8838794395e-05	100.0
-0.000640292290524	-0.000181952844647	-0.000504325902488	-0.0908324878773	-0.029030367592	-0.0715418420459	1.21647397245e-11	1.8838794395e-05	100.0
7.47406042057e-05	-0.000277732450118	-0.000402129155886	0.00752573616939	-0.0360468804815	-0.0412279547963	1.21647397245e-11	1.8838794395e-05	100.0
-5.05270223194e-06	-0.000246424864308	-0.000680788154226	0.00021583511567	-0.0373028048323	-0.091965442206	1.21647397245e-11	1.8838794395e-05	100.0
8.14915049055e-05	-0.000146721933911	0.000709353319158	0.0113350418944	-0.0234188602769	0.0963356552112	1.21621749385e-11	1.8834822466e-05	100.0
-0.000452841466058	3.15328286193e-05	0.000172886610839	-0.0484088523203	0.000695489819279	0.0187590203102	1.21621749385e-11	1.8834822466e-05	100.0
0.000386966912344	7.63668343844e-05	0.000467407526008	0.0488025284016	0.00801674046342	0.0595823283161	1.21621749385e-11	1.8834822466e-05	100.0
0.000667298021843	3.03463697809e-05	0.000431910499191	0.0934718058794	0.00233789418595	0.0612471697522	1.21621749385e-11	1.8834822466e-05	100.0
-0.000749801243394	-0.000138739479392	-0.000392286226097	-0.107217610333	-0.0228395914231	-0.0562848629932	1.21621749385e-11	1.8834822466e-05	100.0
-0.000485900704481	-1.65517596882e-05	3.52508062048e-05	-0.0521084800281	-0.00546997653726	0.00406844226255	1.2149049269e-11	1.8814495538e-05	100.0
0.000357505084663	-9.21029403529e-05	0.000433776938511	0.0445271837444	-0.014290736668	0.0517609529458	1.2149049269e-11	1.8814495538e-05	100.0
-0.000570339285772	2.91423549366e-05	-0.000104417393616	-0.0698965820852	0.00114231844218	-0.0138536989392	1.2149049269e-11	1.8814495538e-05	100.0
-0.000801942518424	-5.67901009102e-05	7.67243875952e-05	-0.113084731681	-0.0105013872065	0.0112218417104	1.2149049269e-11	1.8814495538e-05	100.0
-0.00088435708243	-4.27747582172e-05	-0.00011894452463	-0.127726270316	-0.00866239359164	-0.0171271644201	1.2149049269e-11	1.8814495538e-05	100.0
0.000310460146483	-5.34251649766e-05	-0.00058119225205	0.0397672850437	-0.00995959382142	-0.0765503770294	1.2149049269e-11	1.8814495538e-05	100.0
-5.3722094616e-05	3.45206068297e-05	-0.000528020031478	-0.0060714254768	0.00180017523828	-0.061193489191	1.2149049269e-11	1.8814495538e-05	100.0
0.000169506602596	-0.000125565251077	-0.000770682876304	0.0239132942221	-0.020593586873	-0.108159897564	1.2149049269e-11	1.8814495538e-05	100.0
9.48525893156e-05	-8.17604742418e-05	-0.000951797151214	0.0137524980615	-0.0143257339869	-0.139876359818	1.2149049269e-11	1.8814495538e-05	100.0
-0.00015961855917	-9.69258729296e-05	0.00064285461898	-0.0210287357596	-0.0158415466409	0.084705526966	1.21359386865e-11	1.8794191974e-05	100.0
-0.000749967193149	-4.12012668774e-05	0.00028978580415	-0.105809179843	-0.00823415535789	0.0406938418681	1.21359386865e-11	1.8794191974e-05	100.0
-0.000532319650543	-0.00013210374384	-0.000170933741218	-0.0645237421657	-0.0202045622321	-0.0211446586061	1.21359386865e-11	1.8794191974e-05	100.0
0.00081407580215	-8.35597930004e-05	-0.000441648440709	0.118555566357	-0.0147120340544	-0.0648244291931	1.21359386865e-11	1.8794191974e-05	100.0
-0.000237510759396	-0.000281323354745	0.000591659461875	-0.0317392751386	-0.0420340583091	0.07824918802	1.21329916971e-11	1.8789628151e-05	100.0
0.000202851431361	-0.000228381573001	0.000807896316067	0.0288892979477	-0.0359977832083	0.115320382262	1.21329916971e-11	1.8789628151e-05	100.0
0.000577914987977	-9.94772836697e-05	0.000751911384324	0.0844603609936	-0.0170867751307	0.110024166282	1.21329916971e-11	1.8789628151e-05	100.0
-0.000543611331261	-0.000178470225031	0.000234167096136	-0.0689147863766	-0.0266684122231	0.0291291470154	1.21329916971e-11	1.8789628151e-05	100.0
0.000700564076277	-0.000289434149426	-0.000211720473759	0.0972710582985	-0.044479383113	-0.0291545949282	1.21329916971e-11	1.8789628151e-05	100.0
-0.000644302761503	-0.000114041518299	-0.000427169837291	-0.0897229882403	-0.0188625046894	-0.0601252512517	1.21329916971e-11	1.8789628151e-05	100.0
-0.00088316697378	-6.93734586157e-05	-0.000465907450687	-0.130326408792	-0.0125311125501	-0.0690281418923	1.21329916971e-11	1.8789628151e-05	100.0
0.000345091004119	-0.000123276721044	-0.000798566005459	0.0499650800366	-0.020447402431	-0.114912028256	1.21329916971e-11	1.8789628151e-05	100.0
0.000433374184276	-0.000218406413214	-0.000787656980134	0.0632052630649	-0.0349906957825	-0.114380102446	1.21329916971e-11	1.8789628151e-05	100.0
0.00035007237339	8.7275403339e-05	0.000494476369602	0.0441787073527	0.009210471069	0.0627184589476	1.2122843191e-11	1.8773911775e-05	100.0
-0.000557127822963	-0.000189252208481	0.000358266867765	-0.0740330959459	-0.0292348746912	0.0474518467387	1.2122843191e-11	1.8773911775e-05	100.0
0.000445599565135	5.20139753166e-05	0.000204913958906	0.0484312751902	0.00322980914778	0.022182790666	1.2122843191e-11	1.8773911775e-05	100.0
0.000874343823465	4.71916152434e-05	0.000484164489769	0.129397800596	0.00511496469791	0.0716081604333	1.2122843191e-11	1.8773911775e-05	100.0
0.000654771854062	9.44544631677e-06	0.000701410110645	0.0958596055168	-0.000698044667543	0.102977843013	1.21097678114e-11	1.8753662728e-05	100.0
-0.000554420729793	-8.2700282986e-05	0.00015967023185	-0.0681411507633	-0.0133763128093	0.0198079390241	1.21097678114e-11	1.8753662728e-05	100.0
0.000377442523264	6.64874097964e-05	-0.000648316899119	0.0522711078732	0.00730815414967	-0.0897041931513	1.21097678114e-11	1.8753662728e-05	100.0
6.06735992413e-05	-6.9045376192e-05	0.000863509031015	0.00926949698252	-0.0123009691638	0.123983901618	1.21012637857e-11	1.8740493059e-05	100.0
-0.000497693024952	-0.000313898385226	0.000216738679035	-0.0623227377318	-0.0449893737578	0.0267797813678	1.21012637857e-11	1.8740493059e-05	100.0
-0.000826309763445	-0.000222940266168	-0.000261377929265	-0.11895515622	-0.0353506410769	-0.0379195058276	1.21012637857e-11	1.8740493059e-05	100.0
-0.00021793314867	-0.000163560827534	-0.000629120663774	-0.0294589161088	-0.0254831263309	-0.0833193908597	1.20967024899e-11	1.8733429257e-05	100.0
-0.000236266642644	-0.000226770119469	0.000905347484735	-0.0347106831079	-0.0363867214049	0.132592478805	1.20854124025e-11	1.8715944984e-05	100.0
-6.94978145501e-05	-8.97706168554e-05	0.000622954044793	-0.00874679353224	-0.0145982662609	0.0802808749762	1.20854124025e-11	1.8715944984e-05	100.0
0.000835125663323	-0.000143120608507	0.000565036293922	0.123635624247	-0.0237557791704	0.0837730164251	1.20854124025e-11	1.8715944984e-05	100.0
-0.000525549621242	-0.000274012684326	0.000335087987586	-0.0687779574927	-0.0405481166103	0.0442958255893	1.20854124025e-11	1.8715944984e-05	100.0
0.000553466014005	-8.72817160358e-05	1.16067416099e-05	0.0664610701833	-0.0138594882169	0.000601032635009	1.20854124025e-11	1.8715944984e-05	100.0
-0.000627553947604	-0.000280602260745	0.000231371698267	-0.084578089805	-0.0424744500374	0.0311233640763	1.20854124025e-11	1.8715944984e-05	100.0
0.000591417899727	-0.000147592917591	-0.000263969193634	0.0770250148696	-0.0229654280092	-0.0357065554124	1.20854124025e-11	1.8715944984e-05	100.0
0.000837774354565	-0.000199366888923	-0.000363273485998	0.121820423362	-0.0320380215079	-0.0532667262083	1.20854124025e-11	1.8715944984e-05	100.0
-0.000645104113638	-0.000112075939454	0.000749844054966	-0.0954001108287	-0.0190602573347	0.110524518732	1.20706271656e-11	1.8693047984e-05	100.0
-0.000933110640057	5.61545615896e-06	0.000114017258923	-0.136282189846	-0.00135058519985	0.0165590582811	1.20706271656e-11	1.8693047984e-05	100.0
-0.000749153135974	-0.00018594208765	-8.11564297486e-05	-0.104028583687	-0.0292911174414	-0.0116735335315	1.20706271656e-11	1.8693047984e-05	100.0
0.000354575931668	-0.000156784148613	-0.000632802514936	0.049208489464	-0.02487822119	-0.0863488573672	1.20706271656e-11	1.8693047984e-05	100.0
6.21873245098e-05	-7.42889671023e-05	-0.0010471832828	0.00974330265892	-0.0133309164242	-0.156173409017	1.20706271656e-11	1.8693047984e-05	100.0
-0.000101198998596	-0.000267600007712	0.000401774472496	-0.0115926786706	-0.0347464193326	0.0408572792583	1.20695610193e-11	1.8691396908e-05	100.0
0.000396778249124	-0.000257971650729	0.000271776365524	0.0458030685355	-0.0353523495147	0.0301444076033	1.20695610193e-11	1.8691396908e-05	100.0
-0.000657861076227	-0.000180901563441	0.000240834223157	-0.0888866278836	-0.0281118302151	0.0331149431518	1.20695610193e-11	1.8691396908e-05	100.0
-0.000638053493812	-0.000154171609483	-0.000816005301538	-0.0948557480961	-0.0255628689222	-0.121579934306	1.20695610193e-11	1.8691396908e-05	100.0
-0.000574980780579	-0.00029021779314	-0.00038312397278	-0.0786503518272	-0.0441282379119	-0.0522015762806	1.20695610193e-11	1.8691396908e-05	100.0
2.92742738169e-05	-0.00024420505312	-0.000684174696011	0.00388761431775	-0.0370363913191	-0.0923792879544	1.20695610193e-11	1.8691396908e-05	100.0
-0.000294113801882	-0.000274012017813	-0.000417381921994	-0.0351321061314	-0.0384196054926	-0.0496285009589	1.20695610193e-11	1.8691396908e-05	100.0
0.000143263220952	-7.3882574219e-05	-0.000625788372662	0.0182903932726	-0.012524348224	-0.0816556630693	1.2053714665e-11	1.8666856621e-05	100.0
0.000224657738307	-7.11090283386e-06	0.00069731564448	0.0306862249682	-0.0034944891175	0.0951579019366	1.20446071603e-11	1.8652752381e-05	100.0
-0.000134850743273	-5.5954287324e-05	0.000830545490779	-0.0190128651393	-0.0102549652212	0.118463954937	1.20446071603e-11	1.8652752381e-05	100.0
-0.000661788543418	3.69948315829e-06	0.000405888447328	-0.0918684209577	-0.0016616182155	0.0572920333174	1.20446071603e-11	1.8652752381e-05	100.0
0.000327606780796	-9.84725972373e-05	0.000828202536241	0.0476655894918	-0.0168045256758	0.11984141473	1.20446071603e-11	1.8652752381e-05	100.0
7.27189051027e-05	-0.000128750140379	0.000570609073957	0.00937254794339	-0.0196897913045	0.0703423990544	1.20446071603e-11	1.8652752381e-05	100.0
-0.000591367632748	-7.48775871647e-05	0.000208676508181	-0.0753320740155	-0.0126666261337	0.0276562203159	1.20446071603e-11	1.8652752381e-05	100.0
-0.000632695123788	-6.96692381531e-06	-0.000186428624428	-0.0828507115637	-0.00332518878239	-0.0244374996062	1.20446071603e-11	1.8652752381e-05	100.0
-0.000853744110076	-7.57729291196e-05	-0.000163756931288	-0.12293917759	-0.0133745496475	-0.0234902270974	1.20446071603e-11	1.8652752381e-05	100.0
0.000465986428141	-0.000128400794691	0.000101915922317	0.050493992055	-0.0187762048201	0.0104909374828	1.20446071603e-11	1.8652752381e-05	100.0
-0.000547835624902	9.61015080076e-05	-0.000316022144258	-0.0709980090075	0.0111505025446	-0.0409288223452	1.20446071603e-11	1.8652752381e-05	100.0
-0.0006418586783	-0.000129530641822	-0.000308678035181	-0.0874834001808	-0.0210496093827	-0.0419608371376	1.20446071603e-11	1.8652752381e-05	100.0
0.000239268183875	-0.000123663466334	0.000598648385468	0.0315553777531	-0.01957414828	0.0779275506533	1.20378733398e-11	1.8642324121e-05	100.0
0.000403732249686	-0.000163257229763	0.000615056982178	0.0553117494092	-0.0261173555119	0.0850775622362	1.20378733398e-11	1.8642324121e-05	100.0
-0.000506400047437	-0.00015800352913	-0.000354023781764	-0.0656002489329	-0.024181237062	-0.0451138794949	1.20378733398e-11	1.8642324121e-05	100.0
-0.000810595675611	-0.000202448038767	-0.000396406441238	-0.117553783196	-0.0325080705603	-0.0581866598967	1.20378733398e-11	1.8642324121e-05	100.0
0.000231286338202	-0.000181128979599	-0.000600479232249	0.0307865563758	-0.0276439018279	-0.0785792656415	1.20378733398e-11	1.8642324121e-05	100.0
0.000288682174144	-0.00031382002627	-0.000609000736365	0.0387544351801	-0.0474214435703	-0.0829535232463	1.20378733398e-11	1.8642324121e-05	100.0
-0.000369384557931	-0.000200928719435	0.000535272610013	-0.0492985472451	-0.0308255406364	0.0701884660782	1.20316172736e-11	1.8632635731e-05	100.0
-0.000573208505514	-7.18274489718e-05	0.000534565187224	-0.0800946885412	-0.012783209391	0.0747682573815	1.20316172736e-11	1.8632635731e-05	100.0
-0.000577163375541	-0.000130147027414	-0.000616830305513	-0.0828354116493	-0.0215142940391	-0.0878965107147	1.20316172736e-11	1.8632635731e-05	100.0
0.000436872134745	1.40756689935e-05	-0.000331404625995	0.0518065043191	-0.00109433158503	-0.038762706667	1.20316172736e-11	1.8632635731e-05	100.0
-0.000245138397682	-0.000232702434166	-0.000831039477021	-0.0352957706259	-0.0369795630167	-0.119910826239	1.20220370436e-11	1.861779941e-05	100.0
0.000308064176992	3.22028112516e-05	0.000587969102611	0.0405507340095	0.00177917820055	0.077145115363	1.20186424739e-11	1.8612542446e-05	100.0
0.000623387341649	-0.000114844697078	0.000349654280206	0.0846999701123	-0.0189740347796	0.0477316286092	1.20186424739e-11	1.8612542446e-05	100.0
-0.000460687615796	8.47841395513e-05	-0.000219928180014	-0.0524366493654	0.00811760787723	-0.0249320796499	1.20186424739e-11	1.8612542446e-05	100.0
0.00039562417225	1.12719348023e-05	-0.000280599584878	0.04162596961	-0.00171514668695	-0.0305231647328	1.20186424739e-11	1.8612542446e-05	100.0
-0.000233361855457	3.72304536257e-05	-0.000430169140997	-0.0251312969449	0.00169603821505	-0.0465587284384	1.20186424739e-11	1.8612542446e-05	100.0
0.000724743674243	-3.41802978182e-05	-0.00013052695619	0.0992392939855	-0.00719259238183	-0.0177584516722	1.20062057763e-11	1.8593282487e-05	100.0
0.000486799939319	-2.10949778532e-05	-0.000182206866251	0.0547663500709	-0.00537237045451	-0.0217829971348	1.20062057763e-11	1.8593282487e-05	100.0
0.000403549598698	-8.00697651908e-05	0.000598175394444	0.0546986830438	-0.0138662415787	0.081299432379	1.20056877901e-11	1.8592480313e-05	100.0
-0.00104193555584	-9.25234035166e-05	0.000576763315636	-0.157933929827	-0.0162565780318	0.0874319001909	1.20056877901e-11	1.8592480313e-05	100.0
0.000699915817719	-9.02338045444e-05	-0.000453366876251	0.0994305713049	-0.015716605229	-0.0646300617907	1.20056877901e-11	1.8592480313e-05	100.0
8.35425053346e-05	-0.000157134452309	-0.000588665874079	0.0101579897386	-0.0236620797235	-0.0741162958603	1.20056877901e-11	1.8592480313e-05	100.0
0.000105321285131	3.45356582692e-05	0.00054030846064	0.0132849276452	0.00168018866251	0.0638140487759	1.19927381354e-11	1.8572425969e-05	100.0
-0.000118882541114	-4.21569091885e-05	0.000757184446744	-0.0170964585383	-0.00840957995534	0.104936972219	1.19927381354e-11	1.8572425969e-05	100.0
-0.000461560181986	-7.31374803585e-05	0.00074609771655	-0.0663770296689	-0.0129986836429	0.107595085851	1.19927381354e-11	1.8572425969e-05	100.0
0.000338159698452	-4.28915590608e-05	0.000639830432881	0.045673704061	-0.00841801813169	0.0871894268915	1.19927381354e-11	1.8572425969e-05	100.0
-0.000638997075317	3.66430154163e-05	-3.11034275657e-05	-0.0831178891104	0.00236827896082	-0.00391164614212	1.19927381354e-11	1.8572425969e-05	100.0
0.000508506549492	-2.27089508621e-05	0.000508675157928	0.0691294386517	-0.00535374175524	0.0691698949239	1.19927381354e-11	1.8572425969e-05	100.0
0.000964535814078	-6.11803614949e-05	-2.10941791272e-05	0.141745579747	-0.0113117682675	-0.00321325747521	1.19927381354e-11	1.8572425969e-05	100.0
0.00106078252757	-0.000223773580235	0.000110109870815	0.158545452836	-0.0363557887773	0.0167563580136	1.19927381354e-11	1.8572425969e-05	100.0
-0.000604015834211	-4.38511901112e-05	-0.00048631480466	-0.0840827606476	-0.00867395587927	-0.0674683223046	1.19927381354e-11	1.8572425969e-05	100.0
-0.000423779005359	-0.000199874881495	-0.000466151554275	-0.054735561196	-0.0301785055688	-0.0609648709899	1.19927381354e-11	1.8572425969e-05	100.0
-0.000489288286788	6.29170613576e-06	-0.000472688490786	-0.0650878174929	-0.00162839332569	-0.0624275119191	1.19927381354e-11	1.8572425969e-05	100.0
0.000552336988143	-0.000198657025277	-0.000506471645101	0.0764208276451	-0.0313094115323	-0.07002317124	1.19927381354e-11	1.8572425969e-05	100.0
0.000359992828254	0.000114005356501	-0.000486407313617	0.0453869116104	0.0132428604731	-0.0622327558995	1.19927381354e-11	1.8572425969e-05	100.0
0.000185411934797	-1.12433436721e-05	-0.00052829905089	0.0222258111177	-0.00436984513143	-0.0630888754366	1.19927381354e-11	1.8572425969e-05	100.0
0.000127000247217	4.0716872172e-05	-0.00049940530556	0.0151697587664	0.002084485316	-0.056291130345	1.19927381354e-11	1.8572425969e-05	100.0
0.000421605782107	-0.000219291233756	0.000670023572668	0.0594729778544	-0.0344893245077	0.0942621977656	1.19745532998e-11	1.8544264217e-05	100.0
0.00100678698664	-9.62229147691e-05	0.000377088845169	0.150648419212	-0.0166953574793	0.0562461837921	1.19745532998e-11	1.8544264217e-05	100.0
0.000901901226927	-0.000192103235711	0.000258853041168	0.131950980011	-0.0311128034346	0.0383162732376	1.19745532998e-11	1.8544264217e-05	100.0
0.000480931979401	-0.000234339206066	-0.000143249120677	0.0557901683549	-0.0327192074583	-0.0176653771589	1.19745532998e-11	1.8544264217e-05	100.0
0.00026137708309	-0.000124122692871	-0.000841864688452	0.0379514250843	-0.0206293128207	-0.121269278846	1.19745532998e-11	1.8544264217e-05	100.0
0.000250117559761	-0.000272687518566	-0.000804109683695	0.0357598632666	-0.0429480197334	-0.115582895999	1.19745532998e-11	1.8544264217e-05	100.0
-0.000412936955566	1.00187200599e-05	-0.000540626896897	-0.0548899157783	-0.00117070166503	-0.0716136493353	1.19668891158e-11	1.853239516e-05	100.0
-0.000489583809063	-0.00014520025286	-0.000765085363611	-0.071232424522	-0.0238821380375	-0.111404738253	1.19668891158e-11	1.853239516e-05	100.0
0.000807753495251	-7.61437621518e-05	-0.000585288223424	0.119111901215	-0.0136800523602	-0.0865473916185	1.19668891158e-11	1.853239516e-05	100.0
0.00047866253083	-8.47730194799e-05	-0.000475157415727	0.0637598304463	-0.0139975382394	-0.0628831351233	1.19668891158e-11	1.853239516e-05	100.0
-0.000294382612172	-5.40806643547e-05	-0.000841536403566	-0.0425754006661	-0.0102112528245	-0.121441576066	1.19668891158e-11	1.853239516e-05	100.0
0.000123145926842	-0.000175683924965	-0.000697880775451	0.0162046828812	-0.0276002484075	-0.0952633058924	1.19668891158e-11	1.853239516e-05	100.0
-4.10698104509e-05	-8.20436309726e-05	-0.000667940855718	-0.00583012491956	-0.0136565607528	-0.0881879141376	1.19668891158e-11	1.853239516e-05	100.0
-0.000101296860484	-0.000176240900279	0.00092007253904	-0.0144138494219	-0.0287224940702	0.13425631466	1.19429159102e-11	1.8495269311e-05	100.0
0.000514117400195	-0.000299429830641	0.000402919730314	0.0683990734204	-0.0448275088484	0.0543335978351	1.19429159102e-11	1.8495269311e-05	100.0
-0.000745024746265	-0.000195366361709	0.000310670058561	-0.105202295118	-0.0308758381812	0.0440518131136	1.19429159102e-11	1.8495269311e-05	100.0
0.000446108126257	-0.000118465012504	-0.000169854861671	0.047631536129	-0.0175649872864	-0.0188995065839	1.19429159102e-11	1.8495269311e-05	100.0
0.000117055287191	-0.000129993124902	0.000677339498723	0.0154491133349	-0.0208451059614	0.0907183913759	1.19410954151e-11	1.8492450021e-05	100.0
-0.000499306954868	5.16509696431e-05	6.00940935873e-05	-0.0556327570141	0.00340623570559	0.00568612842196	1.19410954151e-11	1.8492450021e-05	100.0
-0.00083730792941	8.01113394925e-06	-0.000316395297102	-0.120957829936	-0.00103580885916	-0.0457337136139	1.19410954151e-11	1.8492450021e-05	100.0
0.000331251477692	-0.000232924794604	0.000770890192156	0.0478580371716	-0.0368246423237	0.110073533979	1.19270997299e-11	1.8470775752e-05	100.0
-0.000465906798224	-0.000173866109513	0.000829839729931	-0.0681719777703	-0.0282679688032	0.12166017721	1.19270997299e-11	1.8470775752e-05	100.0
-0.000522895743696	-0.000218873903136	0.00054403758924	-0.0727641538235	-0.0341943251209	0.075590704871	1.19270997299e-11	1.8470775752e-05	100.0
-0.000640087865796	-0.000156679314895	4.5897362596e-05	-0.0834038840116	-0.023780420171	0.00608643379115	1.19270997299e-11	1.8470775752e-05	100.0
-0.000153163096438	-9.54973479846e-05	-0.00058721003293	-0.0196567368286	-0.0150616201693	-0.0740686652189	1.19270997299e-11	1.8470775752e-05	100.0
-0.000195015109102	-0.000147411161408	-0.000918106546419	-0.028451013443	-0.024317455084	-0.134238240453	1.19270997299e-11	1.8470775752e-05	100.0
-0.000367155306797	-0.000176860611051	0.000919488415218	-0.0538975293217	-0.0290789765275	0.135985637676	1.19153520043e-11	1.8452582762e-05	100.0
1.1394096392e-05	-1.95916322163e-06	0.000980829986305	0.0018356318266	-0.00243130280958	0.144368242574	1.19153520043e-11	1.8452582762e-05	100.0
-0.000276647370971	-9.80272465268e-05	0.00090452682272	-0.0401935574209	-0.0169934856494	0.132192700514	1.19153520043e-11	1.8452582762e-05	100.0
-0.000572257294976	-9.90233918149e-05	0.000475602879447	-0.0783915354744	-0.0166014764768	0.065653806523	1.19153520043e-11	1.8452582762e-05	100.0
-0.000635392552235	-0.000109231848124	0.000320782532281	-0.0862508688682	-0.0178911844268	0.0436948144047	1.19153520043e-11	1.8452582762e-05	100.0
0.00049170611163	-0.000149156597541	0.000598854241607	0.0682616571807	-0.0241585486436	0.0839505966171	1.19153520043e-11	1.8452582762e-05	100.0
-0.000560573725445	0.00014152426088	-0.000104509449973	-0.0695639020817	0.0170115958601	-0.0133978551834	1.19153520043e-11	1.8452582762e-05	100.0
-0.000861518686242	-6.75111453107e-05	0.000105571606989	-0.124014008156	-0.0121192966681	0.0147858776687	1.19153520043e-11	1.8452582762e-05	100.0
-0.000831103067966	6.51974793763e-06	-0.00047729766381	-0.122050960987	-0.00103680248553	-0.069681773172	1.19153520043e-11	1.8452582762e-05	100.0
0.000505367419357	3.21613685615e-05	-6.46569263743e-06	0.0562700208764	0.0009620494157	-0.000757965016876	1.19153520043e-11	1.8452582762e-05	100.0
0.000742077211865	-4.37044743057e-05	-2.49022675595e-05	0.102066510916	-0.00847055919163	-0.00380081576131	1.19153520043e-11	1.8452582762e-05	100.0
0.000614102470103	-4.61199291702e-05	-0.000979592780193	0.0926862547588	-0.00908189371214	-0.14785180901	1.19153520043e-11	1.8452582762e-05	100.0
-3.25870401824e-05	-6.45835310462e-05	-0.00070190298611	-0.00382876736394	-0.0115831605203	-0.0942556890947	1.19153520043e-11	1.8452582762e-05	100.0
0.000434218990732	-5.15062750509e-05	-0.000450580701066	0.0561073888851	-0.00974125635011	-0.0568556437255	1.19153520043e-11	1.8452582762e-05	100.0
0.000282533153462	-3.7078953337e-05	-0.000582795205687	0.036751161697	-0.00784295345039	-0.0755302007782	1.19153520043e-11	1.8452582762e-05	100.0
2.44484732877e-06	1.4287104416e-05	-0.000511863274869	-0.000454198413832	-0.00102415021441	-0.0574656500456	1.19153520043e-11	1.8452582762e-05	100.0
0.000214785287048	9.69953958977e-05	-0.000506976352218	0.0262131667051	0.0104092929192	-0.0610038085686	1.19153520043e-11	1.8452582762e-05	100.0
0.000451281129719	-0.000138322156881	0.00101706160046	0.0677971812911	-0.0232560622158	0.15287165003	1.19112936076e-11	1.844629777e-05	100.0
0.000474426383737	-0.000167674987837	0.000251164521849	0.0559650948923	-0.0243241340344	0.0299453800087	1.19112936076e-11	1.844629777e-05	100.0
0.000536136487443	-0.000200098527505	-1.77880390025e-05	0.0641527262213	-0.028763292512	-0.00207848946095	1.19112936076e-11	1.844629777e-05	100.0
0.000758014487502	-0.000119248626892	-0.000150773171807	0.105750133147	-0.0194874366809	-0.0203543923358	1.19112936076e-11	1.844629777e-05	100.0
-0.000682916093337	-0.000228185875509	-0.000120696676721	-0.092559536056	-0.0348712451544	-0.0160109727439	1.19112936076e-11	1.844629777e-05	100.0
-0.00031922154997	8.25844068982e-05	0.000405576980936	-0.0372989243475	0.00798861768463	0.0459907688999	1.18896588835e-11	1.8412793385e-05	100.0
0.000969742962458	1.18200088185e-05	-0.00019409955087	0.143040269588	-0.000326144663707	-0.0285900112526	1.18896588835e-11	1.8412793385e-05	100.0
0.00011960111094	-0.000343055986157	0.000659508613868	0.0166750788219	-0.0521882126805	0.0897066018945	1.18796813631e-11	1.8397341804e-05	100.0
-6.22792290071e-05	-0.000266764650174	0.000692790886361	-0.00891024506232	-0.040586669426	0.0942770964394	1.18796813631e-11	1.8397341804e-05	100.0
-0.00028407406282	-3.08002340845e-05	0.000623978218234	-0.0377080173215	-0.00662016585112	0.0830659855901	1.18796813631e-11	1.8397341804e-05	100.0
-0.000408949640611	-0.000264299613517	0.000607389498145	-0.0562041677433	-0.0405675101643	0.0841116320627	1.18796813631e-11	1.8397341804e-05	100.0
-0.0005236240332	-0.000102397315352	0.000664807758978	-0.0750636438815	-0.0173793648951	0.0949421728891	1.18796813631e-11	1.8397341804e-05	100.0
-0.000767139236227	-0.000161215177791	0.000651385607964	-0.113578967417	-0.0265187427573	0.0962790874552	1.18796813631e-11	1.8397341804e-05	100.0
-0.000838373056937	-0.000156588803734	0.000171187640353	-0.120212035262	-0.0253471369128	0.0241349523664	1.18796813631e-11	1.8397341804e-05	100.0
0.000154047394225	-0.000178028892332	-0.00103917964536	0.0227804168739	-0.0292270639513	-0.155029144985	1.18796813631e-11	1.8397341804e-05	100.0
-0.000543469517832	-8.08076233334e-05	-0.000880274674524	-0.0808169651509	-0.0143099593178	-0.130838089031	1.18796813631e-11	1.8397341804e-05	100.0
-6.51422025628e-05	-0.000171113504913	-0.00102620314348	-0.00981425633544	-0.0281502599113	-0.152420265326	1.18796813631e-11	1.8397341804e-05	100.0
-0.00028351813966	-0.000140633563764	-0.000544024391492	-0.0361080297763	-0.0217078651118	-0.0691663468518	1.18796813631e-11	1.8397341804e-05	100.0
0.000175116418606	-2.54788117502e-05	0.000787835912694	0.0250316351579	-0.00600963962505	0.11077219801	1.18768349535e-11	1.8392933743e-05	100.0
-0.000721412956314	-0.000211066575669	-0.000530437756237	-0.104690487779	-0.033847884883	-0.0768532858119	1.18768349535e-11	1.8392933743e-05	100.0
0.000746034532295	-3.03700641168e-05	-8.06212688093e-05	0.102638402699	-0.00677612612309	-0.0110760585711	1.18768349535e-11	1.8392933743e-05	100.0
0.000600437926768	-0.000107027678349	-0.000664033649324	0.0865746880885	-0.0181852282755	-0.0960521195771	1.18768349535e-11	1.8392933743e-05	100.0
-4.17768490003e-05	-0.000146517166985	0.000648735512724	-0.00565112209108	-0.022837500112	0.0849824391701	1.18640160525e-11	1.8373081888e-05	100.0
-0.000642132381701	1.22053217733e-06	0.000198333613662	-0.0848083184981	-0.00223755401003	0.0257806499256	1.18640160525e-11	1.8373081888e-05	100.0
-0.000616774314195	-0.000179825860556	-0.000187399764233	-0.0807449924642	-0.0274612596492	-0.024890658177	1.18640160525e-11	1.8373081888e-05	100.0
-0.000444781716636	-8.09342236046e-05	-0.000993211851176	-0.0667249306936	-0.0144502075876	-0.148697662543	1.18640160525e-11	1.8373081888e-05	100.0
