# x[AU] y[AU] z[AU] vx[AU/yr/2pi] vy[AU/yr/2pi] vz[AU/yr/2pi] m[MSUN] m[mtot] wf[%]
-5.61657396918e-07	2.17480981767e-07	-2.28122488044e-07	-0.000141904471456	-7.40628721777e-05	-8.8339633937e-05	6.44941424502e-07	0.996466128359	16.3400694766
-0.000459738160912	1.6574423557e-05	-0.000184318980049	-0.0505520151591	-0.000694263922473	-0.0200342158828	1.37814953205e-11	2.1293086105e-05	100.0
0.000496547960986	1.23084118289e-05	8.0790022762e-05	0.0553402602539	-0.0015037799387	0.00954365343056	1.37204634719e-11	2.1198788906e-05	100.0
5.93152932677e-05	3.41441267967e-05	-0.000488059597074	0.00724205722165	0.00115828369151	-0.0532658608515	1.35838760454e-11	2.0987754634e-05	100.0
0.000212899497707	4.44475912317e-06	-0.000504668871834	0.0244955779015	-0.00225771331107	-0.0605330731632	1.35234728208e-11	2.089442869e-05	100.0
-0.000584088337535	4.0635327385e-05	-9.72944923273e-05	-0.0730976008552	0.00275612137969	-0.0124867553412	1.35084009314e-11	2.0871141882e-05	100.0
-0.000515422020816	-1.18742465069e-05	0.000130285179333	-0.0598573063411	-0.00424576300966	0.0152385792798	1.34482139534e-11	2.0778150049e-05	100.0
-0.000344408003736	4.46819641745e-05	-0.000341756267538	-0.0377310447668	0.0021880311874	-0.0365177024145	1.34482139534e-11	2.0778150049e-05	100.0
-0.000246032054867	8.41155859647e-05	-0.000492086703437	-0.030132816177	0.00816331675575	-0.059109440749	1.34482139534e-11	2.0778150049e-05	100.0
-0.000117635641234	1.62668888415e-06	-0.000504570080034	-0.0137565652963	-0.00302436393558	-0.0573343504687	1.34482139534e-11	2.0778150049e-05	100.0
0.000538074664956	5.38483597835e-05	1.68481056027e-05	0.0635948305634	0.00411669256659	0.0018704271162	1.34181858414e-11	2.0731755144e-05	100.0
0.000440591541281	-1.56058117123e-05	0.000372611496522	0.0537167992566	-0.00486474840996	0.0463849666246	1.34031843578e-11	2.0708577116e-05	100.0
0.000549406394941	6.47955659364e-05	-0.000329303052853	0.0716009992264	0.00617376564262	-0.0430255192541	2.60072668936e-11	4.018250273e-05	100.0
-3.72983336173e-05	-4.48558707534e-05	-0.000512329672744	-0.00442561738162	-0.00840209082307	-0.057907554582	1.34031843578e-11	2.0708577116e-05	100.0
0.000222422954727	1.11565624597e-05	0.000475960416126	0.0257405218591	-0.00144466136189	0.0547901964348	1.33732115647e-11	2.0662267681e-05	100.0
0.000540186259549	-3.12111288667e-05	0.000119271163998	0.0645080881102	-0.00705425051821	0.0140720208837	1.33582402551e-11	2.0639136273e-05	100.0
0.000514173040967	-2.56655859822e-05	-2.7688382709e-06	0.0580074418407	-0.00613110267272	-0.000293851830254	1.33582402551e-11	2.0639136273e-05	100.0
-0.000108024154604	3.06967926523e-05	0.000530879102593	-0.0126435086396	0.00115570745018	0.0628881738789	1.32686034992e-11	2.050064309e-05	100.0
0.000448414795673	3.24415471055e-05	-0.000354216481485	0.0547193707116	0.00141526947685	-0.0437811430279	1.32686034992e-11	2.050064309e-05	100.0
-0.000350067057779	-4.04864864276e-05	-0.000353826165776	-0.0382010330964	-0.00799731351977	-0.0389959074242	1.32686034992e-11	2.050064309e-05	100.0
6.59123793531e-05	-3.01519885182e-05	-0.000551728037777	0.0077957808716	-0.00685844084684	-0.0661300260631	1.32686034992e-11	2.050064309e-05	100.0
-6.98179382977e-05	-8.41593252169e-06	-0.000633249421584	-0.0089786594301	-0.00393276472603	-0.082212217383	1.32686034992e-11	2.050064309e-05	100.0
0.000161099031786	6.75981029254e-05	0.000503523227741	0.0192901065297	0.00548165596871	0.0585484134414	1.32387966628e-11	2.0454590066e-05	100.0
0.000309412579694	2.43547574605e-05	0.000408662951096	0.0346579706502	-0.000200148647318	0.0464366322502	1.32387966628e-11	2.0454590066e-05	100.0
-0.00045315802771	6.20564176152e-05	-0.00030861520678	-0.0539239170991	0.00483319374439	-0.0372878154981	1.32387966628e-11	2.0454590066e-05	100.0
0.000209214581508	8.73077777437e-05	-0.000636490512067	0.0273033737672	0.00957785310266	-0.0850282452212	1.32387966628e-11	2.0454590066e-05	100.0
0.000299691037053	-6.53579399436e-06	-0.000553939039087	0.0388060169169	-0.00373734821966	-0.0711065375593	1.32387966628e-11	2.0454590066e-05	100.0
-0.000132546490022	1.23668048706e-05	0.000548282634694	-0.0158413401322	-0.00146022668879	0.0662103286704	1.31941442416e-11	2.0385599885e-05	100.0
-5.4665090947e-05	9.38042732048e-05	0.000584560443319	-0.00691951771097	0.00944169458768	0.0732281152241	1.31941442416e-11	2.0385599885e-05	100.0
-0.000324930054182	-2.62300054007e-05	0.000425042983256	-0.0376468645419	-0.00600415981392	0.0497390644491	1.31941442416e-11	2.0385599885e-05	100.0
-0.000465075234089	-6.40213657647e-06	0.000242483414371	-0.0537047859614	-0.00392924823904	0.0273006886108	1.31941442416e-11	2.0385599885e-05	100.0
-0.000691729393646	8.71390997746e-05	0.000256832257185	-0.0956885005235	0.00998585780113	0.035438840396	1.31941442416e-11	2.0385599885e-05	100.0
0.000456160930912	4.18108087049e-05	0.000467040616989	0.0597606447969	0.00294597486926	0.0616949007031	1.31792735118e-11	2.0362623878e-05	100.0
-0.000631284639922	1.82757871586e-05	0.000180341606426	-0.0830401893517	-0.000288019637328	0.0237828223946	1.31792735118e-11	2.0362623878e-05	100.0
0.000430656673845	-3.48825042875e-05	-0.00029850922447	0.0490338317622	-0.00730164587088	-0.0349498688379	1.31792735118e-11	2.0362623878e-05	100.0
-0.000326382085317	2.58428042793e-05	-0.000411449137885	-0.0372276501196	5.96357888266e-05	-0.0475480184498	1.31792735118e-11	2.0362623878e-05	100.0
-0.000435686621207	-3.6849458854e-05	-0.000332098011947	-0.0514879181882	-0.00758686506559	-0.0397947993554	1.31792735118e-11	2.0362623878e-05	100.0
-2.3813955614e-05	3.5961589335e-07	-0.000536832587036	-0.00351006587395	-0.00297103781722	-0.0627358625443	1.31792735118e-11	2.0362623878e-05	100.0
-0.000276473582695	-4.85458562212e-05	-0.000445653720491	-0.0316881724078	-0.00932698845989	-0.0512833687484	1.31792735118e-11	2.0362623878e-05	100.0
-0.00049640831448	-9.69240966008e-05	2.21410567911e-05	-0.0547090289105	-0.0151088512309	0.0037142731202	1.31495622262e-11	2.0316718485e-05	100.0
-0.000672184435844	9.25950745835e-05	-0.000256672729086	-0.0921910844856	0.0108264230206	-0.0350859772291	1.31495622262e-11	2.0316718485e-05	100.0
0.000213615654785	2.42804257661e-05	-0.00050211087705	0.0263743637316	-4.76772137602e-05	-0.0590678919822	1.31495622262e-11	2.0316718485e-05	100.0
-0.000221090324884	3.45916362973e-06	-0.000488202770422	-0.0266140281303	-0.00313537805451	-0.0564586662361	1.31347166414e-11	2.0293781329e-05	100.0
0.000515468482661	-1.63609753959e-05	0.000137278574567	0.0603111207948	-0.00532729586979	0.0148582817324	1.31198760856e-11	2.0270851942e-05	100.0
0.000734321195923	0.000160022541069	-0.000108494244096	0.102314180774	0.020805580615	-0.0147461356071	1.31198760856e-11	2.0270851942e-05	100.0
0.000572309742795	0.000100225781008	-0.000160722924895	0.0720760665236	0.0104790173217	-0.0203907318144	1.31198760856e-11	2.0270851942e-05	100.0
0.000611775960311	7.09041465856e-05	0.000189436002206	0.0799259652044	0.00695730563262	0.0241568547472	1.3090220119e-11	2.0225032019e-05	100.0
0.000172595764821	5.57658990804e-05	-0.000769144179938	0.0241242179664	0.00564736733002	-0.108418637683	1.3090220119e-11	2.0225032019e-05	100.0
-7.58016802508e-05	4.54020500093e-05	0.000477466831131	-0.00816518761557	0.00183126512502	0.0511342463659	1.30605943263e-11	2.0179258717e-05	100.0
0.00044171768769	5.40262312484e-06	0.000291685417465	0.0511721571858	-0.00244254286038	0.0337789131666	1.30605943263e-11	2.0179258717e-05	100.0
-0.00074000875582	7.9468757686e-06	0.000304584155335	-0.104405499026	-0.00146347359073	0.0428078220335	1.30605943263e-11	2.0179258717e-05	100.0
0.000634489691336	1.80660390469e-05	-0.000319520187255	0.0861151911242	7.10825453074e-06	-0.043941404415	1.30605943263e-11	2.0179258717e-05	100.0
-0.000256968577555	-4.86881462585e-05	-0.00056581354695	-0.0327511838363	-0.00913163073542	-0.0726377385968	1.30605943263e-11	2.0179258717e-05	100.0
-0.000347272242819	6.83876795647e-05	0.000374563139474	-0.0393318691117	0.00540578284784	0.0425077265149	1.30457889734e-11	2.0156383721e-05	100.0
-0.000650822457361	-5.99481016711e-05	3.60248182476e-05	-0.0852617973464	-0.011209731575	0.0049588545703	1.30457889734e-11	2.0156383721e-05	100.0
-0.000184557513812	-8.13770762581e-06	-0.000630063045008	-0.0245637333173	-0.00403339222705	-0.0827064656418	1.30457889734e-11	2.0156383721e-05	100.0
0.000218410714518	5.30548967152e-05	0.000523563801293	0.026688157836	0.00384145618488	0.0637589756449	1.30309936786e-11	2.0133524264e-05	100.0
0.000501575689874	-3.85455750962e-05	0.000181911816262	0.0585160870017	-0.00815360762659	0.0203537164578	1.30309936786e-11	2.0133524264e-05	100.0
0.000590179899285	-5.54278998137e-06	-0.00016819454848	0.0750684164974	-0.00375902124203	-0.0218230019593	1.30309936786e-11	2.0133524264e-05	100.0
-2.63260367174e-05	-3.64062293314e-05	0.000560923207452	-0.00355569360425	-0.00775466811293	0.0675061001554	1.30014181758e-11	2.0087828662e-05	100.0
-0.00042130647266	5.43720319276e-05	0.000401494634028	-0.0520202145769	0.00439018528035	0.0499216906317	1.30014181758e-11	2.0087828662e-05	100.0
-0.000207218752653	0.00010057555136	-0.000428585960168	-0.0220512158535	0.0087500419921	-0.0465134162088	1.30014181758e-11	2.0087828662e-05	100.0
7.96731036092e-05	6.92991600849e-05	-0.000539814702222	0.00913544924351	0.00588831938001	-0.0642475200709	1.30014181758e-11	2.0087828662e-05	100.0
-0.00027230994856	3.39163399924e-05	-0.000495185861659	-0.0324805643199	0.00103637517474	-0.060236742823	1.30014181758e-11	2.0087828662e-05	100.0
-5.8416158914e-06	8.12739030115e-05	-0.000757836175004	-0.000556730428162	0.00918164488511	-0.10538705955	1.30014181758e-11	2.0087828662e-05	100.0
-0.000265385842922	-1.92005699758e-05	-0.000489678984956	-0.0318949049585	-0.00573394250736	-0.0584844577014	1.30014181758e-11	2.0087828662e-05	100.0
0.000544588292372	0.000143883188907	0.000164152786233	0.068116876532	0.0163462253109	0.019484090742	1.29281658763e-11	1.9974650267e-05	100.0
1.87579295926e-05	0.000183848020672	0.000457926211105	0.00193302878412	0.0193045125698	0.0498768915884	1.28833424693e-11	1.9905395906e-05	100.0
0.000373316727248	0.000110596653593	0.000364981401356	0.0429787227923	0.0109463694819	0.0431074113221	1.28833424693e-11	1.9905395906e-05	100.0
-0.000499491967756	-1.37873470515e-05	0.000309190332453	-0.0618897345415	-0.00458421415072	0.0387041303375	1.28833424693e-11	1.9905395906e-05	100.0
0.000157235309226	6.76274299538e-05	-0.00045398182495	0.0170267309242	0.00498042687342	-0.0490365128627	1.28774183166e-11	1.9896242799e-05	100.0
0.00047798685138	-1.03984882968e-05	0.00050691475092	0.0646324692949	-0.00416303203346	0.0682158602279	1.28686075224e-11	1.988262969e-05	100.0
-0.000183420418971	7.29872578661e-05	0.000543945176434	-0.0229092818833	0.00657615035529	0.06701104727	1.28686075224e-11	1.988262969e-05	100.0
0.000427805196689	0.000149950657627	-0.000387713150826	0.0533628285946	0.0171899134971	-0.0488341143088	1.28686075224e-11	1.988262969e-05	100.0
-0.000567227631509	0.000108457290001	-0.000392800494452	-0.0763827026464	0.0125687111175	-0.053228468348	1.28686075224e-11	1.988262969e-05	100.0
4.93697413636e-05	9.36031713251e-05	0.000814355070831	0.00658938857439	0.0113056656519	0.115736777868	1.28538776044e-11	1.9859871244e-05	100.0
0.000608504624986	3.12317089618e-05	0.000426991946804	0.0835194603223	0.00177240530772	0.0593689108885	1.28538776044e-11	1.9859871244e-05	100.0
1.95374746621e-05	0.000119008257809	0.00080710952285	0.003126033737	0.0148212949512	0.114468625986	1.28391527154e-11	1.9837120569e-05	100.0
0.000413767539868	-2.36158203962e-05	0.000367032612176	0.0491473072878	-0.00638011763887	0.0438503301619	1.28391527154e-11	1.9837120569e-05	100.0
-0.000219393165273	-5.37298886474e-05	-0.000531605123107	-0.0272560878001	-0.0100220580902	-0.0650268881883	1.28391527154e-11	1.9837120569e-05	100.0
0.000516339081342	5.04283721118e-05	0.000261993189586	0.0638107715907	0.00351039849379	0.0320382449431	1.28244328554e-11	1.9814377663e-05	100.0
0.000516421754063	1.79475873142e-05	-0.000407281509723	0.0680407538837	-0.000620459526921	-0.0532530989295	1.28244328554e-11	1.9814377663e-05	100.0
-0.00046365414447	3.74957455681e-05	-0.000336653214283	-0.0571878959086	0.00205119071958	-0.0406109869865	1.28244328554e-11	1.9814377663e-05	100.0
-0.000639051062055	8.886065377e-05	-0.00032805339119	-0.0875036021384	0.0100882955631	-0.0448157890045	1.28244328554e-11	1.9814377663e-05	100.0
1.83910235856e-05	0.000152803137211	-0.000482304242095	0.00134910237571	0.0160664264444	-0.0539601016606	1.28244328554e-11	1.9814377663e-05	100.0
-0.000445145753234	0.000109804475619	0.000305210013347	-0.0530132304394	0.0109194414809	0.0365435759211	1.28097180244e-11	1.9791642528e-05	100.0
0.000230988070715	8.31063819881e-05	0.000740465529701	0.0322422482332	0.00935486594078	0.103616684912	1.27950031934e-11	1.9768907392e-05	100.0
0.000332929550928	1.59540625146e-06	0.000446836098965	0.0401518425283	-0.00295938646106	0.0532739095012	1.27950031934e-11	1.9768907392e-05	100.0
-0.000710284503334	4.33959499044e-05	0.000374635110077	-0.100327842924	0.00375782463355	0.0527757868477	1.27655936474e-11	1.9723468201e-05	100.0
0.000424261530809	1.4283532571e-05	-0.000822348913018	0.0617303923117	-0.000293739608343	-0.120277347028	1.27655936474e-11	1.9723468201e-05	100.0
0.00038663267877	-4.50220484736e-05	-0.000505231146114	0.0502021453347	-0.00908078426815	-0.0650076023566	1.27655936474e-11	1.9723468201e-05	100.0
0.000224388823985	0.00019697015132	-0.000436460991159	0.0261720653612	0.0219532701023	-0.0503653559797	1.27600366111e-11	1.9714882308e-05	100.0
-0.000405498731901	0.000110249267565	0.000655376586232	-0.0564799239964	0.013398400164	0.091841868807	1.27361991883e-11	1.9678052321e-05	100.0
-0.00042790234374	4.13647717574e-05	0.000533680250664	-0.0570586935916	0.00290990363076	0.0713801213156	1.27361991883e-11	1.9678052321e-05	100.0
0.000632034342639	-3.04852874821e-05	0.000100512097857	0.081714435146	-0.00704355780039	0.0132599165285	1.27361991883e-11	1.9678052321e-05	100.0
-0.000370760430977	0.00015943094783	-0.000784744974649	-0.0537190903231	0.0212463619446	-0.113373768595	1.27361991883e-11	1.9678052321e-05	100.0
-0.000164135629318	0.0001142587496	-0.000753127033779	-0.0233925152514	0.0140236891921	-0.105363164921	1.27361991883e-11	1.9678052321e-05	100.0
-0.000198643165768	0.000163004877876	-0.000642035386136	-0.026525407372	0.0203191529776	-0.0862541359245	1.27361991883e-11	1.9678052321e-05	100.0
0.00041760701701	0.000152594243108	-0.000406662820028	0.0530406690138	0.0176853445824	-0.0508844194412	1.27267497121e-11	1.9663452416e-05	100.0
-0.000366693127872	0.000237903127782	-0.00046429926898	-0.0477247686341	0.0301676837018	-0.0600761278621	1.271014398e-11	1.9637795746e-05	100.0
-0.000531030911679	0.000162301457223	-0.000125417653655	-0.0647337494928	0.0185898877692	-0.0158792988734	1.27068147872e-11	1.963265198e-05	100.0
0.000374523375258	6.57461378747e-06	-0.000468847765358	0.0466912397242	-0.00226366172472	-0.0593553339926	1.27068147872e-11	1.963265198e-05	100.0
0.000447123095055	8.91294410984e-05	-0.000540859355654	0.0602833821586	0.00976203480558	-0.0734323043285	1.27068147872e-11	1.963265198e-05	100.0
0.000433165950623	0.000162198378035	-0.000271459163442	0.0504490888348	0.0174912220938	-0.032389367993	1.2693568422e-11	1.9612185696e-05	100.0
-0.000361944257713	7.57973836321e-05	-0.000340110089789	-0.0403522064997	0.00591620294265	-0.0373985058269	1.26921301302e-11	1.9609963465e-05	100.0
-0.000292640615793	-2.17306842911e-05	-0.00046599193233	-0.0337227383352	-0.0060015308274	-0.0558168242896	1.26921301302e-11	1.9609963465e-05	100.0
0.000236286425305	7.56068815824e-05	-0.000472578812988	0.0268206706366	0.00631224374019	-0.055562547694	1.26774505021e-11	1.9587282719e-05	100.0
-0.000322259109655	0.000202313999754	0.000417506003292	-0.0392522962699	0.0235189158661	0.0505103118961	1.26604877117e-11	1.9561074376e-05	100.0
-0.000391344584526	0.000175299133753	-0.000246793384159	-0.0430841778159	0.0183228142192	-0.0264977781145	1.26604877117e-11	1.9561074376e-05	100.0
0.00062023900885	0.000104629638221	8.6285256492e-07	0.0802788512076	0.0113305800157	0.000488966661011	1.26604877117e-11	1.9561074376e-05	100.0
0.000770813560383	5.3072080548e-05	0.000202836319695	0.108505692442	0.00517469418037	0.0288657021814	1.2648096275e-11	1.9541928999e-05	100.0
0.000862102373426	9.35070161263e-05	-0.000267022743406	0.12569339539	0.0115140151719	-0.0383099349126	1.2648096275e-11	1.9541928999e-05	100.0
0.00063039121387	2.63973113569e-05	-0.000365163501321	0.0860491190516	0.000718012242812	-0.0503394943378	1.2648096275e-11	1.9541928999e-05	100.0
0.000462572754373	-3.30159071368e-05	-0.000348617495998	0.0565560726503	-0.00760236799004	-0.0432414459109	1.2648096275e-11	1.9541928999e-05	100.0
-0.000499042441057	0.000128049754775	-0.000448513026188	-0.0665114675328	0.0154039340938	-0.0600945119978	1.2648096275e-11	1.9541928999e-05	100.0
-7.33995767428e-05	5.09951154519e-05	-0.000661154716984	-0.00990191056786	0.00408896522066	-0.0874024541442	1.2648096275e-11	1.9541928999e-05	100.0
-5.1598710531e-05	6.72561009119e-05	0.000567654881969	-0.00560481396223	0.00567242601323	0.0693934308151	1.2633421676e-11	1.9519256024e-05	100.0
-0.000483509044457	2.89607427775e-05	0.000227907924681	-0.0562570631501	0.000328109651535	0.0262922535196	1.2633421676e-11	1.9519256024e-05	100.0
0.000443428452127	0.000205061806859	0.000683547235141	0.0640001765354	0.0281150110999	0.097691982055	1.26275075812e-11	1.9510118457e-05	100.0
-0.000231247657778	0.000178338537575	-0.000582966686658	-0.029882807222	0.0220635225244	-0.0766855952769	1.26275075812e-11	1.9510118457e-05	100.0
-0.000241227481562	3.08596029275e-05	0.000512804947878	-0.0292895903654	0.00088419035536	0.0621678662266	1.26187521059e-11	1.9496590819e-05	100.0
-0.000267782134689	2.62191811471e-05	0.00047981638115	-0.0319957361142	0.000220840289784	0.0569047937586	1.26187521059e-11	1.9496590819e-05	100.0
0.000248617301316	0.000141574131543	0.000511446322237	0.0306228903712	0.016107356835	0.0637393840439	1.26187521059e-11	1.9496590819e-05	100.0
-0.00036500475233	9.90269488241e-05	0.000320867245846	-0.0398302156901	0.00899484706756	0.035636175273	1.26187521059e-11	1.9496590819e-05	100.0
-0.000532118870653	8.31094548059e-05	0.000461172105393	-0.0717049843901	0.00904908287057	0.0629783716929	1.26187521059e-11	1.9496590819e-05	100.0
0.000855708995329	3.55504370551e-05	-4.93430051201e-05	0.122817280842	0.00280100630957	-0.0069543897221	1.26187521059e-11	1.9496590819e-05	100.0
-0.000724383847263	0.000131195715207	1.87788750392e-05	-0.0997915871204	0.0162025656311	0.00312586180915	1.26110527189e-11	1.9484694888e-05	100.0
0.000727397260408	0.000273871202079	-7.83831677358e-05	0.102132483193	0.0378727516188	-0.0111687428694	1.26110527189e-11	1.9484694888e-05	100.0
-0.000613970931593	0.000114897181742	0.000176089718201	-0.0799888976738	0.013063690324	0.0235142426523	1.26040825358e-11	1.9473925614e-05	100.0
-0.000555854877545	6.21426078112e-05	-0.000556414791016	-0.0781144919832	0.00638287925037	-0.0781757742236	1.26040825358e-11	1.9473925614e-05	100.0
5.22941141214e-05	-2.88317194838e-05	-0.000609878039755	0.00620871779364	-0.00697916014678	-0.0771218104001	1.26040825358e-11	1.9473925614e-05	100.0
0.000102208004589	0.000146779081495	0.000461539951845	0.0101307304035	0.0144441212482	0.0507281567492	1.25946230016e-11	1.9459310169e-05	100.0
0.000518799483701	0.000215960555126	-0.000399935968942	0.0694281779331	0.0276735898652	-0.053968757652	1.25946230016e-11	1.9459310169e-05	100.0
0.000556553037462	0.000106585146456	0.000447972231499	0.07591495121	0.0124239203096	0.0612605907385	1.25894179947e-11	1.9451268178e-05	100.0
-0.000569287321454	7.96001881062e-05	5.81757653072e-05	-0.069882583298	0.00729587437241	0.00714289694572	1.25618339729e-11	1.9408649512e-05	100.0
-0.000431962018207	0.000160695494926	0.000182746509506	-0.0473347337865	0.0164698204134	0.0202539370557	1.25618339729e-11	1.9408649512e-05	100.0
-0.000499805355458	0.000165122041887	-5.27096413245e-05	-0.0578400934278	0.0179085531439	-0.00617180644613	1.25618339729e-11	1.9408649512e-05	100.0
0.000412366973041	0.00021003365592	-0.000596352471753	0.0575047772377	0.0279215437446	-0.082611869349	1.25618339729e-11	1.9408649512e-05	100.0
0.000288090729362	6.22027181902e-05	0.000495432215099	0.0361055780799	0.00501746471918	0.0602942453815	1.25600939416e-11	1.9405961078e-05	100.0
-0.000502722699495	0.000176037438907	3.87032200078e-05	-0.0588673643762	0.0199590340945	0.00504990025355	1.25600939416e-11	1.9405961078e-05	100.0
-0.000533951227643	8.76278677541e-05	3.28824547534e-05	-0.0630903935392	0.00801211719243	0.00432021141721	1.25600939416e-11	1.9405961078e-05	100.0
-5.51361982768e-05	0.000152576181273	-0.000618828109597	-0.0074764155248	0.0185829660618	-0.0805080346734	1.25600939416e-11	1.9405961078e-05	100.0
-0.000363745313128	8.0144662039e-05	-0.000437217109588	-0.0451535346354	0.00722014329643	-0.0530241938138	1.25600939416e-11	1.9405961078e-05	100.0
9.50822031252e-05	0.00017392535823	0.000575594615378	0.0131052153997	0.0205136494191	0.0728133095003	1.25307749174e-11	1.9360661748e-05	100.0
-0.000252898584859	2.0449102687e-05	0.00071874606615	-0.0352619690201	0.000293151953916	0.0996713677989	1.25307749174e-11	1.9360661748e-05	100.0
-0.000541881227732	-9.79619264461e-06	0.000320299493775	-0.0695751506249	-0.00449053958268	0.0408376823092	1.25307749174e-11	1.9360661748e-05	100.0
0.000745865980765	9.04939954536e-05	-2.94577684307e-05	0.103340794582	0.0105120839242	-0.00453880992038	1.25307749174e-11	1.9360661748e-05	100.0
0.000166412611794	9.51481198388e-05	0.000628002588536	0.0222437244579	0.0102357268747	0.0823679981651	1.2529135466e-11	1.9358128715e-05	100.0
-2.00337821727e-05	0.000123391033092	0.000607650822386	-0.00261010374968	0.0136127439348	0.0777938658982	1.2529135466e-11	1.9358128715e-05	100.0
-0.000509846586927	0.000144114992614	0.000467332158625	-0.0693261948684	0.0177634126571	0.0630770597486	1.2529135466e-11	1.9358128715e-05	100.0
0.000655275582422	8.37531700911e-05	0.000190769151055	0.0878081259419	0.00897176558286	0.0260425934173	1.2529135466e-11	1.9358128715e-05	100.0
0.000669835497665	0.000195096971357	0.00011673230956	0.0908807484819	0.0252055987641	0.0162863549126	1.25128163865e-11	1.9332914937e-05	100.0
0.000210786744681	0.000141902736407	-0.000714527887261	0.0295325271547	0.0178579547829	-0.0991652256035	1.25128163865e-11	1.9332914937e-05	100.0
-0.000606601151516	0.000145200067463	-0.000309726024149	-0.0812756482997	0.0177401993102	-0.0426815387721	1.25014659512e-11	1.9315377958e-05	100.0
0.000205895508592	0.0001198238128	-0.000511187588508	0.0247185417802	0.0127877196255	-0.0622702496222	1.25014659512e-11	1.9315377958e-05	100.0
8.37718748493e-05	9.60166067725e-05	0.000666393760677	0.0109349736178	0.0107862835139	0.0889634313447	1.24868164971e-11	1.9292743833e-05	100.0
0.000518061442896	8.618651762e-05	0.000546840554797	0.0718434997887	0.00969970621654	0.0759301776063	1.24868164971e-11	1.9292743833e-05	100.0
-0.000835512949851	0.000113916100906	-0.000331687748407	-0.121462121888	0.0144948005818	-0.0481647583059	1.24868164971e-11	1.9292743833e-05	100.0
0.000245201453659	6.09287292877e-05	-0.000555522514145	0.0308026282893	0.00516619122296	-0.0703445953579	1.24868164971e-11	1.9292743833e-05	100.0
6.51470154307e-05	9.48742169029e-05	0.000481181482191	0.00652608609425	0.00833922929033	0.0529024725584	1.24802536624e-11	1.9282603932e-05	100.0
-0.000581998920604	8.76722401571e-05	-8.95630902787e-05	-0.0729010587301	0.00849111664899	-0.0102453425243	1.24802536624e-11	1.9282603932e-05	100.0
0.000361286604088	3.7020031878e-05	-0.000407168410961	0.0435973250519	0.00139425661704	-0.0476000342314	1.24802536624e-11	1.9282603932e-05	100.0
-0.000122019444846	0.000143272333735	-0.000492239574356	-0.0141229037145	0.0147086231299	-0.0567953127652	1.24802536624e-11	1.9282603932e-05	100.0
0.000327336129638	0.000139485255815	0.000451838223203	0.0399425185757	0.0152339819255	0.0555531292772	1.2472162014e-11	1.9270101938e-05	100.0
0.000854266511696	0.000195905957089	0.000271405074945	0.124608747154	0.0269945343397	0.0394956572151	1.2472162014e-11	1.9270101938e-05	100.0
-0.000678339369238	-1.03170912071e-05	6.06076224219e-05	-0.0903162139672	-0.00452471098097	0.00732881348757	1.2472162014e-11	1.9270101938e-05	100.0
-0.000573673501718	3.92818405322e-06	2.68673342982e-06	-0.0697859503983	-0.00269030490254	0.000111651205091	1.2472162014e-11	1.9270101938e-05	100.0
-0.000405663997489	9.72345283388e-05	-0.000481824264528	-0.0525682769098	0.0101752211238	-0.0622745278359	1.2472162014e-11	1.9270101938e-05	100.0
6.96484168675e-05	5.00523174779e-05	-0.000719159656595	0.010210829187	0.00434767974465	-0.0981087254025	1.2472162014e-11	1.9270101938e-05	100.0
-0.000219475194282	0.000139956965731	0.000530746711577	-0.0275272129796	0.0156060525463	0.0661725762646	1.24640049888e-11	1.9257498934e-05	100.0
-0.000192432989155	0.000218464348156	0.000665058121312	-0.0266650605388	0.0287116200284	0.0908931547621	1.24640049888e-11	1.9257498934e-05	100.0
0.000469952527265	0.000191116265995	0.00030633794033	0.0587240465723	0.0224996201063	0.0380493700492	1.24640049888e-11	1.9257498934e-05	100.0
0.000512411874864	2.13049206462e-05	3.96701313704e-05	0.0580673840965	-0.00102026043998	0.00414824431132	1.24640049888e-11	1.9257498934e-05	100.0
0.000863015696319	0.000254713579637	-0.000274232522582	0.126447500284	0.0360183491774	-0.0405358945081	1.24640049888e-11	1.9257498934e-05	100.0
0.000313933949041	-9.29808956098e-06	-0.000811837490211	0.0451963771165	-0.00399039437765	-0.116892135869	1.24640049888e-11	1.9257498934e-05	100.0
2.57105284534e-05	0.000178663403516	-0.000760845599188	0.00311419175312	0.0234637880756	-0.106813690087	1.24640049888e-11	1.9257498934e-05	100.0
0.000458287208857	8.34887836408e-05	0.000852532511213	0.067310517905	0.0102065981178	0.125829451968	1.24575125599e-11	1.9247467813e-05	100.0
-0.000674747275397	-9.8015654791e-06	-0.00010166088864	-0.089833987709	-0.00424117038207	-0.0130718226321	1.24575125599e-11	1.9247467813e-05	100.0
