# x[AU] y[AU] z[AU] vx[AU/yr/2pi] vy[AU/yr/2pi] vz[AU/yr/2pi] m[MSUN] m[mtot] wf[%]
1.79082575521e-07	6.74449689715e-08	-3.53714540029e-08	-3.65957446051e-05	-7.48717880627e-05	3.85712416165e-06	7.36006226732e-08	0.99839391709	9.8508179568
9.77442109141e-05	-0.000254114800058	-2.65125408172e-05	0.00745198094766	-0.0317987766133	-0.00341428437841	1.46239420258e-12	1.9837406576e-05	100.0
9.41496736758e-05	-0.000209245952917	-9.42573240783e-05	0.00646780935921	-0.025250695039	-0.00940269709972	1.44820741575e-12	1.9644962529e-05	100.0
0.000103370980727	-0.000157959832606	0.000147968240547	0.00746013786646	-0.0191236778604	0.0153305840542	1.44642111774e-12	1.9620731361e-05	100.0
5.14575047812e-05	-0.000262406151707	0.000116133350887	0.00221829955057	-0.0338885096142	0.0130149405528	1.44553148903e-12	1.960866353e-05	100.0
3.24465391552e-05	-0.000192231098661	-0.000144667135546	-0.000720348219313	-0.0229596722561	-0.0140448154729	1.4437592722e-12	1.9584623373e-05	100.0
0.000273851147642	-0.000267781716943	-0.000107803292557	0.0354582395365	-0.0387404946856	-0.0144887518344	1.44287718698e-12	1.957265787e-05	100.0
0.000130873076203	-9.07935434204e-05	-0.000189538836491	0.0120033521469	-0.0122427431804	-0.0202517864377	1.43980598148e-12	1.9530996906e-05	100.0
0.000180135721531	-0.000187056384861	8.99492164162e-05	0.0184227724571	-0.024453270679	0.0100116576372	1.43936996786e-12	1.9525082372e-05	100.0
0.000248691672548	-0.00010113153519	-0.000201492355386	0.0306403670593	-0.0149386144581	-0.0259895908952	1.43936996786e-12	1.9525082372e-05	100.0
4.52260293976e-05	-0.000237172572276	0.000241920801009	0.00300862704204	-0.0335112164673	0.0302280016597	1.43762943369e-12	1.9501471991e-05	100.0
0.000204590924007	-0.00042211679434	3.45802593178e-05	0.0264755663987	-0.0620626683485	0.00508094607308	1.43676243544e-12	1.9489711143e-05	100.0
2.74516834503e-05	-0.000195909861075	-0.000217317724169	3.03657012982e-05	-0.0263828114024	-0.0251735468201	1.43676243544e-12	1.9489711143e-05	100.0
-3.26493700201e-05	-0.000115696144524	0.000288185458705	-0.00665947557441	-0.0174762206646	0.0349169593264	1.43503547954e-12	1.9466284952e-05	100.0
4.60294859357e-05	-0.000207787628571	0.000198633925169	0.002150476477	-0.027669009017	0.0227137967622	1.43503547954e-12	1.9466284952e-05	100.0
0.000151569122	-0.000306960500354	0.000104277288353	0.0170542572207	-0.0428724972288	0.0131930906826	1.43374554306e-12	1.9448786937e-05	100.0
0.00010693433299	-0.000279657201926	-0.000124156728536	0.0100908107399	-0.0378224932176	-0.0153160193616	1.43374554306e-12	1.9448786937e-05	100.0
0.000116388200156	-0.00023854759152	0.000170132826115	0.0115818055326	-0.0326405651445	0.0204886086776	1.43246063556e-12	1.9431357142e-05	100.0
0.000295632818743	-0.000366504854477	-0.000159017793099	0.0401921217702	-0.054527654983	-0.0227674883715	1.43246063556e-12	1.9431357142e-05	100.0
0.000205576824203	-0.000279777677558	-0.00019252143149	0.025635286057	-0.0404421975915	-0.0259982562266	1.43246063556e-12	1.9431357142e-05	100.0
5.33531283123e-05	-0.00028666161108	-7.27845301611e-05	0.00235483057569	-0.0371077382123	-0.00826025707843	1.43118025417e-12	1.9413988742e-05	100.0
7.42309710963e-05	-0.000278000297654	-0.000144489617004	0.00586176494643	-0.0375854784603	-0.0176481972787	1.43118025417e-12	1.9413988742e-05	100.0
0.00029045188583	-0.00040148509692	9.82093297936e-05	0.0393306544047	-0.0597050440969	0.0140178739749	1.43075429853e-12	1.9408210646e-05	100.0
0.000224013628919	-0.000190048614121	-0.00023085412832	0.0283384086118	-0.027903547177	-0.0304969950931	1.43075429853e-12	1.9408210646e-05	100.0
0.000160438697307	-0.000358159959639	-3.03357467126e-05	0.01872221361	-0.0508842037684	-0.00377494656649	1.4303288458e-12	1.9402439371e-05	100.0
0.000140382620546	-0.0003078416694	-0.000171290384062	0.0160544234537	-0.043810796334	-0.0223073880267	1.4303288458e-12	1.9402439371e-05	100.0
0.000136397326904	-0.000241991907683	0.000165212023583	0.014391963558	-0.0333266936734	0.0201348708764	1.42990439886e-12	1.939668174e-05	100.0
0.000219079594988	-0.000297776710922	-0.00014031253622	0.0272640897608	-0.0428071832742	-0.0189209687482	1.42990439886e-12	1.939668174e-05	100.0
0.000174127109885	-0.000263689079353	0.000167901130333	0.0200410116913	-0.0371322423446	0.0223402960624	1.42905600789e-12	1.9385173299e-05	100.0
9.1191600423e-05	-0.000155011909605	-0.000214001494368	0.00807256930858	-0.0211486495601	-0.0244117489827	1.42905600789e-12	1.9385173299e-05	100.0
9.87725860125e-05	-0.000312664643241	8.77961439995e-05	0.00910356385329	-0.0426178041773	0.0111358128549	1.42736626653e-12	1.9362251924e-05	100.0
0.00023264963786	-0.000255354090678	-6.25409486741e-05	0.0282026100048	-0.0358249876078	-0.00799850001608	1.42736626653e-12	1.9362251924e-05	100.0
6.3370364827e-05	-0.000147366168434	-0.000212815758928	0.00442061600379	-0.0198724912869	-0.0233010107092	1.42736626653e-12	1.9362251924e-05	100.0
0.000211623838306	-0.00026186728135	-9.8058993583e-06	0.0246015907199	-0.0362059146389	-0.00103536477387	1.42652391034e-12	1.9350825345e-05	100.0
0.000222079422846	-0.000266532184732	-0.000214293412714	0.028218764448	-0.0389258298679	-0.0289157593361	1.42652391034e-12	1.9350825345e-05	100.0
0.000152069077859	-0.000254477353393	0.000133392714346	0.0163580255499	-0.0349346061459	0.0163797787026	1.4261034866e-12	1.9345122289e-05	100.0
0.00030063372037	-0.000319017791067	-7.38553326481e-05	0.0398650040089	-0.0468288919987	-0.0102138004832	1.4261034866e-12	1.9345122289e-05	100.0
0.000328406621686	-0.000350479136145	-0.00020822296228	0.0453139848974	-0.0525667283398	-0.0296977751338	1.4261034866e-12	1.9345122289e-05	100.0
2.86854031386e-05	-7.71711114335e-05	-0.000316198900336	0.00138006865883	-0.0124349834397	-0.0399281105642	1.4261034866e-12	1.9345122289e-05	100.0
0.000396670820917	-0.000233673439538	-0.000236272150617	0.0557697647346	-0.0352637160467	-0.0343422808427	1.42575799484e-12	1.9340435686e-05	100.0
0.000144045255599	-0.000273532077706	-0.000214633367746	0.0167430563124	-0.0393331734887	-0.0280465788938	1.42568406866e-12	1.9339432876e-05	100.0
0.00018732402607	-0.000151406566016	-0.000129632142451	0.0194591508305	-0.0199833169245	-0.0150452950022	1.42529733916e-12	1.9334186883e-05	100.0
7.64526462074e-05	-0.00014404558186	-0.000172225542532	0.00492198234605	-0.0179291241661	-0.0170073418277	1.42529733916e-12	1.9334186883e-05	100.0
0.000179019267639	-7.34712790735e-05	0.000248236954264	0.0209450206713	-0.0114276676509	0.0310798598992	1.42526465071e-12	1.9333743463e-05	100.0
7.05307122663e-05	-5.44269184013e-05	0.000308194937918	0.00692489362115	-0.00947491180958	0.0386905767648	1.42400941427e-12	1.9316716156e-05	100.0
0.000304644193489	-0.000216969819651	0.000285571367193	0.0416506365712	-0.032835415566	0.0401691626391	1.42400941427e-12	1.9316716156e-05	100.0
-2.97692965486e-05	8.96119810481e-05	0.000314017954288	-0.0053789598211	0.00906787611701	0.0400769317669	1.42400941427e-12	1.9316716156e-05	100.0
0.000282711817809	-0.000193242839759	5.25947866529e-05	0.0350420613463	-0.0274846351069	0.00667186507016	1.42400941427e-12	1.9316716156e-05	100.0
0.000189048549198	-3.10890719336e-05	-0.000306919843285	0.0239622889453	-0.00603547827585	-0.0407254042273	1.42393800258e-12	1.9315747455e-05	100.0
8.4751973044e-05	-9.0414877389e-05	-0.000324504647592	0.00920627597089	-0.0145269287986	-0.0419148233168	1.42234230338e-12	1.9294101763e-05	100.0
0.000219716500798	-0.000270971368552	2.69644145971e-05	0.0263314586803	-0.0378844421333	0.00309530174649	1.42174033302e-12	1.9285936023e-05	100.0
0.000315412007679	-0.000196277813766	-5.21852798925e-05	0.040664244911	-0.0283677107409	-0.00685109905559	1.42174033302e-12	1.9285936023e-05	100.0
0.000401975586441	-0.000379040532667	-0.000157363229703	0.0570519139801	-0.0574623783025	-0.0227577006246	1.42131035419e-12	1.9280103352e-05	100.0
0.000198021312739	-0.000129598932567	0.000352120640484	0.0257423256234	-0.0201096323116	0.0487648151184	1.42088339276e-12	1.9274311612e-05	100.0
0.000191620223596	-0.000229511246319	4.4524457807e-07	0.0205583839314	-0.0306821508906	4.01636532039e-05	1.42088339276e-12	1.9274311612e-05	100.0
0.0001156752168	-0.000120180314592	0.000186684124816	0.00987958783196	-0.0158001061764	0.0200209626354	1.42068273597e-12	1.9271589698e-05	100.0
9.92147080874e-05	-8.84214999592e-05	0.000463963755274	0.0126432597618	-0.0149899110513	0.0655985840863	1.42026935282e-12	1.9265982148e-05	100.0
0.000425939765478	-0.000268912095491	0.000345699381208	0.0609304114546	-0.0413422894342	0.0506062441917	1.42026935282e-12	1.9265982148e-05	100.0
0.000178094704105	-0.000166219556707	0.000122621568076	0.0183053520691	-0.0221334015866	0.0136179936811	1.42003852208e-12	1.9262850924e-05	100.0
0.000169721066765	-0.000197957492051	0.000127860992082	0.017800870081	-0.0264950078989	0.0149528788646	1.42003852208e-12	1.9262850924e-05	100.0
0.000244395254771	-0.000234438344115	7.10585174659e-05	0.0295306589596	-0.0331218361513	0.0088375170429	1.42003852208e-12	1.9262850924e-05	100.0
1.20867214456e-05	-2.10664551899e-05	-0.000433162614226	9.50105022706e-05	-0.00533862418571	-0.0600803713815	1.42003852208e-12	1.9262850924e-05	100.0
0.000224172334647	-0.000270909064189	-0.000192652422124	0.0283842458898	-0.0395457212422	-0.0258094379689	1.42003852208e-12	1.9262850924e-05	100.0
0.000209896107933	-0.000241123750059	-0.000279105018104	0.0270573037321	-0.035865289273	-0.0381936480367	1.42003852208e-12	1.9262850924e-05	100.0
0.000288063082398	-0.000254108090617	2.74463169214e-05	0.0369664872948	-0.0365479626897	0.00351404013409	1.41985596967e-12	1.9260374597e-05	100.0
0.000237136401514	-0.000249359056472	8.63087282164e-07	0.0282817118997	-0.0349144540778	-8.50182784537e-06	1.41944308941e-12	1.9254773868e-05	100.0
0.000270378534566	-0.00022549085332	-0.000252061007557	0.0357767097031	-0.0337272064981	-0.0346888329256	1.41944308941e-12	1.9254773868e-05	100.0
0.000562482469592	-0.000438384599494	-0.00018976111432	0.0822589144909	-0.0671780923511	-0.028210527273	1.4186188376e-12	1.9243592876e-05	100.0
0.000223158741784	-0.000127480100083	0.000279066505771	0.0283809786966	-0.01937166457	0.0373901891709	1.41757230433e-12	1.9229396631e-05	100.0
0.000287854784219	-0.000268559717301	0.000209069129872	0.0382390973246	-0.039740439603	0.0293957146037	1.41757230433e-12	1.9229396631e-05	100.0
0.000208795710633	-0.000300380320179	-0.000153363161672	0.0258439126902	-0.0433858275348	-0.0203720188003	1.41757230433e-12	1.9229396631e-05	100.0
0.000211965837439	-0.000216273802044	-0.000429545578265	0.0288479654492	-0.0333939622222	-0.0615515076856	1.41757230433e-12	1.9229396631e-05	100.0
0.000282319067827	-0.000376962830133	0.0001273691173	0.0379209918076	-0.0558998963414	0.0177112607928	1.41738572873e-12	1.9226865729e-05	100.0
8.87986578675e-05	-0.000131802378635	-0.000352355146095	0.00989452869922	-0.0202889218049	-0.0471770079912	1.41738572873e-12	1.9226865729e-05	100.0
0.000191995604855	-0.000172632183421	0.000122982120453	0.0205625242418	-0.0236070516672	0.0138190314268	1.41677168879e-12	1.9218536265e-05	100.0
0.000226975807237	-0.000213248527821	0.000368530968676	0.0304254621412	-0.0325936493238	0.0520557458118	1.41677168879e-12	1.9218536265e-05	100.0
0.000275996307794	-0.000310246743151	0.000142060159617	0.0361583430155	-0.0456323441757	0.019881237508	1.41677168879e-12	1.9218536265e-05	100.0
0.00052987711303	-0.000401741060523	9.44118473873e-05	0.0767985572704	-0.0613721873898	0.0138558999905	1.41677168879e-12	1.9218536265e-05	100.0
0.00020906751876	-0.000320313718362	-1.28078873298e-05	0.0253662110351	-0.0454618329506	-0.00212897534642	1.41656600301e-12	1.9215746133e-05	100.0
0.000120951475434	-0.000171026669506	-0.000237580568832	0.0126570773564	-0.0242286003869	-0.0292172261145	1.41656600301e-12	1.9215746133e-05	100.0
4.39151215807e-05	3.60263055716e-05	0.000361064219492	0.00432286236616	0.00256480958997	0.0479372165818	1.41598062832e-12	1.9207805514e-05	100.0
8.05570075403e-05	-7.58996388309e-05	0.000245533533754	0.00677686320087	-0.0113611810985	0.0279772089819	1.41558886983e-12	1.9202491302e-05	100.0
-0.000257569325744	0.000152155803819	0.000259944398253	-0.0366704828307	0.0180781379957	0.0351559393582	1.41558886983e-12	1.9202491302e-05	100.0
0.000301880885301	-0.000308822895064	-1.62192914561e-05	0.0396921337051	-0.0452656511944	-0.00217983760582	1.41558886983e-12	1.9202491302e-05	100.0
