# x[AU] y[AU] z[AU] vx[AU/yr/2pi] vy[AU/yr/2pi] vz[AU/yr/2pi] m[MSUN] m[mtot] wf[%]
1.58562883297e-07	2.44635966179e-07	-1.16713156851e-07	6.4711344036e-05	3.33050997181e-05	-2.05476281121e-05	7.38555151272e-08	0.997722119255	9.77246550847
-7.6845952598e-05	6.14881784539e-05	0.000222703110263	-0.0100287710668	0.00591831115159	0.0249909991599	2.89406327478e-12	3.9096212907e-05	100.0
6.67956948394e-05	-0.000226800604489	2.97283222214e-05	0.00442792624617	-0.026670633298	0.00368673282272	1.45938384788e-12	1.9714973798e-05	100.0
5.15769236387e-05	-0.000148205068831	-0.000207418176721	0.00450429704805	-0.0194098914861	-0.0244028484173	1.45606169568e-12	1.9670094485e-05	100.0
2.13704545462e-05	-0.000185219348433	0.00013744971074	-0.000644192093648	-0.0216734137334	0.0142160036896	1.45577454022e-12	1.9666215271e-05	100.0
0.000244564848963	-0.000318037139101	0.000332812108247	0.036615761447	-0.0498679511634	0.0504934396085	1.45577454022e-12	1.9666215271e-05	100.0
-1.53110046285e-05	-0.000241927813983	-4.2463586222e-05	-0.00561205482943	-0.0287091645726	-0.00376206411008	1.45577454022e-12	1.9666215271e-05	100.0
1.07897485255e-07	-0.00023226601504	-5.43968495295e-05	-0.00333322271503	-0.0272697942215	-0.0042703356778	1.45577454022e-12	1.9666215271e-05	100.0
7.45675963756e-05	-0.000381077889927	0.000162344415641	0.00888990881861	-0.0574625352562	0.0231851703472	1.45488038542e-12	1.9654136038e-05	100.0
9.24566500798e-05	-0.000266302530962	0.000109688803752	0.00988383226018	-0.0363648030124	0.0138612162217	1.45443381092e-12	1.9648103214e-05	100.0
3.76871462529e-05	-3.37767411692e-06	-0.000253235798991	0.00389184492901	-0.00130993245909	-0.0299164273299	1.45443381092e-12	1.9648103214e-05	100.0
-2.99123485278e-05	-0.000283973360331	0.000278577920802	-0.00652143816492	-0.0425775635678	0.0397692183768	1.45398874512e-12	1.9642090772e-05	100.0
0.000143874767183	-0.000263775464553	0.000253265503544	0.0196526238802	-0.0395603773076	0.0359481316051	1.45354418221e-12	1.9636085124e-05	100.0
0.000167210998766	-0.000228392596627	7.89290229182e-06	0.0194388477579	-0.0301863445092	0.000227073089022	1.452657068e-12	1.9624101003e-05	100.0
2.76090674591e-05	-2.81237470882e-05	0.000319892778882	0.00302775162389	-0.00497280345028	0.0427550049389	1.45045185494e-12	1.9594310542e-05	100.0
0.00023163272106	-0.000292365959591	0.000179438738776	0.0327552340892	-0.0439878498936	0.0254576339067	1.45045185494e-12	1.9594310542e-05	100.0
0.000109449181298	-0.000246117681072	-0.000115395977163	0.0121912497106	-0.0333315373889	-0.0139781942442	1.45045185494e-12	1.9594310542e-05	100.0
9.77637782715e-05	-0.000116095748962	0.000189744865994	0.0099793198633	-0.014555717831	0.021154288539	1.44961603645e-12	1.9583019379e-05	100.0
6.45745614185e-05	-0.000239037054683	5.94494049567e-05	0.00454366126834	-0.0295619686096	0.00651882324011	1.44957479871e-12	1.9582462294e-05	100.0
6.31026269006e-05	-9.2799558363e-05	-0.000238380394087	0.0062218501679	-0.0121872817974	-0.0288632434485	1.44957479871e-12	1.9582462294e-05	100.0
9.9072420728e-05	-0.000198003356254	-0.000213951316554	0.0116134369125	-0.0276236337196	-0.027803385376	1.44957479871e-12	1.9582462294e-05	100.0
0.000122452943563	-0.000306453400182	0.000187621184076	0.0158020408393	-0.0452344656012	0.0263282717815	1.44782923554e-12	1.9558881293e-05	100.0
5.88892480079e-05	-0.000244397358237	9.42425651584e-05	0.00457166241729	-0.0313517218469	0.0104720584346	1.44782923554e-12	1.9558881293e-05	100.0
0.000184912966966	-0.000177102167645	-0.000131102577538	0.0224334710663	-0.0235132021642	-0.0167647705493	1.44782923554e-12	1.9558881293e-05	100.0
-3.46541671746e-05	-4.52882884175e-05	-0.000314522615227	-0.00593193857747	-0.00728388841369	-0.041880307896	1.44782923554e-12	1.9558881293e-05	100.0
0.000205338444533	-0.000260872830645	-0.000101242653556	0.0273134450759	-0.0376286048008	-0.0133973139462	1.44782370365e-12	1.9558806562e-05	100.0
0.000113987963888	-0.000298697045586	-6.57779497479e-07	0.0128778673503	-0.0413353490921	9.64112620712e-05	1.4469607286e-12	1.9547148539e-05	100.0
0.000136350859505	-0.000219458756327	-0.00016314753004	0.0162834651346	-0.0302510926475	-0.0208764523668	1.4469607286e-12	1.9547148539e-05	100.0
-4.03457769543e-05	1.16286655376e-05	-0.000255638213646	-0.006348438804	0.000519678434926	-0.0302185107045	1.44649353523e-12	1.9540837174e-05	100.0
0.000195980752378	-0.000154637648095	-0.000190724629071	0.0250418265571	-0.0215134453033	-0.0255203543144	1.44649353523e-12	1.9540837174e-05	100.0
-0.000176299298263	-2.25893435387e-06	0.000334000013297	-0.0260449997039	-0.00201399427843	0.0472698579222	1.4452317611e-12	1.9523791731e-05	100.0
0.000167131892373	-0.000251935627611	9.26552498852e-05	0.0205825619312	-0.0348537075243	0.0125129694012	1.4452317611e-12	1.9523791731e-05	100.0
5.40266837307e-05	-0.000220409584526	-9.47182201905e-05	0.00344916160107	-0.0267791539001	-0.00984063120533	1.4452317611e-12	1.9523791731e-05	100.0
-6.93913933228e-07	5.42680030913e-05	0.000387806604175	-0.000432658719155	0.00683624340761	0.0560888842124	1.44517443059e-12	1.9523017247e-05	100.0
0.000244385290626	-0.000221729417583	-9.86165304691e-05	0.0328023849893	-0.0317651622379	-0.0131257886182	1.44517443059e-12	1.9523017247e-05	100.0
6.4066934434e-05	-0.000106237540606	-0.000242735540761	0.00698384125023	-0.0148178151927	-0.0293928371292	1.44430089466e-12	1.9511216556e-05	100.0
3.06213552096e-05	-0.000157100912079	-0.000226451838301	0.00193659302499	-0.0210586133449	-0.027700794949	1.44394182462e-12	1.950636584e-05	100.0
-6.78557953766e-06	-8.76663019442e-05	0.000219800887006	-0.00225749808939	-0.0117568743704	0.0234959200761	1.44386638974e-12	1.9505346782e-05	100.0
0.000156899118438	-0.000194387616715	-6.90943147896e-05	0.017045783312	-0.0245875326703	-0.00781695068484	1.44386638974e-12	1.9505346782e-05	100.0
0.000143659665725	-0.000164378855741	-0.000136704815692	0.0159902595076	-0.0210576534023	-0.0153813276982	1.44386638974e-12	1.9505346782e-05	100.0
0.000107398687661	-0.000213619613691	9.05152740386e-05	0.0110349929247	-0.0268225011786	0.00970856840306	1.44351335449e-12	1.9500577591e-05	100.0
0.000162933795508	-0.000278660930854	-3.36734260008e-06	0.0200002306181	-0.038721234366	-0.000358468133925	1.44351335449e-12	1.9500577591e-05	100.0
0.000128368292718	-0.000229414292887	-0.000212963697471	0.0161442118803	-0.0328987625645	-0.0286859264585	1.44351335449e-12	1.9500577591e-05	100.0
5.54624966076e-05	-2.52125185964e-05	0.000361267776206	0.00757237605324	-0.00484770525768	0.0506190829388	1.44265792293e-12	1.9489021473e-05	100.0
6.5394688107e-05	-0.000242958152552	-9.43440207535e-05	0.00531758354112	-0.0312053650086	-0.0107726905685	1.44265792293e-12	1.9489021473e-05	100.0
0.000109214886673	-0.000211050999177	0.000155784018743	0.0120236523383	-0.02840136109	0.0187475806999	1.44256890976e-12	1.9487818985e-05	100.0
0.000177229851648	-0.000195943535305	0.000127752714879	0.0214590908736	-0.0264894925414	0.0162410414545	1.44256890976e-12	1.9487818985e-05	100.0
0.000146434100522	-2.43629663166e-06	0.000265177219264	0.0192289653773	-0.00110615363134	0.0345002729656	1.44128199068e-12	1.9470433856e-05	100.0
0.000121115188232	-0.000116960784182	-0.00022977535443	0.0141934023212	-0.0158589698372	-0.0290504701759	1.44128199068e-12	1.9470433856e-05	100.0
-0.000140782633492	0.000119063101825	0.000252224110707	-0.0195176273489	0.0149655114729	0.0330807693389	1.44095510619e-12	1.9466017938e-05	100.0
0.000284301056024	-0.000245283659876	2.35382399236e-05	0.0393491383628	-0.0357703902326	0.00323703672636	1.44095510619e-12	1.9466017938e-05	100.0
0.000149842150527	-0.000214659112631	-0.000268446602937	0.0200446334644	-0.0319932575047	-0.0378475644276	1.44095510619e-12	1.9466017938e-05	100.0
-0.000112989151556	7.67752880523e-05	0.000225783524999	-0.0147939763857	0.00827442176413	0.0269865053057	1.44000563247e-12	1.9453191396e-05	100.0
0.000268315099434	-0.000283832095018	-4.4746012288e-05	0.0374076051292	-0.041954939535	-0.0063854080914	1.44000563247e-12	1.9453191396e-05	100.0
0.000189369481273	-0.000219976348554	-7.6813868929e-05	0.023231916751	-0.029868664868	-0.00990612685119	1.44000563247e-12	1.9453191396e-05	100.0
0.00014166475816	-0.00022945796542	9.6645090631e-06	0.0153327933806	-0.029569363375	0.00116933730879	1.43958219133e-12	1.9447471084e-05	100.0
9.66473299075e-05	-8.12200682814e-05	-0.000282726667586	0.0117318384974	-0.0119876660924	-0.0370814171277	1.43958219133e-12	1.9447471084e-05	100.0
0.000199416444963	-0.000283360887937	7.329493401e-05	0.0261383824953	-0.0406638471048	0.010622504465	1.43926285033e-12	1.9443157072e-05	100.0
0.000199710369935	-0.000153295215658	7.69056168191e-06	0.0221674028699	-0.0189307050349	0.00110392434377	1.43916025889e-12	1.9441771153e-05	100.0
0.00014182378283	-0.000164796840614	-0.000122726987604	0.0148145505762	-0.0205941069918	-0.0137782994702	1.43916025889e-12	1.9441771153e-05	100.0
0.000316526472064	-0.000289199283904	0.000114985562171	0.0458831675664	-0.0437436795914	0.0166940380424	1.43884142079e-12	1.9437463934e-05	100.0
-1.48572055892e-05	-0.000241622051195	-0.000118509518264	-0.00513465160311	-0.0307908062768	-0.0136416668907	1.43884142079e-12	1.9437463934e-05	100.0
0.000172083165218	-0.000145826459394	-0.000343524313438	0.0242626036874	-0.0222570230254	-0.0496688729663	1.43884142079e-12	1.9437463934e-05	100.0
0.000139252728167	-0.000205494166636	6.26951633477e-05	0.0146405477326	-0.0258272568284	0.00670662760252	1.43842049415e-12	1.9431777591e-05	100.0
0.000130323657247	-0.000186464020367	0.000135470329485	0.014393604954	-0.0239324888707	0.0158975088587	1.43800007041e-12	1.9426098041e-05	100.0
-6.66393660421e-05	4.21531490949e-05	0.000417213448299	-0.0106494197113	0.00533547547283	0.0608987623161	1.43800007041e-12	1.9426098041e-05	100.0
0.000174063147177	-0.000275647535069	7.95520572807e-05	0.0220965310272	-0.0390108781086	0.0102325234664	1.43800007041e-12	1.9426098041e-05	100.0
7.37439809028e-05	-8.36708077891e-05	-0.000225082834618	0.00749837314558	-0.0111812533991	-0.0260357560536	1.43800007041e-12	1.9426098041e-05	100.0
-1.00483605125e-05	-6.36699171528e-05	-0.000230089174424	-0.00233422248146	-0.00883900600179	-0.0249891696375	1.43800007041e-12	1.9426098041e-05	100.0
2.76180618191e-05	-6.44402996326e-05	0.000292119033851	0.00239637448335	-0.00957193961033	0.0377030354184	1.43758014956e-12	1.9420425285e-05	100.0
0.000183156386717	-0.000190597242204	0.000239231672373	0.0246410473108	-0.0278393870683	0.0329510216025	1.43758014956e-12	1.9420425285e-05	100.0
8.25157048442e-05	-0.000191387420516	0.000131427114136	0.00700379614462	-0.0233231238346	0.0148199229273	1.43758014956e-12	1.9420425285e-05	100.0
3.4391307982e-06	-5.15014796163e-05	-0.000313607092283	-0.000582060366945	-0.00823716982724	-0.0416231542478	1.43748258711e-12	1.9419107304e-05	100.0
-7.15024840658e-05	3.67460972384e-05	0.000220896619928	-0.00854818430017	0.00249528662713	0.0239543457655	1.43674282237e-12	1.9409113742e-05	100.0
0.000274339057214	-0.0003333679292	5.67406255061e-06	0.0390381103972	-0.0500904574052	0.00038409982509	1.43674282237e-12	1.9409113742e-05	100.0
0.000103081438899	-0.000241847285404	-2.70333724877e-06	0.00984921348292	-0.0303889332425	-0.000455264699835	1.43674282237e-12	1.9409113742e-05	100.0
-0.000228628617519	0.000212888899327	3.01582293257e-05	-0.0308362392187	0.0272238677592	0.00413002427903	1.43674282237e-12	1.9409113742e-05	100.0
0.000140041725233	-0.000190500158389	-0.000297942279308	0.0188373581602	-0.0283079903523	-0.0420785520935	1.43674282237e-12	1.9409113742e-05	100.0
8.23036500345e-05	-0.000206968066732	-0.000212747035182	0.00914231456312	-0.0287530164267	-0.0274739417129	1.43674282237e-12	1.9409113742e-05	100.0
0.000235149453795	-0.000222424996441	0.000276795591456	0.0334960763001	-0.0336619638658	0.0403833273911	1.43664978602e-12	1.9407856904e-05	100.0
0.00020166867585	-0.000208376927393	8.86821423856e-05	0.0248750938332	-0.0284791240791	0.0114932362551	1.43664978602e-12	1.9407856904e-05	100.0
0.000163110216575	-0.000146308128562	-0.000214991103767	0.0204443044425	-0.0206160403803	-0.0278351231274	1.43664978602e-12	1.9407856904e-05	100.0
-1.22837740805e-05	-0.000120720562308	-0.000267201835888	-0.0035358118375	-0.0168018871233	-0.0337826377855	1.43632491312e-12	1.9403468161e-05	100.0
0.000238563797947	-0.00029310247841	0.000201199293841	0.0338488850385	-0.0442575333134	0.0289350319858	1.43623539706e-12	1.9402258879e-05	100.0
0.000274134503192	-0.000265230952936	0.000208192286777	0.0391550054072	-0.0401061604353	0.0305571286945	1.43623539706e-12	1.9402258879e-05	100.0
0.000216594097091	-0.000218491236594	0.000313810295583	0.0311458375569	-0.0335294287214	0.0458369408426	1.43582151101e-12	1.9396667648e-05	100.0
0.00020162066885	-0.000280860806463	9.06719900192e-05	0.0264839481265	-0.040431763955	0.0127033736155	1.43582151101e-12	1.9396667648e-05	100.0
8.95439475329e-05	-0.000121721393438	-0.000256090300983	0.0107853021252	-0.0175499532011	-0.0324540313092	1.43540913366e-12	1.9391096797e-05	100.0
0.000158094719894	-0.000200039808575	-0.000122902512054	0.0182119001886	-0.0263126654529	-0.0155542126569	1.43507470568e-12	1.9386578974e-05	100.0
-9.22903807079e-05	6.74356114148e-05	0.000272963166728	-0.012601189958	0.00724304856903	0.0350732445424	1.4349977621e-12	1.9385539535e-05	100.0
0.000109094390666	-0.000218745846748	-0.00043204169142	0.0154464985595	-0.034331452942	-0.0650304702061	1.4349977621e-12	1.9385539535e-05	100.0
-0.000149605669508	0.000109695577806	-0.000352556311137	-0.0221174572084	0.0147276317859	-0.0506931657337	1.43424441908e-12	1.9375362543e-05	100.0
-0.000104163998987	6.37395400595e-05	-0.000398016517317	-0.0157727588184	0.00815734106076	-0.0578684360148	1.43424441908e-12	1.9375362543e-05	100.0
-0.000251220355023	0.000238219398754	0.000103091671973	-0.0356849938133	0.0324267551279	0.0144707002545	1.43417753348e-12	1.9374458978e-05	100.0
6.99659772698e-05	-0.000147782513906	0.000215899676739	0.00711974352925	-0.0199262972931	0.0257071971627	1.43417753348e-12	1.9374458978e-05	100.0
0.000331453608764	-0.000340943206346	7.00983044206e-06	0.0484443295329	-0.0520735138498	0.00102766274059	1.43417753348e-12	1.9374458978e-05	100.0
-2.10651687457e-06	-4.46609031849e-05	0.000262753146479	-0.00152609273515	-0.00678417266604	0.0314713047669	1.43383003012e-12	1.9369764517e-05	100.0
0.000168419248744	-0.000237712790059	0.000301346857399	0.0233741515966	-0.0357637876144	0.043844271362	1.43383003012e-12	1.9369764517e-05	100.0
-0.000198295792301	0.000199228761349	0.000262744326066	-0.0288172330216	0.0275542348731	0.0373769845758	1.43383003012e-12	1.9369764517e-05	100.0
0.00028369745756	-0.000316475214349	-5.8017780973e-05	0.0404088697037	-0.0474714064285	-0.00824637656376	1.43383003012e-12	1.9369764517e-05	100.0
-0.000212596027117	0.000222669352165	0.000114550594228	-0.0293072847034	0.0292882959223	0.0152447981549	1.43383003012e-12	1.9369764517e-05	100.0
0.000269576014921	-0.000286333003849	-0.000176678493633	0.0384866444298	-0.0431611415947	-0.0256305230046	1.43383003012e-12	1.9369764517e-05	100.0
-0.000303002176601	0.000293588551284	-0.000297331099379	-0.0464701989795	0.0438010606358	-0.0448745210588	1.43383003012e-12	1.9369764517e-05	100.0
9.1991993513e-05	-1.11495102056e-05	-0.000533776911077	0.0137212075209	-0.00266144664986	-0.0813308421793	1.43383003012e-12	1.9369764517e-05	100.0
-3.20818191746e-06	-2.81086837428e-06	-0.000415264364916	-0.000940991619116	-0.00160253409396	-0.0603991627608	1.43376917932e-12	1.9368942477e-05	100.0
0.000215437529426	-0.000231393800968	-5.54590787782e-05	0.0274773123337	-0.0322857289502	-0.00746236620758	1.43376917932e-12	1.9368942477e-05	100.0
0.000152168993058	-0.000135342795578	-0.000278224790268	0.0205091144242	-0.0200806653065	-0.0379730313287	1.43376917932e-12	1.9368942477e-05	100.0
0.000201089806561	-0.000103037097392	-0.000105097734523	0.0226067100986	-0.0128277844677	-0.0117494138994	1.43336132806e-12	1.9363432771e-05	100.0
0.000155924026016	-0.000169019530931	-0.000239275065357	0.020308615194	-0.0241984760508	-0.0320151730415	1.43336132806e-12	1.9363432771e-05	100.0
0.000143733986904	-0.000121393299236	0.000259857505672	0.0185796993241	-0.0173946154368	0.0347204192492	1.43259038356e-12	1.9353017998e-05	100.0
0.000198951108961	-0.000233502149881	0.00016350915617	0.0261168712419	-0.0333633924107	0.0226386159888	1.43259038356e-12	1.9353017998e-05	100.0
0.00014354659687	-0.000182343387585	0.000226839380241	0.0184228412397	-0.026128371625	0.0299869380141	1.43259038356e-12	1.9353017998e-05	100.0
-0.000267669350744	0.000239599115598	-8.85957079735e-05	-0.0382560597188	0.0328529015817	-0.012393999622	1.43259038356e-12	1.9353017998e-05	100.0
6.49225230269e-05	-0.000110030364122	-0.0003761140634	0.00835892823379	-0.0169893581091	-0.0538753563454	1.43259038356e-12	1.9353017998e-05	100.0
0.000166768421417	-0.000171587505049	0.000169934020859	0.0203924873574	-0.0234147884349	0.0214789683544	1.43254914583e-12	1.9352460913e-05	100.0
0.000134745313811	-0.000223889132688	-2.11044179862e-05	0.0138384800582	-0.0283439245099	-0.00242458883725	1.43254914583e-12	1.9352460913e-05	100.0
-3.41607937331e-05	-4.89270591202e-05	-0.000406370621617	-0.00569742226281	-0.00849578426517	-0.0587318309422	1.43254914583e-12	1.9352460913e-05	100.0
