# x[AU] y[AU] z[AU] vx[AU/yr/2pi] vy[AU/yr/2pi] vz[AU/yr/2pi] m[MSUN] m[mtot] wf[%]
-5.64158814904e-07	2.47578324626e-06	4.84204187107e-08	-6.98909306181e-05	0.000338657018859	6.0421931436e-05	6.42264196352e-07	0.996792882172	9.77267251072
0.000325718697726	-0.000542729920988	-0.000170820295225	0.035462740151	-0.0713627549882	-0.0197377070418	1.25360453012e-11	1.9455919851e-05	100.0
0.000341049050038	-0.000519912614445	-0.000189384270127	0.0366748810039	-0.068384861559	-0.0231292673245	1.24924439393e-11	1.9388250615e-05	100.0
0.000178070187552	-0.000379739145779	-0.000354775474588	0.0134374191008	-0.046574414583	-0.0392797221202	1.24924439393e-11	1.9388250615e-05	100.0
0.00011789548282	-0.000296662933104	0.000481410031707	0.00784013586671	-0.0393161074648	0.0545113860889	1.24055530131e-11	1.9253396053e-05	100.0
0.000437453108295	-0.00052864394981	0.000170451468618	0.0519025269327	-0.0715149450471	0.0216830366495	1.23911097477e-11	1.9230980131e-05	100.0
0.000353780368152	-0.000512120775293	-3.77567839814e-05	0.0372098494889	-0.0662716584333	-0.00450977171446	1.22902885133e-11	1.9074505756e-05	100.0
0.000136071870006	-0.000637056286524	-4.245679388e-05	0.00934488287364	-0.0823097128327	-0.00351622596008	1.22902885133e-11	1.9074505756e-05	100.0
0.000317570353072	-0.000317414594551	-0.000321920739564	0.0313960175692	-0.0405784257946	-0.0350403640245	1.22902885133e-11	1.9074505756e-05	100.0
0.000220744678173	-0.000370737488966	0.000425451945387	0.0211468768018	-0.0485782329521	0.0498519142619	1.22759206827e-11	1.9052206909e-05	100.0
0.000307032210218	-0.000641420375277	0.000260354046704	0.034606793508	-0.0879895906709	0.0343205264878	1.22759206827e-11	1.9052206909e-05	100.0
0.000282598934351	-0.000478354875254	4.48871010228e-05	0.0254798730288	-0.0583213475738	0.00565245789713	1.22615679392e-11	1.9029931477e-05	100.0
0.000145431995504	-0.000582853920921	-3.47088787615e-05	0.00920714487831	-0.0726032235856	-0.00376609268424	1.22185650274e-11	1.8963191035e-05	100.0
0.000263680864042	-0.000352155412905	0.000270741751774	0.0227664109978	-0.0427158667819	0.0274041006171	1.20615548638e-11	1.8719511542e-05	100.0
0.000601574615981	-0.000742034572288	9.20567777908e-05	0.0798502888046	-0.107165029233	0.0127309397326	1.2047332874e-11	1.8697439039e-05	100.0
0.000370378910473	-0.000629004172216	0.000290752437735	0.0441869420873	-0.087352911878	0.0380704815657	1.20189039815e-11	1.8653317449e-05	100.0
0.00024581953751	-0.000514682387541	0.000391695579114	0.0260100749117	-0.0695354394377	0.0484325335253	1.19905102918e-11	1.8609250494e-05	100.0
0.000442696623288	-0.000607403852487	0.00011091177513	0.0531806076075	-0.0838988864167	0.0137292631322	1.19479700473e-11	1.854322811e-05	100.0
0.000102719755168	-0.000366594782515	-0.000414823252214	0.00549221473877	-0.0471893255851	-0.0448308392401	1.19479700473e-11	1.854322811e-05	100.0
0.000644346866289	-0.000776190211576	-0.00019142429693	0.086981242476	-0.1133767805	-0.0263399749329	1.19338033765e-11	1.8521241462e-05	100.0
0.000429353074442	-0.000460982916096	-0.000267577969404	0.0495212793626	-0.0625078188439	-0.0334951832296	1.19338033765e-11	1.8521241462e-05	100.0
0.000204274430472	-0.000447202883584	-0.000205003831295	0.0150708824671	-0.0534977251526	-0.0212328518757	1.19338033765e-11	1.8521241462e-05	100.0
0.000460016647443	-0.000491077092871	6.99903940946e-05	0.0537006137376	-0.065466105336	0.00885838889535	1.19054951797e-11	1.8477307192e-05	100.0
0.000335498147495	-0.000397581692063	-0.000110069354189	0.0308718140826	-0.0481521364335	-0.0116248403503	1.18489491921e-11	1.838954792e-05	100.0
0.000377905011659	-0.000295932007821	-0.000239975996062	0.0374372856831	-0.0370739949765	-0.0255288197547	1.18489491921e-11	1.838954792e-05	100.0
0.000250165809472	-0.000412803215895	0.000297749205196	0.0224916206645	-0.0517507390074	0.0334720794108	1.18207114012e-11	1.8345722919e-05	100.0
0.000322036597156	-0.000402349411963	-6.26704495353e-05	0.0285731971667	-0.0477135747913	-0.00673112524212	1.18207114012e-11	1.8345722919e-05	100.0
0.00047956064882	-0.000612277086936	-0.00012265183372	0.0592867247032	-0.0852652930513	-0.0158563239953	1.18207114012e-11	1.8345722919e-05	100.0
0.000516501934188	-0.000496248441777	-0.000461203829387	0.0666515907544	-0.0712640957617	-0.0620015290685	1.18207114012e-11	1.8345722919e-05	100.0
0.000291512993326	-0.000550371609607	-0.000437714769987	0.0330248082122	-0.0767690697847	-0.0565467957301	1.18207114012e-11	1.8345722919e-05	100.0
0.000323185903187	-0.000671011634994	0.000165710061286	0.0367591214924	-0.092024049943	0.0215357541323	1.18066050783e-11	1.8323829932e-05	100.0
0.000406023308385	-0.000325895850502	0.000300635042822	0.0442849058296	-0.0425607828638	0.0352873086023	1.17643112544e-11	1.8258189993e-05	100.0
9.08992214954e-05	-0.000687376463039	0.000128839516303	0.00333304147742	-0.0910878071756	0.0165723468489	1.17643112544e-11	1.8258189993e-05	100.0
0.000198628349675	-0.00064766651281	-0.000165426705903	0.018430120078	-0.0862856071867	-0.0197628815206	1.17643112544e-11	1.8258189993e-05	100.0
0.000317322236064	-0.000571573654631	-0.00038420451449	0.0366943582553	-0.0791427187944	-0.0497549882231	1.17643112544e-11	1.8258189993e-05	100.0
0.00059781470778	-0.000775862760392	-9.19944413353e-05	0.079564827764	-0.112391485951	-0.0129568266752	1.17079966004e-11	1.8170789751e-05	100.0
0.000191301655566	-0.00044870912523	-0.000467953542196	0.0183415953773	-0.0609464920447	-0.0575248478276	1.17079966004e-11	1.8170789751e-05	100.0
0.000229465767536	-0.000442772964769	0.000630644637905	0.0260730556201	-0.0636125446564	0.0832119788677	1.16798694474e-11	1.8127136459e-05	100.0
0.000116049353529	-0.000612053765836	0.000117104312227	0.00645256512826	-0.0780593894154	0.0125849518835	1.16798694474e-11	1.8127136459e-05	100.0
0.000448042749415	-0.000467877518607	-0.000187755849689	0.0519751253121	-0.0627540682766	-0.0232337371755	1.16798694474e-11	1.8127136459e-05	100.0
0.00033073378025	-0.0006241491556	-0.000403226732919	0.0392839061785	-0.0875361045306	-0.0540789731449	1.16798694474e-11	1.8127136459e-05	100.0
0.000230514391981	-0.000471045063865	0.000325958836177	0.0217852840131	-0.0611584827017	0.0379950687306	1.16517624103e-11	1.8083514388e-05	100.0
0.000619276912696	-0.000582840841176	6.35381616063e-05	0.0802189280816	-0.0828271916466	0.00850832945356	1.16236704602e-11	1.8039915732e-05	100.0
0.000512551733552	-0.000485449629458	-0.00058491785364	0.0672162881115	-0.0710858675341	-0.0799522461391	1.16236704602e-11	1.8039915732e-05	100.0
0.000118045430683	-0.000321960471153	0.000549327357779	0.00921882765699	-0.0443323749346	0.0662470328307	1.16096295141e-11	1.8018124209e-05	100.0
0.000377661084637	-0.00073012660848	0.000383427968791	0.0471194868266	-0.104440172677	0.0522507170845	1.15955986261e-11	1.7996348296e-05	100.0
0.000528603399587	-0.000606054566684	0.000235951636997	0.0671014419996	-0.0858609847364	0.0315372423411	1.15955986261e-11	1.7996348296e-05	100.0
0.000150049272052	-0.000479791684201	0.000634037375393	0.0151386148741	-0.0684089630775	0.0839278661885	1.1581567738e-11	1.7974572383e-05	100.0
0.000323524228283	-0.00044509049581	0.000204825441877	0.0321196761733	-0.0565829682658	0.0233300006201	1.1581567738e-11	1.7974572383e-05	100.0
0.000510329249693	-0.000471851801618	0.000276867272664	0.0623138391657	-0.0657999317793	0.0359136610377	1.15675368499e-11	1.7952796469e-05	100.0
0.000381351378773	-0.000449506265025	-2.34338006931e-05	0.0391826862844	-0.057204650372	-0.00305290768597	1.15675368499e-11	1.7952796469e-05	100.0
0.000499618486762	-0.000725708589514	-0.000230424204099	0.0646375289128	-0.103848498206	-0.0317845745306	1.15675368499e-11	1.7952796469e-05	100.0
0.000431917076137	-0.000288235953147	-0.000460755746693	0.0514029111079	-0.0404029953302	-0.0584038520275	1.15675368499e-11	1.7952796469e-05	100.0
8.83968167135e-05	-0.000455199120825	-0.000278971054566	0.00225370398621	-0.0547152230665	-0.0283301943823	1.15675368499e-11	1.7952796469e-05	100.0
0.000496857851026	-0.000749224173817	-0.000113783763441	0.0639097770821	-0.107011854069	-0.0155273726043	1.15394951898e-11	1.7909275863e-05	100.0
0.000263673672175	-0.000396150188253	0.000357899397882	0.0259257955162	-0.0517378924882	0.0406865317802	1.15114686166e-11	1.7865778672e-05	100.0
0.000205035575476	-0.00013251359827	0.000673237685996	0.0224404033744	-0.0213163698524	0.0860701296209	1.15114686166e-11	1.7865778672e-05	100.0
0.000320798437253	-0.000353017736629	0.000659779930758	0.0390586061183	-0.0518295836749	0.0873742258764	1.15114686166e-11	1.7865778672e-05	100.0
0.000406162955787	-0.000651570776027	0.000254420449883	0.049298401478	-0.0911487659236	0.0337471309549	1.15114686166e-11	1.7865778672e-05	100.0
0.000205096674862	-0.00026024752986	0.000678366668156	0.0227142181718	-0.0386855547218	0.088073141913	1.15114686166e-11	1.7865778672e-05	100.0
0.000717389626322	-0.00065971093269	-0.000119431401673	0.0966654047443	-0.0959446263989	-0.0169247100418	1.15114686166e-11	1.7865778672e-05	100.0
0.000285628661451	-0.000422075298984	-0.000297913993799	0.0277932445918	-0.0539029236621	-0.0344420164187	1.15114686166e-11	1.7865778672e-05	100.0
0.000263558567268	-0.00054963023475	0.000646518524993	0.0315435836703	-0.0796517091594	0.0873429444525	1.14834521014e-11	1.782229709e-05	100.0
0.000490548574693	-0.000502390688018	0.000198889086989	0.0589156535111	-0.0690480435598	0.0264268045678	1.14834521014e-11	1.782229709e-05	100.0
0.000632735051282	-0.000882851855992	1.19703785744e-05	0.0859980503031	-0.129358068607	0.00169465711211	1.14834521014e-11	1.782229709e-05	100.0
0.000274755451643	-0.000423767967267	-0.000638281934249	0.0324866024364	-0.0612235713045	-0.0846270750788	1.14834521014e-11	1.782229709e-05	100.0
9.38038138066e-05	-0.000162683248145	0.000549809209524	0.00647895030069	-0.0245505542061	0.0625823002607	1.14694513872e-11	1.7800568007e-05	100.0
0.000399343482119	-0.000272827438713	0.000536139440332	0.0481816262425	-0.0394616349141	0.0685497389375	1.14694513872e-11	1.7800568007e-05	100.0
0.000163933848706	-0.000684705243602	-1.0580294196e-05	0.0136841399285	-0.0909295206748	-0.00163681657006	1.14694513872e-11	1.7800568007e-05	100.0
9.07813220031e-05	-0.000209802747694	0.000706001767644	0.00794460794019	-0.0323949829931	0.0905672382585	1.14274593029e-11	1.7735396367e-05	100.0
0.000626416447129	-0.000603495053917	0.000739590027534	0.0861930094727	-0.0902189105313	0.104860278552	1.14274593029e-11	1.7735396367e-05	100.0
0.000449317145782	-0.000790647090273	0.000326751941918	0.0576675323512	-0.114128691145	0.0446474480973	1.13854873345e-11	1.7670255948e-05	100.0
0.000374646784167	-0.000830982457894	0.000138143989131	0.0467030369438	-0.118563519915	0.0189721286557	1.13854873345e-11	1.7670255948e-05	100.0
0.000576139065334	-0.000774956067005	-0.000351401962475	0.077003614404	-0.113217993041	-0.048827698118	1.13854873345e-11	1.7670255948e-05	100.0
0.000314004014083	-0.000476566727918	0.000662726465384	0.0387232127372	-0.0688563996236	0.0903400401269	1.13715067363e-11	1.7648558084e-05	100.0
-8.18831363554e-07	-0.000496303549018	-0.000127320085125	-0.0100627820716	-0.0548676901864	-0.0124725870135	1.13715067363e-11	1.7648558084e-05	100.0
0.000131266151772	-9.41461616673e-06	0.000703042522851	0.0136179060936	-0.00560387990915	0.0898283264031	1.1343540511e-11	1.7605154553e-05	100.0
0.000591665598834	-0.000500358513318	0.00057744096994	0.079109710209	-0.0738678469045	0.0796959516972	1.1343540511e-11	1.7605154553e-05	100.0
0.000677868975243	-0.000837762722047	-0.000204100580297	0.0921519000952	-0.122959293231	-0.0285023491926	1.1343540511e-11	1.7605154553e-05	100.0
0.000113732170334	-0.000603596812578	-0.000231800869877	0.00664320019265	-0.0783620188338	-0.027581027847	1.1343540511e-11	1.7605154553e-05	100.0
0.000616701729091	-0.000794947865391	-0.000543774912934	0.0840710397025	-0.117427824696	-0.0771709225394	1.1343540511e-11	1.7605154553e-05	100.0
0.00048165577729	-0.000842470243462	-0.000314334781778	0.0629764095442	-0.122396863883	-0.0439476876166	1.13016087746e-11	1.7540076573e-05	100.0
0.00034316133281	-0.000639390368295	-0.000435563804358	0.0410762173145	-0.0905360574696	-0.0582954559143	1.13016087746e-11	1.7540076573e-05	100.0
0.000644779618457	-0.000735502479181	5.76535245271e-05	0.0856962120653	-0.106768138083	0.00767148686679	1.12876382344e-11	1.751839432e-05	100.0
0.000286428989106	-0.000261935347707	-0.000515887669443	0.0309820851831	-0.0363930312097	-0.063271237504	1.12876382344e-11	1.751839432e-05	100.0
0.0002598983189	-0.000591476583249	0.000487485224728	0.0294827649917	-0.0834725080362	0.0638146094714	1.12736626653e-11	1.7496704261e-05	100.0
0.000420272019701	-0.000795226122894	-0.00013078601092	0.0523520397992	-0.113196970805	-0.0176653406248	1.12736626653e-11	1.7496704261e-05	100.0
0.000305238861338	-0.000627360187413	-0.00042953043337	0.0356595050798	-0.0884968432654	-0.0562203866674	1.12736626653e-11	1.7496704261e-05	100.0
0.000385513036196	-0.000679147442705	0.000454416760659	0.0482836398889	-0.0976135948628	0.0613991295946	1.12596921251e-11	1.7475022008e-05	100.0
0.000714352691786	-0.000564047538211	0.000660903734106	0.0987518836478	-0.0842629257602	0.0935815238913	1.12596921251e-11	1.7475022008e-05	100.0
0.000449946644368	-0.000842208335189	0.00016209607339	0.0576068279889	-0.121291609618	0.022732706672	1.12596921251e-11	1.7475022008e-05	100.0
0.000941581507416	-0.000917498251397	-0.00035918057579	0.133708494412	-0.137198670905	-0.0519923868918	1.12596921251e-11	1.7475022008e-05	100.0
0.00049710227296	-0.000699414203226	-0.000427899606535	0.0649030442953	-0.101316327889	-0.0593022333878	1.12596921251e-11	1.7475022008e-05	100.0
2.99195596659e-05	-0.000429626273183	-0.000486473393201	-0.00257046236294	-0.0578992466114	-0.057436332852	1.12596921251e-11	1.7475022008e-05	100.0
2.65387678977e-06	-0.000177530289233	-0.000457990650043	-0.00480759646142	-0.0251140146459	-0.0440032081948	1.12596921251e-11	1.7475022008e-05	100.0
4.93530587244e-05	-0.000536152631168	0.000243983111512	-0.00217428226615	-0.0668394124113	0.0258855387437	1.12317510448e-11	1.7431657501e-05	100.0
0.000147964542359	-0.000591725703052	0.000324407217188	0.0116972795468	-0.0788107559733	0.0401211002225	1.12317510448e-11	1.7431657501e-05	100.0
0.00021978123327	-0.000715442154418	0.000243334162764	0.0230016186085	-0.0986905610795	0.0313507156666	1.12317510448e-11	1.7431657501e-05	100.0
0.000881226174164	-0.000815790005359	0.000354729691216	0.123799998958	-0.121512889379	0.0508646344532	1.12317510448e-11	1.7431657501e-05	100.0
0.000410342030229	-0.000786208157975	-4.15250548142e-05	0.0512003186836	-0.111555070424	-0.00536832706662	1.12317510448e-11	1.7431657501e-05	100.0
0.000426272150717	-0.000325402866479	-0.000637412848564	0.0544187607544	-0.0484043517058	-0.0850012277391	1.12317510448e-11	1.7431657501e-05	100.0
0.000494088203309	-0.000925595409828	0.000205784967921	0.0649873997477	-0.134942822217	0.0286361445005	1.11758839711e-11	1.7344951903e-05	100.0
0.00015107735004	-0.000508181927706	-1.17374906019e-05	0.00831824238834	-0.0591978529678	-6.27181290394e-06	1.11758839711e-11	1.7344951903e-05	100.0
7.88806546162e-05	-0.000576478129378	-0.000283759803982	0.00218067911645	-0.0745620782158	-0.0336237148084	1.11758839711e-11	1.7344951903e-05	100.0
0.000307695625015	-0.000462022705147	-0.000742755297586	0.0385913952704	-0.0683685652861	-0.101439367266	1.11758839711e-11	1.7344951903e-05	100.0
0.000789558982607	-0.000885803915189	-0.000123287985542	0.109647138503	-0.13113002896	-0.017942813437	1.11479479198e-11	1.7301595201e-05	100.0
0.000258182055047	-0.000660675486493	-0.000107152003662	0.0265804982363	-0.0888498912213	-0.0129007799257	1.11479479198e-11	1.7301595201e-05	100.0
0.000716699852734	-0.000640733329301	-0.000627291641859	0.099078143247	-0.0954464414071	-0.0891609450414	1.11479479198e-11	1.7301595201e-05	100.0
0.000202865443973	-0.000582254646891	-0.000424024446526	0.0206585954754	-0.0802178932284	-0.0540024374248	1.11479479198e-11	1.7301595201e-05	100.0
0.00063503806485	-0.000444802135476	-9.19513116305e-05	0.0808163547574	-0.0624443993348	-0.0117479235875	1.11437386533e-11	1.7295062427e-05	100.0
0.00025558837539	-0.000731480446867	0.000217326500243	0.0278962766108	-0.101540543646	0.0277562156701	1.11339824086e-11	1.7279920753e-05	100.0
0.000670896908495	-0.000640738703335	0.000432037487536	0.0907975617315	-0.0940714026381	0.0601496590833	1.11339824086e-11	1.7279920753e-05	100.0
0.00112438093833	-0.000893116918876	-0.000270555859242	0.161454598094	-0.134169663787	-0.0396844932692	1.11339824086e-11	1.7279920753e-05	100.0
0.000612768574787	-0.000666757493147	-0.000407948356133	0.0817460578828	-0.0973710976864	-0.0566171253019	1.11339824086e-11	1.7279920753e-05	100.0
0.00040877494628	-0.000855608771442	-4.46779783176e-07	0.0510311048759	-0.122469988146	3.82447935196e-05	1.11200168974e-11	1.7258246305e-05	100.0
0.000226288434732	-0.000591447490242	-0.000161418268368	0.0213024213743	-0.0769091613805	-0.0198519542298	1.11200168974e-11	1.7258246305e-05	100.0
0.000289604235062	-0.000631828160626	-0.000478353152168	0.0339648111191	-0.0898912060387	-0.0628297700776	1.11200168974e-11	1.7258246305e-05	100.0
0.000755070218189	-0.000725321272571	5.41033302221e-05	0.102965960528	-0.106250473748	0.0078744037799	1.11163557911e-11	1.7252564274e-05	100.0
0.000170150377688	-0.000127616260911	0.000529479392403	0.014803298348	-0.0189510421589	0.0606082081249	1.11060513862e-11	1.7236571856e-05	100.0
0.00037428484324	-0.000860556621612	0.000263970204176	0.0471423159463	-0.123930801044	0.0368269503815	1.10920858751e-11	1.7214897408e-05	100.0
0.000201078442897	-0.000580887017224	2.80763153777e-05	0.0165750113768	-0.0734831933979	0.00323256769575	1.10920858751e-11	1.7214897408e-05	100.0
0.000779608952683	-0.000394153678305	0.000495343662381	0.10690721842	-0.0588589104806	0.0688734732887	1.10893098714e-11	1.7210589055e-05	100.0
0.00040782676634	-0.000326125532581	0.000259068279406	0.0430597071156	-0.0425602071478	0.0297591286406	1.10893098714e-11	1.7210589055e-05	100.0
0.000470976030155	-0.000497635570665	0.000504626884726	0.0595737212876	-0.0713078620668	0.0685581394621	1.10893098714e-11	1.7210589055e-05	100.0
0.000868831826695	-0.000685332016627	0.000287700356065	0.121284121503	-0.101684201477	0.0405973526809	1.10893098714e-11	1.7210589055e-05	100.0
0.000606748789734	-0.000520144462992	-0.000496196622951	0.0808185102327	-0.0761656275208	-0.068097592305	1.10893098714e-11	1.7210589055e-05	100.0
0.000512575752243	-0.000317686218845	-0.000562652678472	0.0660400990184	-0.0467403928192	-0.0750750758774	1.10893098714e-11	1.7210589055e-05	100.0
0.000196722672711	-0.000691969943259	0.000397633736467	0.0207356630796	-0.0974034876159	0.0515742915171	1.10781203639e-11	1.719322296e-05	100.0
0.000312677567636	-0.000724882271135	-9.49250349591e-05	0.0354785726805	-0.100221671473	-0.0126488487271	1.10781203639e-11	1.719322296e-05	100.0
0.000109594741725	-0.000456842996075	-0.000274126668375	0.00457734892209	-0.055722024276	-0.0273030234356	1.10781203639e-11	1.719322296e-05	100.0
0.000487756790191	-0.000328698977251	0.00068750237292	0.0636139062182	-0.0487836287832	0.0944645345687	1.10641498237e-11	1.7171540707e-05	100.0
0.000853124100984	-0.000858401711462	0.000251754814763	0.11987552463	-0.127672990381	0.036106976562	1.10641498237e-11	1.7171540707e-05	100.0
9.34369133303e-05	-0.000608869137835	-0.000138270852681	0.00336301415344	-0.0774055356242	-0.0156368298986	1.10641498237e-11	1.7171540707e-05	100.0
-4.91144773212e-05	-0.000447009855268	-0.000293135502276	-0.01464419252	-0.0523071385295	-0.029560628941	1.10641498237e-11	1.7171540707e-05	100.0
0.000279553857487	-0.000364667079977	0.000503284177273	0.0305340139651	-0.0504806438415	0.0627110518506	1.10100781002e-11	1.7087621489e-05	100.0
0.000535274220417	-0.000649484360535	0.000462079280103	0.0703208132258	-0.0943245216343	0.0643068946447	1.10100781002e-11	1.7087621489e-05	100.0
0.0006684529676	-0.000435023351726	-0.000296353641656	0.0872144076391	-0.0630388187218	-0.039414074776	1.10100781002e-11	1.7087621489e-05	100.0
0.000183845202297	-0.000191110428479	-0.000601980227176	0.0181903672189	-0.0280951412476	-0.0742788513926	1.10100781002e-11	1.7087621489e-05	100.0
0.000530625643537	-0.000599395801079	0.000607928238861	0.0702002253469	-0.0879022005846	0.0850506003946	1.10082726921e-11	1.7084819498e-05	100.0
2.0942727142e-05	-0.000514985314213	-7.81239324953e-05	-0.00775651384271	-0.0575825304412	-0.00974483320331	1.10082726921e-11	1.7084819498e-05	100.0
0.000302505764709	-0.000780574296704	-0.000320071308421	0.035943258945	-0.110958381682	-0.0435538047527	1.10082726921e-11	1.7084819498e-05	100.0
0.000173881276059	-0.000628689654124	-0.000340886564477	0.0161473558852	-0.0857544672894	-0.0427789346679	1.10082726921e-11	1.7084819498e-05	100.0
0.000254181090059	-9.66506906572e-05	-0.000756784025804	0.0309596105228	-0.0174159609216	-0.100495311434	1.10082726921e-11	1.7084819498e-05	100.0
0.000321941746428	-0.000186823213601	0.000352387360658	0.0297696511163	-0.0248513939723	0.037033160525	1.09842592546e-11	1.7047550686e-05	100.0
0.00034032398411	-0.000511920870803	0.000539016684641	0.0411619150344	-0.0735167715185	0.0706116143126	1.09842592546e-11	1.7047550686e-05	100.0
0.000894450872421	-0.000622145811565	0.000163849890986	0.124005815394	-0.0921700367107	0.022896147907	1.09842592546e-11	1.7047550686e-05	100.0
0.000757668940003	-0.000518332948351	0.00020960619251	0.101772346405	-0.0754083708437	0.0288865769873	1.09842592546e-11	1.7047550686e-05	100.0
0.000930060778532	-0.000654262556459	-5.1633462666e-05	0.129735066784	-0.0970044812749	-0.00703065944449	1.09460540013e-11	1.6988256202e-05	100.0
0.000153257301556	3.2192991047e-05	0.000581249093287	0.0153624202922	-0.000473496291835	0.0687584380401	1.09383998753e-11	1.6976377012e-05	100.0
0.000491305281921	-0.000232949594375	0.00036027333232	0.057756674715	-0.032481090132	0.0441131085012	1.09383998753e-11	1.6976377012e-05	100.0
0.000408145157256	-0.000814170135377	4.75571483084e-05	0.0506515715024	-0.11601430111	0.0062091406264	1.09383998753e-11	1.6976377012e-05	100.0
6.70495150905e-05	-0.000445021289905	-0.000342386569824	0.000463539165151	-0.0559180558134	-0.0355409576486	1.09383998753e-11	1.6976377012e-05	100.0
0.000578835257165	-0.000496394762536	-0.000198705447657	0.0724447686257	-0.0701006032005	-0.0262648749082	1.0933451347e-11	1.6968696905e-05	100.0
0.000567888900253	-0.000490608956014	-0.000363848910779	0.0729089565632	-0.0704434145898	-0.0483022564636	1.0933451347e-11	1.6968696905e-05	100.0
0.000480830838437	-0.000300391617131	-0.000403716619925	0.0575836302984	-0.0423983528911	-0.0508619312113	1.0933451347e-11	1.6968696905e-05	100.0
0.000420914853563	-0.000420982811669	-0.000634260703699	0.0535027174299	-0.0617660079893	-0.0856271146853	1.0933451347e-11	1.6968696905e-05	100.0
0.00022213668479	-0.000640356921069	0.000370097816573	0.0228571352558	-0.0883317547801	0.0479217942368	1.09244192771e-11	1.6954679148e-05	100.0
0.000240624337463	-0.00070373580344	0.00019965179128	0.0251699776823	-0.0966113681216	0.0253789257271	1.09244192771e-11	1.6954679148e-05	100.0
0.000333912440353	-0.000759060493098	7.36041229028e-05	0.0393336230006	-0.106199381529	0.00916805575193	1.09244192771e-11	1.6954679148e-05	100.0
0.000232357830725	-0.000469320577716	7.81511656369e-05	0.0181119212882	-0.0554495627198	0.00808687214	1.09244192771e-11	1.6954679148e-05	100.0
0.000239934449923	-8.61882821237e-05	0.000464618425648	0.0229959308121	-0.0143517124036	0.0500018124821	1.09209140696e-11	1.6949239073e-05	100.0
0.000951120153276	-0.000950940990766	0.0002404187186	0.134877393782	-0.142065051032	0.0351297828449	1.0910438679e-11	1.6932981285e-05	100.0
0.00060606355599	-0.000515022309726	-0.000734625869244	0.0826264849858	-0.0769293011576	-0.103698558785	1.0910438679e-11	1.6932981285e-05	100.0
0.000444371959005	-0.000622582425165	-0.000263977807212	0.0548578504054	-0.0874318811315	-0.0348283711651	1.09084371401e-11	1.69298749e-05	100.0
0.000534103325062	-0.000560967894017	0.000966012395322	0.0736630532617	-0.08477106779	0.138981124671	1.08836794118e-11	1.689145095e-05	100.0
0.000852189350914	-0.000753955571107	1.63488288894e-05	0.11815279937	-0.111395672376	0.00189768913915	1.08836794118e-11	1.689145095e-05	100.0
0.000698815895178	-0.000681145139254	-0.000234540910675	0.0942229311215	-0.0994670786134	-0.0325377317412	1.08824674247e-11	1.6889569949e-05	100.0
9.92737500441e-05	-0.000557313836613	-0.000232633479428	0.00401057741279	-0.0705294870378	-0.0261987626454	1.08824674247e-11	1.6889569949e-05	100.0
-0.000110395472922	-0.000242419264307	0.000421506856708	-0.0191143464963	-0.030718869355	0.0396650719067	1.08684767686e-11	1.6867856475e-05	100.0
0.000402958061348	-0.00043816597411	0.000451288977832	0.0482111581756	-0.0616436157748	0.0583846577392	1.08684767686e-11	1.6867856475e-05	100.0
0.000922217517699	-0.000778771260212	0.000593389170953	0.130798702937	-0.116922556553	0.0858656284825	1.08591580461e-11	1.6853393835e-05	100.0
0.000471386621267	-0.000476327382927	-0.000199291426526	0.0551121432033	-0.065249161192	-0.0245744004458	1.08591580461e-11	1.6853393835e-05	100.0
0.00077968094856	-0.0006072821378	-0.000299840232726	0.106361347496	-0.0894037540067	-0.0417434498505	1.08591580461e-11	1.6853393835e-05	100.0
0.0001624533053	-6.59781120187e-05	-0.000502922082326	0.0142677865866	-0.012533364684	-0.0543212549104	1.08591580461e-11	1.6853393835e-05	100.0
0.00062660287108	-0.000380536125358	-0.000463481463256	0.0819458718819	-0.055491962172	-0.0630192716789	1.08591580461e-11	1.6853393835e-05	100.0
0.00043831252675	-0.000226853602208	-0.000746300623716	0.0570833946999	-0.0351962971306	-0.101759036948	1.08591580461e-11	1.6853393835e-05	100.0
0.000312961901195	-0.000236720226446	0.000603726690229	0.0367677419502	-0.03535421451	0.0768142211729	1.08404954563e-11	1.6824429529e-05	100.0
0.000644278816456	-0.000704470262891	0.000459493136516	0.0868858914292	-0.103471055941	0.0648160748347	1.08404954563e-11	1.6824429529e-05	100.0
0.000223118920007	-0.000171108621434	-0.000752775357785	0.0260036444258	-0.0270579598137	-0.0998721446876	1.08404954563e-11	1.6824429529e-05	100.0
-0.000195881160246	0.00018437582144	-0.000493637253074	-0.026224244994	0.0157032864126	-0.0553484154474	1.08404954563e-11	1.6824429529e-05	100.0
0.000282012623031	-0.000282040471215	0.000933928917212	0.0363868135963	-0.0439529731672	0.130344480804	1.08348680141e-11	1.6815695749e-05	100.0
0.000417175770531	-0.000430728088304	6.67430528722e-05	0.0439750490706	-0.0560984739789	0.00837464828437	1.08348680141e-11	1.6815695749e-05	100.0
0.000816849330396	-0.000690473850174	-0.000158295837235	0.112398445675	-0.101722479737	-0.0223784609625	1.08348680141e-11	1.6815695749e-05	100.0
