# x[AU] y[AU] z[AU] vx[AU/yr/2pi] vy[AU/yr/2pi] vz[AU/yr/2pi] m[MSUN] m[mtot] wf[%]
2.68231138251e-07	1.98514053598e-06	3.61586403251e-07	6.06057419095e-05	0.000314000181456	7.27705746771e-05	6.40673200692e-07	0.996931271852	19.7131434475
0.000219198249471	-0.000517433810293	5.31392575062e-05	0.0226820248164	-0.0685356557445	0.00592421122249	1.43611218676e-11	2.2346886796e-05	100.0
0.000157902799642	-0.000486301628436	-0.000195515878028	0.0142607587435	-0.0632685237806	-0.0231039105298	1.41965732448e-11	2.2090837896e-05	100.0
0.000158723227349	-0.000486089959956	4.95634696176e-05	0.0135027608387	-0.0603726904735	0.00424734913343	1.41474450205e-11	2.2014391023e-05	100.0
0.000227972085327	-0.000410355882318	7.09150962267e-05	0.0201783064505	-0.0485234715998	0.00699465690757	1.40984224052e-11	2.1938108484e-05	100.0
0.000173134896077	-0.000429217077974	-0.000112914276613	0.0134045228103	-0.0507230061587	-0.0120813925172	1.40657993332e-11	2.1887344755e-05	100.0
0.00013897843917	-0.000379972339299	-0.000277083779843	0.010945159231	-0.0465735994816	-0.0300976278283	1.40657993332e-11	2.1887344755e-05	100.0
0.000225783270637	-0.000373585675876	0.000178418077939	0.0201202947808	-0.0446633597079	0.0180359828383	1.40344687121e-11	2.1838592168e-05	100.0
0.000269869985476	-0.000421767405677	0.000159150969647	0.0287031941116	-0.0536969270359	0.0185791408448	1.4000668856e-11	2.1785997283e-05	100.0
0.000296315885538	-0.000407241796918	0.000264446937098	0.0343868521639	-0.0547865870685	0.0319457258291	1.39361066549e-11	2.1685534087e-05	100.0
0.000308484166546	-0.000433901929555	0.000165344659394	0.0347732369145	-0.0575042316668	0.0193788469551	1.39361066549e-11	2.1685534087e-05	100.0
0.000296081497328	-0.000493106682968	0.000119520058176	0.0337407056087	-0.0666792802969	0.0142455364284	1.39035640467e-11	2.1634895565e-05	100.0
0.000132640305067	-0.000430468075506	0.000263416097105	0.0120975619675	-0.0556828765339	0.0288716851081	1.39032773942e-11	2.1634449514e-05	100.0
0.000119702039877	-0.000458316400195	-9.6836951811e-05	0.00706261093922	-0.0545561290015	-0.00850777770428	1.39032773942e-11	2.1634449514e-05	100.0
0.000152023896206	-0.000442511132246	-0.000211514310043	0.0129581790452	-0.0558078205863	-0.0232030330804	1.39032773942e-11	2.1634449514e-05	100.0
5.63170904203e-05	-0.00032764023299	-0.00039249484672	0.00264542729473	-0.0425425205645	-0.0445807900555	1.39032773942e-11	2.1634449514e-05	100.0
0.000297392553462	-0.000342452847265	-0.000262931204348	0.0331276993198	-0.0447370922024	-0.0298226774335	1.38711421344e-11	2.1584444855e-05	100.0
0.000126357941002	-0.000510779134158	0.00022251190235	0.0110583511853	-0.0681602434262	0.0260668366369	1.38708856558e-11	2.1584045757e-05	100.0
0.000136707217779	-0.000486067541013	0.000180790169622	0.011678555874	-0.0623608579295	0.0206639364553	1.38708856558e-11	2.1584045757e-05	100.0
3.61268362512e-05	-7.85200927195e-05	-0.000548819467422	0.00282596865075	-0.0126261700757	-0.0680260158398	1.38708856558e-11	2.1584045757e-05	100.0
0.000153556954698	-0.000428567532031	0.000205777564988	0.0122977959306	-0.0526775985761	0.022320767445	1.38547023591e-11	2.1558863441e-05	100.0
0.000240196867829	-0.000306929396569	0.000340291187146	0.0255609939917	-0.0393496096602	0.0401771987292	1.38547023591e-11	2.1558863441e-05	100.0
6.11922919214e-05	-0.000113596936069	0.000649081710239	0.00657131294079	-0.0179518893612	0.0879059068726	1.38223609106e-11	2.1508537938e-05	100.0
0.00029999471681	-0.000532958482216	5.26081068084e-05	0.0354727509998	-0.0733714016574	0.00648123881633	1.38223609106e-11	2.1508537938e-05	100.0
9.77503335347e-05	-0.000314612822033	-0.000357748525494	0.00704349887378	-0.0394882166626	-0.0386920177234	1.38223609106e-11	2.1508537938e-05	100.0
0.000190724638355	-0.00054838090771	0.000180355601779	0.020086702576	-0.0749119698089	0.0232810067274	1.38062027589e-11	2.148339475e-05	100.0
0.000231880559246	-0.000448911973037	0.000206582355266	0.0243774867273	-0.0592211164983	0.0231360167173	1.37425860083e-11	2.1384402739e-05	100.0
0.000290395503878	-0.000408207299832	-0.000130644537035	0.0301393506041	-0.0516441356069	-0.015269288961	1.37425860083e-11	2.1384402739e-05	100.0
0.000218106795928	-0.000364885082525	0.000214110005424	0.0203814183175	-0.0443606281437	0.0214310875219	1.37094248342e-11	2.1332801687e-05	100.0
0.000148651066482	-0.000495762645156	0.00017689675553	0.0124563685047	-0.0640940929923	0.0208963632843	1.37094248342e-11	2.1332801687e-05	100.0
0.000179874384536	-0.000558608696935	9.66523938365e-05	0.0182338428345	-0.0753438641847	0.0113475320556	1.37094248342e-11	2.1332801687e-05	100.0
0.000264371175679	-0.000508780651876	-0.000147645620173	0.029778995134	-0.0690363576649	-0.0184638589735	1.37094248342e-11	2.1332801687e-05	100.0
0.000228081968228	-0.000403741177474	-0.000138269590571	0.0210096301278	-0.0489170388678	-0.0142526622454	1.37094248342e-11	2.1332801687e-05	100.0
0.0002386706043	-0.00048688559003	-0.000177791374065	0.0260560366269	-0.0649531813369	-0.0210262830319	1.37094248342e-11	2.1332801687e-05	100.0
0.000268461363167	-0.000577478999833	-0.000279718650741	0.0334746911808	-0.0833902670599	-0.0378333712898	1.37094248342e-11	2.1332801687e-05	100.0
0.000242573093489	-0.000213737698033	0.000391712911506	0.0265323441752	-0.0281736024946	0.0449298280659	1.369482567e-11	2.131008439e-05	100.0
0.000283627556893	-0.000439706705184	-8.37058325523e-05	0.0293993181964	-0.0560888310496	-0.0107237850735	1.369482567e-11	2.131008439e-05	100.0
0.000238866463318	-0.000466705079399	-0.000257792906707	0.0266012605451	-0.0633452472474	-0.0315971567136	1.369482567e-11	2.131008439e-05	100.0
0.000326323294233	-0.000391745377844	0.00041266345932	0.042134951659	-0.05643756458	0.0547770472855	1.36789541708e-11	2.1285387253e-05	100.0
0.00041480233457	-0.000596122791285	0.000138267458763	0.0555143866232	-0.0873177735275	0.0192838698116	1.36789541708e-11	2.1285387253e-05	100.0
0.000153599316945	-0.000260522595466	-0.00040439620165	0.0144131703935	-0.0335334275462	-0.0463089013257	1.36789541708e-11	2.1285387253e-05	100.0
0.000147590414353	-0.000559274528959	3.05515626834e-06	0.0129224450383	-0.0740878781067	0.000462736804729	1.36772241975e-11	2.1282695296e-05	100.0
7.34412804313e-05	-0.000387206109224	-0.000375161374526	0.00457247856008	-0.0510447768302	-0.0445058257822	1.36772241975e-11	2.1282695296e-05	100.0
0.000347554648951	-0.000534107829384	-8.04218657839e-05	0.043070573125	-0.0749087953703	-0.00990485422712	1.36472916363e-11	2.1236118186e-05	100.0
0.000196535621412	-0.000432952387102	-0.000230465832412	0.0188303682465	-0.0555699269893	-0.0269435147782	1.36472916363e-11	2.1236118186e-05	100.0
0.000282299122971	-0.00041882406962	-0.000186527274382	0.030602320006	-0.0543341018594	-0.0211552129838	1.36472916363e-11	2.1236118186e-05	100.0
0.000113045310203	-0.000456145268136	-4.25591677543e-05	0.0060549397258	-0.0523584530288	-0.00319151894324	1.36450487058e-11	2.1232628033e-05	100.0
0.000209654724404	-0.000348909687282	0.000311347470108	0.0213530256062	-0.0447791232919	0.0348349494865	1.36157246526e-11	2.1186997803e-05	100.0
0.000218871835574	-0.000514932098121	0.000133708603434	0.0227375684874	-0.0687924720514	0.0156932491325	1.36157246526e-11	2.1186997803e-05	100.0
0.000155423780634	-4.65854673144e-05	-0.000464588531319	0.0168711371089	-0.00743242770384	-0.0526579407491	1.36157246526e-11	2.1186997803e-05	100.0
0.000210487104674	-0.000197161305599	-0.00049384637591	0.0251968525662	-0.0278297004276	-0.062125228074	1.36157246526e-11	2.1186997803e-05	100.0
0.000132712173911	-0.000427048813115	0.00027302659239	0.0103596408637	-0.0541946802726	0.030945870321	1.3612898359e-11	2.1182599897e-05	100.0
0.000248700377144	-0.000526698423215	-0.000145647395615	0.0280104904155	-0.0716088282937	-0.0173165532864	1.35999738492e-11	2.1162488476e-05	100.0
-0.000118803354405	3.9398674395e-05	-0.000590213741933	-0.0178067897514	0.00284393015747	-0.0764139622949	1.35968357581e-11	2.1157605392e-05	100.0
0.000109843583028	-0.000354620996668	0.000444606232193	0.0105916481881	-0.0487618533076	0.055317288147	1.35807731573e-11	2.1132610888e-05	100.0
-4.71783512384e-06	-4.57092425086e-05	0.000480636310701	-0.00265673878533	-0.00801207908543	0.0529213559308	1.35807731573e-11	2.1132610888e-05	100.0
0.000251159457526	-0.000504238747036	0.000354663524472	0.031166640337	-0.072191520397	0.0467736236274	1.35807731573e-11	2.1132610888e-05	100.0
0.000266749260282	-0.0005347881812	-5.16112783603e-05	0.0301934872994	-0.0728327469744	-0.0063142019035	1.35807731573e-11	2.1132610888e-05	100.0
0.00028473592962	-0.000618025529918	-0.000100560913311	0.0351195529627	-0.0881973896754	-0.0133680156699	1.35807731573e-11	2.1132610888e-05	100.0
0.000231964076799	-0.000358372900451	-0.000240222610675	0.0225329018034	-0.0441366755313	-0.0261656641725	1.35807731573e-11	2.1132610888e-05	100.0
0.000325225348612	-0.000442298919219	0.000377809037418	0.0413359384756	-0.0631441897491	0.0512300779963	1.35528723089e-11	2.1089195262e-05	100.0
0.000182528246206	-0.000425744177507	0.00027724713408	0.0180548975192	-0.0560255015093	0.031671110639	1.35528723089e-11	2.1089195262e-05	100.0
0.000300376151256	-0.000669028511981	0.000207804498517	0.0387899545503	-0.0985554353356	0.028333473032	1.35528723089e-11	2.1089195262e-05	100.0
0.000388059466812	-0.00055995895493	6.59341234514e-05	0.0496976627218	-0.0799812200759	0.00912374788018	1.35215869488e-11	2.1040513104e-05	100.0
0.000219219039078	-0.00062047185084	0.000134320343251	0.0249198796575	-0.0879664520554	0.0177720832121	1.35165931596e-11	2.1032742427e-05	100.0
0.00021219629743	-0.000538966697766	-0.000132501854473	0.0226456957565	-0.0725519360051	-0.0160430867224	1.35165931596e-11	2.1032742427e-05	100.0
0.000248439993057	-0.000575832577288	-0.000345425425551	0.031069335438	-0.0837713145072	-0.0476091544665	1.35165931596e-11	2.1032742427e-05	100.0
0.000184645469503	-0.00021537868048	-0.000401681828811	0.0188535468397	-0.0275302469917	-0.0449915534191	1.35165931596e-11	2.1032742427e-05	100.0
0.000436136351919	-0.000695310701037	-0.000203829380915	0.0609060091593	-0.104952975017	-0.0292147568648	1.35059769572e-11	2.101622289e-05	100.0
0.00035518181098	-0.000350446611992	0.000309770780541	0.043478424396	-0.0481140437891	0.0388050791802	1.34748223509e-11	2.0967744194e-05	100.0
0.000290658155591	-0.000391073991536	0.000168241139825	0.0299182525094	-0.0494377447727	0.0198818895327	1.34748223509e-11	2.0967744194e-05	100.0
0.00016801128769	-0.00053033628754	9.44845480946e-05	0.0153212012785	-0.0694859760479	0.0124037886582	1.34685159947e-11	2.0957931073e-05	100.0
0.000111346076004	-0.000356755232426	-0.000363685810991	0.00970945894558	-0.0465994674588	-0.0407641501715	1.34685159947e-11	2.0957931073e-05	100.0
0.000140629304612	-0.000198640387293	0.000534020897344	0.0162937191483	-0.0286703656788	0.0678799845845	1.34592777361e-11	2.0943555712e-05	100.0
9.79239848499e-05	-0.00026473860395	0.000433992473531	0.00861181409596	-0.0352090743384	0.0497934683399	1.34592777361e-11	2.0943555712e-05	100.0
0.000429480560354	-0.000586014274032	0.000382580955773	0.0599988732609	-0.0883288145466	0.0550979732141	1.34592777361e-11	2.0943555712e-05	100.0
0.000339774253832	-0.000621487958425	-5.00063007093e-05	0.0434441573212	-0.089509832017	-0.00642745831148	1.34592777361e-11	2.0943555712e-05	100.0
0.000287624478675	-0.000501538784068	-0.000129118657542	0.032524314462	-0.0676018963865	-0.0165211290532	1.34592777361e-11	2.0943555712e-05	100.0
0.000241241049061	-0.000547661434836	-8.0125298615e-05	0.0264806223558	-0.0741566126099	-0.0110141089155	1.34524986547e-11	2.0933006998e-05	100.0
0.000210454337015	-0.000403414818638	-0.000365683531116	0.0233120732239	-0.05487751071	-0.0459008612134	1.34524986547e-11	2.0933006998e-05	100.0
0.000136485887269	-0.000168595092711	-0.000578736112525	0.0155209527184	-0.0243643762956	-0.076433900144	1.34437532374e-11	2.0919398531e-05	100.0
0.000106570205254	5.49521670304e-05	0.00051707436263	0.0120399029439	0.00543703729284	0.0622680618933	1.34282488546e-11	2.0895272652e-05	100.0
0.000252524862162	-0.000265819238213	0.000480132472486	0.0317183753887	-0.0380850663428	0.0615471909232	2.66110527189e-11	4.140861613e-05	100.0
0.000303179147021	-0.000533765071076	-2.5225990746e-05	0.0357073252272	-0.0733719203833	-0.00339166012668	1.34282488546e-11	2.0895272652e-05	100.0
0.000367535466232	-0.000559062635341	-0.000355390296601	0.0495755498545	-0.0826825987983	-0.0497330157043	1.34282488546e-11	2.0895272652e-05	100.0
0.000398704397094	-0.000490686067639	-0.000416321043438	0.0548145488374	-0.0730137794313	-0.0584646734285	1.34282488546e-11	2.0895272652e-05	100.0
0.0003415457592	-0.000300921652797	-0.00035675919428	0.0417685991244	-0.0413524964901	-0.0444862221386	1.34282488546e-11	2.0895272652e-05	100.0
0.000365403709339	-0.000541855902786	0.000330478414202	0.0486390852638	-0.0794187402236	0.0461609237311	1.34204790618e-11	2.0883182324e-05	100.0
9.65217369835e-05	-6.11669664219e-05	-0.000557305039743	0.0105014053389	-0.0100181156522	-0.0701258269056	1.3397305466e-11	2.0847122626e-05	100.0
6.94532808882e-05	-0.000399792112295	0.000335750264506	0.00383636222521	-0.0513731887355	0.0380386198464	1.33884795848e-11	2.0833388951e-05	100.0
0.000280216957674	-0.00058165435467	1.97761337889e-05	0.0332335821244	-0.0813968233396	0.00243732200244	1.33564901658e-11	2.078361123e-05	100.0
0.000198859951581	-0.00036774785497	-0.000357999846892	0.0209419874673	-0.049162105189	-0.043753614854	1.33564901658e-11	2.078361123e-05	100.0
0.000234884441707	-0.000597030815038	0.000529941111996	0.0310988726222	-0.0901935054516	0.0766883692638	1.33356500224e-11	2.0751182543e-05	100.0
0.000424423122849	-0.000779378540112	0.000226860230906	0.0601436528621	-0.119267171936	0.033208361836	1.33356500224e-11	2.0751182543e-05	100.0
5.53702358265e-05	-2.45845075501e-05	-0.000509709184551	0.00512321370635	-0.00576447384831	-0.059717292	1.33356500224e-11	2.0751182543e-05	100.0
0.000244215426209	-0.00054611790419	-0.000229136442709	0.0284225660515	-0.0760701234048	-0.0295680693468	1.33356500224e-11	2.0751182543e-05	100.0
0.000209993412888	-0.000360544135445	-0.000394982355922	0.0235202126842	-0.0492120067967	-0.0489815569047	1.33356500224e-11	2.0751182543e-05	100.0
0.000294248882949	-0.000332891040801	-0.000480158180025	0.037900310747	-0.0483274592797	-0.0642121239269	1.33356500224e-11	2.0751182543e-05	100.0
0.000161639532434	-0.000571759106395	0.000152893933269	0.0160643661071	-0.0780310916315	0.0186203224794	1.33245208628e-11	2.073386481e-05	100.0
0.000321594637162	-0.000583327597677	0.000438678604989	0.0436537884765	-0.087447891695	0.0624245879853	1.33202864514e-11	2.0727275777e-05	100.0
0.000509631614977	-0.000670206009155	0.00033143669093	0.0736747427926	-0.102673898329	0.0490775893619	1.33202864514e-11	2.0727275777e-05	100.0
0.000132938349877	-0.000385277789799	0.000331558693877	0.011435133787	-0.0496176763383	0.0378656886816	1.33049379674e-11	2.0703392487e-05	100.0
0.000196896406193	-0.000593010517769	0.000105132009148	0.0209874283626	-0.0814860831584	0.0136280212032	1.33049379674e-11	2.0703392487e-05	100.0
0.000384267598997	-0.000624750012388	0.0001090097438	0.0513844124851	-0.0916674495438	0.0151433090727	1.33049379674e-11	2.0703392487e-05	100.0
0.000205449956969	-0.000459055877117	-0.000283070046605	0.0219157155239	-0.0617975425131	-0.0341831465707	1.33049379674e-11	2.0703392487e-05	100.0
0.000308732447714	-0.000422133575194	-0.000463400653222	0.0400713084253	-0.0613619635843	-0.063861706561	1.33049379674e-11	2.0703392487e-05	100.0
0.000220790040102	-0.000420697100931	3.88353446791e-05	0.0190797957795	-0.0498125532642	0.00461608322045	1.32925616177e-11	2.0684134041e-05	100.0
7.97816896802e-05	-0.000140761388544	-0.000478793900881	0.00681703198363	-0.01965916018	-0.0551339111586	1.32896095993e-11	2.0679540499e-05	100.0
0.000152024963695	-0.000280240911952	0.00044324522222	0.0157919691026	-0.037982322759	0.0534560799743	1.32765845097e-11	2.065927257e-05	100.0
0.000275795636696	-0.00052229726733	0.000239062046576	0.0327413620773	-0.0729635900159	0.0311765068908	1.32765845097e-11	2.065927257e-05	100.0
0.000110846006761	-0.000218420096965	-0.000451668477658	0.0100827119887	-0.0288743571858	-0.0528563693328	1.32765845097e-11	2.065927257e-05	100.0
0.000180095108914	-0.000207744288415	0.000560704140122	0.0221069634759	-0.0303887082012	0.0740992853225	1.32742963183e-11	2.0655711988e-05	100.0
0.000303373258741	-0.000244007334972	0.00032461059182	0.0345742976423	-0.0314328693855	0.0363347334922	1.32742963183e-11	2.0655711988e-05	100.0
0.000153036717126	-0.000545581753558	-9.86813625416e-05	0.0136082118305	-0.0717086048891	-0.0113503688568	1.32742963183e-11	2.0655711988e-05	100.0
9.3807711088e-05	-0.000462000505439	3.68510808089e-06	0.00335947440039	-0.0525386417298	0.00193403497444	1.32606124307e-11	2.0634418924e-05	100.0
0.000100946622798	-0.000456296825487	-0.000335763595444	0.00801748087029	-0.0613869817356	-0.0408598859812	1.32606124307e-11	2.0634418924e-05	100.0
-0.000106724934127	-1.94847595949e-05	0.000488738288292	-0.0150748636053	-0.00531316976245	0.0553408758546	1.32446453806e-11	2.0609573103e-05	100.0
0.000219470959302	-0.000554495113205	0.00030387248441	0.0260148938151	-0.0790296477122	0.040065349918	1.32446453806e-11	2.0609573103e-05	100.0
0.000112298576038	-0.000110673763347	-0.000717264834639	0.0146829892873	-0.0184612877358	-0.101048893573	1.32446453806e-11	2.0609573103e-05	100.0
0.000261326745368	-0.000425794614301	0.000478806769942	0.0341249769676	-0.0624875897661	0.0646863947071	1.3243730104e-11	2.060814887e-05	100.0
0.000352913051248	-0.000640256696842	3.37470817885e-05	0.0458504003942	-0.0931843017455	0.00511717959843	1.3243730104e-11	2.060814887e-05	100.0
-8.7435211516e-05	0.000114825137113	0.00055653288021	-0.0129381721664	0.0129480742975	0.0701880920048	1.32286783306e-11	2.0584727282e-05	100.0
0.000110768251015	-0.000314616942486	0.000949588943581	0.0149141657474	-0.050229266151	0.144308277609	1.32286783306e-11	2.0584727282e-05	100.0
0.000316608499462	-0.000559466920621	0.000720140793822	0.0456481771785	-0.087192062504	0.108142294477	1.32286783306e-11	2.0584727282e-05	100.0
0.00016280228518	-0.000568407565663	0.000243591203655	0.0169612016792	-0.0790219762516	0.0310446902862	1.32286783306e-11	2.0584727282e-05	100.0
7.82685758976e-05	-0.000250910745216	-0.000657774630364	0.00899384061168	-0.0383814435335	-0.0912991802578	1.32286783306e-11	2.0584727282e-05	100.0
0.000205604233142	-0.000222299154884	0.000550602840994	0.0253154122163	-0.0322669896102	0.0728483314063	1.32284721419e-11	2.0584406438e-05	100.0
0.000358693817579	-0.000679162520192	-0.000138224003224	0.0477043030951	-0.100371431873	-0.0198013753264	1.32284721419e-11	2.0584406438e-05	100.0
0.00030307558667	-0.000588091560898	-0.000240547195402	0.0384400556686	-0.0850524517459	-0.031982802975	1.32132342957e-11	2.0560695309e-05	100.0
0.000254134788016	-0.00038284093067	-0.00052333644317	0.0327034437203	-0.0559510341629	-0.0717112571807	1.32132342957e-11	2.0560695309e-05	100.0
0.00024740636156	-0.000564000915669	6.78885117514e-05	0.0277166224254	-0.0773201580897	0.00840701058334	1.31967492595e-11	2.0535043466e-05	100.0
0.000211873708748	-0.000662964858069	2.89790482025e-05	0.0242935429661	-0.0945254021158	0.00400065575532	1.31967492595e-11	2.0535043466e-05	100.0
0.000291898687379	-0.00050923754995	-0.000544317709577	0.0398489021	-0.0770167034645	-0.0781461811408	1.31967492595e-11	2.0535043466e-05	100.0
0.000217833821307	-0.000591583773131	5.63959867619e-06	0.0236254363339	-0.0813881872335	0.00153244541424	1.31828038643e-11	2.0513343478e-05	100.0
0.000294643474441	-0.000634247598305	0.000185830910841	0.037329090897	-0.0921068916506	0.0257003794657	1.31807922674e-11	2.0510213296e-05	100.0
0.00025780874817	-0.000287478678104	-0.0006642337949	0.0353049940307	-0.0437476586498	-0.0947707372826	1.31807922674e-11	2.0510213296e-05	100.0
4.61094525666e-05	-0.000295567026189	0.000505646951946	0.00261338352815	-0.0413333527761	0.0636352513522	1.31648302464e-11	2.0485375301e-05	100.0
4.81894749328e-05	-0.000308574116156	0.000375500286496	0.00160850800793	-0.0386192723817	0.0399717295814	1.31648302464e-11	2.0485375301e-05	100.0
0.000157078845568	-7.95550907397e-05	0.000490904576044	0.0175354007835	-0.0119675258664	0.058101785141	1.31524388097e-11	2.0466093379e-05	100.0
0.000174407716787	-0.000616235353703	-0.000204757297638	0.0188029515584	-0.0869995717735	-0.0268900115069	1.31524388097e-11	2.0466093379e-05	100.0
0.000188408686321	-0.000343673033142	-0.000650555632808	0.0244911101294	-0.0519829618779	-0.0927185011438	1.31524388097e-11	2.0466093379e-05	100.0
0.000251323846944	-0.000350828296856	-0.000455386756892	0.0315343878087	-0.0502323710633	-0.0588740756801	1.31524388097e-11	2.0466093379e-05	100.0
0.000397847407757	-0.00063004252102	-0.000253630170493	0.0544053943845	-0.0937754604048	-0.0360632789102	1.31329212912e-11	2.0435722787e-05	100.0
0.000163039165122	-0.000270028771579	-0.000719970953036	0.0217375984064	-0.0418225893726	-0.103317632166	1.31221341031e-11	2.0418937185e-05	100.0
0.000266323757488	-0.000345820354173	0.000497360024109	0.0334931991291	-0.049715962465	0.0674665778027	1.31070068947e-11	2.0395398215e-05	100.0
0.000236889782396	-0.000681241807408	6.29522200312e-05	0.0283739058789	-0.0984113138418	0.00841696449135	1.31070068947e-11	2.0395398215e-05	100.0
