# x[AU] y[AU] z[AU] vx[AU/yr/2pi] vy[AU/yr/2pi] vz[AU/yr/2pi] m[MSUN] m[mtot] wf[%]
5.58953843378e-07	-3.06476138428e-07	-7.77417340486e-07	8.76736409692e-05	-4.39066749432e-05	-0.000227860419188	6.4263901471e-07	0.997019618329	14.6511796025
-0.000137266780623	0.000232474420634	-0.000399456312028	-0.0134186269649	0.0267593527135	-0.0438138728435	1.35382278837e-11	2.1003827169e-05	100.0
-0.000255453704509	0.000239948701162	-0.000346603254608	-0.0294678781242	0.02806070895	-0.0378101658171	1.34932184041e-11	2.09339974e-05	100.0
-9.36059982169e-05	0.000119727076329	-0.000487627388529	-0.0100030154812	0.0139903454575	-0.0564085616797	1.32560913667e-11	2.0566107647e-05	100.0
-0.000480082547371	0.000524104236839	-0.000143255523102	-0.0662425095847	0.0739712924616	-0.0206693616039	1.30917640196e-11	2.031116267e-05	100.0
5.60437876152e-05	-9.33446001648e-05	0.000466693062978	0.00674367540064	-0.0113656145761	0.0506121605784	1.30811578752e-11	2.0294707811e-05	100.0
1.46192797729e-05	-5.29557470513e-05	-0.000515763329083	0.00158317418341	-0.00630220832909	-0.0599931261793	1.30233395525e-11	2.0205005816e-05	100.0
-0.000372919057296	0.000317577520681	0.000103907697892	-0.0414950630719	0.0366656385465	0.0110771123974	1.29562779423e-11	2.010096336e-05	100.0
-2.11464022128e-06	-0.000224649772666	0.000461808194954	-0.000481381218636	-0.028531160083	0.0522059384838	1.2951384733e-11	2.0093371811e-05	100.0
0.000213387876737	-0.000299705864517	0.000331223111486	0.0233397217989	-0.0345776920039	0.0361507438341	1.29370319894e-11	2.0071104307e-05	100.0
-0.00037653960909	0.00013426400055	-0.000479044731624	-0.0493228615323	0.0168837281284	-0.0625064987816	1.292260884e-11	2.0048727572e-05	100.0
-0.000128540528351	-3.48279658943e-05	0.000505254733168	-0.0151070774856	-0.00565673819303	0.0591691495217	1.29083717632e-11	2.0026639519e-05	100.0
-2.19756302721e-06	-4.45695559282e-05	0.000486975407766	-0.000122381087125	-0.00529585088073	0.0538147153118	1.29083717632e-11	2.0026639519e-05	100.0
1.76379643898e-05	-0.000301199809109	0.000411514713511	0.000191508960984	-0.0365573859443	0.0463120828582	1.29083717632e-11	2.0026639519e-05	100.0
-0.000153019620773	8.34662746841e-05	-0.000547323387919	-0.0188633580008	0.0100202963124	-0.0685143193462	1.29083717632e-11	2.0026639519e-05	100.0
-3.25009410873e-06	-3.83704484913e-05	0.000571223504707	-0.000292005739315	-0.00506045063003	0.0709385169282	1.28797618269e-11	1.9982252752e-05	100.0
3.1734863868e-05	-0.000182934685667	-0.000475461865421	0.00371527470766	-0.0227837137232	-0.0539204115673	1.28797618269e-11	1.9982252752e-05	100.0
0.000212886891344	-0.000585856459172	-0.000274926749549	0.0270951508355	-0.0808301873483	-0.0359294397161	1.28797618269e-11	1.9982252752e-05	100.0
0.000239738213025	-0.000326194055983	-0.000417450537282	0.0302719266374	-0.0422257258101	-0.0514924077135	1.28797618269e-11	1.9982252752e-05	100.0
-0.000210115432004	0.000284123078558	0.000415094971028	-0.0235947166154	0.0347690510667	0.0509706911548	1.28654744603e-11	1.9960086677e-05	100.0
-0.000218521220556	2.57521821579e-05	0.000502229587349	-0.026805081436	0.00188206586964	0.0610995507405	1.28554969399e-11	1.9944607095e-05	100.0
-0.000461678672182	0.000441018357837	9.64520420276e-05	-0.0604605964556	0.0591496109694	0.0132415787303	1.28554969399e-11	1.9944607095e-05	100.0
-0.000372856288382	0.000158146319953	-0.000276319878937	-0.0425606891617	0.0171351224257	-0.0294802196599	1.28554969399e-11	1.9944607095e-05	100.0
-1.56512651821e-05	0.000121500864925	-0.000555360901363	-0.000673483269148	0.0153868246111	-0.0688448667879	1.28226877951e-11	1.9893705484e-05	100.0
5.84511531366e-05	-0.000284120369509	-0.000512509842548	0.00628535648969	-0.037195485082	-0.0644457076845	1.28084507184e-11	1.9871617431e-05	100.0
5.97491568969e-05	-0.000108782827107	0.000577914859566	0.00713148879898	-0.0140519053329	0.073422918407	1.27942236996e-11	1.9849544982e-05	100.0
-3.31891189291e-05	7.16378029103e-06	0.000624240085437	-0.00361469065107	0.000560249024433	0.0815973387688	1.27942236996e-11	1.9849544982e-05	100.0
-0.000139140925507	-4.16142722752e-06	-0.000548165112573	-0.0179491871732	-0.000795505813359	-0.0676269950793	1.27942236996e-11	1.9849544982e-05	100.0
0.000244579189081	-0.000511505980031	-0.000454889364926	0.032771996732	-0.0723398215376	-0.0629042463947	1.27942236996e-11	1.9849544982e-05	100.0
-0.000512594825743	0.000485529814088	0.000184727942441	-0.0709136976666	0.068376197735	0.0249233773046	1.27886817503e-11	1.9840946947e-05	100.0
-0.000332013860442	0.000350911601351	0.000123108555375	-0.0365580401842	0.0403719810868	0.0129197808005	1.27800117678e-11	1.9827495939e-05	100.0
0.000110892809031	-0.000174727174282	0.000487791201215	0.0126667287518	-0.0215174994114	0.0576590846499	1.27800117678e-11	1.9827495939e-05	100.0
-8.67842327117e-05	2.08778434745e-05	0.000493004153561	-0.0102332576381	0.00225175610811	0.055726334562	1.27800117678e-11	1.9827495939e-05	100.0
-0.000181466528106	0.000152780044155	-0.000714694510288	-0.0252812966478	0.02178752782	-0.100823119791	1.27800117678e-11	1.9827495939e-05	100.0
-0.000379188583598	0.000220876634235	-0.000328163671296	-0.0463490325074	0.0273413384039	-0.0384783384971	1.27720206993e-11	1.9815098229e-05	100.0
7.05568604393e-05	-8.41529881414e-05	-0.000484222251654	0.00825535911676	-0.0098375546599	-0.0538879824346	1.2765804865e-11	1.9805454699e-05	100.0
0.000166670439494	-0.000499204854545	-0.000334208495362	0.020519275706	-0.0668907155999	-0.0416839794829	1.2765804865e-11	1.9805454699e-05	100.0
-0.000494353035735	0.000524353354643	-0.000157888707169	-0.0679115601614	0.0741397802035	-0.0219581883464	1.27387488873e-11	1.9763478816e-05	100.0
-8.86343169455e-05	-0.000273864154853	-0.000446357857913	-0.0130004840593	-0.0344451967526	-0.0518826865829	1.27387488873e-11	1.9763478816e-05	100.0
-0.00023581204469	0.000429538132443	2.62601086033e-05	-0.0236193454098	0.0491303146545	0.00219673100402	1.27374363204e-11	1.9761442439e-05	100.0
0.000215292653714	-0.000393111390809	0.000564251566931	0.029637593027	-0.0558223606773	0.0775596021537	1.27374363204e-11	1.9761442439e-05	100.0
0.00012366457863	-0.000463703336568	-2.97948243751e-05	0.00992770521155	-0.0511938388351	-0.0034640398685	1.27374363204e-11	1.9761442439e-05	100.0
-0.000113896294053	8.22066909606e-05	-0.000676570785843	-0.0152646389364	0.0110811076111	-0.0925115273797	1.27374363204e-11	1.9761442439e-05	100.0
5.2489326803e-05	-0.000330065642572	0.000668565714686	0.00626062507814	-0.0475605625639	0.0938227106979	1.27091029787e-11	1.9717484794e-05	100.0
-0.000174045891657	0.000312095789095	-0.000415908400065	-0.0193805317301	0.039333070037	-0.0500983927797	1.27091029787e-11	1.9717484794e-05	100.0
-0.000181974433043	0.000128730537961	0.000491829262266	-0.0220193870697	0.0158628556517	0.0586369250764	1.26949564238e-11	1.9695537181e-05	100.0
-0.000215005016666	0.000297736844045	-0.000593388146861	-0.0290785089792	0.0416433998469	-0.081106582448	1.26949564238e-11	1.9695537181e-05	100.0
-0.000131312019269	0.000407163631695	0.000214682569088	-0.0111829454395	0.0462238269115	0.0226377304239	1.26384657551e-11	1.9607894968e-05	100.0
-0.00024022329892	0.000452740413597	0.00031800272452	-0.0289606151734	0.0597118818501	0.0405609686254	1.26243694901e-11	1.9586025377e-05	100.0
0.000113234859699	-0.000182545440388	0.000499600424293	0.0137970386101	-0.0232545483327	0.0592704425679	1.26243694901e-11	1.9586025377e-05	100.0
-0.000185790844134	0.000112687356646	0.000882844537372	-0.0272964428454	0.0165776102279	0.130557910475	1.26243694901e-11	1.9586025377e-05	100.0
-0.000401413088208	0.000373708918913	-6.97751823482e-06	-0.0479595879038	0.0459224009699	-0.00176177090753	1.26243694901e-11	1.9586025377e-05	100.0
7.92314138332e-07	-0.000466755561227	0.000479230202586	-0.00162825151471	-0.0652529735237	0.0629874933448	1.26243694901e-11	1.9586025377e-05	100.0
-0.000389894606468	0.000243593843853	-0.000464612980183	-0.0527599626276	0.0328572927298	-0.0613513821629	1.26243694901e-11	1.9586025377e-05	100.0
-9.09566986571e-05	-6.59396479204e-06	-0.000698064050052	-0.0129142189397	-0.000821354593696	-0.0961695833534	1.26243694901e-11	1.9586025377e-05	100.0
0.000159839972421	-0.000437984926787	-0.000112717967028	0.0140700876104	-0.0488703097648	-0.0115102387724	1.26243694901e-11	1.9586025377e-05	100.0
8.9356501242e-05	-0.000414535358758	-0.000487774678761	0.0107824183387	-0.0569250684621	-0.0635481394918	1.26243694901e-11	1.9586025377e-05	100.0
-0.000196476076955	-0.000140631396146	-0.000413755660233	-0.024175549175	-0.0166996833743	-0.0435587786957	1.26228004446e-11	1.9583591088e-05	100.0
-0.000102849267279	-0.00017534672788	0.000588280388024	-0.0142140609893	-0.0244161405371	0.0764411307345	1.26063003214e-11	1.955799204e-05	100.0
-0.000473445894922	0.000446360681235	0.000546408650862	-0.0686373360616	0.0657530553312	0.0790960838468	1.26063003214e-11	1.955799204e-05	100.0
-0.00051066688127	0.000613462704586	0.000283945287411	-0.0731960536516	0.0899768828292	0.0414082912654	1.26063003214e-11	1.955799204e-05	100.0
-0.000419047046115	0.000520956010011	-0.000348936086007	-0.0582671074084	0.0745922569153	-0.0480916335191	1.26063003214e-11	1.955799204e-05	100.0
-1.81331407172e-05	-0.000148795317058	-0.000511980897533	-0.0018009686829	-0.0197243367803	-0.0602853332115	1.26063003214e-11	1.955799204e-05	100.0
-6.48231089014e-05	0.000180625957552	0.000494926289522	-0.00658267549745	0.0224574302989	0.0582041529184	1.25962021051e-11	1.9542325205e-05	100.0
0.000223592482724	-0.000455586065023	-0.000556904188583	0.0307192884353	-0.0651864383791	-0.0776339936151	1.25962021051e-11	1.9542325205e-05	100.0
-0.00029719092233	0.000168872925335	0.000721611233334	-0.0429500615441	0.0243932830415	0.103323579628	1.25898102561e-11	1.9532408598e-05	100.0
-0.00028552796086	0.0004833671259	-0.000276647407917	-0.0351962627216	0.0648664469709	-0.0365547225334	1.25898102561e-11	1.9532408598e-05	100.0
-0.000456541496763	0.000514705794539	0.000269561497375	-0.0631920711772	0.0729350852681	0.0376032441516	1.25680749521e-11	1.9498687451e-05	100.0
-0.000286064466478	0.00047687777034	0.000190689040783	-0.0340351246027	0.0615825502143	0.0244858167588	1.25680749521e-11	1.9498687451e-05	100.0
-0.000333680433595	0.000548779205358	-0.000234391594332	-0.043536721066	0.0758179164888	-0.0322188002116	1.25680749521e-11	1.9498687451e-05	100.0
-0.000312634086128	0.000263129056916	-0.000367034370864	-0.0372469470607	0.0318068381643	-0.0449234164611	1.25680749521e-11	1.9498687451e-05	100.0
-0.000269811799968	0.000452163341293	-0.000909326221513	-0.0403213667652	0.0693029476477	-0.137839332798	1.25680749521e-11	1.9498687451e-05	100.0
-0.000155465949797	0.000228974401793	-0.000838028059446	-0.0228021257042	0.0344042826962	-0.122853000837	1.25680749521e-11	1.9498687451e-05	100.0
-0.000215207083619	0.000313740208042	-0.000513891699235	-0.0273360101717	0.0423985880362	-0.0676251869734	1.25568753866e-11	1.9481311932e-05	100.0
-0.000231743655587	0.000193599823002	-0.000448517269177	-0.0281266872856	0.0241647155675	-0.052915383578	1.25568753866e-11	1.9481311932e-05	100.0
6.54015826998e-05	-1.6385500493e-05	0.000538573399127	0.00906688926204	-0.00254755138904	0.0648454876139	1.2539977973e-11	1.945509651e-05	100.0
0.000158243872618	-0.000475789847756	0.000322329834772	0.0184326668013	-0.0622611791255	0.0398167109157	1.2539977973e-11	1.945509651e-05	100.0
-0.000359633719472	0.000294091091264	0.00053668990528	-0.0493913880275	0.0410480853944	0.0736194824855	1.2523995836e-11	1.943030109e-05	100.0
-0.000544331443048	0.000710422134705	0.000132712766927	-0.0791711628558	0.105771153865	0.0192331351134	1.2523995836e-11	1.943030109e-05	100.0
-0.000263634422759	0.00034733819809	-0.00028823509496	-0.0295217322959	0.0417344811135	-0.0330490286885	1.2523995836e-11	1.943030109e-05	100.0
-0.000307744724384	0.000250007929144	0.000547700596329	-0.04140305033	0.0340671214263	0.0743693373567	1.24979054248e-11	1.938982323e-05	100.0
-0.000229994975811	5.45511669666e-05	0.000673952011538	-0.0325543181735	0.00752977650852	0.09318092038	1.24911716043e-11	1.9379376073e-05	100.0
-0.000286554628929	0.00044451915733	0.000606915900368	-0.0399036638618	0.0645695447253	0.0871431413243	1.24838996817e-11	1.9368094079e-05	100.0
-0.000456948884948	0.000561393468891	-0.000163844837472	-0.0631120989548	0.079837182434	-0.022766149094	1.24838996817e-11	1.9368094079e-05	100.0
0.000211615806066	-0.000434568345223	0.000278690581303	0.0245270491937	-0.0544154153556	0.0328042856156	1.24838996817e-11	1.9368094079e-05	100.0
0.000201421459831	-0.000528285531259	0.00017378266632	0.0231413634818	-0.0681154654466	0.0210219776204	1.24838996817e-11	1.9368094079e-05	100.0
0.000185237514781	-0.000479780225107	0.000467139942387	0.0243421775927	-0.0670448274159	0.0628652244404	1.24698989675e-11	1.9346372729e-05	100.0
9.86060233476e-05	-0.000478841977729	5.9364609574e-05	0.00700178952544	-0.0544791639335	0.00569134482829	1.24698989675e-11	1.9346372729e-05	100.0
-0.000195340230615	0.000422299876839	-0.000549772826138	-0.0250709341788	0.0597700311079	-0.0762256224258	1.24583976625e-11	1.9328529077e-05	100.0
-0.000247420433612	4.954402329e-05	-0.000477903150603	-0.0307817467621	0.00579555519074	-0.0566214890797	1.24583976625e-11	1.9328529077e-05	100.0
-0.00048273103083	0.000577580855995	0.000152965461573	-0.0672918968113	0.0826786163692	0.0217910017378	1.24559083114e-11	1.9324666984e-05	100.0
0.000115033903755	-0.000384166102172	0.000448988820086	0.0134763527272	-0.05048221554	0.0565621310808	1.24559083114e-11	1.9324666984e-05	100.0
0.000208844236658	-0.000530950882351	7.37976833517e-05	0.0233289325145	-0.0671245251659	0.00947687875726	1.24559083114e-11	1.9324666984e-05	100.0
2.12233489317e-05	-0.000308678571466	0.000425644681492	0.00193670204734	-0.0386431335849	0.0480400612129	1.24420282931e-11	1.9303132888e-05	100.0
-0.00032600658427	0.000235212133457	0.000277890469433	-0.0358467611429	0.0264224880054	0.0300897342569	1.24420282931e-11	1.9303132888e-05	100.0
-0.000236669920797	0.00047096809283	0.000202845232248	-0.0266279737235	0.0596469983546	0.0244525662422	1.24420282931e-11	1.9303132888e-05	100.0
-0.000170087869412	0.000164605237954	-0.000445916537313	-0.0183420178065	0.0190188926615	-0.051178464016	1.24420282931e-11	1.9303132888e-05	100.0
6.06522023659e-05	-0.000284645508587	-0.000728168306142	0.00826415837545	-0.0415422326355	-0.103289076371	1.24279471151e-11	1.9281286703e-05	100.0
-0.000285913012263	0.000292618225655	0.000641387522323	-0.0399142151616	0.0418006269459	0.0904187808894	1.24000160928e-11	1.9237953235e-05	100.0
-0.000273455367671	0.000284010314707	0.00034929687153	-0.0313339592241	0.0344939293864	0.0407677018829	1.24000160928e-11	1.9237953235e-05	100.0
-0.00045976013692	0.000464517278968	4.16540119017e-05	-0.0604062728075	0.0626591542794	0.00573514308115	1.23929956197e-11	1.9227061351e-05	100.0
-4.78605599371e-05	0.000164994616137	0.000445235230143	-0.00431756428182	0.0193625253081	0.0477914206025	1.23721152444e-11	1.919466658e-05	100.0
-0.000229341901663	0.000381713279332	0.000326473404504	-0.0262805248977	0.047895870307	0.0391388638855	1.23721152444e-11	1.919466658e-05	100.0
-0.000309039626077	0.000202181133652	0.000652083411566	-0.0438059223712	0.0287074337953	0.0917709700324	1.23721152444e-11	1.919466658e-05	100.0
-9.00974117675e-05	-7.82827287728e-05	-0.000619811915398	-0.0125734919196	-0.0105792958405	-0.0811029634799	1.23721152444e-11	1.919466658e-05	100.0
0.000136853071546	-0.000486114728229	-0.000422213771128	0.0168158763751	-0.0665008235415	-0.0554172620239	1.23721152444e-11	1.919466658e-05	100.0
-0.000392440088788	0.000210379381503	0.000762768231968	-0.0578623943036	0.031032008389	0.111771590881	1.23603624898e-11	1.9176432818e-05	100.0
0.000126703837243	-0.00049432145334	1.44433297318e-05	0.010890028938	-0.0581350226672	0.000577983024991	1.23603624898e-11	1.9176432818e-05	100.0
-0.000367486964779	0.000534163723642	-4.35609141401e-05	-0.0471061607611	0.0723203320724	-0.00634602273693	1.23603624898e-11	1.9176432818e-05	100.0
4.56797831916e-05	-0.000366569558272	-0.000352177860597	0.00274265312585	-0.0434767065679	-0.0392813478577	1.23603624898e-11	1.9176432818e-05	100.0
-0.000400478666606	0.000623205121736	0.000146189444092	-0.0548317795501	0.0889833773788	0.0197918579956	1.23581799072e-11	1.9173046659e-05	100.0
-0.000172037123093	0.000118251334208	-0.000510857991844	-0.0201553282752	0.0142550218024	-0.0625393981339	1.23581799072e-11	1.9173046659e-05	100.0
-0.000406941024235	0.000417458556561	-0.000492578687084	-0.0569688073986	0.059624256565	-0.0695962517404	1.23442445699e-11	1.9151426738e-05	100.0
0.000151568452471	-0.000425540898404	-0.0005548879006	0.0202511333135	-0.0600769422316	-0.0757522148436	1.23442445699e-11	1.9151426738e-05	100.0
-0.000253985159469	0.000514934910654	0.000370651699035	-0.0324780392222	0.0711416850551	0.0503119986994	1.23163990405e-11	1.9108225908e-05	100.0
-7.08144164982e-05	-0.000130213149792	0.00063463343	-0.0105417026656	-0.0178523456037	0.0841598005061	1.23163990405e-11	1.9108225908e-05	100.0
1.18801687469e-05	-9.45438848148e-05	0.000770211141715	0.00183848985618	-0.0138626174968	0.10925521011	1.23163990405e-11	1.9108225908e-05	100.0
-0.000567130685791	0.000567557691521	-8.01694122576e-05	-0.0809456467243	0.0824577812656	-0.0110527138619	1.23163990405e-11	1.9108225908e-05	100.0
-0.000233573742644	0.00037453579962	-0.000243232361402	-0.0243400271691	0.0436397832332	-0.0276022690256	1.23163990405e-11	1.9108225908e-05	100.0
-9.1356235781e-05	5.51567142185e-05	-0.000738545409256	-0.0125719865287	0.00776429460457	-0.103572665608	1.23163990405e-11	1.9108225908e-05	100.0
0.000151296382823	-0.000593451160806	-0.000160289467168	0.0169491541436	-0.079176762787	-0.0199639926148	1.23163990405e-11	1.9108225908e-05	100.0
-0.000134071332327	6.8243778165e-05	0.000685733406632	-0.0185139117623	0.00959754643977	0.0941659226262	1.22952269836e-11	1.9075378608e-05	100.0
8.4984098273e-05	-0.000224254859698	0.000743598873162	0.0122993405609	-0.0328233972959	0.105542352617	1.22952269836e-11	1.9075378608e-05	100.0
0.000106270133088	-0.00022433671476	0.000484374196109	0.0126595239729	-0.028425458144	0.0579597087346	1.22952269836e-11	1.9075378608e-05	100.0
-0.00041749543484	0.000292017637956	0.000513422334253	-0.0578368558418	0.0404740650215	0.0715588202429	1.22952269836e-11	1.9075378608e-05	100.0
-0.000481148635426	0.000592523927909	0.00053275437516	-0.070578723387	0.088814390239	0.07903307235	1.22952269836e-11	1.9075378608e-05	100.0
0.000130697903937	-0.00049353392163	-0.000123211529521	0.0122365509938	-0.05940200626	-0.0130791629505	1.22952269836e-11	1.9075378608e-05	100.0
-0.000380217735973	0.000410576311692	0.000224860005658	-0.0481285935222	0.0538169484146	0.0283840122894	1.22952269836e-11	1.9075378608e-05	100.0
0.000122056308118	-0.000504828054735	-0.000163424666338	0.0116934502604	-0.062375314407	-0.018141508628	1.22952269836e-11	1.9075378608e-05	100.0
-0.000451047457101	0.000573483967015	-0.000298528775483	-0.063077196592	0.0827605648444	-0.0426282158101	1.22952269836e-11	1.9075378608e-05	100.0
-0.000229365941838	0.00032940065038	-0.000309038960833	-0.0251258284307	0.0393855882213	-0.0339920680637	1.22952269836e-11	1.9075378608e-05	100.0
-4.87232917848e-06	-0.000263026842888	-0.00050754782088	-0.00165453221604	-0.0342113613622	-0.0624554263165	1.22952269836e-11	1.9075378608e-05	100.0
-0.000455742178882	0.000180931746063	-0.000665167499092	-0.0666123846961	0.0256773135763	-0.096386401901	1.22952269836e-11	1.9075378608e-05	100.0
-0.000326339123696	8.75649222192e-05	-0.000468440729605	-0.0418725636759	0.0104546523051	-0.0581523570297	1.22952269836e-11	1.9075378608e-05	100.0
9.74897439633e-05	-0.000243988393586	-0.00053863003141	0.0117604914098	-0.032031482346	-0.0684365643096	1.2288578656e-11	1.9065064088e-05	100.0
-0.000335773329353	0.000407933201291	0.000267381213568	-0.0416950009217	0.0528033150687	0.0333955282888	1.22746785217e-11	1.9043498783e-05	100.0
-0.000482983717388	0.00054348579926	-0.000194164912369	-0.0674315828021	0.0777270599809	-0.0261651554127	1.22746785217e-11	1.9043498783e-05	100.0
-9.39541107519e-05	1.19700635639e-05	-0.000486937328654	-0.0102371140733	0.000432829672251	-0.0545377380103	1.22746785217e-11	1.9043498783e-05	100.0
-0.000111870938067	-0.000117400102012	0.000577564546472	-0.0146257303783	-0.0163806052033	0.0735900350355	1.22627246074e-11	1.9024952932e-05	100.0
8.9452599448e-05	-0.000353184529571	0.000597430015012	0.0116707019432	-0.0496643416325	0.0812661336494	1.22627246074e-11	1.9024952932e-05	100.0
7.72866063728e-06	-0.000391908542786	0.000357955759834	-0.00136483310797	-0.0483099987398	0.0406575447365	1.22627246074e-11	1.9024952932e-05	100.0
-0.000287473471118	0.000307580778247	-0.000232183820154	-0.0299710880153	0.0341750830851	-0.0249593472899	1.22627246074e-11	1.9024952932e-05	100.0
-0.000245379624183	0.00018565035908	-0.000391980267771	-0.027574687189	0.0218320213872	-0.0436769755714	1.22627246074e-11	1.9024952932e-05	100.0
-0.000258504128007	0.000248441322935	-0.000879932878617	-0.0382162416219	0.0373900791322	-0.131341231716	1.22627246074e-11	1.9024952932e-05	100.0
-2.60174067564e-05	-0.000168682302034	-0.000493814950462	-0.00375498640853	-0.0210726366487	-0.0570917491019	1.22627246074e-11	1.9024952932e-05	100.0
-0.000505107990076	0.00078334251712	-4.58537926362e-05	-0.0736173800722	0.117450995729	-0.00693414984523	1.22607834164e-11	1.902194128e-05	100.0
0.000134691206658	-0.000463698678206	0.00035249938377	0.0155043760387	-0.0610631611958	0.043335122828	1.22607834164e-11	1.902194128e-05	100.0
-0.000413700394454	0.000439869241468	-0.000627586499097	-0.0603112491409	0.0651275138207	-0.0920961864423	1.22607834164e-11	1.902194128e-05	100.0
0.000178196823673	-0.000479323214919	9.58975896573e-05	0.0179016777846	-0.0567883219729	0.0106560178955	1.22607834164e-11	1.902194128e-05	100.0
-5.91368223024e-06	-0.000195336438609	-0.00079941906252	-0.00084348006785	-0.0291073865469	-0.115233806716	1.22607834164e-11	1.902194128e-05	100.0
-2.17674772553e-05	-0.000211657470697	0.000522657391466	-0.00388923951945	-0.0270406511254	0.0638202524968	1.22330082928e-11	1.897884968e-05	100.0
-3.34072183716e-05	2.39256459283e-05	0.000913247448916	-0.00453354452168	0.00336096171857	0.135002615191	1.22330082928e-11	1.897884968e-05	100.0
-0.000469815047869	0.000447198911515	0.000380805891444	-0.0662270628724	0.0640406615191	0.0532151464858	1.22330082928e-11	1.897884968e-05	100.0
0.000132527868807	-0.000436007921729	-0.000369777568398	0.014434961578	-0.0564218620619	-0.046584068437	1.22330082928e-11	1.897884968e-05	100.0
