# x[AU] y[AU] z[AU] vx[AU/yr/2pi] vy[AU/yr/2pi] vz[AU/yr/2pi] m[MSUN] m[mtot] wf[%]
3.14382116538e-06	3.9529809397e-06	2.42892096154e-06	0.000544664893854	0.000368578703512	0.000489377373745	5.99148283429e-06	0.996106161937	12.9899822998
-5.22995934654e-05	-0.00118388834468	0.00033254624697	-0.0177068688127	-0.141597191927	0.0364109756535	1.27342781133e-10	2.1171207942e-05	100.0
0.000500510474692	-0.00109337789699	0.000488124188127	0.0526762990604	-0.137336998419	0.0567683310249	1.25774288775e-10	2.0910440292e-05	100.0
0.000120692251203	-0.00133194296735	-0.000245334277382	0.00488429990866	-0.169019365099	-0.0287642016116	1.23814591118e-10	2.0584633314e-05	100.0
0.000190232627917	-0.00152693529554	0.000103835403247	0.0156862462369	-0.202871278986	0.0138535345216	1.23721051864e-10	2.0569082068e-05	100.0
0.000157430562292	-0.00136299851873	-0.000440219375529	0.0102268224759	-0.178183711445	-0.0525791354996	1.21910866143e-10	2.0268132002e-05	100.0
0.000318022956112	-0.000761639126592	-0.000640459027456	0.0249201005549	-0.0851599940245	-0.0631973302622	1.16873073267e-10	1.943058032e-05	100.0
0.000435136876383	-0.00104570344556	0.000453399135854	0.0442756282582	-0.127825832481	0.0484496013621	1.16472815783e-10	1.9364036034e-05	100.0
4.97374576462e-05	-0.000972345279912	-0.00050646870671	-0.00503310020348	-0.10962348188	-0.0503344240437	1.16472815783e-10	1.9364036034e-05	100.0
0.000291292344136	-0.00113479820773	0.000224401848689	0.0235287319819	-0.134776563015	0.0234100154164	1.15109506304e-10	1.9137380796e-05	100.0
0.000374839635495	-0.000915956367352	0.000593287996719	0.0334655197915	-0.109448100842	0.0633375104034	1.14590111996e-10	1.9051029572e-05	100.0
0.000318468314396	-0.00150461214967	0.000170531148222	0.0326917985057	-0.200728723822	0.0218105703261	1.13743782908e-10	1.8910324234e-05	100.0
0.000376816279531	-0.000758684394563	0.000896224888647	0.0392923860326	-0.0951878252164	0.102677920026	1.13452956293e-10	1.8861973235e-05	100.0
0.000367027396667	-0.000359893573786	-0.0012691918869	0.0450998976956	-0.049712817272	-0.157188849908	1.13452956293e-10	1.8861973235e-05	100.0
5.28821988761e-05	-0.00099591097549	0.000786988195548	-0.00264925436308	-0.124614840041	0.0903808442251	1.12831724894e-10	1.8758691219e-05	100.0
0.00026513345816	-0.000520527473738	-0.00104194437762	0.026577338221	-0.0653113606426	-0.118575013276	1.11562960467e-10	1.8547754444e-05	100.0
0.000322022922155	-0.000999031063548	0.00061993237855	0.0308748031205	-0.121717575132	0.069095847394	1.11003233642e-10	1.8454697791e-05	100.0
0.000461850480489	-0.000985006451633	-0.0001559655164	0.0396746241118	-0.111550654843	-0.0163775947886	1.10808460776e-10	1.8422316083e-05	100.0
0.000224151491322	-0.00123870930945	-0.000158030028197	0.016859971554	-0.151820885328	-0.0158368915625	1.10086498665e-10	1.8302287214e-05	100.0
0.000348082515923	-0.00117156277232	-0.000598704761899	0.0346188640686	-0.151180531822	-0.0705989094444	1.09678094213e-10	1.8234388464e-05	100.0
0.000455189270485	-0.00073217117341	-0.000748678178479	0.0463046113782	-0.0879402568627	-0.0797610581473	1.09301573572e-10	1.8171790516e-05	100.0
0.000145819492349	-0.00152103845747	-9.22136843556e-05	0.00940633491875	-0.201576893699	-0.0107735742225	1.09167902961e-10	1.8149567283e-05	100.0
0.000427418331282	-0.000653077240263	0.00104074995788	0.0490970083877	-0.0850196767814	0.123859746192	1.08548984898e-10	1.8046669868e-05	100.0
0.000538637406294	-0.00123958305364	-0.000239237523626	0.0591188795782	-0.15823559985	-0.0298459583927	1.08548984898e-10	1.8046669868e-05	100.0
0.000467887866695	-0.000945442714647	-0.000249612979498	0.0418680150487	-0.106731350836	-0.0217186483719	1.08548984898e-10	1.8046669868e-05	100.0
0.00047766971351	-0.00127611006872	-0.000501372889588	0.0531887420865	-0.16780104185	-0.0620609738132	1.08548984898e-10	1.8046669868e-05	100.0
0.000335548293376	-0.00151757606561	0.000377435807407	0.0365993225998	-0.205486827319	0.0464711469795	1.0824719508e-10	1.7996496196e-05	100.0
0.000398856834224	-0.000902607405628	0.000378344354122	0.0336939138585	-0.0994358253673	0.0368497996517	1.0824719508e-10	1.7996496196e-05	100.0
0.00054521817855	-0.00112997637339	0.000976861920602	0.0666770111468	-0.154563106512	0.12683709123	1.07796748254e-10	1.7921607746e-05	100.0
0.000379686794539	-0.00100263279977	0.000246314213956	0.0315148942563	-0.112348674455	0.0260424824126	1.07796748254e-10	1.7921607746e-05	100.0
0.000338841198259	-0.000740915878624	-0.000921372518306	0.0355823771964	-0.0932399763397	-0.105193478604	1.07796748254e-10	1.7921607746e-05	100.0
-0.000126245840216	8.40604509085e-05	0.00116948628782	-0.0180306945825	0.00666854426223	0.133028771341	1.07420780801e-10	1.7859101768e-05	100.0
0.000603301055822	-0.00147301100195	-0.000522206735079	0.0737534733993	-0.201991444745	-0.0692466852345	1.07420780801e-10	1.7859101768e-05	100.0
0.000335545594527	-0.00122589054852	-0.000647135629324	0.0356752883812	-0.161054556816	-0.0785862246872	1.07420780801e-10	1.7859101768e-05	100.0
0.000330701777916	-0.0012824277898	1.8854788857e-05	0.0305198158327	-0.160886945983	-0.00148309125107	1.07324274442e-10	1.7843057229e-05	100.0
0.000257481876732	-0.00150102564501	7.9198408691e-05	0.0234445355935	-0.198995237214	0.0100053596508	1.07324274442e-10	1.7843057229e-05	100.0
2.43389150572e-05	-0.000886934549196	-0.000647082942859	-0.00632901629131	-0.102678640767	-0.0635634058802	1.07324274442e-10	1.7843057229e-05	100.0
0.000307006608978	-0.000127738093401	-0.00115922298833	0.0343424523334	-0.0181152521881	-0.133907971714	1.07044813349e-10	1.779659579e-05	100.0
0.000247508552694	-0.000972750873252	-0.000345322879124	0.0149407241983	-0.106809714658	-0.0332841094407	1.06861908905e-10	1.776618725e-05	100.0
0.000590083615101	-0.00104973572702	0.000673866979044	0.0667844464754	-0.135899314374	0.0820227011069	1.06293129894e-10	1.7671625638e-05	100.0
0.000649882092279	-0.00135655738321	0.000519690186827	0.0786692466749	-0.183519049258	0.066560824409	1.06293129894e-10	1.7671625638e-05	100.0
0.000352259434211	-0.00113237501702	0.000315644545187	0.031753297626	-0.13798759292	0.0328806556241	1.06293129894e-10	1.7671625638e-05	100.0
0.000242013394526	-0.000757404048131	0.00117550631013	0.0274159697284	-0.1030740567	0.145811955667	1.05541446439e-10	1.7546655485e-05	100.0
0.000646840799205	-0.00169267477214	0.0001480337393	0.0807532179259	-0.236145821634	0.0204939413307	1.05541446439e-10	1.7546655485e-05	100.0
0.000478234507024	-0.00142288484912	-0.000195662653272	0.0539230706708	-0.189193241443	-0.0242612392278	1.05541446439e-10	1.7546655485e-05	100.0
4.15005356356e-05	-0.000947547267864	0.000453751078851	-0.00738815022604	-0.102864916553	0.0424673335614	1.05470939969e-10	1.7534933524e-05	100.0
0.000161163799091	-0.00128462269356	0.000277258022918	0.00950839549545	-0.16075384193	0.0309268741994	1.05470939969e-10	1.7534933524e-05	100.0
0.000609508899307	-0.00174281228884	-0.000410569664973	0.0771414749786	-0.245773320852	-0.0548337869351	1.05165579566e-10	1.7484166229e-05	100.0
0.000178066213786	-0.000815785597876	-0.000649494107225	0.010911292312	-0.0920930637061	-0.0630827306597	1.05165579566e-10	1.7484166229e-05	100.0
-4.53215885204e-05	-0.00110627805186	0.000492564449214	-0.0159537533903	-0.133299413836	0.0507896933721	1.04540123814e-10	1.7380181899e-05	100.0
0.000540649158344	-0.000980835517066	0.000200806523578	0.0507757607236	-0.114226180683	0.0200309982184	1.04413845821e-10	1.7359187716e-05	100.0
7.27077196962e-05	-0.00103783433717	2.5705387312e-05	-0.00460115134705	-0.108940515291	0.00350399838039	1.04073584213e-10	1.7302617966e-05	100.0
6.35819005591e-05	-0.00124835094795	-0.000320701538856	-0.00394015518666	-0.153860824852	-0.036776479252	1.04073584213e-10	1.7302617966e-05	100.0
0.000163781598042	-0.00112585835689	-0.000475388661718	0.010155903307	-0.136703264483	-0.0514083266161	1.04073584213e-10	1.7302617966e-05	100.0
0.000561230045008	-0.0013731877284	0.000601433349385	0.0667967869526	-0.186172275823	0.0773657928549	1.04037878369e-10	1.7296681738e-05	100.0
0.00075657410303	-0.00153326420173	-9.94673475055e-05	0.0951892825519	-0.210863060072	-0.0137025357911	1.04037878369e-10	1.7296681738e-05	100.0
0.000544377965212	-0.0011082953079	-0.00016048250299	0.0566816231101	-0.135508427591	-0.0152887331891	1.94352995016e-10	3.2311903629e-05	100.0
0.000291560582867	-0.000948491787457	0.00102151754096	0.0324022700255	-0.126835236175	0.126094110787	1.03661810337e-10	1.7234159038e-05	100.0
0.000413915713721	-0.000775081007487	-0.00128196113589	0.0505927016645	-0.106313038771	-0.166907913166	1.03661810337e-10	1.7234159038e-05	100.0
0.000351608411108	-0.000830641775839	0.00123777875476	0.0423285508044	-0.113539412646	0.159398150391	1.03285692014e-10	1.7171627977e-05	100.0
0.000631890974061	-0.00173567136454	-7.04450866358e-05	0.0794665891732	-0.243562246236	-0.00923739759651	1.03285692014e-10	1.7171627977e-05	100.0
0.000578164398232	-0.0011211433002	-0.000470921275553	0.0650300591688	-0.143508679216	-0.0543421553805	1.03285692014e-10	1.7171627977e-05	100.0
0.000337159051897	-0.000970749562079	-0.000493192656084	0.0295676799668	-0.11476467252	-0.0490219552802	1.03285692014e-10	1.7171627977e-05	100.0
0.000351839974885	-0.00130583363089	-6.05341065807e-05	0.034037349272	-0.165226880138	-0.00580494471865	1.03138141385e-10	1.7147097139e-05	100.0
0.000265964812994	-0.00146088929587	-0.00102014149577	0.0295842216672	-0.205802213036	-0.137563702065	1.03138141385e-10	1.7147097139e-05	100.0
-3.54862648597e-05	-0.00114496607959	-0.000402321226896	-0.0163288021921	-0.136031342572	-0.0434307247354	1.02669137578e-10	1.7069123523e-05	100.0
-0.000327886237695	0.000270558810768	-0.00114238450568	-0.0410299578402	0.0275939538956	-0.132863344671	1.02669137578e-10	1.7069123523e-05	100.0
0.000220103668688	-0.000441760931595	-0.00113160606884	0.0229564839815	-0.0586229289885	-0.131132150143	1.02533153631e-10	1.7046515689e-05	100.0
-2.61032385142e-05	0.000226371800297	-0.00106743455373	-0.00573388228349	0.0223374697145	-0.113861641821	1.01780011768e-10	1.6921303072e-05	100.0
-9.3717902069e-05	-0.00114726541124	0.000315379911046	-0.0231956795215	-0.134924980497	0.0310698842946	1.01256795426e-10	1.6834316421e-05	100.0
-0.000109084772114	-0.000298103325451	-0.00149069431895	-0.0194452263208	-0.0420746477282	-0.193474959929	1.01256795426e-10	1.6834316421e-05	100.0
0.000626433265798	-0.00102055036977	0.000759250196199	0.0742547792806	-0.134236633772	0.0926588657214	1.01026216136e-10	1.6795981762e-05	100.0
0.000679432170086	-0.0014336563634	0.000362670366564	0.0836206216651	-0.194671874255	0.0470478322035	1.01026216136e-10	1.6795981762e-05	100.0
0.000445258481931	-0.00146421166775	-0.000391894871362	0.0503889193504	-0.197181994146	-0.0478628084749	1.01026216136e-10	1.6795981762e-05	100.0
0.000233170901997	-0.000753637694657	-0.000710845557376	0.0167453772249	-0.0854667500546	-0.0704557497759	1.01026216136e-10	1.6795981762e-05	100.0
0.000489160388063	-0.000683404118933	-0.000728211035226	0.0483155351039	-0.0815289133216	-0.0757966609175	1.01026216136e-10	1.6795981762e-05	100.0
0.000185329727671	-0.00107757553216	0.000313090672988	0.0102560874857	-0.1237528984	0.0326446763424	1.00784070164e-10	1.67557241e-05	100.0
0.000369597647254	-0.00101670492754	0.000609435018817	0.0354423229773	-0.124789108709	0.0691922602531	1.00649041726e-10	1.6733275123e-05	100.0
0.000585070844127	-0.00133399780362	0.000345397890987	0.0679428483872	-0.176736202115	0.0424327538785	1.00649041726e-10	1.6733275123e-05	100.0
0.000475628782569	-0.000950938158641	0.00120016894646	0.0584644362624	-0.131085788795	0.157231346289	1.00271615865e-10	1.6670526679e-05	100.0
0.000362088410561	-0.00165851756044	0.00017184044292	0.0396691252353	-0.227504961995	0.0209985517099	1.00271615865e-10	1.6670526679e-05	100.0
0.000540501541463	-0.00136615248355	2.1218857101e-05	0.0607685359697	-0.179295171579	0.00134610016775	1.00271615865e-10	1.6670526679e-05	100.0
0.000580379297023	-0.000928871247898	-0.000735916058931	0.0644801746226	-0.118149870562	-0.0879382782632	1.00271615865e-10	1.6670526679e-05	100.0
0.00057122712036	-0.00100296803041	-0.000786062416328	0.0663240686873	-0.130677833452	-0.0957696900515	1.00271615865e-10	1.6670526679e-05	100.0
-0.000231122602075	-0.000484245061979	0.00101551875832	-0.0332675774838	-0.0602897119998	0.109795028388	9.9835602247e-11	1.6598037803e-05	100.0
-2.04748742965e-05	-0.00110861931332	8.69557475459e-05	-0.0157704476787	-0.122559609116	0.00718964167527	9.9835602247e-11	1.6598037803e-05	100.0
0.000661587793087	-0.00103334442935	6.64289260509e-05	0.0692135193899	-0.125957225319	0.00855654054874	9.95160600864e-11	1.6544912738e-05	100.0
0.000174218991969	-0.00165295531797	-0.000276361046515	0.0132376043295	-0.225375362253	-0.0360623500368	9.95160600864e-11	1.6544912738e-05	100.0
0.000244902684307	-0.000943855740923	-0.00148022082897	0.0289328923417	-0.134412977035	-0.200921227817	9.95160600864e-11	1.6544912738e-05	100.0
0.000504481094944	-0.000948096757369	0.000144356599776	0.0438329698373	-0.106993093624	0.0140794537524	9.91378798775e-11	1.6482038881e-05	100.0
0.000239700636548	-0.000684102006406	-0.00111626832092	0.0250434903291	-0.0893867028993	-0.135517546374	9.88828093962e-11	1.6439632471e-05	100.0
0.000419251844472	-0.00113724557792	-4.60288620318e-05	0.0382181067884	-0.136084261913	-0.00627658257457	9.87593979291e-11	1.6419114859e-05	100.0
5.67987127286e-05	-0.000635403951167	0.00110698970664	-0.000248758138787	-0.0811312106895	0.131608722388	9.84047031134e-11	1.6360145535e-05	100.0
0.000515608357633	-0.00167593257803	-0.000189202449711	0.0615374554133	-0.23195726054	-0.0246665574998	9.83806142411e-11	1.6356140671e-05	100.0
0.000450227229605	-0.00135675351661	-0.00054637292028	0.050760501409	-0.181300951072	-0.0678027072141	9.80014785237e-11	1.6293107957e-05	100.0
0.000308501242618	-0.0011498136667	-0.00085074050683	0.0328513071563	-0.153256856423	-0.104407805782	9.80014785237e-11	1.6293107957e-05	100.0
0.000361286130559	-0.00153912774355	-6.02370124423e-05	0.0387703003895	-0.206431354875	-0.00869672888142	9.79253898726e-11	1.6280457937e-05	100.0
9.7070653025e-05	-0.0012817283015	-0.000962771230741	0.00551721845397	-0.176058354544	-0.123747316696	9.79253898726e-11	1.6280457937e-05	100.0
0.000191110585547	-0.000797526586052	0.00117343829233	0.0193332588671	-0.106441516943	0.146127676828	9.74448193837e-11	1.6200561318e-05	100.0
0.000683291869675	-0.000896431099537	0.00141294494367	0.0903651693946	-0.127419672499	0.192230671903	9.72422012904e-11	1.6166875311e-05	100.0
0.000517009331577	-0.00172531401471	-5.41265727701e-05	0.0623852681079	-0.239505426006	-0.00722396731652	9.72422012904e-11	1.6166875311e-05	100.0
-6.16214917797e-05	-0.000807321971194	0.000942227124493	-0.0148466152293	-0.102454217169	0.106588132062	9.69629413569e-11	1.6120447315e-05	100.0
0.000287289295462	-0.00100816805957	0.000870141402688	0.0306995175228	-0.132098937489	0.103012931094	9.69629413569e-11	1.6120447315e-05	100.0
-0.00023304138482	0.000404221891261	0.00137328076027	-0.0319031610126	0.0486577671144	0.174840130155	9.69629413569e-11	1.6120447315e-05	100.0
5.38396275115e-05	-0.000526231216411	0.00107149200045	0.00144352690896	-0.066701412482	0.121144790261	9.69629413569e-11	1.6120447315e-05	100.0
0.000132315652064	-0.000823674005074	0.00089673819582	0.00833064312197	-0.102241225098	0.102221131688	9.69629413569e-11	1.6120447315e-05	100.0
0.000227252101951	-0.00161741875775	0.000468760281085	0.020998114238	-0.221761342135	0.0616965591138	9.69629413569e-11	1.6120447315e-05	100.0
6.47729789873e-05	-0.000266394703952	-0.00111431097969	0.00306038510036	-0.0357820824359	-0.123344111658	9.64812644898e-11	1.6040366756e-05	100.0
0.000670633222923	-0.00120072040818	-0.000472107642672	0.0790716868593	-0.15687098425	-0.0591312652513	9.64812644898e-11	1.6040366756e-05	100.0
0.000593417197956	-0.000959318092487	-0.00131284258821	0.0773736301694	-0.134883306177	-0.176201212083	9.64812644898e-11	1.6040366756e-05	100.0
0.000401233155252	-0.000614222852819	-0.00115183296402	0.0452812835819	-0.0805992470257	-0.14166417885	9.64812644898e-11	1.6040366756e-05	100.0
-2.4990025965e-05	-0.000682052733856	0.00147571879183	-0.00822684944407	-0.095662619651	0.194863621844	9.59952123995e-11	1.59595588e-05	100.0
3.23372486959e-05	-0.000808269623052	0.00066476308375	-0.00432491842892	-0.0898014434781	0.0626790969663	9.59952123995e-11	1.59595588e-05	100.0
0.000117264878035	-0.000560725907952	-0.00101316577576	0.00881155630063	-0.0704037728483	-0.11107014408	9.57186681217e-11	1.5913582291e-05	100.0
0.000456175888164	-0.00093426400039	5.98460852966e-05	0.0361264063446	-0.101182207975	0.00483806454519	9.53366155889e-11	1.5850064646e-05	100.0
0.000631967431459	-0.000960239607809	0.000416473516879	0.0669398348533	-0.117718557656	0.0447430505351	9.49540601568e-11	1.5786463392e-05	100.0
0.000607643944942	-0.000923833083007	0.00032518956714	0.0606016780613	-0.109610497826	0.0329875333618	9.49540601568e-11	1.5786463392e-05	100.0
1.42010145623e-05	-0.00116220178587	0.000395216715742	-0.00968674153826	-0.138862750104	0.0417666707466	9.49540601568e-11	1.5786463392e-05	100.0
0.000485058039613	-0.000903865580354	0.000262971601768	0.0413281176555	-0.100210192902	0.0241683390143	9.49540601568e-11	1.5786463392e-05	100.0
0.000436270802737	-0.000923888752248	0.000926194123163	0.0491060687353	-0.120536887046	0.112211688704	9.45710018255e-11	1.5722778529e-05	100.0
0.000440638755669	-0.00177641403836	7.35468197543e-05	0.052175379379	-0.2474535417	0.00856720015253	9.45710018255e-11	1.5722778529e-05	100.0
0.00027233511948	-0.00082645261501	0.000760954834767	0.024174128716	-0.0992333763902	0.0818463307438	9.41873903051e-11	1.5659001696e-05	100.0
8.40940710796e-05	-0.00139045960084	0.000467728192364	0.00125931026239	-0.182039203407	0.0600727957918	9.41873903051e-11	1.5659001696e-05	100.0
2.96666376288e-05	-0.00100115977821	0.000537749264977	-0.00631782706854	-0.116331179565	0.053302188303	9.40423038819e-11	1.5634880542e-05	100.0
0.00041564881006	-0.00123870805582	0.000856152711604	0.0497515922869	-0.169094384821	0.108160559623	9.40423038819e-11	1.5634880542e-05	100.0
0.000317378332612	-0.00106097958438	0.000442152509401	0.028063538244	-0.126905773514	0.0467379920564	9.38032255956e-11	1.5595132893e-05	100.0
0.000241361928803	-0.00107247437954	-0.00128801566251	0.0266197637849	-0.149511689384	-0.170978607819	9.3418407117e-11	1.5531155399e-05	100.0
-0.00026560049599	-0.000339858019777	-0.00114854130126	-0.037092328286	-0.0452239905087	-0.131283488631	9.30562693931e-11	1.5470948664e-05	100.0
-6.12283375394e-05	-0.00042011661303	0.00132691249602	-0.0122590875408	-0.0580403684106	0.164978644864	9.26469094329e-11	1.5402891058e-05	100.0
0.000656391235507	-0.00145090428864	0.000777872539465	0.0838539222112	-0.20186609031	0.103310653511	9.26469094329e-11	1.5402891058e-05	100.0
0.000529436201822	-0.00155496556175	0.000606663006655	0.0642890952394	-0.214542905142	0.0816136253894	9.26469094329e-11	1.5402891058e-05	100.0
0.000341413268023	-0.00111452005286	-0.00024429316378	0.0297615140556	-0.132917034519	-0.0238747878923	9.26469094329e-11	1.5402891058e-05	100.0
0.000677465028852	-0.00112341533923	-0.00045018887347	0.0785208764243	-0.145130453634	-0.0537905687518	9.26469094329e-11	1.5402891058e-05	100.0
0.000676755777046	-0.00120474280059	-0.000717766895528	0.0838166408341	-0.162776678017	-0.0913044441873	9.26469094329e-11	1.5402891058e-05	100.0
-0.000138697615159	-0.00113934458661	0.000155195777121	-0.0291841577726	-0.130355389427	0.0102468297505	9.25606622177e-11	1.538855214e-05	100.0
-4.81029941992e-05	-0.000342151894833	0.00123715977643	-0.00970758403148	-0.0470282006508	0.147881024014	9.25606622177e-11	1.538855214e-05	100.0
0.000465797064202	-0.00127137247489	0.000865286206376	0.0562110403385	-0.173441885312	0.112412072148	9.25606622177e-11	1.538855214e-05	100.0
-5.21249296378e-05	-0.000516374485309	-0.00127738717073	-0.0116292231176	-0.0698769409977	-0.157109918814	9.25606622177e-11	1.538855214e-05	100.0
-0.000254245213672	0.000231383729889	-0.00115644594974	-0.032376498471	0.0235329253768	-0.132685351344	9.20632446051e-11	1.5305854624e-05	100.0
0.000301060441918	-0.00115638803541	0.00121448871531	0.0346837961643	-0.160770399474	0.160970006181	9.1872696093e-11	1.5274175229e-05	100.0
0.000453279584333	-0.00111399739575	0.000660305070024	0.0499577222179	-0.143436991735	0.0781176812878	9.1872696093e-11	1.5274175229e-05	100.0
0.000152004411631	-0.00130229658082	0.000152803658047	0.00733491236111	-0.161502312735	0.0151502060872	9.1872696093e-11	1.5274175229e-05	100.0
0.000604862681003	-0.00184860176496	2.61772315995e-05	0.0765804594215	-0.260705726072	0.00249461916613	9.1872696093e-11	1.5274175229e-05	100.0
-3.91962713551e-05	-0.00040193777216	0.00157778862577	-0.00913820100033	-0.0578841819025	0.208589359441	9.15639159756e-11	1.5222839394e-05	100.0
1.60817032598e-05	-0.000934607445786	0.000664077589261	-0.00726417043335	-0.109199081378	0.0692039531447	9.15639159756e-11	1.5222839394e-05	100.0
0.000164116320781	-0.00147682581253	0.000103680766908	0.0107943298114	-0.193454288698	0.0117975579443	9.15639159756e-11	1.5222839394e-05	100.0
2.81367900539e-05	-0.00104031553733	-0.000854834964372	-0.00416706938494	-0.133982967452	-0.100678823842	9.15639159756e-11	1.5222839394e-05	100.0
-0.000219412697724	9.3131139279e-05	-0.00119938260204	-0.0290766996258	0.00724226564971	-0.138924210261	9.15639159756e-11	1.5222839394e-05	100.0
-9.56991866864e-05	-0.000743145647126	0.00115810074862	-0.0185004467487	-0.100043666979	0.141166762827	9.14844578998e-11	1.5209629195e-05	100.0
0.000647879213965	-0.00158254382641	-0.000469177617887	0.0817235196494	-0.21986105532	-0.0640299748431	9.14844578998e-11	1.5209629195e-05	100.0
0.000534168662295	-0.000934960243455	-0.000211635668836	0.0480078200284	-0.106027606939	-0.0224708886113	9.14844578998e-11	1.5209629195e-05	100.0
0.000143814044674	-0.000128355452589	-0.00136992424191	0.015442100505	-0.0198759722167	-0.170199688455	9.10955156477e-11	1.5144966108e-05	100.0
0.000352979293809	-0.00140741948695	0.00131336998442	0.043690361578	-0.201712778954	0.181405942947	9.0705718467e-11	1.5080160887e-05	100.0
0.000314373021019	-0.00131906012343	0.000411711921278	0.0299661987766	-0.170332893381	0.0512600191469	9.0705718467e-11	1.5080160887e-05	100.0
0.000295672340923	-0.00104517311589	-0.000639526179586	0.0261746336971	-0.129112585108	-0.0733888474419	9.0705718467e-11	1.5080160887e-05	100.0
0.000576379121545	-0.0017715449742	0.000130161327276	0.0721300752169	-0.249176463073	0.0166496994249	9.05594250856e-11	1.5055839071e-05	100.0
0.000236555426795	-0.000136530224431	0.00104140817868	0.0220786378086	-0.0178654106635	0.109170714396	9.03151166475e-11	1.5015221891e-05	100.0
-0.000207108483838	0.000122233797917	0.00130473272465	-0.0294641634617	0.0111730835443	0.159022637592	9.03151166475e-11	1.5015221891e-05	100.0
0.000385281965033	-0.000553481911925	0.000995417536381	0.0398785944178	-0.0695291206958	0.113090112495	9.03151166475e-11	1.5015221891e-05	100.0
0.000258778191126	-0.000404018498988	0.00149011904051	0.0317795372364	-0.0578697568258	0.194612252097	9.03151166475e-11	1.5015221891e-05	100.0
-0.000107360462036	-0.00127779469718	-0.000130642685625	-0.0271982293688	-0.155293676623	-0.0154467594298	9.03151166475e-11	1.5015221891e-05	100.0
0.000184379540417	-0.00106951733919	-0.000444988242911	0.00990142552539	-0.127008005297	-0.0468650404088	9.03151166475e-11	1.5015221891e-05	100.0
0.000194405162733	-0.00168121504927	-0.000462440948519	0.0173686202446	-0.231406619155	-0.06034071047	9.03151166475e-11	1.5015221891e-05	100.0
0.000409903917316	-0.00102547069595	-0.000924254566479	0.0460757031402	-0.135414586463	-0.115537881629	9.03151166475e-11	1.5015221891e-05	100.0
0.000400461737261	-0.000265958310923	-0.00130320088874	0.0493307999015	-0.0378354810724	-0.161896673081	8.95312476427e-11	1.4884900772e-05	100.0
0.000234437553007	-0.000787689050309	-0.00122677143552	0.0257307205497	-0.108099626196	-0.154829149826	8.95312476427e-11	1.4884900772e-05	100.0
0.000675616021118	-0.000885645978984	-0.00171846933815	0.0932653035637	-0.129441685679	-0.240429089562	8.95312476427e-11	1.4884900772e-05	100.0
0.000591378654402	-0.00102435572273	-0.000480671466629	0.0643012085955	-0.128358090476	-0.0532731727088	8.95312476427e-11	1.4884900772e-05	100.0
0.000489591736228	-0.000973353158161	-0.00107618566719	0.0590184166673	-0.131279197256	-0.137914106569	8.95312476427e-11	1.4884900772e-05	100.0
0.000548311149505	-0.000785286177873	0.000511945790108	0.0524448194417	-0.0905188655873	0.0505293054853	8.87437074736e-11	1.4753969309e-05	100.0
0.000512489365372	-0.00106925961099	0.00014975098796	0.0492972319569	-0.127624756262	0.0154079859686	8.87437074736e-11	1.4753969309e-05	100.0
-1.40561883392e-06	-0.000187930902669	0.00132200615005	-0.00292385614499	-0.0277700190861	0.161443509268	8.80103798398e-11	1.463205088e-05	100.0
0.00027025457609	-0.00141979749502	0.000657062735192	0.0278087431675	-0.192854225544	0.0822268037274	8.80103798398e-11	1.463205088e-05	100.0
6.66115509591e-05	-0.0016864961975	0.000448998253543	-0.000546354427707	-0.23191679293	0.0586637769967	8.80103798398e-11	1.463205088e-05	100.0
-0.000101242078347	-0.00126477246751	0.000190171664756	-0.0244682731389	-0.153147705462	0.0207682633841	8.80103798398e-11	1.463205088e-05	100.0
0.000138139523907	-0.00162024885565	-0.000349893635886	0.00793463545827	-0.220625258373	-0.0451536353375	8.80103798398e-11	1.463205088e-05	100.0
0.000169962500629	-0.00128874406746	-0.000346169480071	0.010772957162	-0.162658318437	-0.0393623799385	8.80103798398e-11	1.463205088e-05	100.0
0.000184566950437	-0.0016011887605	-0.000437350856037	0.0153798655325	-0.218531810338	-0.0557553634074	8.80103798398e-11	1.463205088e-05	100.0
0.00023719528387	-0.00141713491574	-0.000515160368904	0.0223397668577	-0.188791691413	-0.0632580720516	8.80103798398e-11	1.463205088e-05	100.0
0.000155231875256	-0.000965739840173	-0.00144386750219	0.0165641822591	-0.136947303532	-0.193660292952	8.80103798398e-11	1.463205088e-05	100.0
9.57408656686e-05	-0.000945203720403	-0.0010094952806	0.0064636301663	-0.124532605437	-0.121531204798	8.80103798398e-11	1.463205088e-05	100.0
0.000327971537084	-0.000385243707376	0.00105539916558	0.0347291168778	-0.0494448805027	0.117119735956	8.79520938209e-11	1.4622360614e-05	100.0
8.98860477096e-05	0.000119241724321	0.00108647638198	0.00946353739797	0.00901959728098	0.116829576872	8.79520938209e-11	1.4622360614e-05	100.0
0.000503541908381	-0.00148515802899	0.000726622993438	0.0611612660923	-0.205883527855	0.0956709481515	8.79520938209e-11	1.4622360614e-05	100.0
0.00017371649245	-0.00104314996096	0.000392061393525	0.00802322683719	-0.119660669913	0.0395241393986	8.79520938209e-11	1.4622360614e-05	100.0
1.60694097092e-07	-0.0010978221301	1.88156732782e-05	-0.0138389323858	-0.120000814856	0.00196857052763	8.79520938209e-11	1.4622360614e-05	100.0
0.000561717138331	-0.00126181726549	-0.000113346837349	0.0620434049267	-0.16161917904	-0.0130191939309	8.79520938209e-11	1.4622360614e-05	100.0
0.000663663153783	-0.00149122826205	-0.000256948707185	0.0814299142761	-0.203003177871	-0.0328857162428	8.79520938209e-11	1.4622360614e-05	100.0
0.000244953795749	-0.000902323093627	-0.000543659098692	0.0189250879704	-0.102724485222	-0.0526758310263	8.79520938209e-11	1.4622360614e-05	100.0
0.000216283690601	-7.02795595807e-05	0.0013054657036	0.0258164522864	-0.0131084008713	0.158616243606	8.71562055249e-11	1.4490041243e-05	100.0
0.000415284823603	-0.00144551429849	-0.000724361717202	0.0480270391507	-0.198422502706	-0.0942494629974	8.71562055249e-11	1.4490041243e-05	100.0
9.15229587556e-05	-0.000732751429396	0.000914624156813	0.00348830298344	-0.0900154294808	0.101103594752	8.69738542699e-11	1.4459724673e-05	100.0
0.000158567212027	-0.00115843947998	0.000171292541612	0.00549844624536	-0.135500428825	0.0174827639174	8.69738542699e-11	1.4459724673e-05	100.0
-0.000184620305288	-0.00108585301976	6.9612640262e-05	-0.0346628664354	-0.117382496613	0.00842317890896	8.69738542699e-11	1.4459724673e-05	100.0
0.000232219618257	-0.00104584113395	-0.00103138464203	0.0240054135458	-0.141105202975	-0.129452415009	8.69738542699e-11	1.4459724673e-05	100.0
4.40318294002e-06	-0.00115955052514	-0.000750272864345	-0.00717841539868	-0.150160672567	-0.0876050240041	8.69738542699e-11	1.4459724673e-05	100.0
5.1244146971e-05	0.000409977454866	-0.00100824973393	0.00496469781555	0.0422296948638	-0.107150654304	8.67565012296e-11	1.4423588927e-05	100.0
0.000346441619794	-0.00138738498134	0.00114963644867	0.041621119605	-0.195926458194	0.154951227546	8.63556402661e-11	1.4356944311e-05	100.0
0.0003918007692	-0.00180727925341	0.000359311788159	0.0455416458257	-0.253006924969	0.0493613911591	8.63556402661e-11	1.4356944311e-05	100.0
0.000377372344545	-0.000366454386947	-0.00118785395927	0.0428615665411	-0.0470300335738	-0.142786050865	8.63556402661e-11	1.4356944311e-05	100.0
5.4692829041e-05	0.000389671394708	0.00161945895838	0.00598499574562	0.0512146127787	0.216863440793	8.59534717647e-11	1.4290082311e-05	100.0
0.000137106015226	-0.0011012944092	2.30425717383e-05	0.00312495952597	-0.123146006587	0.0062745398772	8.59534717647e-11	1.4290082311e-05	100.0
0.000591349176576	-0.00149488202381	-0.000629621929064	0.0729260722214	-0.206122486319	-0.0829108458335	8.59534717647e-11	1.4290082311e-05	100.0
0.000424727209068	-0.00155591818748	-0.00117773422119	0.0534260812629	-0.223675273623	-0.16291962485	8.59534717647e-11	1.4290082311e-05	100.0
0.000475318110781	-0.00123562042578	-0.00114000874974	0.0600933209631	-0.173574685514	-0.151035526742	8.59534717647e-11	1.4290082311e-05	100.0
9.33922592924e-06	-0.00142032227655	-0.000698153361952	-0.00672578426831	-0.192058695382	-0.0865669641835	8.59265163669e-11	1.4285600877e-05	100.0
5.74070838028e-05	-0.000467877224305	0.00103374199116	0.000355734964541	-0.0573923142594	0.112277317587	8.55500460153e-11	1.4223011289e-05	100.0
5.73575106942e-05	0.000666793938578	-0.00106127073104	0.00918291589332	0.0770052522513	-0.125864814744	8.55500460153e-11	1.4223011289e-05	100.0
-3.64805640332e-05	0.000186902542992	-0.00102687085312	-0.00510293163061	0.0155753403662	-0.105358971325	8.55500460153e-11	1.4223011289e-05	100.0
0.000324084905321	-0.00147640208224	-0.00035072151295	0.0330543648986	-0.19643952639	-0.0442515126289	8.55500460153e-11	1.4223011289e-05	100.0
0.000249858110487	-0.000970158131535	-0.000785050743373	0.0242815931944	-0.124061312159	-0.0885184944136	8.55500460153e-11	1.4223011289e-05	100.0
3.23123500253e-05	-0.00105219810525	8.74733396389e-05	-0.0110139025226	-0.113475884989	0.00489661766266	8.53985224821e-11	1.4197819942e-05	100.0
6.66432619913e-05	-0.00108547147429	-0.000475982203108	-0.00244582058029	-0.1299335035	-0.0508088167811	8.53985224821e-11	1.4197819942e-05	100.0
-9.48438892787e-05	-0.00122191157384	-0.000484477688652	-0.0215615484896	-0.152630964968	-0.0530690765142	8.53985224821e-11	1.4197819942e-05	100.0
4.75251251594e-05	6.3399593368e-05	0.0011238530133	0.00319247659181	0.00321597436976	0.122895168975	8.51453127279e-11	1.4155722885e-05	100.0
0.000207885870765	-0.000361320025332	-0.00166276035151	0.0253333054584	-0.0527977136166	-0.223556710644	8.51453127279e-11	1.4155722885e-05	100.0
0.000388882687179	-0.00127478594446	-0.000682461593352	0.0427319013837	-0.169398159863	-0.0837040695293	8.51453127279e-11	1.4155722885e-05	100.0
0.000148986594373	-0.00156015871114	0.000654222555475	0.0112273365447	-0.214415771941	0.0843084350028	8.48675112021e-11	1.4109537354e-05	100.0
0.00020032343707	-0.00146723844974	0.00062848255782	0.0179083779994	-0.198647762237	0.0802036191025	8.48675112021e-11	1.4109537354e-05	100.0
0.000271519157939	-0.00163809529971	-0.000268400435615	0.0268772605951	-0.224492602561	-0.0349966786638	8.48675112021e-11	1.4109537354e-05	100.0
0.000435551384035	-0.00144333962375	-0.000601095942745	0.0508671446236	-0.196422945525	-0.0776422677374	8.48675112021e-11	1.4109537354e-05	100.0
-1.66572295283e-05	-0.000633017035329	-0.00133940960591	-0.00717754808363	-0.087991814897	-0.170665002366	8.48675112021e-11	1.4109537354e-05	100.0
-0.00013032563797	-0.000499216768765	-0.001709526512	-0.0223585309299	-0.0729418044784	-0.232609269386	8.48675112021e-11	1.4109537354e-05	100.0
0.000399460057957	-0.000774178559147	0.00120945566507	0.0490419994717	-0.106383312243	0.152899027149	8.47391210328e-11	1.4088192014e-05	100.0
0.000487876202365	-0.00113044995894	0.000720792718275	0.0561254332119	-0.148604285718	0.0862931765722	8.47391210328e-11	1.4088192014e-05	100.0
0.000488416867547	-0.00152119850714	0.000362204213004	0.0570760147029	-0.206479832485	0.0457265640517	8.47391210328e-11	1.4088192014e-05	100.0
0.000135960645675	-0.00131359405926	-6.81245038603e-05	0.00448523701971	-0.163667219471	-0.00834369967806	8.47391210328e-11	1.4088192014e-05	100.0
-8.22614766468e-05	0.000167029914591	-0.00115915469404	-0.0126960582093	0.0160609416648	-0.130268400393	8.43333819469e-11	1.4020736392e-05	100.0
-9.86932619891e-05	-0.0010050204766	-0.000320880091684	-0.0237973804618	-0.107832493456	-0.0270810204832	8.39224127093e-11	1.3952411238e-05	100.0
0.00059305305639	-0.00148572534763	-0.00106484248362	0.0774445369143	-0.211458757747	-0.144620514954	8.39224127093e-11	1.3952411238e-05	100.0
-0.000191386589168	-0.000207304310896	0.00115898678343	-0.0272738406669	-0.029345757049	0.130847824376	8.3795883267e-11	1.393137525e-05	100.0
1.64066540908e-05	-0.00114987209734	0.000516388988537	-0.00857354832821	-0.141034935251	0.0553292533522	8.3795883267e-11	1.393137525e-05	100.0
0.000396804524411	-0.00168968183984	-0.000173736159287	0.0454528796101	-0.233330922592	-0.0229159252745	8.3795883267e-11	1.393137525e-05	100.0
6.85934296323e-05	-0.00128292200478	-0.000102586911332	-0.00406685698415	-0.157080203092	-0.00968788208962	8.3795883267e-11	1.393137525e-05	100.0
0.000146320048698	-0.00110941211592	-0.000754691457116	0.00922897650041	-0.141188299364	-0.0913499064848	8.3795883267e-11	1.393137525e-05	100.0
0.000251212998662	-0.00154516517948	-0.000839932018498	0.0264747476497	-0.215482058696	-0.111803900906	8.3795883267e-11	1.393137525e-05	100.0
0.000107635975263	-2.04711911578e-05	-0.00118129570236	0.010598003827	-0.00686223433768	-0.134091705771	8.3795883267e-11	1.393137525e-05	100.0
0.000366997216933	-0.000974610009339	0.00151470148519	0.0467231044818	-0.139639810328	0.205838333731	8.30994684355e-11	1.3815593711e-05	100.0
-0.000141545621986	0.000527595694769	0.00131213842778	-0.0187861219352	0.0658149913179	0.165601000662	8.30994684355e-11	1.3815593711e-05	100.0
0.000251378219757	-0.00135590003488	0.00101070255969	0.0259151681837	-0.18785029416	0.134884554819	8.30994684355e-11	1.3815593711e-05	100.0
0.000107857429143	-0.0011159318654	0.000360383728162	0.00044894883841	-0.130808388967	0.0369217933483	8.30994684355e-11	1.3815593711e-05	100.0
0.00034760277475	-0.00114472081126	0.000268416093833	0.0317738286282	-0.138349105733	0.0267324859224	8.30994684355e-11	1.3815593711e-05	100.0
0.000644553695262	-0.00190403287525	-0.000269815564133	0.0830660094168	-0.27084448024	-0.0370569618743	8.30994684355e-11	1.3815593711e-05	100.0
0.000520362348567	-0.000731105654902	-0.000532175243976	0.0478139478878	-0.0824174360865	-0.0502872980176	8.30994684355e-11	1.3815593711e-05	100.0
