# x[AU] y[AU] z[AU] vx[AU/yr/2pi] vy[AU/yr/2pi] vz[AU/yr/2pi] m[MSUN] m[mtot] wf[%]
1.01919219338e-06	3.35136251077e-06	-1.20124234216e-06	0.000283347610656	0.000326479855874	-0.000107662242987	5.98053544595e-06	0.996410672585	16.5056803845
0.000443122575026	-0.000857196582812	0.000380531808178	0.040285182959	-0.0934508190328	0.0370834809656	1.41711617475e-10	2.3610422404e-05	100.0
0.000267177470769	-0.000991815973354	-0.000682652163712	0.0247057499742	-0.12297698284	-0.0774877471772	1.33341664697e-10	2.2215913442e-05	100.0
0.000752099758463	-0.00127953720714	0.000161611805615	0.0918639405608	-0.170073739201	0.0233420430472	1.30009404215e-10	2.1660729054e-05	100.0
0.000449906705577	-0.000903123807965	-0.00105956237357	0.0530364687834	-0.1217357327	-0.135130688623	1.30009404215e-10	2.1660729054e-05	100.0
0.000578984771452	-0.00130414320723	-0.000215518461206	0.0673817992806	-0.171375550594	-0.0252422117006	1.25847108581e-10	2.096725339e-05	100.0
0.000203177707522	-0.00092987949166	-0.00077189211778	0.0152164220217	-0.114516002594	-0.0883775793635	1.25847108581e-10	2.096725339e-05	100.0
0.000918394756403	-0.00171014144234	-0.000229702297701	0.123977028294	-0.244446992129	-0.0322012299227	1.25014307483e-10	2.0828501281e-05	100.0
0.00063756115127	-0.000801287402816	-0.000830179480556	0.0751029862394	-0.103927667883	-0.099514344847	1.25014307483e-10	2.0828501281e-05	100.0
0.000488858562992	-0.000937399718417	0.000508036379244	0.0488281381522	-0.112210863222	0.0568394479701	1.24181204645e-10	2.06896989e-05	100.0
0.000479482038757	-0.00120668765027	0.000596703949049	0.0542890657271	-0.158520481136	0.0752598354947	1.24181204645e-10	2.06896989e-05	100.0
0.000254656020742	-0.00107712532983	-0.000264033120994	0.0194948764334	-0.12513586925	-0.0254159452228	1.24181204645e-10	2.06896989e-05	100.0
0.00050879166609	-0.000994546829202	0.000532033369089	0.0537372958371	-0.122801924193	0.0598591836006	1.21679331345e-10	2.0272864441e-05	100.0
0.000484132866739	-0.0013965567923	0.000306534623591	0.0550665086933	-0.18684046578	0.0376063593338	1.21679331345e-10	2.0272864441e-05	100.0
0.000440578025928	-0.000671232313202	0.000975455520103	0.0464072224489	-0.083155953352	0.117961043599	1.2084421691e-10	2.0133726911e-05	100.0
0.000709083214645	-0.00105347311986	-0.000791967637678	0.0870610405789	-0.14138265756	-0.102401724907	1.20426408244e-10	2.0064116251e-05	100.0
0.000274882616702	-0.000855069069576	0.000750399541683	0.0244308305653	-0.10332091372	0.0827158443988	1.20008398417e-10	1.9994472077e-05	100.0
0.000580492517872	-0.00111420633529	-0.000247554038241	0.0621729879511	-0.139374173999	-0.0299857705497	1.19590187431e-10	1.9924794388e-05	100.0
0.000250136626891	-0.00129343363495	0.000347007567862	0.020823541238	-0.165337808777	0.0427275522807	1.19171775285e-10	1.9855083184e-05	100.0
0.00028639282208	-0.00108076761503	-0.000349126095777	0.0225484011231	-0.12815909099	-0.0371580745195	1.19171775285e-10	1.9855083184e-05	100.0
0.000129769930355	-0.000907323943549	0.000589475757438	0.00465136207185	-0.103346112527	0.0593020696792	1.18334196644e-10	1.9715535094e-05	100.0
0.000411846610481	-0.00121376985842	2.83303685077e-05	0.0412710297098	-0.150842571002	-0.000715092552243	1.17915030149e-10	1.9645698209e-05	100.0
0.000196617556823	-0.00108955651606	0.000208118340805	0.0109340043534	-0.125220275646	0.0204081607006	1.17495612204e-10	1.9575819429e-05	100.0
0.000830649079085	-0.000898766660988	-0.000508603973452	0.0971381548435	-0.11517672283	-0.0614044043514	1.17381856402e-10	1.9556866696e-05	100.0
0.000739945561404	-0.000916586094564	-0.000828669163671	0.0903347378805	-0.121708964679	-0.10550927322	1.17381856402e-10	1.9556866696e-05	100.0
0.00075980702585	-0.00156280742063	-0.000112219368501	0.0969871850546	-0.217871592928	-0.015507474138	1.15814923031e-10	1.9295801587e-05	100.0
0.000544538243057	-0.000889922156091	-0.000157310482595	0.0507934185449	-0.0971730336347	-0.0182871232743	1.15814923031e-10	1.9295801587e-05	100.0
0.000679003433904	-0.000907290831914	-0.000933437236884	0.0835371033144	-0.121622757257	-0.119185270832	1.15814923031e-10	1.9295801587e-05	100.0
0.000222928863298	-0.000721685381248	-0.000979376832801	0.0190576187063	-0.0907625074544	-0.114242240568	1.15814923031e-10	1.9295801587e-05	100.0
0.000249161727955	-0.00100772957272	-6.08402728783e-05	0.0143147963831	-0.108615678602	-0.00650940713047	1.15512429154e-10	1.9245403403e-05	100.0
0.000660854789252	-0.00090389914995	-0.000106439995058	0.0668944377982	-0.104582358413	-0.0105390525563	1.15045939843e-10	1.9167682113e-05	100.0
0.00056237531542	-0.000891328593155	-6.95309614858e-05	0.0503348123622	-0.0988338551775	-0.00839958800647	1.14972667428e-10	1.9155474274e-05	100.0
0.000740517103095	-0.000890919814476	0.000789508711904	0.0888628518349	-0.117601592529	0.0980279811595	1.14579752272e-10	1.9090011096e-05	100.0
0.000898529401796	-0.0013962655786	-0.000119871845649	0.115184154895	-0.192070638842	-0.016001243335	1.13706467787e-10	1.8944514094e-05	100.0
0.000569002734482	-0.000855764505945	-0.00117743995403	0.0701104497633	-0.117354689827	-0.154539142908	1.13706467787e-10	1.8944514094e-05	100.0
0.00100053810659	-0.00138785609567	0.000158420252568	0.13166671629	-0.192765088582	0.0217251949443	1.12717365613e-10	1.8779720829e-05	100.0
0.000409687415344	-0.00138594423898	-0.000174342257654	0.0433586440411	-0.182268315493	-0.0198879063559	1.12436647272e-10	1.8732950643e-05	100.0
0.000436728636359	-0.00102619362757	0.000961219585728	0.0500502208547	-0.138075578446	0.121675002195	1.11587803688e-10	1.8591525713e-05	100.0
6.43571615622e-05	-0.00114767620198	7.87643096246e-05	-0.00445520099287	-0.131692764648	0.00810124470148	1.11587803688e-10	1.8591525713e-05	100.0
0.000705129238046	-0.00156133120028	0.000282218748458	0.0886155429769	-0.217069736591	0.0395481783975	1.11587803688e-10	1.8591525713e-05	100.0
0.000426521747452	-0.00127968525243	-0.000562536183023	0.0464265195444	-0.168278025427	-0.0721157134891	1.11587803688e-10	1.8591525713e-05	100.0
0.000374131600785	-0.00111066283432	-0.000671946315477	0.0379668440081	-0.143265087906	-0.0805201342411	1.11587803688e-10	1.8591525713e-05	100.0
0.000810920288453	-0.000903584099008	0.000138168071085	0.0893691217854	-0.110125030595	0.0185771154869	1.10857845479e-10	1.846990815e-05	100.0
0.000521209640586	-0.00132167540718	0.000775866467664	0.0627030807175	-0.181925287716	0.101058772279	1.10736998798e-10	1.8449774012e-05	100.0
0.000386708459247	-0.00113884777118	0.000452731915709	0.0384072045908	-0.14219746963	0.0525863322016	1.10736998798e-10	1.8449774012e-05	100.0
0.000485829458761	-0.00119162073308	-0.000433446403619	0.0525846046708	-0.152690131779	-0.0534452900883	1.10736998798e-10	1.8449774012e-05	100.0
0.000280217935696	-0.000917740794221	-0.000580541998831	0.0228563839021	-0.107185037733	-0.0602027641467	1.10736998798e-10	1.8449774012e-05	100.0
0.000447442609048	-0.0012215169711	0.000621644585173	0.0492418783808	-0.161189440972	0.0768202777301	1.10310842004e-10	1.8378772481e-05	100.0
9.58036590757e-05	-0.000145700560676	-0.0011244324652	0.00595796539	-0.0205818787639	-0.124492410899	1.10310842004e-10	1.8378772481e-05	100.0
0.000480067538842	-0.00118102055072	0.000923305020343	0.0569706579373	-0.160862286395	0.120822210269	1.09884132021e-10	1.8307678782e-05	100.0
0.000162239766719	8.41352503489e-05	0.00105265640709	0.014129991394	0.00656714934085	0.110780146045	1.09456868849e-10	1.8236492918e-05	100.0
0.000367766126988	-0.000731845691972	0.000963832764299	0.0380987203418	-0.0921258096971	0.114119407605	1.09456868849e-10	1.8236492918e-05	100.0
0.000726452620625	-0.000903294929184	-4.98677347364e-05	0.0763745190637	-0.106535990207	-0.00867863304999	1.09456868849e-10	1.8236492918e-05	100.0
0.000378520099297	-0.000721524746876	-0.00108736517839	0.0414805119825	-0.0956106669161	-0.133768789667	1.09456868849e-10	1.8236492918e-05	100.0
0.000152952381487	-0.000954586319389	0.000979641892323	0.0121028710074	-0.12468031574	0.120241366036	1.09029002198e-10	1.8165206509e-05	100.0
0.000374504938285	-0.00132593886164	0.000509669001873	0.038458889504	-0.175104959074	0.0648531715839	1.09029002198e-10	1.8165206509e-05	100.0
0.000816287559566	-0.000980786111149	-0.000274541205318	0.09279846316	-0.124813364996	-0.0329335321432	1.08999632884e-10	1.8160313319e-05	100.0
0.00051452203201	-0.000518712747434	-0.000999427072193	0.0581035985246	-0.0661227725892	-0.117441644072	1.08999632884e-10	1.8160313319e-05	100.0
0.000207647115722	-0.000967960096841	0.000453902549811	0.0122151359485	-0.109070754513	0.0456826871203	1.08600532067e-10	1.8093819555e-05	100.0
0.000553810944837	-0.00147896323273	0.000196725714793	0.0654414083103	-0.20111288535	0.0242272059383	1.08600532067e-10	1.8093819555e-05	100.0
0.000714131489908	-0.000751145509854	-0.000464794391308	0.0738426848797	-0.0899750710168	-0.0495603914132	1.08070526586e-10	1.8005515903e-05	100.0
0.00043068092885	-0.00118096890733	-0.000486774981297	0.0453974563533	-0.151518428102	-0.0573362199158	1.0774178137e-10	1.7950744011e-05	100.0
0.000735244016144	-0.00162548786812	0.000648778199488	0.0954681864422	-0.230843769916	0.0897447543894	1.06448576041e-10	1.7735284442e-05	100.0
0.000620584988099	-0.00151365489756	0.000282166480602	0.0762522288438	-0.207718469317	0.0362086243704	1.06448576041e-10	1.7735284442e-05	100.0
0.000171380225775	-0.00104623936148	-7.45463647766e-06	0.00592383583404	-0.113236994043	-0.00236003542658	1.06448576041e-10	1.7735284442e-05	100.0
0.000666527143357	-0.00113453375216	-0.000512699347612	0.0785786577324	-0.148709956159	-0.0640058822751	1.06448576041e-10	1.7735284442e-05	100.0
0.000766979748462	-0.000894358249378	-0.000660381879847	0.0908050201012	-0.115738403447	-0.0806373958779	1.06448576041e-10	1.7735284442e-05	100.0
0.000101768774875	-0.000443626645911	-0.000969117276547	0.00367597757423	-0.053128267501	-0.100900763557	1.06448576041e-10	1.7735284442e-05	100.0
0.000986477369694	-0.000991488503185	0.00066211245748	0.125721462783	-0.134951407031	0.0847312845149	1.06211257902e-10	1.7695745118e-05	100.0
0.000787817777275	-0.000928732938577	0.000390063842526	0.0887098855789	-0.117164008193	0.0452210713658	1.06211257902e-10	1.7695745118e-05	100.0
0.000197445709573	-0.000365851691263	0.00113436757452	0.0195670086511	-0.0473340764613	0.131048873659	1.05582835044e-10	1.7591044252e-05	100.0
0.000927748455848	-0.00183781623631	-2.18230002528e-05	0.125267401776	-0.264711554073	-0.0034112080005	1.05582835044e-10	1.7591044252e-05	100.0
0.00056699837348	-0.00051951092602	-0.0012836922235	0.0702393403251	-0.0716305761992	-0.166391192279	1.05582835044e-10	1.7591044252e-05	100.0
0.000326437886044	-0.000856332412758	-0.00106126901063	0.0348750866576	-0.113336858935	-0.131868057678	1.05582835044e-10	1.7591044252e-05	100.0
0.00111353295077	-0.00107536839446	0.000503210617529	0.144546815898	-0.147295052486	0.0671726682483	1.05280642906e-10	1.754069634e-05	100.0
0.000320061375486	-0.00137414974898	-9.82015798705e-05	0.0301643425285	-0.178039379086	-0.0100858748532	1.04714076652e-10	1.7446301337e-05	100.0
0.00019156853042	-0.000862043293441	-0.000736445907783	0.0130241511509	-0.103085448486	-0.0788944884893	1.04714076652e-10	1.7446301337e-05	100.0
0.000474371106273	-0.00128695584007	-2.84109713415e-05	0.0515808562851	-0.165217634534	-0.00597031959653	1.04278415063e-10	1.7373716221e-05	100.0
0.000106039978796	-0.00104074280437	-0.000170911119185	-0.00255573458711	-0.113048992008	-0.0139983556906	1.04278415063e-10	1.7373716221e-05	100.0
5.06811007451e-05	-0.000947565143787	-0.000526317164827	-0.00611568017635	-0.10694314675	-0.0508915154007	1.04278415063e-10	1.7373716221e-05	100.0
0.000608935376097	-0.000874324665572	0.00131764013015	0.0778921126875	-0.123589123004	0.176648992742	1.03882834541e-10	1.7307808969e-05	100.0
0.000873505294016	-0.00107074897932	0.000152940363094	0.103192631262	-0.13903396382	0.0201437694271	1.03882834541e-10	1.7307808969e-05	100.0
0.000468825638044	-0.00098143331401	0.000708967602572	0.0493197110482	-0.124295544651	0.0841232020335	1.03841948835e-10	1.7300997045e-05	100.0
0.000815322712277	-0.00151204375344	-0.00034847765023	0.10471126276	-0.21119109036	-0.0476372126737	1.03841948835e-10	1.7300997045e-05	100.0
-5.51948864971e-05	-0.000244359735864	0.00101693545669	-0.0119432351431	-0.030960059331	0.103646690822	1.02966401304e-10	1.7155122999e-05	100.0
0.000319199836285	-0.000865074440795	0.000649732857601	0.026703041644	-0.101923489833	0.0682277621145	1.02966401304e-10	1.7155122999e-05	100.0
0.000894440301148	-0.00110630306605	-0.00014302653408	0.108451386867	-0.145157088932	-0.0176945624658	1.02966401304e-10	1.7155122999e-05	100.0
0.000775896031788	-0.00172709716636	-0.000315470083185	0.101330599178	-0.245371096858	-0.0432548890957	1.02966401304e-10	1.7155122999e-05	100.0
0.000772533363605	-0.000932131288016	-0.000966629280038	0.0966839128749	-0.126541057124	-0.126599818363	1.02966401304e-10	1.7155122999e-05	100.0
0.000538980255586	-0.00114066368987	-0.00109388481757	0.0660840086399	-0.158186127154	-0.14645284081	1.02966401304e-10	1.7155122999e-05	100.0
0.000586847707265	-0.000540490275461	0.00134380622411	0.0735009203627	-0.0743448000677	0.177863363535	1.02482059071e-10	1.7074427253e-05	100.0
0.000990766354136	-0.00169959741747	0.000351404421467	0.133255923316	-0.24338787332	0.0483248157372	1.01203890428e-10	1.686147293e-05	100.0
0.000420408987686	-0.00123290487971	-0.000363051243108	0.0428385613546	-0.157197146424	-0.0430686402418	1.01203890428e-10	1.686147293e-05	100.0
0.000401862043742	-0.0010847363883	-0.000545529276253	0.0395396928695	-0.136084166434	-0.0624936426571	1.01203890428e-10	1.686147293e-05	100.0
0.000701532601226	-0.000491452688919	-0.00133369467999	0.0910248635163	-0.0686605692018	-0.175879012846	1.01203890428e-10	1.686147293e-05	100.0
0.000691196425966	-0.00108435299995	-0.000390692995632	0.0788632189771	-0.139743687929	-0.0463122361188	1.00608256599e-10	1.6762235009e-05	100.0
0.000303008307865	-0.000904903405487	-0.000543423693015	0.0228356934954	-0.104049149864	-0.0574227789436	1.00608256599e-10	1.6762235009e-05	100.0
0.00072081191407	-0.00122659471316	-0.000314229126251	0.0844459823382	-0.161769362977	-0.0401339328023	1.00608256599e-10	1.6762235009e-05	100.0
0.00040640004836	-0.0011405914583	0.000712438939012	0.0442002114816	-0.150250958023	0.0875779914679	1.00316524765e-10	1.6713629877e-05	100.0
0.000113182904461	-0.00111582879308	0.000278035176666	0.000606226856492	-0.128507475583	0.0319052948028	9.98712075113e-11	1.6639436041e-05	100.0
0.000286226852084	-0.00134236718544	5.11396234779e-05	0.0247173674138	-0.171049326065	0.00511745445396	9.98712075113e-11	1.6639436041e-05	100.0
0.000214069228493	-0.000750856664967	-0.000912870751776	0.0186452392091	-0.0934710212186	-0.101879321589	9.98712075113e-11	1.6639436041e-05	100.0
0.000704053956097	-0.00180246553503	-0.000126371776574	0.0905693624975	-0.25612969476	-0.01784173888	9.94246832992e-11	1.6565041116e-05	100.0
0.000703549308339	-0.00110917954496	-0.00124817654941	0.0916336502411	-0.157688938215	-0.17086736218	9.94246832992e-11	1.6565041116e-05	100.0
0.000294009305735	-0.00059413268556	0.000872648270655	0.0259915087921	-0.0694085630829	0.0938136136416	9.91970208251e-11	1.6527110512e-05	100.0
0.000789240665175	-0.00117620211041	-0.000100058560954	0.0925566460981	-0.153838993938	-0.0131960702572	9.91970208251e-11	1.6527110512e-05	100.0
0.000932069993627	-0.000845705908634	0.000842453315547	0.118627104704	-0.115388100619	0.106443447385	9.87253013624e-11	1.6448517832e-05	100.0
0.00126855815288	-0.0016108764399	0.000339288561492	0.174767831565	-0.231801744655	0.0480684349255	9.87253013624e-11	1.6448517832e-05	100.0
-0.000107937268936	-0.000686005437843	0.000878736224552	-0.0215846699268	-0.0810483162522	0.0930292864641	9.85281648705e-11	1.641567313e-05	100.0
0.000691712108507	-0.000979703235709	0.000476421002462	0.0773523969476	-0.124449464413	0.0547727541822	9.85281648705e-11	1.641567313e-05	100.0
0.000228250125488	-0.00116929873113	8.57990709556e-05	0.0141545653117	-0.138788077428	0.00791608787734	9.85281648705e-11	1.641567313e-05	100.0
0.000478821270723	-0.00141216115123	-0.000566258747325	0.0555064336498	-0.191980855637	-0.0724072457952	9.85281648705e-11	1.641567313e-05	100.0
0.00042647185884	-0.00107926036711	-0.000929647438358	0.0506904603633	-0.146313867758	-0.118645208918	9.77795993905e-11	1.6290955429e-05	100.0
0.000959432093976	-0.00142505487092	-0.000855251125242	0.129062717939	-0.203841643924	-0.118913728937	9.77795993905e-11	1.6290955429e-05	100.0
0.000956076969884	-0.00124804583372	-0.000654194584943	0.124614599584	-0.173365905534	-0.0868744738629	9.77795993905e-11	1.6290955429e-05	100.0
0.000784752717272	-0.000731934276121	-0.000772729903167	0.092980035336	-0.0952067412586	-0.0926102506769	9.77795993905e-11	1.6290955429e-05	100.0
0.000141912429112	-0.000860390593247	0.000923612670645	0.0088705598596	-0.109092628914	0.10756038273	9.76266174496e-11	1.626546727e-05	100.0
0.000106344574903	-0.00107693219172	0.000367476270416	-0.000406121215683	-0.124662279467	0.0366218747358	9.76266174496e-11	1.626546727e-05	100.0
0.000790054466397	-0.000640413959388	0.000853155842211	0.0947918568565	-0.083376860708	0.102916044269	9.68307291536e-11	1.6132865165e-05	100.0
0.000750873617949	-0.00137351422563	0.000347447182515	0.092938736802	-0.187810485027	0.044367865469	9.68307291536e-11	1.6132865165e-05	100.0
0.000913309315639	-0.000922847140832	-0.000356937102956	0.108034591917	-0.119070596698	-0.0426674472362	9.68307291536e-11	1.6132865165e-05	100.0
2.70869278977e-05	-0.000938613420318	0.000420775393109	-0.0106116854349	-0.100062798661	0.0382122119522	9.6719789587e-11	1.6114381641e-05	100.0
0.000877506271351	-0.00149768939285	7.76208166645e-05	0.112544151716	-0.208502275318	0.0103569256058	9.6719789587e-11	1.6114381641e-05	100.0
0.000843574385046	-0.000842900532741	0.000467325080015	0.0964878230986	-0.106392844072	0.0546538474899	9.63549362072e-11	1.6053593806e-05	100.0
0.000627124337319	-0.000788645192595	-0.000372348869	0.0597080222477	-0.0893665518719	-0.0389881294834	9.63549362072e-11	1.6053593806e-05	100.0
0.000268907130695	-0.00134185539881	0.000448817795593	0.0240736018013	-0.175192369956	0.0548637293749	9.58072789632e-11	1.5962349213e-05	100.0
0.000572173548824	-0.0013745918159	0.000795731071793	0.0697895213369	-0.191133388063	0.104357259251	9.49217740273e-11	1.5814816174e-05	100.0
0.00071597807087	-0.000958804651088	0.00106899475014	0.0904892414461	-0.13225406153	0.141608117294	9.49217740273e-11	1.5814816174e-05	100.0
0.000669787083006	-0.00156126319871	0.000314366849381	0.083199047298	-0.216716365257	0.0385695042433	9.49217740273e-11	1.5814816174e-05	100.0
0.000596555039042	-0.00111316820133	0.000449531114249	0.0662756033782	-0.142362929848	0.0528771056713	9.49217740273e-11	1.5814816174e-05	100.0
0.000612707118224	-0.00167661560373	7.04834107976e-05	0.0760492593749	-0.234885778007	0.0101079079833	9.48887838388e-11	1.5809319714e-05	100.0
0.000344191124974	-0.00136797924397	-0.000293974497072	0.0336129361055	-0.178574664419	-0.0364356687513	9.48887838388e-11	1.5809319714e-05	100.0
0.000523501443026	-0.00106245778336	-0.000734996370774	0.0600854998978	-0.139721510081	-0.0905889106316	9.48887838388e-11	1.5809319714e-05	100.0
0.00022855704852	-0.00106381610878	-0.000612884300291	0.0178524313897	-0.131429718735	-0.0686075452474	9.48887838388e-11	1.5809319714e-05	100.0
0.000745578366177	-0.000544002511708	0.00141248097043	0.0986450669951	-0.0776466068391	0.189629036005	9.44271726503e-11	1.5732411163e-05	100.0
0.000445904248609	-0.000446956104236	-0.00128934690024	0.0535336029009	-0.06235898954	-0.163923776547	9.44271726503e-11	1.5732411163e-05	100.0
8.78233619671e-05	-0.000909039401455	0.000534906285822	-0.00154627400805	-0.100343749912	0.0512857036478	9.39639018944e-11	1.5655226113e-05	100.0
0.000254054730085	-0.00114266675027	0.000291412925485	0.0186535425789	-0.138024514468	0.0301244952113	9.39639018944e-11	1.5655226113e-05	100.0
0.000212876880266	-0.00130247508516	-7.22933724818e-05	0.0144280435088	-0.162560943343	-0.006769886747	9.39639018944e-11	1.5655226113e-05	100.0
0.000194968492402	-0.00100541879451	-0.00065658446785	0.0141120268349	-0.123323072616	-0.0713117756042	9.39639018944e-11	1.5655226113e-05	100.0
0.000467458581628	-0.00136714355126	0.000122817696843	0.0497384807494	-0.178660183903	0.015494703861	9.39609347891e-11	1.5654731767e-05	100.0
0.000279899536812	-0.00124867892749	-0.0003082664755	0.023443910632	-0.156881507456	-0.039277624444	9.39609347891e-11	1.5654731767e-05	100.0
0.000105684319055	-0.00106891496845	0.000293849527191	-0.000563597130177	-0.120639315574	0.0291413731354	9.34989715711e-11	1.5577764565e-05	100.0
0.000615887334023	-0.00083553112658	0.00045108436385	0.0623102048446	-0.0977919278246	0.0494653667159	9.34989715711e-11	1.5577764565e-05	100.0
0.000168298954699	-0.0011797636349	-2.81911529046e-05	0.00742947209396	-0.138831808539	-0.00184653768051	9.34989715711e-11	1.5577764565e-05	100.0
0.000216035676075	-6.75254326932e-05	-0.00107398039991	0.0214591227142	-0.0130142733629	-0.114885553518	9.34989715711e-11	1.5577764565e-05	100.0
0.000814061276542	-0.00142523634121	-0.000500653009054	0.10376276937	-0.197519379224	-0.0659045350196	9.34787550227e-11	1.5574396307e-05	100.0
0.000465310366801	-1.5969560304e-05	0.00118526630593	0.0540674330238	-0.00368358588148	0.141988250764	9.30322308106e-11	1.5500001381e-05	100.0
0.000695129982756	-0.000444041043881	0.000777850634274	0.0761160039376	-0.0542288886048	0.0840254264039	9.30322308106e-11	1.5500001381e-05	100.0
0.000290378347992	-0.00116228296497	0.00048223733278	0.0250634208515	-0.145779776062	0.0543083012968	9.30322308106e-11	1.5500001381e-05	100.0
0.000250462744895	-0.00119405231026	-7.79650016569e-05	0.0182439431713	-0.144194310602	-0.00896931936995	9.30322308106e-11	1.5500001381e-05	100.0
7.39963990677e-05	-0.000351808296206	-0.00100090877443	0.00226009102689	-0.0439628229798	-0.102662786317	9.30322308106e-11	1.5500001381e-05	100.0
-7.52359418977e-05	-0.00124560710736	-0.000194724109091	-0.0214906933997	-0.151946341261	-0.020537647741	9.25637299029e-11	1.5421944941e-05	100.0
0.000517584641404	-0.000942866883065	0.000854352521409	0.0573898829116	-0.122868965282	0.10542737497	9.2510573456e-11	1.5413088602e-05	100.0
0.000476312224175	-0.000928088389763	0.000378594988692	0.0421470512166	-0.107025935845	0.0408273987774	9.2510573456e-11	1.5413088602e-05	100.0
0.000960111686737	-0.00164056387341	0.000134786092213	0.12715584497	-0.232828909543	0.0173926044017	9.20933179781e-11	1.5343570109e-05	100.0
0.00049468388142	-0.0017070221208	-4.60686964276e-05	0.0585431057125	-0.23744422619	-0.00698351690512	9.20933179781e-11	1.5343570109e-05	100.0
0.000458851239806	-0.000606617629592	-0.000742752120936	0.0428105916626	-0.0712470187258	-0.0752974687098	9.20933179781e-11	1.5343570109e-05	100.0
0.000441938666203	-0.00107156728568	-0.000981787137295	0.0515445277627	-0.145646981081	-0.124037406804	9.20933179781e-11	1.5343570109e-05	100.0
0.000397108012247	-0.000451105001476	0.00137952237498	0.0485064404482	-0.0641763474683	0.177794024819	9.20244207858e-11	1.5332091221e-05	100.0
0.000474647592153	-0.000551830029022	0.00137920732497	0.0585386445161	-0.0770909418163	0.18002218009	9.20244207858e-11	1.5332091221e-05	100.0
0.00100668554108	-0.00123677953439	0.000783303210612	0.132745237231	-0.173635846942	0.105400329545	9.20244207858e-11	1.5332091221e-05	100.0
0.000824936073906	-0.00178587710159	-9.42371150608e-05	0.108016573156	-0.25382428193	-0.0127664860676	9.20244207858e-11	1.5332091221e-05	100.0
0.00111651941714	-0.00163611335064	-0.000434286918544	0.152132027341	-0.234977935438	-0.0601702291416	9.20244207858e-11	1.5332091221e-05	100.0
0.000306594737575	-0.00142401847442	0.000407660571883	0.0292636902757	-0.188940019808	0.0522847296225	9.16209950364e-11	1.5264876884e-05	100.0
0.000534553122801	-0.000776245334821	-0.00126960581345	0.0671315730322	-0.108639107848	-0.165006102484	9.16209950364e-11	1.5264876884e-05	100.0
0.000352321507134	-0.000304915777207	0.00100439867237	0.0342827697813	-0.0377504614996	0.109339137141	9.15368599979e-11	1.5250859235e-05	100.0
0.000242625207058	-0.00140133926806	-2.74799449134e-05	0.0190872775381	-0.182455678073	-0.00448396710867	9.15368599979e-11	1.5250859235e-05	100.0
0.000215430694402	-0.000358838022906	-0.00100248197991	0.0172427618139	-0.0443178548062	-0.105717843993	9.15368599979e-11	1.5250859235e-05	100.0
0.000103054515769	-0.00107717728953	-0.000257601620135	-0.000154189322063	-0.121356835239	-0.0264160064557	9.11466604978e-11	1.518584851e-05	100.0
0.000356411419003	-0.000161128840786	0.00126028395617	0.0389296456609	-0.0216217685698	0.154878116904	9.10477402224e-11	1.5169367507e-05	100.0
0.00115587950056	-0.00165194062471	-0.000125323143132	0.158536941823	-0.237347631295	-0.0171785412335	9.10477402224e-11	1.5169367507e-05	100.0
0.000930317189334	-0.00134598903405	-0.001114221994	0.124945096915	-0.19273860388	-0.156903709217	9.10477402224e-11	1.5169367507e-05	100.0
0.000878692319649	-0.00107210987282	-0.000996988613421	0.114978796014	-0.150301015564	-0.133220840317	9.10477402224e-11	1.5169367507e-05	100.0
0.000814023203139	-0.0005821007074	-0.000767247923402	0.094851459918	-0.0740554064371	-0.089531603756	9.10477402224e-11	1.5169367507e-05	100.0
4.5237382088e-05	-0.00111802024091	0.000208692118971	-0.00773900609994	-0.127211723732	0.0205601138288	9.01917051804e-11	1.5026744416e-05	100.0
0.000763395816769	-0.00155710175158	-0.00066339821782	0.0985313738797	-0.220534145417	-0.0907488875516	9.01917051804e-11	1.5026744416e-05	100.0
4.39586160366e-05	-0.000709922487219	-0.000787820773909	-0.00391195728567	-0.0811430664234	-0.0783930668685	9.01917051804e-11	1.5026744416e-05	100.0
0.000362156010654	-0.000679545046693	0.000928274557119	0.0369387271249	-0.0859688939777	0.104311573276	8.92279491267e-11	1.4866174042e-05	100.0
-3.38156995065e-05	-4.47337224673e-05	0.00124515713531	-0.00952908552106	-0.00879195939415	0.146378986617	8.87426010953e-11	1.478531072e-05	100.0
0.000506752549019	-0.000832380035674	0.00104838397723	0.0581548378574	-0.111441851967	0.132149059187	8.87426010953e-11	1.478531072e-05	100.0
0.000980632457825	-0.00154262622242	-0.000534502315734	0.13031067576	-0.219196535944	-0.0749711053029	8.87426010953e-11	1.478531072e-05	100.0
0.00096533449082	-0.00130695914464	-0.000820525443816	0.128445478779	-0.184732912874	-0.111041807925	8.87426010953e-11	1.478531072e-05	100.0
0.000638591163156	-0.00111741931832	0.000908451978388	0.0783377399393	-0.152755156613	0.116846399176	8.80775671748e-11	1.4674510124e-05	100.0
0.00110989090936	-0.00189089126935	0.000444213712575	0.153533844757	-0.275671750317	0.0629273582256	8.80775671748e-11	1.4674510124e-05	100.0
0.000505724196093	-0.00129415117992	-0.000543007566578	0.0564894966105	-0.17223744486	-0.067547143179	8.80775671748e-11	1.4674510124e-05	100.0
0.00107445532639	-0.000662357129345	-0.00135857053292	0.147249531342	-0.0947633021622	-0.187148421973	8.80775671748e-11	1.4674510124e-05	100.0
0.0004294789859	-0.000821832361548	-0.00105702503538	0.0479672269767	-0.10994668593	-0.131012783733	8.80775671748e-11	1.4674510124e-05	100.0
0.00113651392052	-0.000858806482063	0.00091434584463	0.150780130776	-0.119421832059	0.122515445679	8.75758749189e-11	1.4590923709e-05	100.0
0.000855946165482	-0.00143375809366	0.000883910256084	0.112641579902	-0.204163008628	0.122307950275	8.75758749189e-11	1.4590923709e-05	100.0
0.000526317738565	-0.000422568782137	0.0014537593397	0.0661179728731	-0.0596460161304	0.193756638061	8.72714197348e-11	1.4540198753e-05	100.0
0.000804368139646	-0.00165165916777	0.000854118294078	0.106826044118	-0.237826280185	0.120327294886	8.72714197348e-11	1.4540198753e-05	100.0
6.99293603849e-05	-0.00116206994937	0.000139841335161	-0.00557576251043	-0.134908992158	0.0138647157638	8.72714197348e-11	1.4540198753e-05	100.0
0.000562161130279	-0.000582711314674	0.00107007053069	0.0664975450469	-0.0766530626388	0.131861312687	8.72714197348e-11	1.4540198753e-05	100.0
0.000684416450655	-0.00156217946029	-0.000400766051271	0.0860564246005	-0.217331857112	-0.0525840473595	8.72714197348e-11	1.4540198753e-05	100.0
0.000193616232052	-0.00130300089285	-0.000414439768868	0.0138864388166	-0.167031865063	-0.0490516375195	8.72714197348e-11	1.4540198753e-05	100.0
0.000523940608086	-0.00137013031677	-0.000840885524984	0.0629117307297	-0.189531632676	-0.111863776006	8.72714197348e-11	1.4540198753e-05	100.0
0.000135154520745	-0.00118921039035	-0.000508362018063	0.00621954159813	-0.149281787363	-0.057020536279	8.72714197348e-11	1.4540198753e-05	100.0
0.000114732363714	-0.000868402648461	0.000550283583314	0.00141705360946	-0.0965194215017	0.0494259655415	8.70720201964e-11	1.4506977007e-05	100.0
0.000607077510756	-0.000405154078166	0.000990305709345	0.0696028899661	-0.0524504357733	0.114927594817	8.70720201964e-11	1.4506977007e-05	100.0
0.000646058588139	-0.00127215033563	9.00309340165e-05	0.0738791725111	-0.166757446035	0.00947867223978	8.70720201964e-11	1.4506977007e-05	100.0
0.000442345297098	-0.00106887681323	-0.000716170053883	0.0473888300246	-0.138069421425	-0.0864430166843	8.70720201964e-11	1.4506977007e-05	100.0
0.00065115294379	-0.00112457645074	-0.00111977466415	0.082621255576	-0.157258195443	-0.149652452178	8.70720201964e-11	1.4506977007e-05	100.0
7.21195510906e-05	-0.00115023394835	-0.000202024291767	-0.00399312446278	-0.133587193617	-0.0207972108248	8.67757119796e-11	1.4457609409e-05	100.0
0.00048143978679	-2.40433993884e-05	-0.00131571591259	0.0590371996666	-0.00557692096659	-0.165503763301	8.65659527174e-11	1.4422661641e-05	100.0
0.000209298242866	-0.000225378390202	0.00112524676269	0.0203533554165	-0.0309448951027	0.126142140725	8.62771879888e-11	1.4374550856e-05	100.0
0.00034742252429	-0.000968783902484	0.000992851419509	0.0377915013875	-0.129158179005	0.122889643724	8.62771879888e-11	1.4374550856e-05	100.0
0.000952234158972	-0.00187413571576	-0.000265238272733	0.128548604329	-0.271247946001	-0.0375604534366	8.62771879888e-11	1.4374550856e-05	100.0
0.000173498212411	-0.00119710104958	-0.000337826268406	0.0109592913254	-0.146457291824	-0.0378006496191	8.62771879888e-11	1.4374550856e-05	100.0
0.000824087023252	-0.00115930561804	-0.000762388410051	0.104965720425	-0.159363815646	-0.0991049236703	8.62771879888e-11	1.4374550856e-05	100.0
4.59975792583e-05	-0.000948578483744	-0.00041813276867	-0.00558109491541	-0.103001222692	-0.0364437583633	8.62771879888e-11	1.4374550856e-05	100.0
0.000322846925829	-0.000266181731843	0.00112927640868	0.0340897943276	-0.0364270148347	0.130500772419	8.57756968926e-11	1.4290997955e-05	100.0
0.000772931954305	-0.00139423546581	-0.000347961023619	0.0964460466768	-0.191989658537	-0.0442004039017	8.57756968926e-11	1.4290997955e-05	100.0
0.000347942229528	-0.0014769674939	-0.000456598369912	0.0358909199329	-0.200262325789	-0.0577431443815	8.57756968926e-11	1.4290997955e-05	100.0
