# x[AU] y[AU] z[AU] vx[AU/yr/2pi] vy[AU/yr/2pi] vz[AU/yr/2pi] m[MSUN] m[mtot] wf[%]
4.50061803814e-06	4.09293980104e-06	-2.57049036279e-06	0.0010424412043	0.000499542230526	-0.000746720982102	5.98451387333e-06	0.996769193721	19.4393547527
0.000174735775594	-0.00111043792149	7.75219548295e-05	0.00831760862634	-0.128460946068	0.00828494243055	1.40517433001e-10	2.3404315098e-05	100.0
0.000295861657481	-0.000971669784535	-0.000231859347354	0.0225309032008	-0.105717810625	-0.0224931322526	1.34160937806e-10	2.2345589406e-05	100.0
0.000302425196564	-0.00115597063876	0.000141460593195	0.0250660385525	-0.14038483429	0.0154709214264	1.29619707614e-10	2.1589210784e-05	100.0
0.000442803230655	-0.00112601528211	-0.000519300394601	0.0477096155343	-0.145210728484	-0.0623375985957	1.29619707614e-10	2.1589210784e-05	100.0
0.000636080429332	-0.000986622264738	0.000169427687021	0.0668286872237	-0.119976516771	0.0188937123642	1.2643011964e-10	2.1057959106e-05	100.0
0.000432591290873	-0.00125975576055	-0.000225821354033	0.0454383151653	-0.163171079073	-0.0265305461925	1.25977309187e-10	2.0982539863e-05	100.0
0.000248875217353	-0.00102263847242	-0.000169629068243	0.014464733828	-0.113960148042	-0.0184730315868	1.25064547114e-10	2.0830511956e-05	100.0
0.00043188892849	-0.00162958035625	0.000195679408156	0.0501482900229	-0.227688700725	0.0273541027993	1.23235603253e-10	2.0525886562e-05	100.0
0.000627639758665	-0.00117859494226	-0.000157613083446	0.0701327723206	-0.1528871744	-0.020143923371	1.21607617917e-10	2.0254732436e-05	100.0
0.000733929400507	-0.00119442417291	-0.000397823604297	0.0881303050454	-0.159690839319	-0.0517306484685	1.21607617917e-10	2.0254732436e-05	100.0
4.35077809306e-05	-0.00095363760856	0.000511809954391	-0.00757722468749	-0.109411287096	0.0513295299008	1.2140132866e-10	2.0220373291e-05	100.0
0.000244282217949	-0.001070301244	0.000223696196192	0.0170013764211	-0.124506968405	0.0206584809906	1.2140132866e-10	2.0220373291e-05	100.0
0.000114222781254	-0.000991351394816	0.000270267554236	0.000543876644686	-0.107351300792	0.024467908476	1.20481827737e-10	2.0067222975e-05	100.0
0.000345054157024	-0.00122423617972	-0.00033485886742	0.0328729013725	-0.1563537195	-0.0399352217692	1.20021473796e-10	1.9990547302e-05	100.0
0.000323230204894	-0.000963163939138	-0.000367631775831	0.0265996631445	-0.111166731173	-0.0339222196732	1.20021473796e-10	1.9990547302e-05	100.0
0.000371961771973	-0.000685739839076	0.00103692186108	0.0403953426503	-0.0890565443736	0.127517063963	1.19862557645e-10	1.9964078532e-05	100.0
0.000355301872515	-0.00101420434656	3.60350224978e-05	0.0271804026419	-0.114367857826	0.00731977316119	1.19099307508e-10	1.9836953048e-05	100.0
0.000218514842671	-0.000899298227244	-0.000528922139665	0.0138814246803	-0.10340292502	-0.0518104220262	1.19099307508e-10	1.9836953048e-05	100.0
0.000378890242921	-0.000850331468321	0.000484212904569	0.0315695673214	-0.0962728271135	0.0491119736467	1.18991133887e-10	1.9818935856e-05	100.0
-7.74515387671e-05	-0.00037737022281	0.00103153500694	-0.0158770346156	-0.0471592095965	0.111865701342	1.1863754545e-10	1.9760042842e-05	100.0
0.000174656670036	-0.00110231967479	0.000136672470459	0.00816622215659	-0.127477848413	0.0115674322248	1.1863754545e-10	1.9760042842e-05	100.0
0.000184094846953	-0.000941995780024	-0.000545972883363	0.0109252417611	-0.110226833044	-0.0560312464388	1.1863754545e-10	1.9760042842e-05	100.0
0.000460449152823	-0.000781236541825	-0.000576852136439	0.0425853409915	-0.0914613373024	-0.0591784117469	1.17249945938e-10	1.9528926919e-05	100.0
0.000166663760756	-0.00111886063977	0.000333379127936	0.00949597709438	-0.134522682218	0.0330679530589	1.1724904072e-10	1.9528776147e-05	100.0
0.000650856664646	-0.00142115206183	0.000221822959884	0.0787432214521	-0.194164139438	0.0307910203723	1.16814887828e-10	1.9456464472e-05	100.0
0.000803069161198	-0.00126611978101	-0.000584198962486	0.101594812043	-0.175339252954	-0.0772423999946	1.16814887828e-10	1.9456464472e-05	100.0
0.000528407232784	-0.000788783980733	-0.000412522607175	0.0480366637089	-0.0891429337504	-0.0394339273665	1.15944872188e-10	1.9311556329e-05	100.0
0.000221930381774	-0.000787879030888	0.000670954457175	0.0170075773682	-0.0923427212787	0.0653640269677	1.15855506998e-10	1.9296671834e-05	100.0
0.000193946032255	-0.0013242442527	0.00019628399015	0.0124940794509	-0.169999051105	0.0240000003032	1.15855506998e-10	1.9296671834e-05	100.0
9.36427471558e-05	-0.000667842408816	-0.000923240575041	0.00367944376723	-0.0828021754056	-0.10169377101	1.15855506998e-10	1.9296671834e-05	100.0
0.000525250577226	-0.0017003791302	-0.000280203341109	0.0649906376996	-0.241867459121	-0.0370577724635	1.14923333015e-10	1.9141410717e-05	100.0
0.000601695101995	-0.00125656768175	0.00038542418072	0.0689476601766	-0.166550223321	0.0501911300263	1.14639949308e-10	1.9094210868e-05	100.0
0.000582452068123	-0.00134531214641	-5.16439709472e-05	0.0679273089833	-0.179696514968	-0.00628105511366	1.13988493666e-10	1.8985705661e-05	100.0
0.000232781235268	-0.000714757924024	-0.000841772604521	0.0186130228387	-0.0860470151175	-0.0927834889001	1.13988493666e-10	1.8985705661e-05	100.0
0.00044183003312	-0.00103441211346	0.000408054332434	0.043224672875	-0.127912155511	0.0435135257492	1.13769883378e-10	1.894929435e-05	100.0
0.000319490355754	-0.000963146017358	-0.000312324929381	0.0243138129254	-0.109142772973	-0.0300032863627	1.13769883378e-10	1.894929435e-05	100.0
0.000581735888905	-0.00123836368341	-0.000362744125448	0.0655578069707	-0.163065720589	-0.0475774115519	1.13769883378e-10	1.894929435e-05	100.0
0.000275214864004	-0.000274186341771	-0.000978482807175	0.0258316135817	-0.0327229991154	-0.103756400773	1.13769883378e-10	1.894929435e-05	100.0
0.000240150735902	-0.000400858988262	0.00101217204611	0.023247297355	-0.0496521183015	0.111211409998	1.13519992758e-10	1.8907673046e-05	100.0
0.000436780326366	-0.00128716466858	0.00031934731323	0.0469909072714	-0.169397470211	0.0375458828816	1.13050787792e-10	1.8829523163e-05	100.0
7.72704603409e-05	-0.00101114852974	-0.000425465874362	-0.00274083447814	-0.115902732425	-0.0427119161665	1.13050787792e-10	1.8829523163e-05	100.0
6.10314544183e-05	-0.000476212161889	-0.00106419546545	0.000323261610643	-0.0608292943946	-0.121011339154	1.13050787792e-10	1.8829523163e-05	100.0
0.00014195724253	-0.00103966646859	-0.000116154046576	0.00175119715839	-0.113176489168	-0.010950038456	1.12580778186e-10	1.8751239261e-05	100.0
0.000436530943746	-0.000896830785306	-0.000859350918288	0.0480698658055	-0.117316262017	-0.104136662404	1.12580778186e-10	1.8751239261e-05	100.0
0.000192385564228	-0.00111325613447	0.000347080138882	0.0107108205919	-0.13459674958	0.0378681541697	1.12464055279e-10	1.8731798117e-05	100.0
0.00036196408978	-0.00118861829161	9.13190188542e-05	0.0332402157462	-0.146641327625	0.0129401381193	1.12464055279e-10	1.8731798117e-05	100.0
0.000141590757802	-0.000311535448485	0.0011438018455	0.0121320564607	-0.0410077751244	0.13272022484	1.12109963942e-10	1.8672821341e-05	100.0
0.000536277117766	-0.00108896804672	2.38958193106e-05	0.0537171466831	-0.134178511107	0.000226091660155	1.12028544559e-10	1.8659260284e-05	100.0
0.000684650153714	-0.000920217239228	-4.44121668819e-05	0.0712058234891	-0.109639905341	-0.00244813611458	1.11156969932e-10	1.851409248e-05	100.0
0.000496069422036	-0.00118209374019	-0.0005658604957	0.0556099799191	-0.156439735079	-0.0702263964611	1.11156969932e-10	1.851409248e-05	100.0
0.000562671329446	-0.000918995009867	-0.000452040067546	0.0571581289212	-0.111354429231	-0.0509904475117	1.11156969932e-10	1.851409248e-05	100.0
0.000576631538165	-0.00111327469797	0.00103032366737	0.0727005991261	-0.155526471127	0.137541720411	1.10284640955e-10	1.8368799032e-05	100.0
0.000596650654507	-0.00158500160056	0.000287682226008	0.0737637038757	-0.222452204738	0.0376467293032	1.10284640955e-10	1.8368799032e-05	100.0
0.000642056368173	-0.000913100432786	-0.000255805498855	0.0652836483276	-0.109513024655	-0.0269457164215	1.10284640955e-10	1.8368799032e-05	100.0
3.75826204724e-05	-9.50345040974e-05	0.00109945782196	0.000206378315057	-0.0149796018519	0.120655399957	1.10218358839e-10	1.835775921e-05	100.0
0.000136840336498	-0.000996423541876	0.000756002780326	0.00726242502329	-0.126878265749	0.0876136785821	1.10218358839e-10	1.835775921e-05	100.0
0.000116312419165	-0.00116037831774	6.45665033901e-05	0.000413116195084	-0.136495848261	0.00822544553693	1.10218358839e-10	1.835775921e-05	100.0
0.000123291270088	-0.00100154226045	-0.000275134339021	-0.000372834024688	-0.109819100161	-0.0251918140919	1.10218358839e-10	1.835775921e-05	100.0
0.000264155472923	-0.000997494184454	-0.000603936758647	0.0214938061614	-0.121849227927	-0.0681417980267	1.10218358839e-10	1.835775921e-05	100.0
0.00044751177907	-0.00141509325213	0.000604498840865	0.0516045989522	-0.19477193852	0.0792440913481	1.09848074147e-10	1.8296085299e-05	100.0
0.000663421914547	-0.00138313342939	-0.00034259777021	0.0808782063584	-0.190006331051	-0.0433182477169	1.09848074147e-10	1.8296085299e-05	100.0
1.5624926997e-05	-0.000976710653008	0.000401251303559	-0.0113414868461	-0.108095780708	0.0371116248914	1.09267024396e-10	1.8199306763e-05	100.0
-4.51460977151e-05	-0.00111924474096	0.000259487094103	-0.0182064401496	-0.130635905881	0.0247077007548	1.09267024396e-10	1.8199306763e-05	100.0
0.00018805980205	-0.000189886117076	-0.00110886105995	0.0189733759027	-0.0274338857064	-0.124215895125	1.09267024396e-10	1.8199306763e-05	100.0
0.00031335088603	-0.00108490375338	0.00050226791982	0.0281134554329	-0.134112502914	0.0574866272232	1.08789923911e-10	1.8119841818e-05	100.0
0.000308596423425	-0.000885104999559	0.000970763448908	0.0310658574498	-0.11557432721	0.1221246933	1.08789923911e-10	1.8119841818e-05	100.0
0.000324850492628	-0.00105786308027	0.000666093037279	0.0304330624269	-0.134556842373	0.0792982842127	1.08536714157e-10	1.8077667685e-05	100.0
0.000585545497848	-0.000835618085906	0.000803026032576	0.0680395212253	-0.107786336063	0.0971130379407	1.08536714157e-10	1.8077667685e-05	100.0
0.000167099882866	-0.00124545402544	0.000331997078271	0.00839653529885	-0.157281025093	0.0367114612229	1.08536714157e-10	1.8077667685e-05	100.0
0.000350929739784	-0.00100540171291	0.000466398335013	0.0304721102931	-0.120638757463	0.0520307330859	1.08536714157e-10	1.8077667685e-05	100.0
0.000294371588512	-0.00103086133986	0.000849465545368	0.0305558067134	-0.136426055729	0.10295210883	1.07832604968e-10	1.7960392604e-05	100.0
0.00059460745459	-0.00164250663623	6.40048011833e-05	0.0742660293548	-0.230862015882	0.00708237869586	1.07832604968e-10	1.7960392604e-05	100.0
0.000358770082735	-0.000869205564969	-0.00110881950213	0.0414856894952	-0.118308114791	-0.14179822256	1.07832604968e-10	1.7960392604e-05	100.0
0.000204217062489	-0.00119350995535	3.76116380292e-06	0.0117829716832	-0.143553624432	-0.000299973632689	1.07660814596e-10	1.7931779528e-05	100.0
0.000550953991152	-0.00127043064999	-0.000174338475541	0.0626336234286	-0.166881597382	-0.0208414008353	1.07660814596e-10	1.7931779528e-05	100.0
5.44709447452e-05	-0.00118848401864	0.000237640022205	-0.00619723181098	-0.143751848708	0.0249754190754	1.07352336218e-10	1.7880399959e-05	100.0
0.000478654124193	-0.00127550839933	-0.000503090640768	0.0530478233534	-0.169138703791	-0.0639294820053	1.07222286482e-10	1.7858739124e-05	100.0
0.000572860636291	-0.000987017030985	0.000598302246517	0.0634544650121	-0.126857527258	0.0696470569647	1.06343922714e-10	1.7712440533e-05	100.0
0.000465078165775	-0.00114046201027	0.000329060973573	0.0473434876263	-0.143103324021	0.0386062858665	1.06343922714e-10	1.7712440533e-05	100.0
0.000153903538401	-0.00110927076397	-0.000377892235167	0.00729275922276	-0.133392258358	-0.0393339603418	1.05904589961e-10	1.7639266109e-05	100.0
0.000370059996536	-0.000426185827149	0.00106797725491	0.0400862877514	-0.0564671472216	0.123598118942	1.05904087062e-10	1.7639182348e-05	100.0
0.000491113581505	-0.000459087016056	0.000912578997557	0.0532802048192	-0.0578439826885	0.10050445612	1.05904087062e-10	1.7639182348e-05	100.0
0.000532615131333	-0.000813159857094	0.000351112724721	0.0483534971662	-0.0907051971918	0.0324326147514	1.05904087062e-10	1.7639182348e-05	100.0
0.000669234931029	-0.00153833191257	-8.43240414517e-05	0.0830095206513	-0.21402489604	-0.0102859530015	1.05904087062e-10	1.7639182348e-05	100.0
0.000732322528973	-0.00153692523466	-0.000357784131141	0.0938438403707	-0.215736542914	-0.0476635446595	1.05904087062e-10	1.7639182348e-05	100.0
0.000274537448052	-0.00119874532339	2.83904590796e-05	0.0205196889134	-0.147271455932	0.0027231108142	1.0546369822e-10	1.7565832024e-05	100.0
0.000251617293735	-0.000567067036817	-0.00125253417982	0.0266923377491	-0.0774436939238	-0.158587529924	1.0546369822e-10	1.7565832024e-05	100.0
0.000306206942784	-0.000412330559836	0.00100779375391	0.0298233766659	-0.0511141606011	0.112913035924	1.05022806479e-10	1.7492397938e-05	100.0
0.000678833878349	-0.00117689309056	-0.000728552849382	0.0839115431614	-0.160926882079	-0.0943047958321	1.05022806479e-10	1.7492397938e-05	100.0
0.000737995386789	-0.001122675544	-0.00106639016841	0.096445474778	-0.158891652322	-0.145017594871	1.05022806479e-10	1.7492397938e-05	100.0
0.000403285074578	-0.000697097025994	-0.000688079639893	0.0358139973146	-0.0806165977886	-0.0704199680968	1.05022806479e-10	1.7492397938e-05	100.0
0.000379851364101	-0.00100680572608	0.000736846006325	0.0391081623575	-0.12993136658	0.0880115561394	1.04445779921e-10	1.7396289497e-05	100.0
0.000332478330134	-0.00129680239513	0.000333295561826	0.0325973903978	-0.168280285362	0.039901330678	1.04445779921e-10	1.7396289497e-05	100.0
7.47518894866e-05	-0.00103206548374	6.72468861083e-05	-0.00431677429002	-0.110404205443	0.00545192811187	1.04445779921e-10	1.7396289497e-05	100.0
0.000392645397432	-0.0014146091439	-0.000376368793095	0.0417202786021	-0.190904974465	-0.0484188151866	1.04445779921e-10	1.7396289497e-05	100.0
0.000724084989065	-0.00129489593571	-0.000565971521559	0.0909027780345	-0.1784595199	-0.0755754580019	1.04445779921e-10	1.7396289497e-05	100.0
0.000321867725534	-0.00135188475286	-0.000566991149226	0.0326035667151	-0.182696309707	-0.072175410951	1.04445779921e-10	1.7396289497e-05	100.0
0.000562573519604	-0.00117681416317	-0.000615068558553	0.0653476299121	-0.157649171307	-0.0769068156673	1.04445779921e-10	1.7396289497e-05	100.0
0.000211285652377	-0.000312655905255	-0.0011666066999	0.0204782763928	-0.0410925283158	-0.138039386562	1.04445779921e-10	1.7396289497e-05	100.0
-3.97765758246e-05	-0.000627214967318	0.00126906383301	-0.0112479350373	-0.0858497328359	0.160585013352	1.03466534572e-10	1.7233188263e-05	100.0
-0.000110013449984	-0.000701762526691	0.000954889576781	-0.0217585288175	-0.0878706583088	0.107434336158	1.03466534572e-10	1.7233188263e-05	100.0
0.000380225984754	-0.00122371298344	9.27647610161e-05	0.0354558166995	-0.154567466563	0.00762887309452	1.03466534572e-10	1.7233188263e-05	100.0
7.99752810051e-05	-0.00136003690165	-0.000111841114768	-0.00239505395962	-0.174135995163	-0.0146708849509	1.03466534572e-10	1.7233188263e-05	100.0
0.000321539112562	-0.000657595627676	-0.00103645787794	0.033654135945	-0.0854307311085	-0.124726256788	1.03466534572e-10	1.7233188263e-05	100.0
0.000143504517595	-0.000998751270128	-0.000898133188336	0.0102055764943	-0.131175824788	-0.108718749132	1.03466534572e-10	1.7233188263e-05	100.0
4.91190270478e-05	-0.00110325571105	-3.38932200851e-05	-0.00785631149176	-0.12426374161	-0.00069730164822	1.02481505881e-10	1.7069123767e-05	100.0
0.00059348823628	-0.00079373651212	0.000768097630216	0.0663000531626	-0.100958955339	0.090399195533	1.02364782974e-10	1.7049682623e-05	100.0
0.000107094208053	-0.00117487426243	0.000188862938188	-0.000241059964388	-0.140354346763	0.0186314884479	1.02364782974e-10	1.7049682623e-05	100.0
0.000247085341884	-0.00111386266503	-0.000287006081698	0.0178388966464	-0.133213134605	-0.0276997946524	1.02364782974e-10	1.7049682623e-05	100.0
0.000240853570358	-0.000950970011032	-0.00102882748678	0.0228567062097	-0.12791749316	-0.130329684608	1.02364782974e-10	1.7049682623e-05	100.0
0.000444718128752	-0.000781688956152	-0.000977713937943	0.0496314581367	-0.103322871524	-0.119532048576	1.02364782974e-10	1.7049682623e-05	100.0
0.000115614151519	-0.00119388946751	-0.000197981340639	0.00263439946787	-0.144771651449	-0.0201101171801	1.01986753635e-10	1.6986718778e-05	100.0
8.45968095454e-06	-0.000952420566572	-0.000432942872508	-0.010253280917	-0.105599150828	-0.0385960313854	1.01986753635e-10	1.6986718778e-05	100.0
0.000626162351334	-0.0012991689857	0.00119013797674	0.0821972980115	-0.186913983951	0.166348710445	1.0191936514e-10	1.6975494679e-05	100.0
0.000544071027062	-0.00102790155863	0.000397485688999	0.0566293550723	-0.127938402742	0.0445472548076	1.0191936514e-10	1.6975494679e-05	100.0
0.00020144838228	-0.000970230678023	0.000480597786891	0.012322710151	-0.112458000452	0.0477398093248	1.01490392111e-10	1.6904045751e-05	100.0
0.00024150625305	-0.00101854816166	0.000469892615938	0.0179602958359	-0.12136411636	0.0489783387777	1.01490392111e-10	1.6904045751e-05	100.0
0.000612282978116	-0.00098705589611	-0.000206887026715	0.0635894312172	-0.119630157626	-0.0234822165863	1.01490392111e-10	1.6904045751e-05	100.0
0.000207619855748	-0.00101786092501	0.000775515169348	0.0166994388496	-0.130378523262	0.0913063274161	1.01473142667e-10	1.6901172717e-05	100.0
0.000417540241494	-0.00061675120412	0.00103519427359	0.0460384794147	-0.0803923584698	0.125056662253	1.01473142667e-10	1.6901172717e-05	100.0
0.000618334152787	-0.00122402272929	9.63245241097e-05	0.0710836390711	-0.159206723219	0.0114150656903	1.01473142667e-10	1.6901172717e-05	100.0
0.000324774810261	-0.0011702644638	-0.000724618931424	0.0327542395481	-0.155011079145	-0.0894789798705	1.01473142667e-10	1.6901172717e-05	100.0
0.000543521663133	-0.0011925296412	-0.00102352537782	0.0683910471505	-0.167129415257	-0.136752110922	1.01473142667e-10	1.6901172717e-05	100.0
0.000543456470828	-0.00102161558694	-7.88768336995e-06	0.0521673606529	-0.122284541162	-0.000777694909111	1.00578283806e-10	1.6752126735e-05	100.0
6.61931220148e-05	-0.00104940520487	-7.52309925692e-05	-0.00665590712923	-0.113652987978	-0.00341898850519	1.00578283806e-10	1.6752126735e-05	100.0
0.000150603944652	-0.000974489203408	0.00105886251628	0.0127792670125	-0.13237840186	0.133747929082	1.0049274065e-10	1.6737878831e-05	100.0
0.000650785476414	-0.00131261027561	-0.000251092982763	0.0776814250042	-0.176253766237	-0.0334166195749	1.0049274065e-10	1.6737878831e-05	100.0
0.000393917113995	-0.00152998904335	-0.000220593454877	0.0429818600488	-0.20964832096	-0.0287405905842	1.0049274065e-10	1.6737878831e-05	100.0
0.000666470262568	-0.0012643021036	-0.000870528421498	0.0855335274483	-0.178293769077	-0.116971645574	1.0049274065e-10	1.6737878831e-05	100.0
0.000358513570615	-0.00123540501897	-0.00103275832354	0.04036656811	-0.171970077888	-0.139403193984	1.0049274065e-10	1.6737878831e-05	100.0
0.000581243520453	-0.000566949565292	0.00101686940127	0.0684816707537	-0.075082178095	0.123107102592	9.96799046503e-11	1.660249442e-05	100.0
0.000117126760775	-0.000679997554404	0.0008129552981	0.00558390373722	-0.0808998544515	0.0818452039409	9.92293069546e-11	1.6527443729e-05	100.0
0.000132535379857	-0.00121583078228	-0.000208175518965	0.00216344859181	-0.148277876498	-0.0254011621381	9.92293069546e-11	1.6527443729e-05	100.0
0.000316833116402	-0.0011066902723	-0.0009808659679	0.0352681461814	-0.151262219677	-0.125199655732	9.87777034604e-11	1.6452225514e-05	100.0
0.000425580609551	-0.00166788340805	0.000269352142751	0.0494993500992	-0.234063515877	0.0360517080632	9.84760645119e-11	1.6401985107e-05	100.0
0.000166947510925	-0.00122781718149	-0.000336767593665	0.00908821846329	-0.153475101896	-0.0385191337656	9.84760645119e-11	1.6401985107e-05	100.0
0.000214130231307	-0.00111891554523	-0.000411091865327	0.0153026891556	-0.13767306985	-0.0422269969197	9.84760645119e-11	1.6401985107e-05	100.0
0.000329293384722	-0.000798547739356	-0.001245243581	0.0385965201139	-0.110766071453	-0.162411581914	9.84760645119e-11	1.6401985107e-05	100.0
0.000256797689046	-0.00091325117076	0.000467265929855	0.0173731328319	-0.104027901	0.0454089630558	9.74560843261e-11	1.6232099157e-05	100.0
0.000191546680798	-0.000329078139646	-0.0011326526572	0.018639395988	-0.0446326172242	-0.131526969801	9.69603765709e-11	1.6149535021e-05	100.0
-1.87932954015e-05	-0.00118641629496	-5.78738724087e-05	-0.0164373469567	-0.139999687634	-0.00894196501233	9.69429762581e-11	1.6146636858e-05	100.0
0.000226934491047	-0.000987871848098	-0.00108186541742	0.0235258786752	-0.135383792082	-0.137837366997	9.69429762581e-11	1.6146636858e-05	100.0
0.000354585017466	-0.00148092106868	-0.000144892757401	0.0359101123311	-0.200439611862	-0.019854505503	9.64276051437e-11	1.606079763e-05	100.0
0.000350206736726	-0.00115609691014	-0.000983228860757	0.0386542849007	-0.159464196334	-0.128985065105	9.64276051437e-11	1.606079763e-05	100.0
0.00045941844685	-0.000394392616378	-0.000969550532312	0.0501560324535	-0.0505984400104	-0.10790165399	9.60445468124e-11	1.5996996166e-05	100.0
-4.95897263008e-05	-0.00109406977903	6.10179159402e-05	-0.0203897311844	-0.12173346776	0.00465512122393	9.55846957711e-11	1.5920404256e-05	100.0
0.000351354512855	-0.00092789398078	0.000518094223683	0.0296463542616	-0.109522414713	0.055041713997	9.53901240652e-11	1.5887996764e-05	100.0
0.000542541207674	-0.00131654860666	0.000620167694907	0.0645058538324	-0.180328550635	0.0793111656545	9.5123486902e-11	1.5843586188e-05	100.0
4.68643589083e-05	-0.0011651548162	0.000571728782039	-0.00676037994535	-0.146849629865	0.0685539771188	9.5123486902e-11	1.5843586188e-05	100.0
0.000340302661454	-0.000951884941301	0.000408344694875	0.0257320452303	-0.108718817211	0.0449877278564	9.5123486902e-11	1.5843586188e-05	100.0
0.00037273174332	-0.000937314306239	0.000766338638736	0.0388931588017	-0.120767937464	0.0875256429177	9.46608196251e-11	1.576652521e-05	100.0
0.000727739961943	-0.00176726664105	0.000150198056235	0.095079260634	-0.253461745631	0.0200614707724	9.46608196251e-11	1.576652521e-05	100.0
0.000237269586946	0.0001649752631	-0.00119053771539	0.0264431519327	0.0172632610997	-0.141103346064	9.46608196251e-11	1.576652521e-05	100.0
5.41689759238e-05	-0.00116202981263	0.000290232359564	-0.00492880779138	-0.139672511069	0.0284536947906	9.43428867421e-11	1.5713570917e-05	100.0
0.000374462759636	-0.000444941581699	0.000872034754235	0.0357643875164	-0.0517327079386	0.0916743474933	9.41966436506e-11	1.5689212947e-05	100.0
0.000465292831464	-0.000970818777637	0.000606127622798	0.0487105277694	-0.121841799514	0.0696633894561	9.37309589785e-11	1.5611649398e-05	100.0
-0.000104093768836	-0.00104029310158	0.000343394561484	-0.0243261496216	-0.117659831282	0.0318673735193	9.32852394052e-11	1.5537411198e-05	100.0
0.000554340021659	-0.00129251283668	-5.11128969618e-06	0.0622268360112	-0.169734088196	-0.0018807122447	9.32852394052e-11	1.5537411198e-05	100.0
0.000329326992373	-0.00109823216769	-0.000382962169314	0.0286222052637	-0.134378596755	-0.0433712511515	9.32636650289e-11	1.5533817811e-05	100.0
0.000412005790688	-0.000494368389763	-0.00102044543345	0.0438441904176	-0.0633068256887	-0.118962616221	9.32636650289e-11	1.5533817811e-05	100.0
0.00021831298534	8.91538839663e-05	0.00122052566815	0.0239847561034	0.00860230098124	0.146099717413	9.23239978476e-11	1.5377308641e-05	100.0
0.000172407353683	-0.000996801578941	0.000398481655327	0.00817186224475	-0.11366288304	0.0369535069235	9.23239978476e-11	1.5377308641e-05	100.0
0.000425729570842	-0.00149163991122	0.000388568128443	0.0484096870047	-0.204291195527	0.0486401617643	9.23239978476e-11	1.5377308641e-05	100.0
0.000829279447893	-0.00149398313241	-0.000667671563349	0.11014398063	-0.213252690507	-0.090791690534	9.23239978476e-11	1.5377308641e-05	100.0
0.000680310652577	-0.00108606159352	-0.000559183621235	0.0817861535006	-0.144168442907	-0.0671512366572	9.23239978476e-11	1.5377308641e-05	100.0
-0.000106862528124	-0.00106697293366	0.000219591032962	-0.0253203357753	-0.118623275921	0.0193957918749	9.22163774158e-11	1.5359383588e-05	100.0
0.000209417574678	-0.00065730762333	-0.00122554532857	0.0223695750671	-0.0900246575792	-0.153864824414	9.22163774158e-11	1.5359383588e-05	100.0
0.000236385667239	-0.000590997810639	0.000826604389831	0.017422777981	-0.0682599452715	0.0837848840539	9.13771392075e-11	1.5219601675e-05	100.0
5.11179510518e-05	-0.000991620406466	0.000526117785245	-0.00613519696496	-0.115778268583	0.0528252883831	9.13771392075e-11	1.5219601675e-05	100.0
9.04436916695e-05	-0.00138196873754	5.81298069726e-05	-0.000389473526599	-0.177888083283	0.00316446593919	9.13771392075e-11	1.5219601675e-05	100.0
0.000474613369066	-0.00143777064061	2.98020792057e-05	0.0530840579822	-0.192541823356	0.00354350753485	9.13771392075e-11	1.5219601675e-05	100.0
0.000638638130416	-0.00118982503178	7.94843430683e-05	0.0731317000585	-0.154124839617	0.0104635018417	9.11355464251e-11	1.5179362443e-05	100.0
0.000414864737383	-0.000832815044339	-0.000505189193097	0.0368983294578	-0.0959271050685	-0.0498327758826	9.11355464251e-11	1.5179362443e-05	100.0
0.000461369531986	-0.00118671961632	-0.000365359364985	0.0474206857477	-0.152404677161	-0.0455776107864	9.0900843362e-11	1.514027075e-05	100.0
0.000152380110033	-0.000956249602622	-0.000527654069177	0.00727082209559	-0.111070308269	-0.0554176616329	9.0900843362e-11	1.514027075e-05	100.0
0.000343035954736	-0.000642929420031	0.00149927875404	0.0426636097114	-0.0914452084579	0.203821091683	9.05902528074e-11	1.508853938e-05	100.0
0.000439153571047	-0.00125440363664	0.000427789909786	0.0475704215554	-0.164558025658	0.0518520061689	9.05902528074e-11	1.508853938e-05	100.0
0.000338141231458	-0.000566211070871	-0.000993212529194	0.0361928783485	-0.073163683651	-0.114117826402	9.05902528074e-11	1.508853938e-05	100.0
5.64244212822e-08	-0.000962993624882	0.000350204075037	-0.0111225732274	-0.103946639848	0.0282932801287	9.00416400549e-11	1.4997163489e-05	100.0
-5.18675571958e-05	-0.00126730380668	-5.26971967342e-05	-0.0193944872441	-0.155342672005	-0.00461596431707	9.00416400549e-11	1.4997163489e-05	100.0
5.6313711913e-05	-0.000994817415205	-0.000562226773673	-0.0034672980756	-0.118377866787	-0.0574988435005	9.00416400549e-11	1.4997163489e-05	100.0
0.000446765451742	-0.000834613066187	0.00118811665633	0.0536910603675	-0.114499466368	0.156235154	8.99420660106e-11	1.4980578626e-05	100.0
0.000585984190041	-0.00115515961271	0.000329298124629	0.0657012817853	-0.149358893008	0.0395637539393	8.99420660106e-11	1.4980578626e-05	100.0
0.000125479823544	-0.00108131263148	-0.000567276924845	0.00499318184688	-0.133457736676	-0.0623923989631	8.99420660106e-11	1.4980578626e-05	100.0
