# x[AU] y[AU] z[AU] vx[AU/yr/2pi] vy[AU/yr/2pi] vz[AU/yr/2pi] m[MSUN] m[mtot] wf[%]
-7.56792603687e-08	-1.39662146265e-08	-2.32309436323e-08	-1.32551231394e-05	-2.89168281217e-06	-7.35799067082e-06	9.42503002962e-10	0.999837913076	9.98657342381
-1.3665404898e-05	-5.90222109893e-05	3.69725954228e-05	-0.00279355008791	-0.00766188928987	0.00443223436231	1.91028982082e-14	2.0264977213e-05	100.0
-2.19931048136e-05	-5.22915633504e-05	1.09800679028e-05	-0.00382568544548	-0.00568952520619	0.000792788336484	1.9101107887e-14	2.0263077981e-05	100.0
-2.14514918393e-05	-7.26092263758e-05	2.95461385581e-05	-0.00394027614336	-0.00983812031846	0.0037076900885	1.9101107887e-14	2.0263077981e-05	100.0
-2.46511404216e-05	-6.05783935052e-05	2.18725295219e-05	-0.0042588112494	-0.00752214341032	0.00244750538603	1.90988297535e-14	2.0260661263e-05	100.0
-1.03880141805e-05	-8.40233822593e-05	-2.9433561923e-05	-0.0023906886165	-0.0117841349124	-0.00394558895985	1.9098512927e-14	2.0260325163e-05	100.0
-1.10316626779e-05	-8.09453317573e-05	-6.08693694014e-05	-0.00239342267134	-0.0118238894352	-0.0085218244995	1.90975825635e-14	2.0259338203e-05	100.0
-3.22804419e-06	-0.000125325380844	4.68696960859e-05	-0.00123466152015	-0.0189086333314	0.00694975935949	1.90960688368e-14	2.0257732393e-05	100.0
1.43127082644e-06	-0.000113177464216	-2.5545304692e-06	-0.000595259864525	-0.0166890285157	-0.000346484327237	1.90960688368e-14	2.0257732393e-05	100.0
