# x[AU] y[AU] z[AU] vx[AU/yr/2pi] vy[AU/yr/2pi] vz[AU/yr/2pi] m[MSUN] m[mtot] wf[%]
5.03381966037e-08	4.39192012269e-07	6.31772898726e-09	1.32366217367e-05	6.69570097786e-05	6.30471013193e-06	7.34812343128e-08	0.998563666866	11.1078565234
-7.60236191383e-05	-0.000522103366896	3.64790565826e-05	-0.014710202773	-0.0780937141519	0.0053816156304	2.88401082239e-12	3.919188959e-05	100.0
-0.000155785241695	-0.000235057486183	9.99160031627e-05	-0.0242819288865	-0.0290259855327	0.0129359075249	1.48688086821e-12	2.0205773975e-05	100.0
-9.71649766135e-05	-0.000229217172127	1.40826075962e-06	-0.0159548435157	-0.0250373363194	0.000909526789707	1.47643062254e-12	2.0063761722e-05	100.0
-0.000221362690218	-0.000219058504855	-3.21834216007e-06	-0.0335751370634	-0.0265072252429	-0.000190053308212	1.46812222462e-12	1.9950855831e-05	100.0
-0.000244637130193	-0.000180664657796	-1.97510158572e-06	-0.0360696228151	-0.0206529022591	0.000442992757492	1.46539751668e-12	1.9913828767e-05	100.0
-0.000168173804489	-0.000151458062351	1.77325720392e-05	-0.0229161920276	-0.012647898275	0.00059137612584	1.46179826701e-12	1.9864917232e-05	100.0
-0.000245409618273	-0.00011681817994	5.82829672695e-06	-0.0341849843215	-0.0103420660982	0.000410838079449	1.46179826701e-12	1.9864917232e-05	100.0
-0.000259413777385	-0.000154494971746	1.70171275519e-05	-0.037940228643	-0.016883414251	0.0015148208046	1.46090411221e-12	1.9852766232e-05	100.0
-0.00011073506952	-0.00025347146929	3.42969878662e-05	-0.0183499845089	-0.0304085341361	0.00327942839933	1.4604580406e-12	1.98467044e-05	100.0
-8.81806037832e-05	-0.00029774407029	2.77516719902e-06	-0.015681902938	-0.0383372009118	0.000642024907136	1.45735062636e-12	1.9804476598e-05	100.0
-7.82758956742e-05	-0.000353472269315	-4.10491952336e-05	-0.0145605335201	-0.0488793263534	-0.00555229222354	1.45735062636e-12	1.9804476598e-05	100.0
-6.50513926459e-05	-0.000489133997928	3.81079114256e-05	-0.0129499725542	-0.0727415351694	0.00561754991425	1.45602749853e-12	1.9786496125e-05	100.0
-5.77202244497e-05	-0.000406133921149	6.4010364586e-05	-0.0117340968225	-0.0583411978042	0.00937447484523	1.45602749853e-12	1.9786496125e-05	100.0
-9.42270978688e-05	-0.000302914062657	0.000111776215008	-0.0168408542538	-0.040624342716	0.0141782647447	2.89651993744e-12	3.936188058e-05	100.0
-0.000121166353169	-0.000268724842098	6.3712621421e-05	-0.0200910132133	-0.0337625577355	0.0072400945858	2.9055027232e-12	3.9483950977e-05	100.0
-8.7790211375e-05	-0.000208094636236	-0.000155972069942	-0.0151139262037	-0.025182779025	-0.0178551472469	1.4551479278e-12	1.9774543313e-05	100.0
-8.61776044383e-06	-0.000505769757998	5.9890568391e-05	-0.00441045678632	-0.0756034056298	0.00884711726705	1.45470889679e-12	1.9768577158e-05	100.0
-0.000107845750956	-0.000437649440421	-3.84244976824e-05	-0.0192974944089	-0.063795813899	-0.00581975630244	1.45470889679e-12	1.9768577158e-05	100.0
-0.000121973387419	-0.000223998997674	-2.52664958419e-05	-0.0191457558812	-0.0246538875448	-0.00211798317735	1.45470889679e-12	1.9768577158e-05	100.0
-5.00646289279e-05	-0.000227305289633	-0.000156053563308	-0.0105217913422	-0.0283018259115	-0.0182528856352	1.45383234346e-12	1.9756665351e-05	100.0
-0.000231080534644	-0.000170894940592	-9.01151343794e-06	-0.0335543251115	-0.0186383385385	-0.000279479126338	1.45339532404e-12	1.9750726533e-05	100.0
-7.6287985468e-05	-0.000225011218686	7.3048502294e-05	-0.0136833501462	-0.0249972632169	0.00719924810438	1.45295830463e-12	1.9744787714e-05	100.0
-2.27875227378e-05	-0.000518603478432	6.64856168344e-05	-0.0065133052545	-0.0778116199095	0.00967088571019	1.45078225973e-12	1.9715216635e-05	100.0
-4.94438296026e-05	-0.000299083580285	-0.000200204013866	-0.0105393380803	-0.0418293545444	-0.0267459047446	1.44991526148e-12	1.9703434675e-05	100.0
-7.12760362504e-05	-0.000486319024138	-5.96018846671e-05	-0.0138661619712	-0.0723857368788	-0.00920714897623	1.44948226526e-12	1.969755053e-05	100.0
-8.72993973102e-05	-0.00035394414063	0.000120975482073	-0.0163727647504	-0.0496441629444	0.0165035343464	1.44895723848e-12	1.9690415747e-05	100.0
-0.000173823937442	-0.000149826165614	-7.23870815094e-05	-0.0241679253198	-0.0139885023074	-0.00658231385143	1.44861878731e-12	1.9685816408e-05	100.0
-7.71850854559e-05	-0.000305178440143	9.27383972986e-05	-0.0145329464397	-0.0405920359914	0.0113871607279	1.44775681806e-12	1.967410279e-05	100.0
-5.80847467082e-05	-0.000559044552718	0.000125163661992	-0.0119817838736	-0.0847853817401	0.0185107937146	1.44773519339e-12	1.9673808924e-05	100.0
-2.36481794924e-05	-0.000423619274101	4.44413388552e-05	-0.00701639952638	-0.0612544603342	0.00642850234659	1.44773519339e-12	1.9673808924e-05	100.0
-8.27962351873e-05	-0.000327178624635	-9.12184608654e-05	-0.0153266981098	-0.044442406968	-0.0120322920482	1.4468968604e-12	1.9662416507e-05	100.0
3.73192896361e-05	-0.000476367463531	-1.06009915481e-05	0.00263145397379	-0.0707070820388	-0.00176919146882	1.44653728746e-12	1.9657530137e-05	100.0
-8.14397172767e-05	-0.000210031290425	-0.000169507896866	-0.0145189427109	-0.0260930482451	-0.0198475693508	1.44614351738e-12	1.965217905e-05	100.0
-6.48200604462e-05	-0.000260487042139	-0.000130011214892	-0.0128090448598	-0.0330943096674	-0.0159629745591	1.44475601845e-12	1.9633323814e-05	100.0
-3.22623584702e-05	-0.000544960099115	7.67953532643e-05	-0.00802837452436	-0.0824486594862	0.011133043766	1.44432905701e-12	1.9627521677e-05	100.0
-0.000173992706081	-0.000181734376056	-8.16714926745e-06	-0.0248662154101	-0.0182385403971	-0.000696091892693	1.44432905701e-12	1.9627521677e-05	100.0
1.57270006738e-06	-0.000482152690319	-4.30437528621e-05	-0.0028760219809	-0.0716786651687	-0.00606975453764	1.44432905701e-12	1.9627521677e-05	100.0
-0.00014715509676	-0.000220841478675	-4.95672661289e-05	-0.0226337925921	-0.0250066667014	-0.00492570274115	1.44432905701e-12	1.9627521677e-05	100.0
3.85619070312e-05	-0.000454322488415	0.000117891145104	0.00273846094336	-0.0673224725851	0.0171500387915	1.4442108757e-12	1.9625915668e-05	100.0
-7.23564245758e-05	-0.000263895203409	-0.000127437491	-0.0135538029035	-0.0337286662374	-0.0155304091415	1.44347714575e-12	1.961594474e-05	100.0
-9.29253725067e-05	-0.000204674347962	-9.16099405016e-05	-0.0153406997856	-0.0218561693287	-0.00921135193813	1.44347714575e-12	1.961594474e-05	100.0
-0.000114357538072	-0.00016141329807	-0.000116342765559	-0.0173666405036	-0.0165741437791	-0.00984504698059	1.44347714575e-12	1.961594474e-05	100.0
-7.77434507027e-05	-0.000208540031914	-0.00013107247358	-0.0137325489971	-0.0243884606093	-0.0140885654129	1.44345451528e-12	1.9615637206e-05	100.0
-4.7685723829e-05	-0.000378005524252	-6.77313184779e-05	-0.0105954036051	-0.0533248817207	-0.00904594141649	1.44345451528e-12	1.9615637206e-05	100.0
-7.0079357941e-05	-0.000425579485537	0.000107559121562	-0.0138339388657	-0.0621477521127	0.0146089463412	1.44270720705e-12	1.9605481758e-05	100.0
-8.5814542232e-05	-0.000481304130815	-0.000177867003551	-0.0161583164056	-0.0720710130194	-0.0258061839678	1.44233657033e-12	1.9600445039e-05	100.0
-5.06940636154e-05	-0.00027652453344	0.000211983915624	-0.0107794836629	-0.0386886672988	0.0277318168042	1.4419679452e-12	1.9595435656e-05	100.0
-7.89068150353e-05	-0.000336030396949	-0.000138396360684	-0.0149462451827	-0.0469452878793	-0.0181788747966	1.4419679452e-12	1.9595435656e-05	100.0
-0.000145745879423	-0.000415701103278	8.12304665711e-05	-0.0250647405395	-0.0602695996787	0.0116566466842	1.4417788551e-12	1.959286604e-05	100.0
-6.21272197947e-05	-0.00030759242876	6.8552966563e-05	-0.0126770582994	-0.0406590657196	0.00795549235531	1.44160183458e-12	1.9590460443e-05	100.0
-3.9182065572e-05	-0.000349235828034	0.0001536886617	-0.00927139857303	-0.0495144436238	0.020643778718	1.44160183458e-12	1.9590460443e-05	100.0
-0.000127105256171	-0.000358682839488	-2.92163623743e-05	-0.0220081363634	-0.049712115194	-0.00375422866726	1.44160183458e-12	1.9590460443e-05	100.0
-7.61697435778e-05	-0.000303006333479	0.00014371039624	-0.0145191623932	-0.0414871680052	0.0180978365481	1.44123773555e-12	1.9585512566e-05	100.0
-7.51202034188e-05	-0.000361120326641	0.00026832913954	-0.0143996667579	-0.0532774788653	0.038317954854	1.44123773555e-12	1.9585512566e-05	100.0
-3.73418289275e-05	-0.000345996650232	-2.32013424787e-05	-0.00921334098085	-0.0472408982773	-0.00269903013246	1.44123773555e-12	1.9585512566e-05	100.0
-9.31324176461e-05	-0.000481713939415	7.11109727045e-05	-0.0173039494259	-0.0713853426242	0.0101906779864	1.44087514521e-12	1.9580585192e-05	100.0
-5.0217640436e-05	-0.000469146138829	-0.000187370975675	-0.0107888607211	-0.0701364523345	-0.0272548934518	1.44051506937e-12	1.9575691989e-05	100.0
1.43701815978e-05	-0.000323492079029	0.000160187619134	-0.00141878906621	-0.0453701547398	0.0213895069719	1.44008810794e-12	1.9569889852e-05	100.0
-6.61197696359e-05	-0.000146116974257	0.000245351149146	-0.0124560791553	-0.019376434713	0.0298485335134	1.43979994669e-12	1.9565973922e-05	100.0
-6.82902754912e-05	-0.000261430225136	-1.41601630831e-05	-0.0133334992862	-0.0309985952063	-0.00267320645725	1.43979994669e-12	1.9565973922e-05	100.0
-0.000130798166521	-0.000297787551484	-0.000152828692862	-0.0221919714875	-0.04055895324	-0.0207954877723	1.4396666784e-12	1.956416289e-05	100.0
-9.88995812826e-05	-0.000457308865948	8.88452429357e-06	-0.0181550623535	-0.0670676677222	0.00140841817918	1.43924575176e-12	1.9558442762e-05	100.0
-4.15813776954e-05	-0.000459148001637	-0.000306165609481	-0.00929227150989	-0.0697152857179	-0.0452846609824	1.4390928704e-12	1.9556365201e-05	100.0
-0.000110486769221	-0.000352659453528	-6.02499345988e-05	-0.0195799168516	-0.048763619642	-0.00761475366552	1.4390928704e-12	1.9556365201e-05	100.0
-7.1168729195e-05	-0.000288641901091	7.88758901834e-06	-0.0136780593727	-0.0364673675308	6.1020697673e-05	1.43874184675e-12	1.9551595011e-05	100.0
-0.000110789797271	-0.000335652479304	-6.67748865265e-05	-0.0195338431739	-0.045874177064	-0.00911608261336	1.43874184675e-12	1.9551595011e-05	100.0
-4.87726539807e-05	-0.00048240711757	-6.64671098818e-05	-0.0106682929555	-0.0714275040743	-0.00937161821518	1.43839283469e-12	1.9546852157e-05	100.0
-0.00010544140541	-0.000374392122381	7.64616029993e-05	-0.018899846152	-0.0528245969847	0.00992375707823	1.43804533134e-12	1.9542129805e-05	100.0
-5.58455461606e-05	-0.000432030464194	2.87034803898e-05	-0.0118439992011	-0.062584661911	0.00424090689871	1.43804533134e-12	1.9542129805e-05	100.0
-4.01485202804e-05	-0.000294709072661	-0.000257116731375	-0.00914894865394	-0.0423294166278	-0.0355154947461	1.43769983958e-12	1.953743479e-05	100.0
