# x[AU] y[AU] z[AU] vx[AU/yr/2pi] vy[AU/yr/2pi] vz[AU/yr/2pi] m[MSUN] m[mtot] wf[%]
-2.93094552736e-07	4.412055713e-07	-1.54097137798e-08	-3.62253270651e-05	7.68055368326e-05	1.47317449527e-06	7.33882534677e-08	0.998994596583	19.0301644611
-3.47863344077e-05	-0.000277281452444	2.86218071599e-05	-0.00900345538257	-0.0345157391997	0.00362053427319	4.91675861341e-12	6.6929175384e-05	100.0
-1.7844130095e-05	-0.000217007080135	-0.000102074789404	-0.00675979998001	-0.0246679175798	-0.0108308016981	1.65669585158e-12	2.2551704472e-05	100.0
-4.22019899706e-05	-0.000247853917068	-2.41345962005e-06	-0.00977071351883	-0.0286176964262	3.50573022562e-05	1.65575593295e-12	2.2538909868e-05	100.0
-7.48250671726e-05	-0.000243423432203	4.66127683106e-06	-0.0139145963998	-0.0278498513281	0.00106736901301	1.65575593295e-12	2.2538909868e-05	100.0
3.32132565119e-05	-0.000374935767084	7.15590901656e-05	0.00132390369482	-0.0537262813613	0.00951449072129	1.65388162758e-12	2.2513395963e-05	100.0
1.87713835963e-05	-0.000268056286706	4.5742808477e-05	-0.0017542070791	-0.0334428572331	0.00504517551833	1.65388162758e-12	2.2513395963e-05	100.0
-2.7718007971e-05	-0.000307865206573	7.35727910598e-05	-0.00786924172048	-0.0409934346819	0.00987607885223	1.65294774374e-12	2.2500683507e-05	100.0
-1.49861200919e-05	-0.000314298756687	1.56450573671e-06	-0.00624664046443	-0.0418035773318	0.00028460360534	1.65294774374e-12	2.2500683507e-05	100.0
-0.000114803793554	-0.000223389346945	6.618402438e-05	-0.0187850246587	-0.0256429040967	0.00689471018279	1.6520158715e-12	2.2487998434e-05	100.0
-2.01875560779e-05	-0.000315022638962	0.000119397270978	-0.00670507168708	-0.0432847774955	0.0155599221365	3.29663510136e-12	4.4875310387e-05	100.0
7.52791853674e-06	-0.000233481293287	4.86862834506e-05	-0.00345199929731	-0.0263854049258	0.0049425896022	1.65108601085e-12	2.2475340744e-05	100.0
-3.09765750182e-05	-0.000265002676993	-0.000126174871665	-0.0083055181694	-0.0344858476808	-0.015376459692	1.65108601085e-12	2.2475340744e-05	100.0
6.66035570418e-07	-0.000348294223789	8.24172144049e-05	-0.00367547154026	-0.048736574902	0.0113631107774	1.64877066287e-12	2.2443823165e-05	100.0
-1.59976646118e-05	-0.000273281570785	-3.91500598404e-06	-0.00625025280795	-0.0337579781735	-0.000459626995364	1.64877066287e-12	2.2443823165e-05	100.0
-4.6759850755e-05	-0.000219741850183	6.09725547464e-05	-0.0104103398876	-0.0239559051712	0.00542126719704	1.64784784281e-12	2.2431261314e-05	100.0
2.68267328427e-05	-0.0002976939657	-0.000180325902192	6.85497315078e-05	-0.0418835004706	-0.0242277005602	1.64784784281e-12	2.2431261314e-05	100.0
-5.56037475592e-06	-0.000211548594602	0.000250325758226	-0.00454005446805	-0.0293270648401	0.0331190557658	1.64692703435e-12	2.2418726847e-05	100.0
1.2982885844e-05	-0.000367229222688	-6.9937862411e-05	-0.00181963041811	-0.0521442915536	-0.00958764225132	1.64463331104e-12	2.2387503632e-05	100.0
-5.38776753077e-05	-0.000285328513189	-5.67306840184e-05	-0.0114542365762	-0.0365831644898	-0.00676171809278	1.64463331104e-12	2.2387503632e-05	100.0
-1.82453147858e-05	-0.000256013825363	-0.000108848382098	-0.00671099071085	-0.0321361701033	-0.0130148899792	1.6423516573e-12	2.2356444714e-05	100.0
1.31933765498e-05	-0.000408266080575	9.49609263523e-05	-0.00159277246567	-0.0595707273709	0.0135132800051	1.64189653352e-12	2.235024936e-05	100.0
8.03326912259e-05	-0.000513116046738	-4.29767183959e-05	0.00911556833992	-0.0779561673435	-0.00624634594319	1.64189653352e-12	2.235024936e-05	100.0
9.16637719898e-05	-0.000378513795698	-0.000160523231792	0.0102336550552	-0.0556252106195	-0.0231646805843	1.64098829754e-12	2.2337886035e-05	100.0
-3.77150462015e-05	-0.000245099014882	-7.40957001669e-05	-0.00921749173175	-0.0291844993568	-0.00795192675006	1.64098829754e-12	2.2337886035e-05	100.0
5.4131075734e-05	-0.000338652985701	0.000235927551855	0.00460679202576	-0.0497630189213	0.0338019385707	1.63737245219e-12	2.2288665488e-05	100.0
-9.39664524517e-05	-0.000237301987701	3.81152394457e-05	-0.0163326401765	-0.0273163949394	0.0035752935474	1.63464221235e-12	2.225150021e-05	100.0
-1.37721041788e-05	-0.00024672241242	9.14031847647e-05	-0.0063351739471	-0.0300536586722	0.0103158967359	1.633586124e-12	2.2237124251e-05	100.0
-2.83668342647e-05	-0.00029661089233	8.97974359604e-05	-0.0080901835099	-0.0395582467031	0.0108258579076	1.633586124e-12	2.2237124251e-05	100.0
-5.16357085382e-05	-0.000397881385413	2.69860878548e-06	-0.0114603978958	-0.057199073351	0.000478456853434	1.633586124e-12	2.2237124251e-05	100.0
-2.94608247168e-05	-0.000256130277455	5.07430787269e-05	-0.00831456252118	-0.0309924592562	0.00504930591629	1.63244655439e-12	2.2221611906e-05	100.0
3.53415072023e-06	-0.000166341238031	0.000248775709038	-0.0034351891871	-0.0226607415114	0.0315174777232	1.63200148858e-12	2.2215553466e-05	100.0
-1.80764058622e-07	-0.00048861796553	0.000104922056909	-0.00344144930826	-0.073638054378	0.0152694577958	1.63152021403e-12	2.2209002136e-05	100.0
-4.08376502521e-05	-0.000263293706031	2.64646206358e-05	-0.00995742577903	-0.0320545710973	0.00286343082685	1.63152021403e-12	2.2209002136e-05	100.0
5.04612956834e-05	-0.000374332772305	0.000234759308369	0.00441359730169	-0.0558165020764	0.0342026080293	1.63050888371e-12	2.2195235443e-05	100.0
6.28632242504e-05	-0.000599323458579	-3.44551488392e-05	0.00656431326786	-0.092355168283	-0.00513900267922	1.63050888371e-12	2.2195235443e-05	100.0
1.28325622538e-05	-0.000238007906031	-0.000229797079485	-0.00212888938005	-0.0330914595109	-0.0304674333587	1.63050888371e-12	2.2195235443e-05	100.0
-3.47279331169e-05	-0.00028725497377	-0.000135666035747	-0.00901575929587	-0.0385564514719	-0.0173572517116	1.63050888371e-12	2.2195235443e-05	100.0
3.38600102749e-05	-0.000365112677396	7.13179209041e-05	0.00104460386224	-0.0519322829049	0.00998131528993	1.63022474566e-12	2.2191367626e-05	100.0
1.76827321146e-05	-0.000388090655919	8.99986085564e-05	-0.00108844948128	-0.0561735809777	0.0123393978401	1.630008499e-12	2.2188423977e-05	100.0
2.86413845267e-06	-0.000522303129031	-1.61930270248e-05	-0.00292908374408	-0.0790750445525	-0.00256435958509	1.630008499e-12	2.2188423977e-05	100.0
-7.47971744159e-06	-0.000250648394837	-9.44367637179e-05	-0.00556641255162	-0.0310458451399	-0.0106648079136	1.630008499e-12	2.2188423977e-05	100.0
-2.87919291414e-06	-0.000478087327262	-0.00028399139895	-0.0036455966939	-0.0730890640714	-0.04292211586	1.62951163457e-12	2.218166043e-05	100.0
