# x[AU] y[AU] z[AU] vx[AU/yr/2pi] vy[AU/yr/2pi] vz[AU/yr/2pi] m[MSUN] m[mtot] wf[%]
3.91754760315e-06	5.53817278548e-06	9.54982902876e-07	0.000721404214817	0.000749587045323	0.000331417608552	6.00165617651e-06	0.996865891651	9.56411666259
-0.000728023756892	-0.00149981845972	-0.000108571861885	-0.110234529839	-0.189156760348	-0.0125437163878	4.63827213888e-10	7.7040989276e-05	0.0
-0.000655573625061	-0.000814700131417	2.43750150957e-05	-0.0885902408404	-0.0688592496556	-0.00788873915089	3.19850186324e-10	5.3126625685e-05	24.1316798019
-0.000698643187506	-0.00103053026623	4.87919548557e-06	-0.100690263342	-0.107187817356	0.00140671220955	2.42664963515e-10	4.0306278485e-05	0.0
-0.00065756846733	-0.00185465958861	0.000265975525386	-0.102722026986	-0.248539504875	0.033218446171	2.38911726101e-10	3.9682871503e-05	0.0
-0.000631498909797	-0.000942348364454	-0.000114791188495	-0.0893760505449	-0.0922518680163	-0.00443700416823	2.36989293276e-10	3.9363558358e-05	0.0
-0.000802630382827	-0.00155106761817	0.00014429639799	-0.120562700924	-0.198403111334	0.0189732895983	2.36015831267e-10	3.920186781e-05	0.0
-0.00075116599183	-0.00114326328663	-0.000256581222803	-0.105707470093	-0.133126343891	-0.0265395860774	2.33043495753e-10	3.8708167437e-05	0.0
-0.000843926329962	-0.00122849494114	0.000265842877622	-0.120948199264	-0.148268570973	0.0288408484397	2.26837920612e-10	3.7677430918e-05	0.0
-0.000806214718803	-0.000823325138812	-7.52664297447e-05	-0.103162509697	-0.0791889412779	0.00103369988868	1.2464462627e-10	2.0703281369e-05	100.0
-0.000790035786385	-0.000687137889457	-5.96043549355e-05	-0.0945464970304	-0.053252470571	-0.0150601759078	1.15680900391e-10	1.921442024e-05	100.0
-0.00090412615659	-0.00111294030811	-0.000546053746606	-0.129060893896	-0.13683350538	-0.0633061161609	1.13814389958e-10	1.8904395718e-05	100.0
-0.000623156790907	-0.000924253889063	-0.000298884160622	-0.0849627536723	-0.0953186933906	-0.0234466483584	1.13814389958e-10	1.8904395718e-05	100.0
-0.000708252816262	-0.00071765507121	0.000209358620644	-0.0888570479277	-0.0602008507861	0.0105865963252	1.13440886712e-10	1.8842357402e-05	100.0
-0.000814454245504	-0.00120290300723	-5.79289345386e-06	-0.114933041854	-0.141534939196	-0.00468074660613	1.13440886712e-10	1.8842357402e-05	100.0
-0.000779331669057	-0.000847244364889	1.98912426231e-05	-0.100886027011	-0.0788776041926	0.00544184308026	1.13067383466e-10	1.8780319085e-05	100.0
-0.00101996792278	-0.00141498112386	0.0001078241599	-0.147589746526	-0.180053227349	0.0132718372062	1.11946219958e-10	1.8594095545e-05	100.0
-0.000536064831222	-0.00123324607019	-0.000719802767086	-0.081526135212	-0.155421303504	-0.0854143124924	1.11198257957e-10	1.8469860203e-05	100.0
-0.000928018802008	-0.00155417306979	0.000703597927213	-0.138130064654	-0.207545311142	0.0934427815965	1.10449843347e-10	1.8345549683e-05	100.0
-0.000756745757679	-0.000772791982393	0.000222722915534	-0.0976727332844	-0.0729047011389	0.0105479179769	1.10075434882e-10	1.8283361011e-05	100.0
-0.00129074199644	-0.00109655095819	-4.18573320121e-05	-0.181059164582	-0.135317770795	-0.00969402947745	1.09700875548e-10	1.822114728e-05	100.0
-0.00123407555566	-0.00162539190626	0.000110003493599	-0.181055688047	-0.217509634974	0.0152380555327	1.09700875548e-10	1.822114728e-05	100.0
-0.000980323251352	-0.000974705797801	-0.000173195705606	-0.133542417169	-0.108705234675	-0.0170610263746	1.09700875548e-10	1.822114728e-05	100.0
-0.000921746517947	-0.00118390684019	0.000335305578798	-0.131138046648	-0.144221904828	0.0370034627214	1.09326115053e-10	1.8158900136e-05	100.0
-0.000982521283707	-0.00115621174065	0.000453230042378	-0.139461751949	-0.143355588948	0.0518863415446	1.08951253979e-10	1.8096636286e-05	100.0
-0.000916948747386	-0.000801674707861	0.000348707692662	-0.121721566035	-0.0850715440227	0.0313088466392	1.08951253979e-10	1.8096636286e-05	100.0
-0.000771571429258	-0.00106411775559	0.00010918226917	-0.106401703395	-0.118038339079	0.00613120599723	1.05945173928e-10	1.7597330997e-05	100.0
-0.000515926705279	-0.000789472432979	0.000918146690841	-0.0754802200255	-0.09102735593	0.104577510906	1.05568401837e-10	1.7534749731e-05	100.0
-0.00120276272508	-0.0011747784991	0.000217346526678	-0.170696394178	-0.14680376403	0.0234262307516	1.05191378296e-10	1.7472126698e-05	100.0
-0.00107791932195	-0.00152215470016	-7.01247126106e-05	-0.157093686984	-0.198680644121	-0.00884899481629	1.05191378296e-10	1.7472126698e-05	100.0
-0.000975394677392	-0.00116879635467	-0.000324253914137	-0.13806694043	-0.141844294896	-0.0382597375068	1.05191378296e-10	1.7472126698e-05	100.0
-0.000924391913955	-0.00173135673561	-0.000461789955577	-0.138613217117	-0.233542835417	-0.060292443077	1.05191378296e-10	1.7472126698e-05	100.0
-0.000673999289283	-0.000772708224516	-0.00011460654308	-0.0845537183094	-0.0660357430564	-0.000535161323798	1.04436476286e-10	1.7346738632e-05	100.0
-0.000639857943433	-0.00106228572704	-0.000174748432793	-0.0896468933266	-0.115860153565	-0.0128077292959	1.04436476286e-10	1.7346738632e-05	100.0
-0.00107271987341	-0.00147171202645	-0.000218452488943	-0.156498786567	-0.190967285385	-0.027245603046	1.04058597816e-10	1.7283973597e-05	100.0
-0.000764989224877	-0.000821595535918	-0.000216995687299	-0.099690176327	-0.0804576064233	-0.0127295436373	1.02164427927e-10	1.6969354882e-05	100.0
-0.000989575943276	-0.00105455042135	-0.000358617594963	-0.138647955775	-0.12490667766	-0.0381009155809	1.02164427927e-10	1.6969354882e-05	100.0
-0.000872511331339	-0.00173224695744	-0.000207357487088	-0.13049534986	-0.231220420419	-0.0247909543477	1.01784537861e-10	1.6906255724e-05	100.0
-0.000950338057051	-0.00097453558709	-0.000253189312126	-0.130002834843	-0.110420804252	-0.0237715659036	1.0102370164e-10	1.6779881994e-05	100.0
-0.000695927706343	-0.00078123264217	0.000429824805702	-0.0920863085424	-0.0785424644319	0.0357346256589	1.00642654906e-10	1.6716590716e-05	100.0
-0.000571569612655	-0.00082843718791	0.000473643071672	-0.0781181280534	-0.0828680404942	0.0430386485941	1.00642654906e-10	1.6716590716e-05	100.0
-0.00102097506098	-0.00125907099833	0.000271886121378	-0.145733461249	-0.156067750078	0.0332005038792	1.00261205852e-10	1.6653232612e-05	100.0
-0.000835101885845	-0.000542293111221	-0.000216720353266	-0.0985869396001	-0.041820094169	-0.00661989884092	1.00261205852e-10	1.6653232612e-05	100.0
-0.000780528537362	-0.00121871411683	-0.000344801180462	-0.112412229954	-0.147942249311	-0.0359329056385	1.00261205852e-10	1.6653232612e-05	100.0
-0.00108707787229	-0.0011687148134	0.00032995706866	-0.154581287813	-0.143809507921	0.0378076529776	9.98793544786e-11	1.6589807685e-05	100.0
-0.000346039079967	-0.000665191688868	0.00075481433968	-0.0517819899336	-0.066225828485	0.0717296011932	9.83473223131e-11	1.633533949e-05	100.0
-0.000843352771531	-0.00140980381735	0.00050274501748	-0.124437858633	-0.182307360808	0.0606160715726	9.83473223131e-11	1.633533949e-05	100.0
-0.000843613678587	-0.000631615565769	0.000123266355335	-0.100607460243	-0.0521767787675	-7.16537878695e-05	9.83473223131e-11	1.633533949e-05	100.0
-0.00102413557581	-0.00189945432378	-0.000135095226847	-0.153513252457	-0.258882198281	-0.0185298067203	9.83473223131e-11	1.633533949e-05	100.0
-0.00113950847744	-0.00114740486183	-0.00026367431445	-0.160832873703	-0.141094944687	-0.028426950106	9.7578389415e-11	1.6207620914e-05	100.0
-0.000672959654499	-0.00170792097678	-0.000520568203315	-0.102743131683	-0.228101850398	-0.0670827704927	9.7578389415e-11	1.6207620914e-05	100.0
-0.00115387368966	-0.000621763158625	5.37634204114e-05	-0.146822411976	-0.0603586217203	0.00341104477409	9.68073443401e-11	1.6079551509e-05	100.0
-0.000502940343923	-0.00117192789977	0.000808328610656	-0.0765760267587	-0.14654412383	0.0972353077986	9.60340865087e-11	1.5951114569e-05	100.0
-0.000879952691466	-0.00176966246252	-0.000107379128051	-0.131092610168	-0.237089037161	-0.0122702405699	9.60340865087e-11	1.5951114569e-05	100.0
-0.000718517597323	-0.00169528616452	-0.000470110431525	-0.108738596811	-0.225581609344	-0.0610810560188	9.60340865087e-11	1.5951114569e-05	100.0
-0.000683180816624	-0.00126455612252	0.000703375694304	-0.101537028513	-0.160086777299	0.0858162010091	9.36993769079e-11	1.5563322883e-05	100.0
-0.000502852664787	-0.000699589506657	0.000747414663369	-0.0719620216037	-0.0738416250717	0.0730826512546	9.36993769079e-11	1.5563322883e-05	100.0
-0.00089397424525	-0.00184412478038	0.000639956155412	-0.135243591035	-0.252919552847	0.0848564484065	9.36993769079e-11	1.5563322883e-05	100.0
-0.000670750112087	-0.00173107197501	0.000180234347493	-0.102588284216	-0.228396577384	0.0217810041439	9.29157090627e-11	1.5433156855e-05	100.0
-0.000786046796186	-0.00111465378324	5.79987725908e-05	-0.109542842647	-0.125238905972	0.00702068342264	9.29157090627e-11	1.5433156855e-05	100.0
-0.00134547965481	-0.00171456156254	0.000238878025541	-0.198943274796	-0.232869487498	0.0314529914333	9.21290741123e-11	1.5302497995e-05	100.0
-0.00136293570975	-0.00162452676547	-0.000657505498559	-0.201965274229	-0.221999357461	-0.0862849810139	9.21290741123e-11	1.5302497995e-05	100.0
-0.000477955538434	-0.00127327439006	-0.000666184889328	-0.0747019794261	-0.158109001141	-0.0801839446435	9.21290741123e-11	1.5302497995e-05	100.0
-0.0008748762525	-0.00144448045202	0.000176128928659	-0.127615241212	-0.183634249834	0.0190824441477	9.17345999688e-11	1.5236976445e-05	100.0
-0.000981836780381	-0.00170701774654	0.000201643674498	-0.146409071309	-0.227642197635	0.0235928290456	9.17345999688e-11	1.5236976445e-05	100.0
-0.00107143616564	-0.00179465224949	0.000357783889861	-0.159636374792	-0.242196003337	0.0484143891611	9.17345999688e-11	1.5236976445e-05	100.0
-0.00118775132459	-0.00134725001457	-0.00026858705894	-0.171534164176	-0.173135902723	-0.0325389388305	9.05460982564e-11	1.5039568132e-05	100.0
-0.00121781121341	-0.00108832188238	-0.000585059030696	-0.174180847	-0.136422395976	-0.0720405815154	9.05460982564e-11	1.5039568132e-05	100.0
-0.000721324965222	-0.000838493738868	-0.000389709778095	-0.0964567437571	-0.0863746916875	-0.0331518940442	9.05460982564e-11	1.5039568132e-05	100.0
-0.000322752390633	-0.000812289652663	-0.000944447428221	-0.0528620795512	-0.0951962231592	-0.105451957696	9.01482043984e-11	1.4973478572e-05	100.0
-0.000903220835683	-0.00129482855153	-0.00087266494763	-0.133765495366	-0.169340743823	-0.112147423183	8.97494053217e-11	1.4907238657e-05	100.0
-0.000231211818946	-0.00172275476084	-0.0005203235874	-0.0424891302652	-0.229122945804	-0.0651508228425	8.97494053217e-11	1.4907238657e-05	100.0
-0.000640195705439	-0.001475842495	-0.000729213710794	-0.0971357742379	-0.193678803285	-0.0932298566843	8.97494053217e-11	1.4907238657e-05	100.0
-0.000998008278737	-0.00115740013651	0.000647111848511	-0.143853941962	-0.145834797312	0.0789073084893	8.89489909327e-11	1.4774291054e-05	100.0
-0.00110441921905	-0.0010741254114	-9.38561136084e-05	-0.153062941057	-0.126652112297	-0.0100328162895	8.89489909327e-11	1.4774291054e-05	100.0
-0.00115672084068	-0.0012265455299	-0.000101358111864	-0.164766974691	-0.151284321593	-0.0110349501557	8.89489909327e-11	1.4774291054e-05	100.0
-0.00122717086948	-0.00231021452774	-0.000111939649419	-0.185536555485	-0.324621481677	-0.0146220257097	8.89489909327e-11	1.4774291054e-05	100.0
-0.000462713051477	-0.000526960182636	-0.000776746324973	-0.0649248348553	-0.0517517561878	-0.069606134787	8.89489909327e-11	1.4774291054e-05	100.0
-0.000162539820294	-0.000889076620527	-0.000618895852934	-0.0327034534745	-0.0947625427214	-0.0580423177949	8.89489909327e-11	1.4774291054e-05	100.0
-0.00108220821889	-0.00110221667259	0.000717453054163	-0.155590268627	-0.138928816798	0.0885337721162	8.814460364e-11	1.4640683557e-05	100.0
-0.00111526789559	-0.000994919850554	0.000288359817383	-0.153546039561	-0.117832921258	0.0286377960241	8.814460364e-11	1.4640683557e-05	100.0
-0.000657179988071	-0.00180869901847	0.000785430542562	-0.102016568259	-0.246165298635	0.105693569789	8.814460364e-11	1.4640683557e-05	100.0
-0.00137209990556	-0.00180054866336	-4.47666911218e-06	-0.203031423204	-0.245260094562	-0.00242098582016	8.814460364e-11	1.4640683557e-05	100.0
-0.000968379066508	-0.00155656653093	-3.48328030668e-05	-0.143159575029	-0.201176654673	-0.0046689064189	8.77408258611e-11	1.4573616687e-05	100.0
-0.00139366984533	-0.00150570643095	1.67657951939e-05	-0.203037080031	-0.20082030359	0.00365355695398	8.77408258611e-11	1.4573616687e-05	100.0
-0.00117755932638	-0.00150763318418	-0.000284477371756	-0.17238808319	-0.198074381633	-0.0348980936167	8.77408258611e-11	1.4573616687e-05	100.0
-0.000768007202057	-0.0012318763267	0.000314368845639	-0.11097108556	-0.147617741878	0.0347598321708	8.73359919938e-11	1.4506374402e-05	100.0
-0.00113139142568	-0.00212912652921	0.000598752619545	-0.171515686869	-0.296406665774	0.0827864284033	8.73359919938e-11	1.4506374402e-05	100.0
-0.000302389436282	-0.00194316681046	-0.0011122085622	-0.0530387687568	-0.270391727383	-0.151205090292	8.69300517483e-11	1.443894835e-05	100.0
-0.00042661122928	-0.00082700346991	0.000912263190655	-0.0657436300924	-0.0974810145577	0.10081501059	8.65230051245e-11	1.4371338529e-05	100.0
-0.000980821117663	-0.000779082995665	0.000147350158073	-0.126748447099	-0.0791088113901	0.00783123275541	8.65230051245e-11	1.4371338529e-05	100.0
-0.00150992453838	-0.00105016891059	6.55804430083e-05	-0.213754465501	-0.13074285885	0.00751416452765	8.65230051245e-11	1.4371338529e-05	100.0
-0.000750714031186	-0.00144867520972	-6.49658216847e-05	-0.111656234406	-0.180999435672	-0.00941223473345	8.65230051245e-11	1.4371338529e-05	100.0
-0.0012399979173	-0.00167048902682	-8.63600857255e-05	-0.182969117498	-0.223080384752	-0.0113808219009	8.65230051245e-11	1.4371338529e-05	100.0
-0.00067629969756	-0.00136178483234	-0.000142994870535	-0.100851470876	-0.166097201632	-0.0156061813433	8.65230051245e-11	1.4371338529e-05	100.0
-0.00109158910829	-0.000987832271399	0.000303224980615	-0.151547000952	-0.114809613486	0.0317803973074	8.57052407127e-11	1.4235509114e-05	100.0
-0.000903409493181	-0.00139848037242	-0.00118151113002	-0.136662273769	-0.189238227807	-0.156723373282	8.57052407127e-11	1.4235509114e-05	100.0
-0.000487063820341	-0.0014465372688	-0.000690378235711	-0.0770168933162	-0.187371463469	-0.0847217969513	8.57052407127e-11	1.4235509114e-05	100.0
-0.00126314044315	-0.00131252713472	-0.000114081409689	-0.181369200483	-0.167612644511	-0.0115078493247	8.52945229247e-11	1.4167289519e-05	100.0
-0.000528224009996	-0.000982616347159	-0.000845050890487	-0.079185686412	-0.118834945	-0.0971513687484	8.52945229247e-11	1.4167289519e-05	100.0
-0.000850776606475	-0.00198422332137	0.000716571133723	-0.130271659312	-0.274022431592	0.0964018707814	8.48825478886e-11	1.4098861097e-05	100.0
-0.000791791962116	-0.0021802111537	0.000309772886594	-0.122109342053	-0.301863541168	0.041726076362	8.48825478886e-11	1.4098861097e-05	100.0
-0.000553881647261	-0.000965654763828	-0.000129701976627	-0.0787116127992	-0.096634744145	-0.00296710678754	8.48825478886e-11	1.4098861097e-05	100.0
-0.000865770270686	-0.00189433939604	-0.00094865691962	-0.132427008457	-0.261885615504	-0.129561181976	8.48825478886e-11	1.4098861097e-05	100.0
-0.00124919304443	-0.00256088278548	-0.000783657022867	-0.19052732839	-0.364891609479	-0.111215076619	8.32567753097e-11	1.3828822764e-05	100.0
-0.000875366629734	-0.000908661933983	0.000795713173276	-0.124887088107	-0.11083879134	0.0924241891535	8.28019532605e-11	1.3753277518e-05	100.0
-0.00124719857119	-0.00147697930797	5.68317294285e-05	-0.181198196471	-0.192942484999	0.0057238841253	8.28019532605e-11	1.3753277518e-05	100.0
-0.00141867018873	-0.00181826074835	-5.20588957915e-05	-0.209799575434	-0.247838920057	-0.00634732796069	8.28019532605e-11	1.3753277518e-05	100.0
-0.000683077518563	-0.00221446396155	0.000738500286221	-0.108118081063	-0.310023792343	0.0994416676517	8.25691612144e-11	1.3714611116e-05	100.0
-0.00062334339357	-0.00160402452065	-7.80544646616e-05	-0.0977692865524	-0.205693302991	-0.00963466014902	8.25691612144e-11	1.3714611116e-05	100.0
-0.00120391543875	-0.000674326153895	-4.78967740421e-05	-0.156437624786	-0.069120348498	-0.00724300047608	8.23814289378e-11	1.3683429073e-05	100.0
-0.000736303466049	-0.00219504019745	-0.000867697050851	-0.11550544453	-0.307255019166	-0.118840737942	8.22268377195e-11	1.3657751709e-05	100.0
-0.000915389792844	-0.00175275997668	0.000768290623805	-0.138199350365	-0.238836196513	0.102938819292	8.19592953376e-11	1.3613313329e-05	100.0
-0.00107286744857	-0.00167419951539	0.000213537296785	-0.158675446595	-0.222071611301	0.0296116555907	8.19592953376e-11	1.3613313329e-05	100.0
-0.000613489660725	-0.00125273668899	-0.000549570274839	-0.0918246674304	-0.155144119275	-0.0621013581553	8.19592953376e-11	1.3613313329e-05	100.0
-0.000947115203759	-0.00134550280548	-0.00102928635956	-0.141461874357	-0.17931165119	-0.13506938162	8.19592953376e-11	1.3613313329e-05	100.0
-7.97944263521e-06	-0.00175821288718	0.00150683014815	-0.0113429917119	-0.246527275977	0.207510466367	8.1885469733e-11	1.3601051009e-05	100.0
-0.000238215031566	-0.00177103325582	-0.000914868671991	-0.0444387882114	-0.240689763007	-0.121677685974	8.1885469733e-11	1.3601051009e-05	100.0
-0.000546445548392	-0.00134177224061	0.000255801844511	-0.0848924335345	-0.163231107877	0.0258396216973	8.15450069652e-11	1.3544500665e-05	100.0
2.57115916751e-05	-0.00210223809576	0.00103928560007	-0.00649416268398	-0.294442038503	0.142487372539	8.15450069652e-11	1.3544500665e-05	100.0
-0.00056108937098	-0.00170334856898	-0.000231654007138	-0.0893970297973	-0.222590538826	-0.0292619067459	8.15450069652e-11	1.3544500665e-05	100.0
-0.00120654991194	-0.000963360210514	0.000422170597813	-0.168831824723	-0.11629980046	0.0475875398356	8.15355524599e-11	1.3542930287e-05	100.0
-0.00100483742514	-0.00150497483237	-3.81801352297e-05	-0.146646945215	-0.193890245894	-0.00680934733044	8.15355524599e-11	1.3542930287e-05	100.0
-0.000778637418734	-0.00239074601548	-0.000456302098971	-0.121150049561	-0.335778800423	-0.0638084114847	8.15355524599e-11	1.3542930287e-05	100.0
-0.000353635423937	-0.00129868092748	0.000776860082942	-0.0595816983294	-0.164304073105	0.0941809544135	8.1205399126e-11	1.3488092324e-05	100.0
-0.000406474149448	-0.00193629043819	0.00135468461243	-0.068216962039	-0.271686951156	0.186142607678	8.1205399126e-11	1.3488092324e-05	100.0
-0.000602264185322	-0.000927795994091	-2.82163599177e-07	-0.0867710656961	-0.086788151162	0.00474312450479	8.1205399126e-11	1.3488092324e-05	100.0
-0.00126339427617	-0.00108396122787	-6.85920904555e-05	-0.17702505833	-0.131533218704	-0.0111789645118	8.11100997249e-11	1.3472263239e-05	100.0
-0.000546861581633	-0.00143961312445	0.000122479364862	-0.0858506522418	-0.177389210264	0.0128864148702	8.08666462154e-11	1.3431825985e-05	100.0
-0.00134140923411	-0.00163387511003	0.000318251261019	-0.197236228517	-0.219834866362	0.0402472070244	8.06829371326e-11	1.3401312188e-05	100.0
-0.00126030119799	-0.000970628605545	6.91159886208e-05	-0.173853536906	-0.114070154284	0.00954197045716	8.06829371326e-11	1.3401312188e-05	100.0
-0.00120574232411	-0.00142282419498	-0.000429053756458	-0.175576019298	-0.18649900305	-0.0534615251912	8.06829371326e-11	1.3401312188e-05	100.0
-0.000641342500846	-0.00192736787095	-0.000892833573667	-0.101476447246	-0.265854839127	-0.12074240794	8.05286979436e-11	1.3375693295e-05	100.0
-0.000663837140785	-0.000789720222268	6.05338123967e-07	-0.0897476150381	-0.063196624461	-0.00436531323096	7.98550644465e-11	1.3263803803e-05	100.0
-0.000793302324322	-0.00262337180505	0.000102922312964	-0.124051981126	-0.370516760283	0.0131571369524	7.98550644465e-11	1.3263803803e-05	100.0
-0.000580421501688	-0.000851220903841	-2.87627551439e-05	-0.0818614846493	-0.0727727866059	0.00433112246006	7.98550644465e-11	1.3263803803e-05	100.0
-0.000362358010454	-0.00177517171914	0.00084544364454	-0.0614997200727	-0.240906199102	0.111699005561	7.98231806364e-11	1.3258507951e-05	100.0
-0.00103081818437	-0.00217240140986	0.000165593905489	-0.156459132115	-0.301332948554	0.0217052223519	7.98231806364e-11	1.3258507951e-05	100.0
-0.000106563814441	-0.00104429414161	0.000877174864762	-0.0268989148589	-0.127507460629	0.101605911895	7.91841968951e-11	1.3152373731e-05	100.0
0.000141494801938	-0.00114454910072	-0.000624953857187	0.00377356921624	-0.138651810784	-0.068495895017	7.91841968951e-11	1.3152373731e-05	100.0
-0.000614470762912	-0.00112379275683	-0.000134749944974	-0.0917677564847	-0.123390732747	-0.0116205973298	7.91841968951e-11	1.3152373731e-05	100.0
-0.000582070157306	-0.00118518877856	0.000551970635843	-0.0870239948909	-0.142463101373	0.0623705285297	7.89557297822e-11	1.3114425694e-05	100.0
-0.000864384721687	-0.00264905854552	-0.000779333743418	-0.13450253428	-0.378286333715	-0.110943176622	7.89557297822e-11	1.3114425694e-05	100.0
-0.000926615435577	-0.00269739789786	-0.000380216442733	-0.143522494704	-0.383794377869	-0.0522881093665	7.89557297822e-11	1.3114425694e-05	100.0
-0.000691539787137	-0.0007778606034	-0.000637582412314	-0.0952910116707	-0.0842312577973	-0.0633896967424	7.89557297822e-11	1.3114425694e-05	100.0
-0.000891495589048	-0.000704061246308	0.000194823509343	-0.111411833363	-0.0651770306284	0.0135219686986	7.88497186279e-11	1.3096817404e-05	100.0
-0.00137015535944	-0.0015532745556	-0.000293816016654	-0.200935810676	-0.207278536552	-0.0377998478831	7.88497186279e-11	1.3096817404e-05	100.0
-5.98632018129e-05	-0.000888348489308	-0.00106221531233	-0.0207314012405	-0.110417931413	-0.124922096916	7.88497186279e-11	1.3096817404e-05	100.0
-0.000445191701669	-0.00102213650237	0.000719041219883	-0.068669433114	-0.120743200604	0.0793320746286	7.85157935498e-11	1.304135296e-05	100.0
-0.000620510038342	-0.00200501320023	-0.000307092953175	-0.0985654169389	-0.272405201856	-0.040154736834	7.85157935498e-11	1.304135296e-05	100.0
-0.000983491537691	-0.0015291705678	0.000356290553579	-0.145637245353	-0.199255363443	0.0429588682378	7.81824216609e-11	1.29859804e-05	100.0
-0.000613479872023	-0.00192595124618	-8.97440100396e-05	-0.0961305860585	-0.259317146186	-0.0126178577749	7.81824216609e-11	1.29859804e-05	100.0
-0.000160939953312	-0.00140067458574	-0.001123790035	-0.0337912839367	-0.187960936903	-0.144922236744	7.78495526711e-11	1.2930691371e-05	100.0
-0.0010958687922	-0.00124054151728	0.000819099707146	-0.160237605343	-0.163220164757	0.10466404831	7.763913964e-11	1.289574209e-05	100.0
-0.000541103548314	-0.00127003597037	0.000913346344642	-0.0845313922068	-0.163189261284	0.114292492208	7.763913964e-11	1.289574209e-05	100.0
-0.000987903694207	-0.00169525844535	0.00109389439846	-0.149454541692	-0.232541600804	0.149692191587	7.763913964e-11	1.289574209e-05	100.0
-0.00110058082538	-0.000453890071598	-0.000113131276447	-0.1330642504	-0.0356660896559	-0.00923339093073	7.763913964e-11	1.289574209e-05	100.0
-0.00128324049902	-0.001486033198	-0.000423976182116	-0.187550037253	-0.197262194742	-0.0520457880016	7.71958339829e-11	1.2822109699e-05	100.0
-0.000504104308204	-0.00240174855878	0.000965400660746	-0.0825279216034	-0.339475698813	0.133744312732	7.71852228095e-11	1.28203472e-05	100.0
-0.000738190795653	-0.001476659771	-0.000605179909295	-0.1101802719	-0.192558601895	-0.0763674503486	7.71852228095e-11	1.28203472e-05	100.0
-0.000952184593427	-0.00153017403924	-9.85377398824e-05	-0.141045276754	-0.196427035955	-0.0123298753333	7.71852228095e-11	1.28203472e-05	100.0
-0.00125015423578	-0.00168606555982	0.000301949525495	-0.184691860199	-0.22547261355	0.0390618641803	7.68536613577e-11	1.2765275351e-05	100.0
-0.00129613976952	-0.00203248137	-0.000538605992137	-0.194845420308	-0.282632023398	-0.0720100857494	7.67502149894e-11	1.2748093068e-05	100.0
-0.000331621647406	-0.000554382326118	0.000897872641512	-0.0515920393576	-0.0596412208762	0.0878660741446	7.63021820797e-11	1.2673675488e-05	100.0
-0.00122970472427	-0.00148663541673	0.000482468063992	-0.180239341915	-0.196303758522	0.0641694933584	7.63021820797e-11	1.2673675488e-05	100.0
-0.00128406318393	-0.0022962923733	-0.000439794221135	-0.194050068422	-0.322810737638	-0.0622672730326	7.63021820797e-11	1.2673675488e-05	100.0
-0.000936967225163	-0.000615825575905	-3.60870179531e-05	-0.111502998525	-0.0502247563678	0.00143842394254	7.63021820797e-11	1.2673675488e-05	100.0
-0.000589858405384	-0.00176662761096	-0.00055664956379	-0.0928483681385	-0.235772292487	-0.0731538955287	7.63021820797e-11	1.2673675488e-05	100.0
-0.00140046332257	-0.0012916520249	-0.000236975794108	-0.201806930889	-0.16731557205	-0.027212657453	7.63021820797e-11	1.2673675488e-05	100.0
-0.000614666621281	-0.00137403396578	0.000292996144677	-0.0930366721147	-0.169125906705	0.0324649003751	7.58610891791e-11	1.2600410633e-05	100.0
-0.000726061698083	-0.00229764377977	0.000880095196903	-0.113940345304	-0.321856608602	0.123053765636	7.58610891791e-11	1.2600410633e-05	100.0
-0.00068438093424	-0.00134198800545	7.28139895309e-05	-0.1032789727	-0.161651887869	0.00776827129204	7.58610891791e-11	1.2600410633e-05	100.0
-0.00116495028321	-0.0019617890572	-7.61327747027e-05	-0.174428735193	-0.26803449049	-0.0118703560994	7.58610891791e-11	1.2600410633e-05	100.0
-0.000981753161878	-0.0016363391838	-0.000610706874319	-0.146866574653	-0.218650746397	-0.0788752246412	7.58610891791e-11	1.2600410633e-05	100.0
-0.00104497294419	-0.00087540266026	-0.000192062162119	-0.140046554943	-0.0974720565237	-0.0132221908682	7.5851584384e-11	1.2598831901e-05	100.0
-0.00101331250111	-0.00194553198945	-0.000570619389832	-0.153355846273	-0.267812570949	-0.0758033732723	7.53984219023e-11	1.2523562308e-05	100.0
-0.000732776276741	-0.00237071242037	-0.000729509546422	-0.114773631367	-0.333701285922	-0.100707989071	7.53984219023e-11	1.2523562308e-05	100.0
-0.000586282517362	-0.000986183591181	-0.000882393809232	-0.0874352661027	-0.11992876658	-0.104506036594	7.53984219023e-11	1.2523562308e-05	100.0
-0.00108469340286	-0.000938027699481	-0.000536764313163	-0.151684873764	-0.112383242447	-0.0593813595713	7.53984219023e-11	1.2523562308e-05	100.0
-0.000468315706341	-0.00212298269383	-0.00107089511121	-0.0770502065763	-0.297472857165	-0.146172563299	7.52006819313e-11	1.2490718002e-05	100.0
-0.000517976592123	-0.00197263603412	-0.000726725883405	-0.0838124881464	-0.270109138094	-0.0973024187599	7.52006819313e-11	1.2490718002e-05	100.0
-0.00117644387261	-0.00133188124402	0.000788253813495	-0.172251950737	-0.176556559018	0.100585871229	7.49425940547e-11	1.2447850001e-05	100.0
-0.000486035514789	-0.000973066917991	-0.000901329879958	-0.0748838726838	-0.117721853968	-0.104659621254	7.4870780047e-11	1.2435921804e-05	100.0
-0.000691339367506	-0.00119079041812	0.000110977458197	-0.102797494424	-0.136989251746	0.00722719309448	7.42113283077e-11	1.2326387881e-05	100.0
-0.000711324253093	-0.000819388903174	0.000665620789842	-0.0990099001481	-0.0907660877028	0.0695395311065	7.42113283077e-11	1.2326387881e-05	100.0
-0.000523398059328	-0.0026723404281	-0.000246166115458	-0.0856457059594	-0.377773485037	-0.0341271789516	7.42113283077e-11	1.2326387881e-05	100.0
-0.000649578096428	-0.000917072421539	-1.75945603075e-05	-0.0920511543018	-0.0864038768755	-0.00942228773141	7.38817281629e-11	1.2271641802e-05	100.0
-0.000900938178527	-0.0022544873873	0.000172375069092	-0.1387146153	-0.313282342246	0.0211206571532	7.38817281629e-11	1.2271641802e-05	100.0
-0.000673038036965	-0.00236727561029	1.75765427342e-05	-0.10655810937	-0.329493395983	0.00227721786209	7.38817281629e-11	1.2271641802e-05	100.0
-0.00109664409461	-0.000764320998922	0.000846097849038	-0.154972825716	-0.0927140107858	0.100445261467	7.35577604892e-11	1.2217831268e-05	100.0
-0.000735838767858	-0.00125865059636	0.00119872412703	-0.112178692202	-0.167794912799	0.156923255266	7.35577604892e-11	1.2217831268e-05	100.0
-0.00125560221894	-0.00163389839158	0.000585731383415	-0.185512030699	-0.220561384272	0.0772860429963	7.35577604892e-11	1.2217831268e-05	100.0
-0.00118112517012	-0.00128315314511	0.00020863496011	-0.168138719593	-0.162755248786	0.0263775412226	7.35577604892e-11	1.2217831268e-05	100.0
-0.00152934020651	-0.0020384993697	-0.000439248701934	-0.228476700245	-0.284318251451	-0.0605743775926	7.35577604892e-11	1.2217831268e-05	100.0
-0.000964865897119	-0.00078995664221	-0.000254523819081	-0.127137449457	-0.0843280803205	-0.0167206105611	7.35577604892e-11	1.2217831268e-05	100.0
-0.000662510698416	-0.00272996616415	-0.000458035302457	-0.105614805703	-0.388024856615	-0.0625804804882	7.3552128018e-11	1.2216895724e-05	100.0
-0.000310910537124	-0.00163444626101	0.00131249073099	-0.0543251620421	-0.225322782698	0.177380458801	7.26190488164e-11	1.2061912698e-05	100.0
-0.00141148929749	-0.00118973885876	0.000162632432682	-0.20073598303	-0.150862899197	0.0186303949769	7.26190488164e-11	1.2061912698e-05	100.0
-0.000695260525256	-0.00121485230979	0.000773522506761	-0.103071580385	-0.15326465862	0.0943692700663	7.26190488164e-11	1.2061912698e-05	100.0
-0.00114569625168	-0.000781518397641	-0.000139101001469	-0.150618107231	-0.0825709856627	-0.0152829585277	7.26190488164e-11	1.2061912698e-05	100.0
