# x[AU] y[AU] z[AU] vx[AU/yr/2pi] vy[AU/yr/2pi] vz[AU/yr/2pi] m[MSUN] m[mtot] wf[%]
1.17978353213e-06	2.30256229557e-07	-2.91314324481e-07	0.000533318847841	0.000116680082409	3.28883170714e-05	6.00883658728e-06	0.999611062017	10.0186658805
0.000150698255038	-5.14691933979e-06	-1.55683591799e-07	0.119891997196	-0.25955641803	-0.00125989555951	5.49969474018e-10	9.1491183362e-05	17.8778340629
0.000149197031024	-0.000299169190869	3.37521662091e-05	-0.037675325242	-0.188102687594	0.0189975685681	1.14513168416e-10	1.9050048746e-05	100.0
0.000144302563379	-4.04845965993e-05	6.40124770853e-06	0.0630793278277	-0.278086341091	-0.00758023745973	1.13271007357e-10	1.8843406759e-05	100.0
0.000162644120181	7.85865464862e-06	3.77415060227e-06	0.150712583997	-0.235935691369	0.00378104746146	1.13271007357e-10	1.8843406759e-05	100.0
0.000252153214638	-0.000252604247709	4.57830009101e-06	0.029194433211	-0.189984885497	0.00201288827305	1.09548597666e-10	1.8224158448e-05	100.0
-0.000144933618403	2.28134766493e-05	-3.92819213028e-06	-0.0863562970301	0.278491994511	-0.0107432654925	1.08307945305e-10	1.8017767443e-05	100.0
0.000249414800247	-0.000297251237146	2.37387783328e-05	0.0332275875148	-0.204693951278	0.0164849775201	1.06652652542e-10	1.7742398171e-05	100.0
-0.000138923869195	2.74339988851e-05	3.62291057135e-06	-0.0865126458266	0.296899835474	0.00199139133533	9.83226299617e-11	1.6356641944e-05	100.0
0.00015994089105	-0.000302234421115	1.34533447607e-06	-0.0381019828925	-0.186575245185	0.00553673611413	9.74810281272e-11	1.6216635723e-05	100.0
-0.000258866410563	0.000290895724427	-3.62179875425e-05	-0.0423847530515	0.204261421966	-0.01950701163	9.06477341876e-11	1.5079870541e-05	100.0
0.000237641513871	-0.000253933029937	-2.02632984481e-06	0.0230719893518	-0.185043638039	-0.00675696159552	9.06477341876e-11	1.5079870541e-05	100.0
0.000206207382021	-0.000291780789478	1.87864379757e-05	0.0068841215442	-0.201470143001	0.00619387317236	8.97772659381e-11	1.4935062195e-05	100.0
0.000137131648452	-3.02519278859e-05	1.30295369324e-05	0.0614411014714	-0.2890500437	0.000904784833436	8.53485845902e-11	1.4198320764e-05	100.0
-0.000260333845968	0.000236836558182	-1.65986253459e-05	-0.0388839186708	0.185538930491	-0.0138393343359	8.53485845902e-11	1.4198320764e-05	100.0
0.000136443701728	-3.21944492677e-05	-1.86069867123e-05	0.0677493736632	-0.287205856842	0.00986889442388	8.39902035233e-11	1.3972344783e-05	100.0
-0.00013917468963	3.70760717926e-05	-1.58977994651e-05	-0.0575537675709	0.285522965311	-0.0192043875769	8.26151764925e-11	1.3743599632e-05	100.0
-0.000145824892252	3.89064117923e-05	-4.05018837651e-06	-0.074685533364	0.272827475226	0.00881672492658	8.07524378039e-11	1.3433720312e-05	100.0
0.000199589115408	-0.000284889755473	3.16502933494e-06	-0.00350541673096	-0.200256776644	0.00187624642594	7.98069369918e-11	1.3276429785e-05	100.0
-0.000294582480311	0.000240691220941	3.94234692667e-05	-0.06125919183	0.187082877772	0.0237940170498	7.88509758759e-11	1.3117399116e-05	100.0
0.000144903689929	-3.76362450358e-05	2.09109219487e-05	0.0947690904377	-0.275739818135	0.0119824708101	7.88509758759e-11	1.3117399116e-05	100.0
