# x[AU] y[AU] z[AU] vx[AU/yr/2pi] vy[AU/yr/2pi] vz[AU/yr/2pi] m[MSUN] m[mtot] wf[%]
-1.74359982038e-07	3.78409352431e-07	1.0971945974e-07	-7.8642586267e-05	7.83805453893e-05	2.1294779032e-05	7.3707618737e-08	0.999845320847	9.98168105955
-0.000260487662088	-0.000145121953718	3.29582753526e-05	-0.0375713076284	-0.0156851216508	0.00357393244009	1.43075429853e-12	1.9408210646e-05	100.0
-0.000346288466244	-0.000281634920202	8.26728587588e-05	-0.0549668827935	-0.0403319667491	0.0121196908642	1.42947995192e-12	1.9390924108e-05	100.0
-0.000323108358714	-0.000144987088703	3.77455509612e-06	-0.0484020944338	-0.0170845811992	0.000659331512936	1.42905600789e-12	1.9385173299e-05	100.0
-0.000302988480898	-0.000238020045315	-1.78152247497e-05	-0.0469177844889	-0.0319192067489	-0.00193812603699	1.4261034866e-12	1.9345122289e-05	100.0
-0.000221054776383	-7.10724883332e-05	-6.0745249235e-05	-0.0290225028544	-0.00383223230701	-0.00440637808939	1.42529733916e-12	1.9334186883e-05	100.0
-0.000346252263603	-0.000221506991991	-7.86317283057e-05	-0.0541239554731	-0.0302218425767	-0.0111655811349	1.42484573567e-12	1.9328060872e-05	100.0
-0.000210772150877	-0.000121079994249	-7.45445891029e-06	-0.0278711341187	-0.00953658318455	-0.000635688048873	1.42151151388e-12	1.9282832087e-05	100.0
-0.000298888557289	-0.000260248856844	1.7786694964e-05	-0.0465779226227	-0.0355141599855	0.00223914940414	1.41574778599e-12	1.9204647003e-05	100.0
