# x[AU] y[AU] z[AU] vx[AU/yr/2pi] vy[AU/yr/2pi] vz[AU/yr/2pi] m[MSUN] m[mtot] wf[%]
4.98425811771e-08	-7.39712151224e-08	-3.35184179146e-08	7.6735249804e-06	-1.93721100083e-05	-1.06341419864e-05	9.44251162059e-10	0.996208107221	9.59035486147
-8.30991089701e-05	2.53855120854e-06	0.000160922657584	-0.0107440796034	0.000328589045567	0.0207927129281	1.91254984988e-14	2.0177869432e-05	100.0
-6.83583641675e-05	2.17527152664e-06	5.27381166335e-05	-0.00759264909819	0.000274704927703	0.0058475472292	1.91248598168e-14	2.0177195607e-05	100.0
-6.34980604928e-05	9.09945996177e-06	-6.34715857911e-05	-0.00717948549347	0.00109996809354	-0.00716695659704	1.91248598168e-14	2.0177195607e-05	100.0
-8.33630314633e-05	-4.66694697721e-08	-9.01607452224e-05	-0.0102753617251	-1.06194034368e-05	-0.0110840199387	1.91242211348e-14	2.0176521782e-05	100.0
0.000116842262963	1.06385948199e-05	-5.83787963514e-05	0.0145369594296	0.00136709932706	-0.00725092190432	1.91235874818e-14	2.0175853262e-05	100.0
0.000107693059818	8.07677307067e-06	-5.67645677633e-05	0.0132289534358	0.0010554289521	-0.0069617958734	1.91235874818e-14	2.0175853262e-05	100.0
-5.96769400843e-05	7.09662268408e-06	0.000150949104645	-0.00767731388253	0.000932735632329	0.0193082876281	1.91229538288e-14	2.0175184743e-05	100.0
-9.30769630934e-05	3.7728725943e-06	1.13849524959e-05	-0.0106703423667	0.000461761061871	0.00133849915047	1.91226370023e-14	2.0174850483e-05	100.0
0.000112609849144	1.477933897e-05	-9.20338456217e-05	0.0142204879114	0.00188899426189	-0.0116230378188	3.82370365155e-14	4.0341010213e-05	100.0
4.40784406953e-05	8.95778406624e-06	0.000103812992961	0.00533493066208	0.00112547680621	0.0125558386067	1.91216965808e-14	2.0173858316e-05	100.0
-8.31447839852e-05	-2.45208214177e-06	0.000156428030937	-0.010778505745	-0.000311396646264	0.0201601468576	1.91216965808e-14	2.0173858316e-05	100.0
3.9564596526e-05	-3.25717391912e-06	0.000123000408107	0.00492093867352	-0.00041353207109	0.0152715710075	1.91216965808e-14	2.0173858316e-05	100.0
5.68585081973e-05	9.25552898795e-07	-3.57916926781e-05	0.00543590515419	0.000127140801453	-0.00344134983826	1.91216965808e-14	2.0173858316e-05	100.0
6.68551424776e-05	1.1131128982e-05	-5.09478672914e-05	0.00731573469476	0.0013626334653	-0.00564820840343	1.91216965808e-14	2.0173858316e-05	100.0
-7.51147212886e-05	4.96968654421e-06	1.24822790977e-05	-0.00784291138715	0.000566190829888	0.00136603284089	1.91216965808e-14	2.0173858316e-05	100.0
-0.000106605961886	4.75384483404e-06	5.34347264677e-06	-0.0127080719355	0.000614395554563	0.000647255068686	1.91216965808e-14	2.0173858316e-05	100.0
0.000112099271658	9.38649585071e-06	-8.18052639702e-05	0.0140705282553	0.00119988088441	-0.0102693007957	1.91216965808e-14	2.0173858316e-05	100.0
7.36776746315e-05	1.62195514525e-05	-5.0172670955e-05	0.0083456360683	0.00195384932791	-0.00563044322177	1.91216965808e-14	2.0173858316e-05	100.0
6.11467021168e-05	-5.22389416483e-06	0.000130699397241	0.00774126938314	-0.000689542132142	0.0164812927866	1.91216965808e-14	2.0173858316e-05	100.0
7.15297012847e-05	-1.9300294597e-05	0.000187259055138	0.00927126581107	-0.00255448343061	0.0243736588476	1.91216965808e-14	2.0173858316e-05	100.0
2.37662803967e-05	-1.66961485054e-06	8.07734623324e-05	0.00264676998539	-0.000207015991481	0.00885283419568	1.91216965808e-14	2.0173858316e-05	100.0
0.000120174930591	-7.35322183098e-06	0.000156780902724	0.0156413967425	-0.000975698248546	0.0203700483503	1.91216965808e-14	2.0173858316e-05	100.0
-0.000104014904806	-9.02779414761e-06	-0.000101488277112	-0.0131313232896	-0.00119950106702	-0.0128115902741	1.91216965808e-14	2.0173858316e-05	100.0
1.74364097657e-05	-1.43600194692e-05	-0.000113066658555	0.00210687930086	-0.0018250660509	-0.0137155682868	1.91216965808e-14	2.0173858316e-05	100.0
-0.000176875193645	9.93142919781e-06	-6.29169648623e-05	-0.02291182581	0.00132393866157	-0.00814004706668	1.91210780148e-14	2.0173205713e-05	100.0
-0.000172931740345	5.03078919685e-06	-3.60548502219e-05	-0.0222891868947	0.000693898092753	-0.00462339456168	1.91210780148e-14	2.0173205713e-05	100.0
3.20022971203e-06	-4.14977708543e-06	-0.000104756814864	0.000400695920508	-0.000516243522036	-0.0124319955044	1.91210780148e-14	2.0173205713e-05	100.0
5.62609544241e-05	9.14043632307e-06	-9.47191509859e-05	0.00675309487094	0.00114875294609	-0.0113754607447	1.91210780148e-14	2.0173205713e-05	100.0
6.19118977941e-05	1.65488863566e-05	-8.74058087713e-05	0.00739737549651	0.00207137046413	-0.0104385209997	1.91210780148e-14	2.0173205713e-05	100.0
-0.000103577980492	-4.17470311307e-06	-0.000118944247212	-0.0132336097711	-0.000540524211554	-0.015153082431	1.91210780148e-14	2.0173205713e-05	100.0
0.000130421161529	-2.20857817972e-06	-6.32400117116e-05	0.0164459045987	-0.000297664187254	-0.00800225454046	1.91210780148e-14	2.0173205713e-05	100.0
-6.58160783949e-05	-7.313233082e-06	-9.02894169135e-05	-0.00792877851323	-0.00094913369842	-0.0108853643551	1.91210780148e-14	2.0173205713e-05	100.0
0.000124741537334	-7.61904098612e-07	-2.92689277027e-05	0.0154598908704	-9.49204050815e-05	-0.00365003169976	1.91207662172e-14	2.0172876759e-05	100.0
7.32929790825e-05	2.20056505015e-05	-0.0001653499384	0.00947339286432	0.00291399151553	-0.0213517720851	1.91204544197e-14	2.0172547805e-05	100.0
5.83944989031e-05	2.70985130994e-05	-0.000116921575355	0.00727180954984	0.00350773763511	-0.0145612912295	1.91204544197e-14	2.0172547805e-05	100.0
-8.41500769235e-08	3.77189320603e-06	-0.000173089807982	-2.23733224152e-05	0.000486642238245	-0.0222812815133	1.91204544197e-14	2.0172547805e-05	100.0
1.42420043743e-05	4.04979424764e-07	6.29435779155e-05	0.00131601960046	9.28936578843e-05	0.0058211353347	1.91201476512e-14	2.0172224157e-05	100.0
5.35178271297e-05	3.48740609134e-06	6.07343394186e-05	0.0057732991791	0.000446446053195	0.0065360072384	1.91201476512e-14	2.0172224157e-05	100.0
-0.000125157440627	-1.91398361474e-05	-6.81436447678e-05	-0.0157595126707	-0.00248996841765	-0.00863267974983	1.91201476512e-14	2.0172224157e-05	100.0
0.000116608310742	1.6311104043e-05	9.71079011488e-05	0.0148374994849	0.00212231607098	0.0123187283913	1.91198358537e-14	2.0171895203e-05	100.0
0.000170405607451	1.38914805169e-05	1.20034053192e-05	0.0219023599894	0.00182923902959	0.00153651914536	1.91198358537e-14	2.0171895203e-05	100.0
-0.000190328019274	8.66590202677e-06	-4.06979669771e-05	-0.0247040975085	0.0011467664731	-0.00529213245468	1.91198358537e-14	2.0171895203e-05	100.0
-0.000214223537107	1.4151606212e-05	-3.0736610078e-05	-0.0279889720121	0.0018870091939	-0.00402751960847	1.91198358537e-14	2.0171895203e-05	100.0
1.41826572161e-05	3.93703015674e-07	-0.000123337078507	0.00177424038292	8.36178803817e-05	-0.0151825347122	1.91198358537e-14	2.0171895203e-05	100.0
3.20557747751e-05	7.37578353513e-06	0.000221256486032	0.00423085298622	0.000963761097107	0.0289765994524	1.91198358537e-14	2.0171895203e-05	100.0
-5.15785780753e-05	-1.68119679099e-06	7.99654179436e-05	-0.00589286070273	-0.00019771117735	0.00924176926964	1.91198358537e-14	2.0171895203e-05	100.0
-0.000224874826076	9.34916213751e-06	0.000128432976032	-0.029621039284	0.00123378367305	0.0169159987936	1.91198358537e-14	2.0171895203e-05	100.0
-8.21557431499e-05	-5.96044934087e-06	-5.74587887146e-07	-0.00892178890094	-0.000728926710136	-3.80869557551e-05	1.91198358537e-14	2.0171895203e-05	100.0
-7.83652486305e-05	-1.55377661709e-06	2.51067415494e-05	-0.00852491991496	-0.00018921577362	0.00270079540382	1.91198358537e-14	2.0171895203e-05	100.0
2.96396070462e-05	-1.79110196038e-05	-0.000119100137941	0.00361799923676	-0.00229366451969	-0.0146697334021	1.91198358537e-14	2.0171895203e-05	100.0
0.000134693570916	1.14118322768e-05	7.76586974844e-05	0.0171503017494	0.00147415625431	0.00989761886488	1.91195290852e-14	2.0171571555e-05	100.0
0.000125016091756	-5.49576477976e-06	-0.000131562011624	0.0161331734028	-0.000739257428039	-0.0170109772751	1.91195290852e-14	2.0171571555e-05	100.0
-6.67719659575e-05	2.12587899602e-05	0.000188765834426	-0.00874262432628	0.00281034072315	0.0245472430151	1.91192223167e-14	2.0171247906e-05	100.0
5.99652206754e-05	1.03424322957e-06	0.000164409749182	0.00773612593758	0.000144902307261	0.0211574795313	1.91192223167e-14	2.0171247906e-05	100.0
8.77788997701e-05	1.63403584306e-06	0.000115223075605	0.0110909932737	0.000236193206967	0.0145387839926	1.91192223167e-14	2.0171247906e-05	100.0
-7.23914033891e-05	6.13049479667e-06	0.00013154262689	-0.00915854775172	0.000790965119022	0.0166926183553	1.91192223167e-14	2.0171247906e-05	100.0
-0.000180102733254	1.18890801779e-05	-9.07974097187e-05	-0.0234403974651	0.00158754174348	-0.0118117708505	1.91192223167e-14	2.0171247906e-05	100.0
-0.000149198553446	2.70807159256e-06	-3.06463617513e-05	-0.018935569672	0.000395149281271	-0.00388502538312	1.91192223167e-14	2.0171247906e-05	100.0
4.91480417876e-05	6.67755832263e-06	-8.33235069635e-05	0.00572003423858	0.000834022220086	-0.0096359907187	1.91192223167e-14	2.0171247906e-05	100.0
6.62417367228e-05	-3.43065837701e-06	0.000147936987221	0.00849924565085	-0.000477325168963	0.0188886621767	1.91192223167e-14	2.0171247906e-05	100.0
3.06206957209e-05	-5.97941543288e-06	0.000226939483925	0.00401899717101	-0.000802449354671	0.0297262259941	1.91192223167e-14	2.0171247906e-05	100.0
-5.93497657651e-05	-2.64882967515e-05	0.000192105287719	-0.00770976862769	-0.00349254984973	0.0249976968574	1.91192223167e-14	2.0171247906e-05	100.0
-0.000104584762094	-6.92576247477e-06	4.24400298152e-05	-0.0126415111869	-0.000901365380966	0.00510559617896	1.91192223167e-14	2.0171247906e-05	100.0
0.000116596096859	8.36516559724e-06	0.000129520210852	0.0150387417158	0.0010900446248	0.0166759835027	1.91192223167e-14	2.0171247906e-05	100.0
7.74033244846e-05	-1.37824538421e-08	0.000137283088388	0.00986861259289	-1.50724136319e-05	0.0175154655803	1.91192223167e-14	2.0171247906e-05	100.0
-0.000206900772572	9.073103227e-06	8.75092637131e-06	-0.0269591965583	0.00118526463839	0.0011440471796	1.91192223167e-14	2.0171247906e-05	100.0
-4.69261015157e-05	7.54617612281e-07	-0.000121980741053	-0.00580457938094	7.58086853018e-05	-0.0151715945596	1.91192223167e-14	2.0171247906e-05	100.0
-8.21256583099e-05	6.42414436498e-06	-8.87906723662e-06	-0.0089598598857	0.000747244941013	-0.000964046391649	1.91189155481e-14	2.0170924258e-05	100.0
-0.000118556333249	6.89122125052e-06	-3.41949679502e-07	-0.0144782452817	0.000907494224798	-7.22970956253e-05	1.91189155481e-14	2.0170924258e-05	100.0
7.77100098725e-05	4.38388687781e-06	-9.95616901384e-05	0.0095812931789	0.000556572169107	-0.0123156848985	1.91189155481e-14	2.0170924258e-05	100.0
-8.37788478496e-05	-1.42771233528e-06	-7.26069254808e-05	-0.010086991033	-0.000216202041688	-0.00874183880774	1.91189155481e-14	2.0170924258e-05	100.0
-9.51306967633e-05	1.42350673351e-06	-0.000138193465423	-0.0122287178386	0.000184746956898	-0.0177228075818	1.91186087796e-14	2.017060061e-05	100.0
3.00701257421e-05	-2.61245411958e-07	-0.000234228971629	0.00389888374904	-1.98391516841e-05	-0.0307271427368	1.91186087796e-14	2.017060061e-05	100.0
0.000145859328217	4.70459131468e-07	-7.42625815663e-05	0.0186673233227	4.75830377338e-05	-0.00948587491437	1.91186087796e-14	2.017060061e-05	100.0
-3.08190925815e-05	-3.29257568871e-06	-0.000117984218174	-0.00376882223423	-0.00043102109633	-0.0144824025834	1.91186087796e-14	2.017060061e-05	100.0
3.0782094603e-05	7.53801055539e-06	0.000126088735159	0.00387235337955	0.000963146076009	0.0156501444233	1.91180002716e-14	2.0169958619e-05	100.0
2.79651394223e-05	7.84937926593e-06	0.000211523349938	0.00369355235014	0.00103576477177	0.0276544042377	1.91180002716e-14	2.0169958619e-05	100.0
-0.00018959099714	-7.7702360178e-06	4.79063642983e-05	-0.0246109976157	-0.00100521812819	0.00621965490287	1.91180002716e-14	2.0169958619e-05	100.0
0.00012824440036	-4.97799988867e-06	-5.48901315191e-05	0.0161208010041	-0.000632024196626	-0.00691587123146	1.91180002716e-14	2.0169958619e-05	100.0
7.04904437854e-05	1.21797367488e-05	-5.70359441326e-05	0.0079420038571	0.0015332496805	-0.00650152735386	1.91180002716e-14	2.0169958619e-05	100.0
-0.00019738641536	4.77894160314e-06	-6.26764039503e-05	-0.0257356397607	0.000630371276579	-0.00817464989678	1.91180002716e-14	2.0169958619e-05	100.0
-0.000155377287004	6.17416489304e-06	-1.13155093276e-05	-0.0197696785645	0.000831664174561	-0.00145333739767	1.91180002716e-14	2.0169958619e-05	100.0
-3.35651605067e-05	-1.25681426447e-06	-8.35785560483e-05	-0.00381466646285	-0.000124030154388	-0.00941449439647	1.91180002716e-14	2.0169958619e-05	100.0
0.000109289585403	-3.69914556832e-06	0.000164474453412	0.0142080449352	-0.000512836898772	0.0213577125976	1.91180002716e-14	2.0169958619e-05	100.0
0.000176299639177	-6.21317377908e-06	0.000156525633075	0.0231421288193	-0.000833643711131	0.0205162576434	1.91180002716e-14	2.0169958619e-05	100.0
-0.000101325661115	-9.86726376915e-06	-7.27882801075e-05	-0.0124746167701	-0.00125052899734	-0.0090168491413	1.91180002716e-14	2.0169958619e-05	100.0
0.000147150206022	-2.35429721962e-05	-1.70045731339e-05	0.0186426536361	-0.00306557677299	-0.00217729857486	1.91180002716e-14	2.0169958619e-05	100.0
0.000107829934073	-3.63338811667e-05	-0.000153872788799	0.0139336049245	-0.00480047903868	-0.0199595724223	1.91180002716e-14	2.0169958619e-05	100.0
-0.000205895863222	4.74902906549e-06	7.78574681678e-05	-0.0269295139716	0.000638616958747	0.0101547743897	1.91173917635e-14	2.0169316628e-05	100.0
-0.000170258606141	-1.06435959219e-05	4.74253132434e-05	-0.021945429171	-0.00137397566892	0.00607323723141	1.91173917635e-14	2.0169316628e-05	100.0
0.000169318384068	7.9897700322e-06	-7.23301863815e-05	0.0218792381946	0.00106160120682	-0.00936457712864	1.91173917635e-14	2.0169316628e-05	100.0
0.000150004510432	1.67594068877e-06	-6.61487460323e-05	0.0191802115009	0.000248033740104	-0.00846705635575	1.91173917635e-14	2.0169316628e-05	100.0
-6.68745195583e-05	-6.97607012865e-06	8.65090686214e-05	-0.00800594062768	-0.00089517568898	0.0103751917777	1.91173917635e-14	2.0169316628e-05	100.0
-4.35500350207e-05	-1.55993608477e-05	6.17008614548e-05	-0.00447110159318	-0.0017841588741	0.00651962425124	1.91173917635e-14	2.0169316628e-05	100.0
-0.000156919133576	9.34151493575e-06	-1.70056773221e-05	-0.0200281227694	0.00123053033276	-0.00213921705154	1.91173917635e-14	2.0169316628e-05	100.0
0.000159356356641	1.59822907593e-05	8.03424000606e-05	0.0205393467408	0.00210616263125	0.0103954818912	1.9117090024e-14	2.0168998285e-05	100.0
0.000243125371369	-7.31776246599e-06	6.30004168549e-06	0.0319329817014	-0.000962732905212	0.000783389380209	1.9117090024e-14	2.0168998285e-05	100.0
-0.000171846653109	5.28465657058e-06	1.71513413339e-05	-0.0221161043769	0.000706588887615	0.00217746551178	1.9117090024e-14	2.0168998285e-05	100.0
-0.000194570001951	6.26388873983e-06	4.92581445065e-05	-0.025284906367	0.000842718816993	0.00641437899493	1.9117090024e-14	2.0168998285e-05	100.0
-8.30952341623e-05	-2.73217890627e-06	-7.44891626923e-05	-0.0100344594043	-0.000295109210876	-0.00893044217596	1.9117090024e-14	2.0168998285e-05	100.0
-5.85366723759e-05	-1.42634038922e-05	0.000205831218278	-0.00759307574887	-0.00188921321899	0.0268839280292	1.9117090024e-14	2.0168998285e-05	100.0
-0.000146567600825	-2.31700726326e-05	4.25648158768e-05	-0.018642559615	-0.00301468272587	0.0053876775589	1.9117090024e-14	2.0168998285e-05	100.0
-0.000134168242222	6.69874114057e-06	1.68151878261e-06	-0.0167470572288	0.000841605000526	0.000164162652255	1.9117090024e-14	2.0168998285e-05	100.0
-6.52315849439e-05	-7.50466135812e-06	-3.84615556423e-05	-0.00678275574031	-0.000879948422792	-0.00400891874019	1.9117090024e-14	2.0168998285e-05	100.0
-0.000106398292907	-8.38284309885e-06	-0.000121396886674	-0.0135831871849	-0.00109756887288	-0.0155078523056	1.9117090024e-14	2.0168998285e-05	100.0
8.06470290422e-05	-1.00383169625e-05	0.00020380548861	0.010528262171	-0.00131177867179	0.0266367166941	1.91167882845e-14	2.0168679943e-05	100.0
3.1290777368e-05	-7.05386833557e-06	0.000159650965052	0.00400125058677	-0.000942219748726	0.0204124878923	1.91167882845e-14	2.0168679943e-05	100.0
0.000178899380825	7.89910976921e-06	0.000147173728262	0.0234537071415	0.00105131826514	0.0193144522372	1.91167882845e-14	2.0168679943e-05	100.0
2.57991463116e-05	3.12419413073e-06	0.000124710312565	0.00316553723445	0.000442815032258	0.0154313835734	1.91161898344e-14	2.0168048563e-05	100.0
1.1862609997e-06	1.97134364955e-05	0.000203572990013	0.000180019945373	0.00259827841581	0.0265153381791	1.91161898344e-14	2.0168048563e-05	100.0
0.000268155857114	2.86820312209e-05	0.000127423727489	0.0354638060291	0.00382756621034	0.0168319469181	1.91161898344e-14	2.0168048563e-05	100.0
-1.58614033395e-05	1.13263777831e-05	-0.000164586463663	-0.00204031060741	0.00149032658702	-0.0210760945257	1.91161898344e-14	2.0168048563e-05	100.0
-2.4855366781e-05	9.73897282483e-07	-6.46659350172e-05	-0.00237966253711	0.000148433398892	-0.00634716702463	1.91161898344e-14	2.0168048563e-05	100.0
-8.31252269154e-06	1.03407323517e-07	-7.97319469735e-05	-0.000839893856656	5.25483424047e-05	-0.00853958213362	1.91161898344e-14	2.0168048563e-05	100.0
0.000123440496343	9.84918947112e-06	0.000123844317431	0.015913560531	0.00126246672183	0.015922199278	1.91161898344e-14	2.0168048563e-05	100.0
-9.46352542035e-06	1.18154771604e-05	8.60440159527e-05	-0.0010360371142	0.0013946804906	0.00959032179537	1.91161898344e-14	2.0168048563e-05	100.0
-0.000187418436718	-5.39994743281e-06	2.86977997482e-05	-0.0242734831478	-0.000729661195244	0.00372221932831	1.91161898344e-14	2.0168048563e-05	100.0
0.000325701821436	-3.83173396077e-05	0.000127951735011	0.0431899521487	-0.00511567889571	0.0169879786737	1.91161898344e-14	2.0168048563e-05	100.0
0.000144937132544	-5.35669742504e-05	-0.000218606716252	0.0191097802195	-0.00713217435199	-0.0287757761907	1.91161898344e-14	2.0168048563e-05	100.0
4.72976516604e-05	8.44212716124e-06	-7.48147072657e-05	0.0053131682802	0.000950258423248	-0.00839091884573	1.91161898344e-14	2.0168048563e-05	100.0
0.000165490851094	2.79278709333e-06	-1.56639544048e-05	0.0212064876276	0.000384723740004	-0.00195825863839	1.91158880949e-14	2.0167730221e-05	100.0
-0.000183550147088	2.36394629359e-05	-9.49794086742e-05	-0.0238971597149	0.00313432421626	-0.0123718233344	1.91158880949e-14	2.0167730221e-05	100.0
-7.20815852094e-05	-2.58023302012e-05	0.0001051751016	-0.00887808455537	-0.00329225632843	0.0130922250837	1.91158880949e-14	2.0167730221e-05	100.0
-1.18197914765e-05	1.43469982056e-05	0.000111631468956	-0.00140433011788	0.00182809191042	0.0134744295241	1.91155913843e-14	2.0167417184e-05	100.0
-0.000105196195042	1.70165816652e-05	5.74976695039e-05	-0.0128983062075	0.00215092523696	0.00705007248826	1.91155913843e-14	2.0167417184e-05	100.0
-0.000183703587888	4.47576590226e-06	5.16813341121e-05	-0.0238019609984	0.00061692050613	0.00666890027673	1.91155913843e-14	2.0167417184e-05	100.0
0.000149593770288	-6.43496550088e-07	-5.82936223062e-05	0.0191017726661	-7.61123796481e-05	-0.00748423324983	1.91155913843e-14	2.0167417184e-05	100.0
0.000114189804702	1.89327070937e-06	-6.37192179588e-05	0.0141621137147	0.000299332965554	-0.00794193454704	1.91155913843e-14	2.0167417184e-05	100.0
-0.000137031296128	6.49918354386e-06	-9.99092202453e-05	-0.0175975866273	0.000848516045084	-0.0128298593817	1.91155913843e-14	2.0167417184e-05	100.0
-0.000134025974789	-3.14371026038e-06	-1.61659850798e-05	-0.0167300723964	-0.00034545072113	-0.00200423535754	1.91155913843e-14	2.0167417184e-05	100.0
3.85113126874e-05	-6.13251363711e-06	-0.000227105094745	0.00500704267235	-0.000804917677131	-0.029781294248	1.91155913843e-14	2.0167417184e-05	100.0
-0.00010143883562	2.49098197472e-06	-0.00020525069563	-0.013291320399	0.000336386509328	-0.0268774320439	1.91155913843e-14	2.0167417184e-05	100.0
-2.73827640489e-05	4.7351456747e-06	-0.00025798753399	-0.0035915332364	0.000629108385716	-0.0339587889574	1.91155913843e-14	2.0167417184e-05	100.0
-8.91216364352e-05	-3.70895119619e-06	0.000158083865869	-0.0114909182255	-0.000504791324401	0.0204110466748	1.91155913843e-14	2.0167417184e-05	100.0
-7.68364903338e-05	-8.10805337418e-06	4.45155623502e-05	-0.00865884241606	-0.000994463229301	0.00495216064137	1.91155913843e-14	2.0167417184e-05	100.0
6.31753972258e-05	2.77875473865e-06	3.93185519512e-05	0.00644081565486	0.000264522962511	0.00412413320069	1.91155913843e-14	2.0167417184e-05	100.0
-0.000273815087898	4.14684024597e-06	-0.000113543618104	-0.0361696045179	0.00054684093416	-0.0150214347689	1.91155913843e-14	2.0167417184e-05	100.0
0.000180455509879	5.39199664117e-07	-2.45277147391e-05	0.0233064217794	5.49688451772e-05	-0.00313144441618	1.91155913843e-14	2.0167417184e-05	100.0
5.10314623923e-05	-5.59247172955e-06	-0.000140683116708	0.00646404307992	-0.000713989240088	-0.0178449527483	1.91155913843e-14	2.0167417184e-05	100.0
-0.000119919085787	-2.18924153317e-05	-0.000167465715145	-0.0156304003524	-0.00290068786865	-0.0218060080428	1.91155913843e-14	2.0167417184e-05	100.0
0.000208780357413	-2.20561227727e-05	-0.000130646599497	0.0274418838231	-0.00293809353769	-0.017151488196	1.91155913843e-14	2.0167417184e-05	100.0
0.000141606480747	-1.85445356723e-06	-0.000217402239503	0.0186153520008	-0.000250444281363	-0.0286252261243	1.91155913843e-14	2.0167417184e-05	100.0
-3.62155632674e-05	-7.1854719507e-06	-0.000119693255581	-0.00442317802095	-0.000954598016029	-0.0147624785867	1.91155913843e-14	2.0167417184e-05	100.0
0.000139780463974	1.12672441841e-05	0.000175520682662	0.0182845902622	0.00150600924491	0.0229640702199	1.91149929343e-14	2.0166785804e-05	100.0
0.00026078078243	1.01594395735e-05	-1.59628088697e-05	0.0343404505686	0.00135818480867	-0.00207604572642	1.91149929343e-14	2.0166785804e-05	100.0
0.000161115061192	1.12496783245e-05	-4.57563695504e-05	0.0206548970914	0.00150191274138	-0.00586312284584	1.91149929343e-14	2.0166785804e-05	100.0
-0.000232114747473	4.63190682593e-05	-0.0001873191034	-0.030663905309	0.00616848222047	-0.0247830411458	1.91149929343e-14	2.0166785804e-05	100.0
-0.000172260711455	2.71344701138e-05	-7.96734613082e-05	-0.0223067755389	0.00359797456162	-0.0103449810737	1.91149929343e-14	2.0166785804e-05	100.0
2.31730274434e-05	1.77942289903e-05	-0.000318684014705	0.00304126410344	0.002376153018	-0.0421968994701	1.91149929343e-14	2.0166785804e-05	100.0
-7.66237607752e-06	-4.20139495809e-07	0.00021645655405	-0.000997522449673	-7.25988564371e-05	0.0282687325899	1.91149929343e-14	2.0166785804e-05	100.0
-0.000128826736248	-8.23195737505e-06	0.000155551224293	-0.0167740844202	-0.00109544376932	0.0202165397831	1.91149929343e-14	2.0166785804e-05	100.0
-0.000121147048231	-2.82183373343e-05	8.4800863058e-05	-0.0153578967803	-0.0036633175213	0.0107265366601	1.91149929343e-14	2.0166785804e-05	100.0
5.85654614728e-05	4.44278482441e-07	7.26340872979e-05	0.00673098132654	6.12801301133e-05	0.00829687664291	1.91149929343e-14	2.0166785804e-05	100.0
-0.00017566656911	9.25123709264e-06	-4.02804247099e-05	-0.0226662475504	0.00117983111459	-0.00518439282671	1.91149929343e-14	2.0166785804e-05	100.0
-0.000123031195985	-8.94520794473e-06	-6.44472682979e-06	-0.01515063065	-0.0011352449356	-0.000778328447213	1.91149929343e-14	2.0166785804e-05	100.0
9.00307960399e-05	4.32950396252e-06	-3.65050520014e-05	0.0104161017197	0.000476056148414	-0.00426740485249	1.91149929343e-14	2.0166785804e-05	100.0
9.81692019765e-05	6.52458662883e-07	-0.000211919359946	0.0128700209604	7.51333802692e-05	-0.0277853956207	1.91149929343e-14	2.0166785804e-05	100.0
-9.95802894339e-05	-5.06930121165e-06	-0.000156855745802	-0.0129097449127	-0.000689883142204	-0.0202579522225	1.91149929343e-14	2.0166785804e-05	100.0
-8.43472433328e-06	9.99711918293e-06	7.22172240116e-05	-0.000894230096395	0.00115571493188	0.00733570167072	1.91143995132e-14	2.016615973e-05	100.0
-7.91681755468e-05	7.35419067833e-06	0.000173758367618	-0.0102440798795	0.000990730722445	0.0225140118349	1.91143995132e-14	2.016615973e-05	100.0
-6.43254229727e-05	5.51098026832e-06	9.82298611219e-05	-0.00782563476473	0.000723976900683	0.0119641287529	1.91143995132e-14	2.016615973e-05	100.0
-0.000183177793185	-1.00152185796e-05	0.000182366319443	-0.0241189872687	-0.00131668566647	0.0239810109372	1.91143995132e-14	2.016615973e-05	100.0
-0.000117289695621	1.11787720405e-06	0.000110599544449	-0.0149716300263	0.000169956889011	0.0141319700455	1.91143995132e-14	2.016615973e-05	100.0
-0.000151120613009	7.474905708e-06	8.84348089789e-06	-0.0192059721103	0.000972481951291	0.00104364586901	1.91143995132e-14	2.016615973e-05	100.0
-0.000203029163489	1.28105917246e-05	5.56358616894e-05	-0.0264490090101	0.00172231059771	0.00726104987576	1.91143995132e-14	2.016615973e-05	100.0
-0.000151549183233	-1.97555062553e-06	-5.24877119865e-05	-0.0193836147027	-0.000255677527587	-0.00672299715982	1.91143995132e-14	2.016615973e-05	100.0
-0.000143264502708	5.18423850681e-06	2.41530740838e-06	-0.0180346075803	0.000714818062289	0.000265231959476	1.91143995132e-14	2.016615973e-05	100.0
5.42918536126e-05	6.28691253946e-06	-3.91311912563e-05	0.00524711542712	0.000659427782623	-0.00368416671233	1.91143995132e-14	2.016615973e-05	100.0
-6.53356329142e-05	5.48824897399e-07	-3.2443426905e-05	-0.0066369724083	5.98185454973e-05	-0.00330533349762	1.91143995132e-14	2.016615973e-05	100.0
-0.000127184897806	8.5738560335e-06	1.1944411553e-06	-0.015724025344	0.00113127779672	0.00015749510891	1.91143995132e-14	2.016615973e-05	100.0
-0.000138286578781	1.04390753578e-05	-0.000145343555455	-0.0180024591026	0.00139256073246	-0.0188680092495	1.91143995132e-14	2.016615973e-05	100.0
0.000235269925884	-3.32613369891e-05	3.27787453963e-05	0.0308826489085	-0.00442874861273	0.00427102517362	1.91143995132e-14	2.016615973e-05	100.0
0.000267567441266	-3.22708857025e-05	6.40532427926e-06	0.0352594810615	-0.00429725445197	0.00083751642039	1.91143995132e-14	2.016615973e-05	100.0
-0.000176895277414	-9.58515379123e-06	-0.000204237896228	-0.0232805679408	-0.00128212082799	-0.0269420924311	1.91143995132e-14	2.016615973e-05	100.0
0.000176396936029	-1.99383047141e-05	-3.81333380743e-06	0.0227313837543	-0.00261524617942	-0.000481642845879	1.91143995132e-14	2.016615973e-05	100.0
2.75436620122e-05	2.75094331754e-05	0.000283169471108	0.00365229721287	0.0036711016005	0.0373799112089	1.91138060921e-14	2.0165533657e-05	100.0
0.000200094179201	4.810513658e-06	0.000170643451959	0.0263358303964	0.00065841410026	0.0224812960482	1.91138060921e-14	2.0165533657e-05	100.0
0.000232106691643	-2.16075638702e-05	6.41242500419e-05	0.0305004558399	-0.00287518305196	0.00842185771319	1.91138060921e-14	2.0165533657e-05	100.0
-0.000156916681856	3.66990667575e-05	-9.72775472532e-05	-0.0202973970642	0.00483862596953	-0.012577491303	1.91138060921e-14	2.0165533657e-05	100.0
5.83645779411e-05	7.7657097963e-06	-0.000149450086999	0.00745682188061	0.00104702185831	-0.0190620674855	1.91138060921e-14	2.0165533657e-05	100.0
7.1862917712e-05	-3.1120230853e-06	0.000143293754789	0.00915589323531	-0.000443258459319	0.0182926979046	1.91138060921e-14	2.0165533657e-05	100.0
-0.000108695032542	-3.5002787664e-05	0.000258483115676	-0.0143763460477	-0.00465826170539	0.0340885839717	1.91138060921e-14	2.0165533657e-05	100.0
-0.000114491785537	1.14108884954e-06	2.71552921769e-05	-0.0139537059476	0.000112045629762	0.00329405101978	1.91138060921e-14	2.0165533657e-05	100.0
0.00018472633175	2.27809864669e-06	0.000193217231681	0.0243124723251	0.000289809199271	0.0254867093363	1.91138060921e-14	2.0165533657e-05	100.0
8.52575960695e-06	-1.45165107741e-06	8.51743188548e-05	0.00100228393628	-0.000170275336079	0.00942464256843	1.91138060921e-14	2.0165533657e-05	100.0
-0.00023927028462	-1.73450263835e-06	-4.12082870315e-05	-0.0314016594059	-0.000242857449501	-0.00542855441777	1.91138060921e-14	2.0165533657e-05	100.0
1.61553188778e-05	-1.10770036448e-05	-0.000234303138962	0.00213315399864	-0.001473420881	-0.0307096337847	1.91138060921e-14	2.0165533657e-05	100.0
