# x[AU] y[AU] z[AU] vx[AU/yr/2pi] vy[AU/yr/2pi] vz[AU/yr/2pi] m[MSUN] m[mtot] wf[%]
-1.07248319646e-07	-4.65092668572e-07	-9.12160160957e-08	-1.8774683932e-05	-0.000127113615343	-2.00389386493e-06	7.32516767751e-08	0.993660458994	9.43279030117
-0.000172958701577	8.1919679937e-05	0.000403793391051	-0.0202918374455	0.00766289039959	0.0469288982131	4.17980356757e-12	5.6699118905e-05	0.0
-0.000209461896445	-6.63271835446e-05	0.000239183888812	-0.0206814023702	-0.010044879695	0.0244757382742	4.17980356757e-12	5.6699118905e-05	0.0
0.000387568703864	-6.79500909434e-05	0.000341637794942	0.0464435082229	-0.0106657835293	0.040821055319	2.86765050516e-12	3.8899736397e-05	100.0
0.000390407242889	-1.35854269255e-05	-0.000280185594754	0.0458533071621	-0.00387667699365	-0.0334656885998	1.46474324481e-12	1.9869271381e-05	100.0
-0.000399288611813	6.28921691256e-06	-3.4215012668e-05	-0.0447369604016	-0.00174600125644	-0.00421727611321	1.46474324481e-12	1.9869271381e-05	100.0
0.00016925368405	-8.25253797947e-06	-0.000465514029666	0.0200571074546	-0.00321995342856	-0.0553904871502	1.46286290465e-12	1.9843764529e-05	100.0
-0.000119648742728	-6.01597328364e-05	0.000262342763245	-0.0113338116679	-0.00901616358058	0.0245512796394	1.46192650631e-12	1.9831062267e-05	100.0
0.000337675591214	4.74944810301e-05	0.000133412671882	0.0368549820829	0.00284272142518	0.0144069183523	1.46192650631e-12	1.9831062267e-05	100.0
0.000274908488928	7.9437841992e-05	-0.000172669441351	0.0285820204962	0.00620470565143	-0.018130761847	1.46192650631e-12	1.9831062267e-05	100.0
-0.000560370192956	0.000219149214802	-0.000120450712498	-0.0692002159023	0.0257707207766	-0.0151523760325	1.46192650631e-12	1.9831062267e-05	100.0
0.000559667382485	0.000145065632228	-0.000221229428602	0.0693349894154	0.0164378915059	-0.0273828326412	1.45913541567e-12	1.9793201067e-05	100.0
-0.000194931872349	2.32192516802e-05	0.000262638076967	-0.0201419090683	-3.55210340513e-05	0.0268152984859	1.45821008112e-12	1.9780648885e-05	100.0
-3.80454530166e-06	0.000145760740263	0.000686240627287	-0.000169309577433	0.0166699334322	0.0861701417139	1.45774892254e-12	1.977439326e-05	100.0
-0.000392211571418	-8.52789340938e-05	8.45658066576e-05	-0.0440723617994	-0.0124614444179	0.00922519601606	1.45774892254e-12	1.977439326e-05	100.0
-0.000327821680098	4.02554056339e-05	-0.000152516803122	-0.0355149038988	0.0021571800732	-0.0164622523262	1.45728776396e-12	1.9768137634e-05	100.0
0.000121415047554	0.000113680012706	-0.000418723212181	0.0141357868038	0.0115620835249	-0.0488976254185	1.45453690526e-12	1.9730822181e-05	100.0
-0.00012949577803	-2.56218534493e-05	0.000638318107311	-0.0160012695545	-0.00528190270779	0.079373926566	1.45362514898e-12	1.9718454189e-05	100.0
0.000268523773039	-8.82223544041e-05	8.36057525517e-05	0.0251322649164	-0.0120667178954	0.00742108594194	1.45362514898e-12	1.9718454189e-05	100.0
-8.99491840695e-05	-0.000122099294225	-0.000271380521447	-0.00895945916141	-0.0157713091634	-0.0258714842287	1.45362514898e-12	1.9718454189e-05	100.0
-0.000359993927233	-4.15340564276e-05	0.000190580750325	-0.040680413244	-0.00740438762334	0.0212514479632	1.45271590721e-12	1.9706120306e-05	100.0
0.000209935741599	0.000127557821229	-0.000509473291755	0.0254545840215	0.0139142613147	-0.0623979084588	1.45271590721e-12	1.9706120306e-05	100.0
0.000200040996239	-2.38205305605e-05	0.000246895111202	0.0204491570729	-0.00542038814051	0.024483184195	1.45090496714e-12	1.9681554868e-05	100.0
0.000187723470753	0.000163519928977	0.000444971108817	0.0225127442361	0.0180488945996	0.0533698881543	1.45090496714e-12	1.9681554868e-05	100.0
0.000232917745754	5.4030582333e-05	0.000239280121933	0.0243678418856	0.00341170956087	0.0250884358328	1.45090496714e-12	1.9681554868e-05	100.0
0.000524977323284	5.39532586435e-05	-3.14399877524e-05	0.0635758776009	0.00459278757075	-0.00314761621694	1.45090496714e-12	1.9681554868e-05	100.0
-0.000228981520129	-0.000144133828918	-0.000119590533056	-0.0206799321896	-0.0175837322435	-0.0108338039667	1.45090496714e-12	1.9681554868e-05	100.0
0.000343177909965	-0.000124831951148	-4.84543802026e-05	0.0365696403136	-0.0167637398114	-0.00513258045702	1.45045386654e-12	1.9675435679e-05	100.0
-4.5302313452e-05	-0.000122093282368	0.00027355699413	-0.00445218008322	-0.0156007020103	0.025550086575	1.45000326884e-12	1.9669323312e-05	100.0
-0.000200621858731	7.10713331898e-05	0.000432552456818	-0.0236756751459	0.00651903897398	0.0512057488094	1.45000326884e-12	1.9669323312e-05	100.0
0.000289614607035	2.6703014311e-05	2.92926717352e-05	0.0275908761264	0.000113358563155	0.00249064787756	1.45000326884e-12	1.9669323312e-05	100.0
0.00011126029362	-4.47836466753e-05	-0.000365621346347	0.0122578528331	-0.00768055124115	-0.0401449592267	1.45000326884e-12	1.9669323312e-05	100.0
0.000272254348069	0.000122780166556	0.000171059592742	0.0289822163493	0.0112716917651	0.0178500156003	1.44820741575e-12	1.9644962529e-05	100.0
0.00012713185901	-0.000111548316845	0.000398809116315	0.0143775354864	-0.0156729750658	0.045420711961	2.88407519349e-12	3.9122537623e-05	100.0
-0.000279975357323	0.000119496877886	8.62319958943e-05	-0.0285325892884	0.0104246384761	0.00827726787108	1.44731275805e-12	1.963282648e-05	100.0
0.000208952002002	-0.000122638193887	0.000125567762423	0.0174381343984	-0.015006137671	0.0107858884208	1.44686668645e-12	1.962677551e-05	100.0
0.000334379213694	-4.39840552002e-05	0.000140864020373	0.0357548925667	-0.00742954166152	0.0154912136415	1.44686668645e-12	1.962677551e-05	100.0
0.000432171414884	-4.64430278365e-05	4.52688979597e-05	0.0495878163872	-0.00786929151759	0.00557050586824	1.44642111774e-12	1.9620731361e-05	100.0
-0.000234080361025	-0.000183197228736	0.000341642640827	-0.0272105484755	-0.0243321969432	0.0389241344899	1.44553148903e-12	1.960866353e-05	100.0
6.87790262445e-05	-0.00010338716664	0.000338448754625	0.00758833277178	-0.0143731983698	0.0357554409946	1.44553148903e-12	1.960866353e-05	100.0
-0.000361095410979	3.46245704204e-05	0.000522288013061	-0.0448798461684	0.00231550703161	0.0647001546394	1.44553148903e-12	1.960866353e-05	100.0
8.13497474466e-05	6.95522665016e-05	0.000494211131502	0.0101197325665	0.00641569012115	0.0591461885273	1.44553148903e-12	1.960866353e-05	100.0
-0.000107038994246	-0.000143541968749	-0.000236958062071	-0.00968466984056	-0.0176140299827	-0.0214866729331	1.44553148903e-12	1.960866353e-05	100.0
-7.41076276696e-05	-0.000100949979912	-0.000294234156656	-0.00755025931974	-0.013662237506	-0.0288748273148	1.44553148903e-12	1.960866353e-05	100.0
-0.000123958098342	7.13650865152e-05	-0.000249225529705	-0.0123952878538	0.0044684289091	-0.023337023635	1.44464437482e-12	1.9596629808e-05	100.0
0.000157688930669	-0.000137509137033	0.000263556084993	0.0160492337483	-0.017756907335	0.0264046702102	1.4437592722e-12	1.9584623373e-05	100.0
-2.31115765233e-05	-2.2203974579e-06	-0.00027486697801	-0.00271577922222	-0.00332266289282	-0.0248674576825	1.4437592722e-12	1.9584623373e-05	100.0
0.000142922197107	3.50122769829e-05	0.000569639673909	0.0179331407446	0.00230625575226	0.0698172592076	1.44287718698e-12	1.957265787e-05	100.0
0.000375094975346	-2.35284188995e-05	0.000127714768971	0.0420773619955	-0.00528877453586	0.0135901324401	1.44287718698e-12	1.957265787e-05	100.0
0.000439782994739	-9.69213261937e-05	-0.000322075804525	0.0531874413219	-0.0142258062976	-0.0388826968899	1.44287718698e-12	1.957265787e-05	100.0
-0.000777482554503	-2.38897183882e-05	4.81295214919e-06	-0.0980893097239	-0.00500894511528	0.000757938167262	1.44199661046e-12	1.9560712832e-05	100.0
0.00016949566333	-0.00011701035087	0.000186317267649	0.0147126600691	-0.0146481740171	0.0159724564218	1.44111905133e-12	1.9548808724e-05	100.0
-0.000452827149003	-8.90394290151e-05	0.000318767857904	-0.054944315318	-0.0133121782717	0.0386908444555	1.44111905133e-12	1.9548808724e-05	100.0
-0.000464011078421	-0.000106421551533	0.000277333027301	-0.056105664067	-0.0154040820647	0.0334761229058	1.44111905133e-12	1.9548808724e-05	100.0
-0.00089001574606	0.000164804028738	-0.000116323102926	-0.113535526394	0.0194057876018	-0.0148611690274	1.44068052322e-12	1.9542860082e-05	100.0
-0.000494435452235	-0.000129640313905	-1.90856473153e-05	-0.0587830666357	-0.0181522992295	-0.00227496502036	1.44068052322e-12	1.9542860082e-05	100.0
-0.000327633658278	6.84428138789e-05	-0.000492820473326	-0.0402183139581	0.00651893657608	-0.0607092508846	1.44068052322e-12	1.9542860082e-05	100.0
0.000150159392429	4.85636042619e-05	-0.0006220212751	0.0188630460999	0.00406637820203	-0.077114244607	1.44068052322e-12	1.9542860082e-05	100.0
-0.000176507560278	-0.000119475729784	0.000513937744249	-0.0214404430585	-0.0170484509111	0.0621759426243	1.4402430009e-12	1.9536925083e-05	100.0
-0.000405549480906	2.1624967628e-05	0.00051725467295	-0.0506841256742	0.000667152955935	0.0641464606656	1.4402430009e-12	1.9536925083e-05	100.0
-0.000242237016767	2.48689254512e-05	-0.000686137697948	-0.0304582412603	0.00117509503912	-0.086110896631	1.4402430009e-12	1.9536925083e-05	100.0
0.00063951858147	0.000102057740258	1.53675632457e-05	0.0793275104336	0.0108362244543	0.00205511569856	1.43980598148e-12	1.9530996906e-05	100.0
0.000422729027399	-7.91011100401e-06	-0.000638246058946	0.0533380366043	-0.00295741705997	-0.0803955532434	1.43980598148e-12	1.9530996906e-05	100.0
9.69709152017e-06	-0.000178452342103	0.000377810495253	0.00118966834739	-0.0234843043419	0.0420760701512	1.43936996786e-12	1.9525082372e-05	100.0
1.52349024424e-05	-7.07342463465e-05	0.00061177156097	0.00182855716018	-0.0110158176252	0.0752886241524	1.43936996786e-12	1.9525082372e-05	100.0
0.000353450998825	-0.000106543150637	0.000336054871114	0.0417238098306	-0.015296545765	0.0399188351246	1.43936996786e-12	1.9525082372e-05	100.0
-0.000134920398804	0.000177419175432	0.000403326277003	-0.0161688973828	0.0194428128043	0.0472369490351	1.43936996786e-12	1.9525082372e-05	100.0
0.000396739334606	2.19928182574e-05	0.000213366362981	0.046049899781	0.000218579159383	0.0249573873452	1.43936996786e-12	1.9525082372e-05	100.0
0.00054115788003	8.51500326201e-05	-2.7089240093e-05	0.0657170800367	0.00854259546719	-0.00317278659081	1.43936996786e-12	1.9525082372e-05	100.0
-0.000138325761558	-0.000141247849258	0.000199490503096	-0.0117435748256	-0.0169971940723	0.0171347181273	1.43893395425e-12	1.9519167839e-05	100.0
-0.000422776280451	4.34882807453e-05	0.000302596008821	-0.050879440855	0.00318341421199	0.0362606699682	1.43849844353e-12	1.9513260127e-05	100.0
-0.000343394503676	-0.000135712804541	0.000197307350371	-0.0385659381325	-0.0183777196774	0.0220816480055	1.43849844353e-12	1.9513260127e-05	100.0
0.000502524694758	-8.43625681632e-05	0.000366722264169	0.0618623612833	-0.0127030012769	0.0452779257275	1.43762943369e-12	1.9501471991e-05	100.0
-0.000290873728826	-0.000104466075893	0.000515563125779	-0.0355922244172	-0.0152607082953	0.0632946499574	1.43762943369e-12	1.9501471991e-05	100.0
0.000477980460025	-0.00013680044093	1.09584584582e-05	0.0564461777323	-0.0189435758421	0.00101330506275	1.43762943369e-12	1.9501471991e-05	100.0
0.000726339331312	6.39532707306e-05	0.00030801328435	0.0918777464008	0.00620030807306	0.038951121894	1.43762943369e-12	1.9501471991e-05	100.0
0.000525246144048	-9.70909441895e-05	-0.000196468151575	0.0638706649475	-0.0142027075843	-0.0237490436298	1.43762943369e-12	1.9501471991e-05	100.0
-0.000774458033914	0.000126858472171	0.000141590929302	-0.0979535674393	0.0143080426006	0.017864660088	1.43762943369e-12	1.9501471991e-05	100.0
-0.000652817808636	-1.18278634978e-06	0.000132621784275	-0.0812028516786	-0.00218407762194	0.0164637504153	1.43762943369e-12	1.9501471991e-05	100.0
0.000287387550911	-0.000152596707448	-0.000192587492744	0.0306714432832	-0.0200894441636	-0.020731791586	1.43762943369e-12	1.9501471991e-05	100.0
0.000551170141728	3.31152294255e-05	-0.000557968365261	0.0694894309113	0.00226588775733	-0.0706065537614	1.43762943369e-12	1.9501471991e-05	100.0
5.41575496937e-05	0.000134864490909	-0.000873583449072	0.0069758443936	0.0155031845048	-0.111255082624	1.43762943369e-12	1.9501471991e-05	100.0
-0.000244813554001	-0.000134942095583	-0.000367070099301	-0.0281180165983	-0.0186573451374	-0.0426580281177	1.43762943369e-12	1.9501471991e-05	100.0
2.76410958528e-05	-7.10374591247e-05	-0.000585372184592	0.00328053084393	-0.0110042172302	-0.0715941570063	1.43762943369e-12	1.9501471991e-05	100.0
-0.000332088747524	-0.000128877753057	-1.52708299524e-05	-0.0346803809807	-0.0170134467	-0.00168249159475	1.43676243544e-12	1.9489711143e-05	100.0
0.000710339694628	0.000168793208726	-0.000664519022529	0.0909941605177	0.0199842579312	-0.0850509281676	1.43676243544e-12	1.9489711143e-05	100.0
-0.000578520781279	-5.01044452874e-05	-0.00017673302727	-0.0711303120804	-0.00840824961127	-0.0215631305698	1.43676243544e-12	1.9489711143e-05	100.0
-0.000457427697699	-0.000150146339309	-8.90067070721e-05	-0.0538231122206	-0.0206041640662	-0.0101968175346	1.43676243544e-12	1.9489711143e-05	100.0
0.000290003222619	-0.000107829134289	-0.000337390872877	0.0338422418743	-0.0152966714333	-0.0387977460411	1.43676243544e-12	1.9489711143e-05	100.0
0.000509007939295	-8.22798601638e-05	-0.000185343261126	0.061494728806	-0.0124413560937	-0.0223082558326	1.43632994212e-12	1.9483844362e-05	100.0
0.000313587497238	-0.000159818910237	-0.000168073041838	0.0339631429655	-0.0209537337788	-0.0183651806842	1.43632994212e-12	1.9483844362e-05	100.0
-0.000833453695809	0.000107079595358	6.5804073952e-05	-0.105766494635	0.0118627629735	0.00835729609793	1.43632994212e-12	1.9483844362e-05	100.0
-8.85439885008e-05	-0.000117255221073	-0.000295935294011	-0.00899123623549	-0.0154633208966	-0.0294933743606	1.43632994212e-12	1.9483844362e-05	100.0
-0.00083168880986	7.21891586255e-05	-0.00029649524682	-0.105821550889	0.00740657923765	-0.0378864180772	1.43589795169e-12	1.9477984403e-05	100.0
-0.000586239857557	-2.40963302541e-05	-0.000146924545103	-0.0719612117868	-0.00510458776946	-0.0181314290087	1.43589795169e-12	1.9477984403e-05	100.0
-0.000586983045662	-0.00012050870315	0.000428729158396	-0.0737816539195	-0.0173701665407	0.0536454164033	1.43546646417e-12	1.9472131267e-05	100.0
0.000354461677936	-0.000140880290932	-6.62914170897e-05	0.03841739389	-0.0186771025919	-0.00742755313179	1.43546646417e-12	1.9472131267e-05	100.0
-0.000615258329897	0.000125664439086	0.000193938188045	-0.0765519963276	0.0138495334857	0.0244714274937	1.43503547954e-12	1.9466284952e-05	100.0
0.00080063432467	-7.17111435531e-09	-0.000437381872822	0.102063311177	-0.00190663114467	-0.055732022874	1.43503547954e-12	1.9466284952e-05	100.0
-0.00106425682354	0.0002428138362	-7.56421180599e-05	-0.136787136058	0.0296517352077	-0.0098345337244	1.43503547954e-12	1.9466284952e-05	100.0
-0.000590472551612	-7.77822794773e-05	5.88791441735e-05	-0.0723423491324	-0.0118813751431	0.0072562240379	1.43503547954e-12	1.9466284952e-05	100.0
-0.000416351040283	6.14696693106e-06	-0.000503084487933	-0.0518057301801	-0.00129340031297	-0.0623220491603	1.43503547954e-12	1.9466284952e-05	100.0
-0.000202279943801	-7.22211803246e-05	-0.000348664618527	-0.0227556508309	-0.0109696873851	-0.0389952522443	1.43503547954e-12	1.9466284952e-05	100.0
-0.00022640627141	-0.000167061423609	0.000407758712979	-0.0268269075179	-0.0226507102597	0.0478821423059	1.43417501898e-12	1.9454612787e-05	100.0
-0.000550960880836	0.000180424538543	0.000564990630097	-0.0698499438206	0.0212572768644	0.0715458073796	1.43417501898e-12	1.9454612787e-05	100.0
0.000597746156523	-0.000110513103366	-7.58471115993e-05	0.0734092349673	-0.0159906329005	-0.00948439524982	1.43417501898e-12	1.9454612787e-05	100.0
-0.000702312075756	0.000113593396534	-0.00036747972219	-0.0889268050737	0.0126125107757	-0.0464846424441	1.43417501898e-12	1.9454612787e-05	100.0
0.000392514878041	-2.4532086941e-05	-0.000719811756251	0.0497419822961	-0.00505249946017	-0.0911107306219	1.43417501898e-12	1.9454612787e-05	100.0
-0.000390796185945	5.6541279144e-05	0.000585445894278	-0.0491518633212	0.00514828507914	0.0731212387008	1.43374554306e-12	1.9448786937e-05	100.0
0.000433478814248	0.000108014332499	0.000569849744787	0.0545072698177	0.0118077153052	0.0714846751298	1.43374554306e-12	1.9448786937e-05	100.0
0.000613695776587	-0.000161334735809	0.000155376890288	0.0759416194324	-0.0224759743899	0.0192564193127	1.43374554306e-12	1.9448786937e-05	100.0
-0.000219732614389	0.000147776522958	-0.000790356577448	-0.0278740627799	0.0170563209525	-0.100285509413	1.43374554306e-12	1.9448786937e-05	100.0
-0.000389618314521	1.02280294475e-05	0.000428769403527	-0.0475228070727	-0.000806612981308	0.0524721662377	1.43331657003e-12	1.944296791e-05	100.0
-0.000901184129621	0.000190339796387	-0.000269434103891	-0.115239770448	0.0226881541896	-0.0344446682301	1.43331657003e-12	1.944296791e-05	100.0
0.000266547054884	5.59657185321e-05	-0.000645145943758	0.0332139937354	0.00511402176477	-0.0807821596831	1.43331657003e-12	1.944296791e-05	100.0
-5.29328428917e-05	4.66157605845e-05	0.000890716278023	-0.00663240959754	0.00411170635266	0.113506566739	1.43246063556e-12	1.9431357142e-05	100.0
0.000449529227704	0.000230398607204	0.000805415362439	0.0573455763468	0.0278468360711	0.10301752662	1.43246063556e-12	1.9431357142e-05	100.0
-0.000240895534177	8.18756630471e-05	0.000720277735076	-0.0302537792362	0.00850640750239	0.0908180797651	1.43246063556e-12	1.9431357142e-05	100.0
0.000424915845196	0.000211562150423	0.000533510667274	0.0532411982918	0.0250381792188	0.0669823241501	1.43246063556e-12	1.9431357142e-05	100.0
0.000899791179648	4.82445559608e-05	-0.000403413589569	0.115139656457	0.00435285350022	-0.0517303374653	1.43246063556e-12	1.9431357142e-05	100.0
0.000140714112691	-7.25988579328e-05	-0.000481797793222	0.0166290610563	-0.0111497867142	-0.0573214690504	1.43246063556e-12	1.9431357142e-05	100.0
0.000268417111314	0.0001439171108	0.000994558200219	0.0343589581486	0.016776278259	0.127678575198	1.43118025417e-12	1.9413988742e-05	100.0
0.000284759332019	0.00018211285157	0.000721703419673	0.0362655737404	0.0214771909402	0.0913405265561	1.43118025417e-12	1.9413988742e-05	100.0
-0.000626689605188	7.68998213823e-05	-1.92299881959e-05	-0.0776196981502	0.00761924054329	-0.00247845460975	1.43118025417e-12	1.9413988742e-05	100.0
-0.000362311094439	-0.000111323916524	5.05856348088e-05	-0.0392725462737	-0.0153032379411	0.00560103331372	1.43118025417e-12	1.9413988742e-05	100.0
0.000312605859209	-9.62376129061e-05	0.000234899565746	0.0347059854268	-0.0137066471385	0.0260499288334	1.43075429853e-12	1.9408210646e-05	100.0
0.00069714973637	1.07154352097e-06	4.80786654378e-05	0.0871677614982	-0.0018590985325	0.00601303105406	1.43075429853e-12	1.9408210646e-05	100.0
-9.82999810906e-06	0.000166090324373	-0.000448882159203	-0.00101306981251	0.0182272426299	-0.0531598484629	1.43075429853e-12	1.9408210646e-05	100.0
-0.000184940625575	-7.98407474659e-05	0.000461719664476	-0.0220983206848	-0.0120244388701	0.0547340724832	1.4303288458e-12	1.9402439371e-05	100.0
0.000452615740713	0.000222702807293	0.000729853524847	0.0577917332961	0.0267619168572	0.0928847023045	1.4303288458e-12	1.9402439371e-05	100.0
-0.00028310595376	0.000191109427803	0.000573716843879	-0.0350165186376	0.0221604350947	0.0716251670162	1.4303288458e-12	1.9402439371e-05	100.0
0.000886770941787	0.000102873012276	2.09755128059e-05	0.112940247236	0.0113697144619	0.00266804995211	1.4303288458e-12	1.9402439371e-05	100.0
-0.000538357408586	0.000172382207282	-0.000117857255511	-0.0660421324325	0.0196022420612	-0.0142264765031	1.4303288458e-12	1.9402439371e-05	100.0
0.000243115996604	-2.63828916116e-05	-0.000333327719316	0.0272289903184	-0.0056026681334	-0.0378316039046	1.4303288458e-12	1.9402439371e-05	100.0
8.89012374091e-05	9.81313707361e-05	0.000624156875002	0.0109901486787	0.0103294497999	0.0773357137462	1.42990439886e-12	1.939668174e-05	100.0
0.00047798050401	0.000110624226699	0.000372881299486	0.058918199524	0.0117856225653	0.0461441484223	1.42990439886e-12	1.939668174e-05	100.0
-0.000450648694741	6.96372009659e-05	0.000126024937219	-0.0531386391752	0.00614188219748	0.0148245571441	1.42990439886e-12	1.939668174e-05	100.0
0.000821510837721	0.000269151358462	-0.000486284653054	0.105183297816	0.0329790167892	-0.0622945865376	1.42990439886e-12	1.939668174e-05	100.0
0.00032841574469	9.4855669433e-05	-0.000250778603368	0.0379030612898	0.00888295463302	-0.0284528496243	1.42990439886e-12	1.939668174e-05	100.0
-0.000407411959026	8.60880858046e-05	-0.000682406471912	-0.051470091666	0.00905558873782	-0.0863639382012	1.42990439886e-12	1.939668174e-05	100.0
1.5250715239e-05	0.000150460265796	-0.000843751252337	0.00200149352095	0.0174435713365	-0.107210134549	1.42990439886e-12	1.939668174e-05	100.0
-0.000354965972654	-0.000109190392761	-0.000271708976156	-0.0413332386347	-0.0155083768826	-0.0312569996309	1.42990439886e-12	1.939668174e-05	100.0
8.68984028928e-05	-0.000100002654543	0.000294429600528	0.00902638254417	-0.0135648628441	0.0290229545461	1.42905600789e-12	1.9385173299e-05	100.0
0.000560687609934	9.05877733593e-05	6.60727708392e-06	0.0684869448223	0.00917884489199	0.000747314107879	1.42905600789e-12	1.9385173299e-05	100.0
-0.000733272367225	0.000134000372313	-0.000594618142222	-0.0937290934064	0.0154355970107	-0.0761558612209	1.42905600789e-12	1.9385173299e-05	100.0
-0.000147003013159	2.09449459998e-05	-0.000438026838486	-0.0170785012027	0.000156101476494	-0.051358346602	1.42905600789e-12	1.9385173299e-05	100.0
-0.000201187717513	0.000120042682265	-0.000793122574839	-0.0258821423466	0.0135402914091	-0.100672872016	1.42905600789e-12	1.9385173299e-05	100.0
0.000369742347917	0.00011202948547	-0.000907259487885	0.0473040928509	0.0126065763533	-0.116132215573	1.42905600789e-12	1.9385173299e-05	100.0
-0.000646326941811	0.00020433505828	-0.000229603103154	-0.0811857344895	0.024128514003	-0.0287138749849	1.42821013141e-12	1.9373698968e-05	100.0
0.000349525604906	-0.00017776731008	5.70825564906e-05	0.0380432780793	-0.0230061499603	0.00609611097731	1.42736626653e-12	1.9362251924e-05	100.0
-0.000337870299373	0.000131104981022	0.000899131160294	-0.0432513586359	0.0150325208287	0.115064988492	1.42736626653e-12	1.9362251924e-05	100.0
0.00073768365167	7.99131116109e-05	0.000221203680822	0.0930756523847	0.00824677574503	0.0278632265584	1.42736626653e-12	1.9362251924e-05	100.0
0.000354091689809	-0.000148846222188	-1.14154332953e-06	0.0381883587293	-0.0196037921286	-0.000328858911607	1.42736626653e-12	1.9362251924e-05	100.0
-0.000762154428445	0.000213013668523	0.000304873431798	-0.0967866127461	0.0254655575195	0.0387080912464	1.42736626653e-12	1.9362251924e-05	100.0
-0.00074643510043	2.29488404403e-05	0.000184350178809	-0.0941715958405	0.000948036521725	0.0230772765897	1.42736626653e-12	1.9362251924e-05	100.0
-0.000418466717869	-5.81358488948e-05	-0.000241927964233	-0.0492536463515	-0.00938145999517	-0.0286206373922	1.42736626653e-12	1.9362251924e-05	100.0
0.000134398698397	3.59331450905e-05	-0.000849620262075	0.0169375986541	0.0026645165977	-0.108011239869	1.42736626653e-12	1.9362251924e-05	100.0
4.48021332352e-05	0.000156911631049	0.000868927934012	0.00550283940385	0.0182819868425	0.110651047586	1.42652391034e-12	1.9350825345e-05	100.0
0.000581691788779	6.28916291815e-05	0.000594404654157	0.073842339444	0.00611473993241	0.0753625464248	1.42652391034e-12	1.9350825345e-05	100.0
0.000489179964832	0.000133584887522	0.000302442689948	0.060012101018	0.014702678322	0.0371934345927	1.42652391034e-12	1.9350825345e-05	100.0
0.000655283894706	0.000109988706317	0.000625273721566	0.0834432076056	0.0122361349814	0.0798493818946	1.4261034866e-12	1.9345122289e-05	100.0
0.000712341385552	0.000228462645679	0.000448268153331	0.0906971719492	0.0275969353355	0.0571969765511	1.4261034866e-12	1.9345122289e-05	100.0
0.000813758153645	0.000171932237061	-0.000236732814132	0.103513590448	0.0202209468203	-0.0300708673866	1.4261034866e-12	1.9345122289e-05	100.0
-0.000761728224852	7.09229965397e-05	-0.000374344579812	-0.0968571091219	0.00719080015057	-0.0473641951156	1.4261034866e-12	1.9345122289e-05	100.0
-0.000176933566308	5.4171197672e-05	-0.000937730064897	-0.0226074403708	0.00505564589546	-0.119897063574	1.4261034866e-12	1.9345122289e-05	100.0
-0.000335841928531	-5.30066255402e-05	-0.000331414179086	-0.0394669017376	-0.0087504252759	-0.0386951700038	1.4261034866e-12	1.9345122289e-05	100.0
-0.000252657355691	0.000100458880268	0.000669695984516	-0.031665672355	0.0108363538681	0.0842164690683	1.42575799484e-12	1.9340435686e-05	100.0
-0.000384634952067	0.000296630136461	0.00044113262715	-0.0477441803376	0.0357647108543	0.0550286896317	1.42575799484e-12	1.9340435686e-05	100.0
-0.000404874187685	0.000240953435068	-0.000312850028072	-0.0496480606555	0.0281258942191	-0.0379891271877	1.42575799484e-12	1.9340435686e-05	100.0
1.9555080924e-05	-9.36721156286e-05	0.000469655433431	0.00246669515759	-0.013666422827	0.0550042203649	1.42568406866e-12	1.9339432876e-05	100.0
0.000366047164306	-4.6510974938e-05	0.000683159156422	0.0460534508042	-0.00792744262627	0.0861952973968	1.42568406866e-12	1.9339432876e-05	100.0
-0.000359856523406	0.000167029357671	0.000479324629853	-0.044422522322	0.0190516169832	0.0592647304426	1.42568406866e-12	1.9339432876e-05	100.0
-0.000119153863685	8.20100785833e-05	0.000348458028781	-0.0130758886606	0.00688750100344	0.0384039696269	1.42529733916e-12	1.9334186883e-05	100.0
0.000383540118703	0.00018849109222	-0.000316805244267	0.0467439841803	0.0214179486818	-0.0379832881968	1.42529733916e-12	1.9334186883e-05	100.0
-0.000501649282566	2.46428876945e-05	0.000426586505646	-0.0621300699309	0.00101527344779	0.0531703133525	1.42526465071e-12	1.9333743463e-05	100.0
0.000345546481659	-0.000110976735339	-8.07579820118e-05	0.0370080028915	-0.0152636665024	-0.00852459558966	1.42526465071e-12	1.9333743463e-05	100.0
0.000495647335761	-0.00017282773728	0.000288985417391	0.0603314268957	-0.0238466438178	0.0358148101061	1.42484573567e-12	1.9328060872e-05	100.0
0.00065943855245	-0.000120812575663	0.000134725369771	0.0820239311904	-0.0173727283625	0.0169216985013	1.42484573567e-12	1.9328060872e-05	100.0
-0.000765322945202	1.57469662835e-05	0.000365771974273	-0.0971994443759	9.496067312e-05	0.0465114237906	1.42484573567e-12	1.9328060872e-05	100.0
-0.000247756309589	-0.000108892779742	9.76728018496e-05	-0.0221557922144	-0.0139942643977	0.00884258489555	1.42484573567e-12	1.9328060872e-05	100.0
-0.000438145570464	0.000233896333198	-0.000857296101408	-0.0560905619478	0.0283925655788	-0.109820148863	1.42484573567e-12	1.9328060872e-05	100.0
-0.000249193128362	-9.1029628024e-05	-0.000818821866694	-0.0315938775694	-0.0136254958588	-0.104007484592	1.42484573567e-12	1.9328060872e-05	100.0
0.0001624723539	5.5363900739e-05	0.000282191094769	0.0168169188585	0.00325460637501	0.0292316984085	1.42484070667e-12	1.9327992654e-05	100.0
0.000642511131243	0.00022478600655	0.000148300160431	0.0805045345301	0.0266993883035	0.0187840057416	1.42484070667e-12	1.9327992654e-05	100.0
-0.000252548639431	0.000190701817877	-0.000228613579104	-0.0281544940594	0.019890449915	-0.0256423916425	1.42484070667e-12	1.9327992654e-05	100.0
0.000337147267959	-0.000102367540931	0.000731351667828	0.042756166322	-0.01508385985	0.0923727697353	1.42442732352e-12	1.9322385103e-05	100.0
0.000148623678111	0.000142352629234	-0.000459044521354	0.0176872508664	0.0152865537362	-0.0548493565647	1.42442732352e-12	1.9322385103e-05	100.0
-0.000377808140126	7.2354141181e-05	0.000356775127676	-0.0455791874503	0.00675098098041	0.0430464062198	1.42438759448e-12	1.9321846178e-05	100.0
0.000660201449605	0.000116176495365	0.000202949141341	0.0827789041333	0.0127897510336	0.0253691326188	1.42438759448e-12	1.9321846178e-05	100.0
0.00047786232434	0.000171566622927	0.000271460400372	0.058357691664	0.0194663284234	0.0336786846689	1.42438759448e-12	1.9321846178e-05	100.0
-0.00021179615864	2.31345181419e-06	0.000880193139875	-0.0270750409773	-0.00162603458685	0.112206925455	1.42400941427e-12	1.9316716156e-05	100.0
0.000406802178849	-9.07036927699e-05	0.000235901918897	0.0476200286946	-0.013294706869	0.0276953253045	1.42400941427e-12	1.9316716156e-05	100.0
-0.000493080802239	0.000268541523265	0.000870316592548	-0.0632541704091	0.0328672441141	0.111639299162	1.42400941427e-12	1.9316716156e-05	100.0
0.000968220247536	0.000175933521332	0.000116718818031	0.123942746122	0.0208348257218	0.0149390066454	1.42400941427e-12	1.9316716156e-05	100.0
-0.000645422848836	6.05695724812e-05	0.00047088217144	-0.0815898528726	0.00573091579731	0.0595617193367	1.42400941427e-12	1.9316716156e-05	100.0
-0.000454781809043	-5.71284900929e-05	0.000361781559315	-0.0553205340489	-0.00926810833497	0.0443872467722	1.42400941427e-12	1.9316716156e-05	100.0
0.000718207449393	-9.99963487849e-06	-1.01349857689e-05	0.0900072443705	-0.00335125856838	-0.000901027994973	1.42400941427e-12	1.9316716156e-05	100.0
-8.25711426453e-05	-8.03028884889e-05	-0.000310418816549	-0.00845052541587	-0.0115022389046	-0.0313107409548	1.42400941427e-12	1.9316716156e-05	100.0
0.000211767623916	0.00019603212577	0.000474160941523	0.0254484097001	0.0223349602289	0.0579595134709	1.42349193098e-12	1.9309696485e-05	100.0
0.00028417228252	0.00023214982233	0.000631546093149	0.0358340410629	0.0277286430072	0.0794903396427	1.42349193098e-12	1.9309696485e-05	100.0
0.000589502874355	0.000213499068707	2.44401201968e-05	0.0729540315898	0.0248645151785	0.00293360724973	1.42349193098e-12	1.9309696485e-05	100.0
0.000332476047361	0.00010076414603	9.42225925479e-05	0.0358917688892	0.00886803644463	0.0104149638911	1.42349193098e-12	1.9309696485e-05	100.0
-0.00025748333924	6.9202889343e-05	-0.000102171789882	-0.0246240803682	0.00403158190735	-0.00907434177861	1.42349193098e-12	1.9309696485e-05	100.0
0.000114550197311	0.000175413565014	0.000337512603106	0.0131872095294	0.018241407378	0.0378787445887	1.42260934286e-12	1.9297724159e-05	100.0
0.000773075459623	0.000194758620899	-0.000172698776534	0.0980281508004	0.0231166501624	-0.0219910146974	1.42260934286e-12	1.9297724159e-05	100.0
0.000586219903911	0.000127835965696	-0.000275322948865	0.0729876792434	0.0141474483522	-0.0344992712556	1.42260934286e-12	1.9297724159e-05	100.0
-0.000162149650851	0.000157578365472	-0.000471071102819	-0.0191712779456	0.0173020519054	-0.0569298904673	1.42260934286e-12	1.9297724159e-05	100.0
0.000152068905978	0.000174571649341	-0.000437371952574	0.0184694449648	0.0192584781395	-0.052030455132	1.42260934286e-12	1.9297724159e-05	100.0
-9.8109570212e-05	6.24553500834e-05	0.000929704600267	-0.0126319188409	0.00612715209159	0.118680834691	1.42234230338e-12	1.9294101763e-05	100.0
-0.000165003765104	5.70693807823e-05	0.000613775991579	-0.0205377723481	0.00518711071948	0.0759365174153	1.42234230338e-12	1.9294101763e-05	100.0
0.000429330417274	7.59419659039e-05	-0.000239370538086	0.051096687421	0.0070123333891	-0.0286504331873	1.42234230338e-12	1.9294101763e-05	100.0
-0.00055851037466	0.000255602381472	-0.000451619217545	-0.0702857547487	0.0305326403663	-0.0565722766311	1.42234230338e-12	1.9294101763e-05	100.0
-0.000413570491849	-7.8873082356e-05	-0.000371653565488	-0.0500268822451	-0.0119919161649	-0.0451208000156	1.42234230338e-12	1.9294101763e-05	100.0
8.93110565176e-05	-6.72726103313e-05	-0.000411701563597	0.0100067498239	-0.0103707853183	-0.04677781902	1.42234230338e-12	1.9294101763e-05	100.0
-6.33550791529e-05	-7.73049057175e-05	-0.000668320554933	-0.00784598443092	-0.0118119229623	-0.0830736251968	1.42234230338e-12	1.9294101763e-05	100.0
-0.000122741802147	0.00012507583625	0.000537263903383	-0.014918424803	0.0134872356994	0.0656096508922	1.42174033302e-12	1.9285936023e-05	100.0
-0.000289141459044	6.96300029222e-05	0.000204424911276	-0.0312077564284	0.00518731178465	0.0221688879287	1.42174033302e-12	1.9285936023e-05	100.0
0.000381199874719	6.93951826615e-05	0.0005589939232	0.047831228218	0.00678406316511	0.0696588986986	1.42174033302e-12	1.9285936023e-05	100.0
-0.000124070352928	9.8727507062e-05	0.000225270919541	-0.0119397247338	0.00718863854043	0.0204056968478	1.42174033302e-12	1.9285936023e-05	100.0
-0.000554319881593	1.19707214088e-05	0.000309263969517	-0.0686432570276	-0.000632140938742	0.038336120584	1.42174033302e-12	1.9285936023e-05	100.0
0.000537884404681	0.000262241074852	0.000163323708898	0.0664746973076	0.0310716435049	0.0201305927295	1.42174033302e-12	1.9285936023e-05	100.0
-0.00031065489993	0.000133075853646	-0.000199869703179	-0.0345528208687	0.013170711247	-0.0227009818973	1.42174033302e-12	1.9285936023e-05	100.0
0.0003804243037	0.000102353839526	-7.14788698059e-05	0.0428277933044	0.00952340699655	-0.00820161796313	1.42174033302e-12	1.9285936023e-05	100.0
-0.000361388250949	0.000232396812657	-0.000564483202908	-0.0450313562438	0.0275800628	-0.0709723826752	1.42174033302e-12	1.9285936023e-05	100.0
0.000324718973015	0.000174336591657	-0.000508039383839	0.0400727472621	0.0200195264794	-0.063004750325	1.42151151388e-12	1.9282832087e-05	100.0
-0.000462327741734	0.000129473114894	-0.00038554429392	-0.0570858022847	0.0142809604513	-0.0476113218871	1.42151151388e-12	1.9282832087e-05	100.0
0.000185328680611	0.000224403223401	-0.000712152191883	0.0233767871889	0.0267903214032	-0.0898424282022	1.42151151388e-12	1.9282832087e-05	100.0
-8.23577511922e-05	0.000180091240209	0.000451393593579	-0.00978857423842	0.0197739394563	0.0537433883576	1.42131035419e-12	1.9280103352e-05	100.0
-0.000407967613619	0.000264362552434	0.000195320324569	-0.0491320727937	0.0308034029446	0.0235539890824	1.42131035419e-12	1.9280103352e-05	100.0
-0.000157064183073	7.73703359335e-05	-0.000258860291044	-0.0157377823366	0.00552573451794	-0.0260182694796	1.42131035419e-12	1.9280103352e-05	100.0
0.000261183567748	5.20851430595e-05	-0.000441433068579	0.0313654811876	0.00429058830434	-0.0529217979089	1.42131035419e-12	1.9280103352e-05	100.0
3.86632059035e-05	0.000135307461472	-0.000641099822613	0.00486138519501	0.015166205703	-0.0798202861416	1.42131035419e-12	1.9280103352e-05	100.0
-2.79015778678e-05	0.000214341380916	0.000812886743915	-0.00350590764467	0.0257100053017	0.103287874307	1.42088339276e-12	1.9274311612e-05	100.0
-0.000622903907448	0.000284811720051	0.000289979425095	-0.0784663913876	0.0345258725973	0.0365527394452	1.42088339276e-12	1.9274311612e-05	100.0
0.000552281821415	-3.76952509565e-05	-9.85474121257e-05	0.0670711639375	-0.00689899981298	-0.0120771016106	1.42068273597e-12	1.9271589698e-05	100.0
0.000395007975618	-6.93314478707e-05	-0.000112484378068	0.0444871443646	-0.0106039445554	-0.012955486406	1.42068273597e-12	1.9271589698e-05	100.0
-0.000505669376055	0.000144320149625	-0.000287244396267	-0.0622321821576	0.0160784581745	-0.0353045621446	1.42068273597e-12	1.9271589698e-05	100.0
0.000187713507215	-0.000141612560004	0.000423516161704	0.021859357474	-0.0195536555896	0.0496198745151	1.42026935282e-12	1.9265982148e-05	100.0
-0.000823659645912	0.000207874242497	0.000755073414959	-0.105972422279	0.0251266670476	0.097249391841	1.42026935282e-12	1.9265982148e-05	100.0
0.00080300126364	0.000189143727685	-7.54645984075e-05	0.10182916895	0.0222778824159	-0.00947357021286	1.42026935282e-12	1.9265982148e-05	100.0
-5.64891524596e-05	0.000130455444845	0.000423666356436	-0.00703843550412	0.0133373125505	0.0492916188416	1.42003852208e-12	1.9262850924e-05	100.0
0.000127000361844	0.000102090221408	0.000524829111502	0.0153556726207	0.0106157369478	0.0638618689064	1.42003852208e-12	1.9262850924e-05	100.0
-0.000617163279156	0.000221792913413	5.97704459339e-05	-0.0768260131148	0.0260639491157	0.00745700004296	1.42003852208e-12	1.9262850924e-05	100.0
0.000300764715102	7.88508222196e-05	0.00033444101569	0.0353868805738	0.00722362171065	0.0389967915784	1.42003852208e-12	1.9262850924e-05	100.0
-0.000629666756233	0.000303075124103	-6.71369191888e-05	-0.0788408332288	0.0366391783959	-0.00849839948375	1.42003852208e-12	1.9262850924e-05	100.0
-0.000488388516562	5.7988033333e-05	0.000113485827068	-0.0583347416984	0.00488098459931	0.0138599970811	1.42003852208e-12	1.9262850924e-05	100.0
-0.0007455547133	0.000320424692181	-0.000195161872902	-0.094627099864	0.0393000001473	-0.0248126626173	1.42003852208e-12	1.9262850924e-05	100.0
0.000660453511983	0.000184794864283	4.93850849275e-05	0.0826179589016	0.0214434373418	0.00667240523676	1.42003852208e-12	1.9262850924e-05	100.0
0.000521917039077	0.000153443773996	-7.63386008207e-05	0.063550794768	0.0170414852721	-0.00902580078032	1.42003852208e-12	1.9262850924e-05	100.0
-0.000280585145715	0.0001597394121	-0.000444007849298	-0.0339993656625	0.017721670149	-0.0539311729264	1.42003852208e-12	1.9262850924e-05	100.0
0.000662833243829	0.00022640333084	-0.000308054277794	0.0836763086577	0.0270789273179	-0.0389001413416	1.42003852208e-12	1.9262850924e-05	100.0
0.000609678039495	4.51700796073e-05	-0.000383501782776	0.0766181515202	0.00375219730748	-0.0481930081141	1.42003852208e-12	1.9262850924e-05	100.0
-0.000225419968949	0.00021996358392	-0.000508161849258	-0.0277675710196	0.025629362858	-0.0625163334998	1.42003852208e-12	1.9262850924e-05	100.0
-0.000130064516065	0.000263654645367	-0.000680941169706	-0.0166476191929	0.0319471952364	-0.0857966539393	1.42003852208e-12	1.9262850924e-05	100.0
0.000433320903197	0.000232542787375	-0.000268593553611	0.0529073114205	0.0268806623391	-0.0325929405762	1.42003852208e-12	1.9262850924e-05	100.0
0.000359486017731	0.000161732709134	-0.000416011691776	0.04383906919	0.0180353557496	-0.0509639347657	1.42003852208e-12	1.9262850924e-05	100.0
-6.55311650542e-05	6.59502397042e-05	-0.00042911232171	-0.00753718175671	0.00551015681003	-0.0496657013244	1.42003852208e-12	1.9262850924e-05	100.0
0.000516604871476	-7.56833688944e-05	0.000188573588735	0.0624763193031	-0.0115774132551	0.0227704141226	1.41985596967e-12	1.9260374597e-05	100.0
0.000872484587911	8.61178896512e-05	0.000264164942763	0.111264793374	0.00918957238906	0.0338575532169	1.41985596967e-12	1.9260374597e-05	100.0
-0.000617714106074	0.000224552981368	0.000217195317754	-0.0774254419885	0.0267159033003	0.0271563486335	1.41985596967e-12	1.9260374597e-05	100.0
0.000285692278794	0.000185536580716	-0.000263718924737	0.0327353508315	0.0199433348263	-0.0306179697776	1.41985596967e-12	1.9260374597e-05	100.0
-9.95726899273e-06	0.000160167528354	-0.000992896207847	-0.00143773731143	0.0188459712839	-0.127201679632	1.41985596967e-12	1.9260374597e-05	100.0
-0.000362603481508	0.000114362536779	-0.000961028396108	-0.0464246745955	0.0129097265127	-0.123304709467	1.41985596967e-12	1.9260374597e-05	100.0
-0.000212399037749	0.000290677530091	-0.000916222738055	-0.027272405836	0.0357706705938	-0.117254460299	1.41985596967e-12	1.9260374597e-05	100.0
-0.000409274660632	-3.41463322626e-05	-0.000675843167466	-0.0515772393716	-0.0063884427381	-0.0854085090318	1.41985596967e-12	1.9260374597e-05	100.0
0.000150949524792	0.000283495633925	0.000800074415565	0.0191336236162	0.0346466708109	0.101815652475	1.41962061283e-12	1.9257181977e-05	100.0
0.000793324477646	0.000432481397919	-7.7137449076e-05	0.101328113768	0.0541948996854	-0.0102521134082	1.41962061283e-12	1.9257181977e-05	100.0
0.00041486479118	9.78313121873e-05	-9.3804444992e-05	0.0480061055508	0.00928574528299	-0.0116011322969	1.41962061283e-12	1.9257181977e-05	100.0
-0.000563765309408	0.000256048019613	-0.000458589596316	-0.0712108677172	0.0310908936798	-0.0584279591527	1.41962061283e-12	1.9257181977e-05	100.0
0.000756117858301	0.000182537924211	9.16985168626e-05	0.0955785049705	0.0215101060625	0.0114348180157	1.41944308941e-12	1.9254773868e-05	100.0
0.00010731811872	0.000178235941737	-0.000309253708228	0.011533136437	0.0181211201867	-0.0339991400992	1.41920572098e-12	1.925155396e-05	100.0
-0.000227579139795	0.000175531436926	0.000888571404245	-0.0291080036121	0.0206842797906	0.113405107305	1.4186188376e-12	1.9243592876e-05	100.0
0.000855243298526	9.21915958928e-05	0.000335264523936	0.109128034536	0.0099262266905	0.0426735971296	1.4186188376e-12	1.9243592876e-05	100.0
-0.000584632054679	1.41877069551e-05	-0.000512559383668	-0.0737580632474	-0.000215710087201	-0.0646512988465	1.4186188376e-12	1.9243592876e-05	100.0
5.22362989469e-05	-4.51121719615e-05	-0.00063197421064	0.00628884979823	-0.00779825411277	-0.0780446530838	1.4186188376e-12	1.9243592876e-05	100.0
0.000839425281272	0.000150010121802	-0.000127800322903	0.106817549065	0.0173670409244	-0.0163234723917	1.41820746604e-12	1.9238012612e-05	100.0
0.000472286308163	-4.53203200559e-05	-0.00066807307873	0.0597072500761	-0.00777866957558	-0.0846074829373	1.41820746604e-12	1.9238012612e-05	100.0
0.000184309338769	-0.000132035843241	-0.000229248445907	0.0178888425305	-0.0169880971198	-0.0224587011167	1.41820746604e-12	1.9238012612e-05	100.0
-0.000182300348684	9.48565986976e-05	0.000404324495322	-0.0214286468428	0.00883330766923	0.0471201855003	1.41757230433e-12	1.9229396631e-05	100.0
0.000412500883203	0.000132852616371	0.000374452914081	0.0504066982795	0.0144024893346	0.0457518514951	1.41757230433e-12	1.9229396631e-05	100.0
0.000589574745699	0.000252151312499	0.000744569053148	0.0755021117308	0.0306997154254	0.095329840013	1.41757230433e-12	1.9229396631e-05	100.0
-0.000699914323647	0.000238820727841	0.000225388378412	-0.0884427982227	0.0287521080774	0.0284657269897	1.41757230433e-12	1.9229396631e-05	100.0
0.000739536807926	0.000269176820596	0.000328739581539	0.0940097286078	0.0326820313114	0.0417373947269	1.41757230433e-12	1.9229396631e-05	100.0
0.00081501318588	0.000294756064245	0.000549676058197	0.104567920112	0.0363154911005	0.0704946981584	1.41757230433e-12	1.9229396631e-05	100.0
-0.000707416826823	0.000180061313821	-0.0001179319887	-0.0890906836462	0.0211161036623	-0.0149698910975	1.41757230433e-12	1.9229396631e-05	100.0
0.000587340634301	0.000275405167294	-0.000187720183293	0.0733390583037	0.0330323301738	-0.023333068364	1.41757230433e-12	1.9229396631e-05	100.0
0.000540516034364	0.000174936495283	-0.000521521458467	0.0682213523025	0.020529748909	-0.0661789059983	1.41757230433e-12	1.9229396631e-05	100.0
-0.000376732318697	0.000173583542931	-0.000744113562173	-0.0480750934829	0.020413460053	-0.0944917365477	1.41757230433e-12	1.9229396631e-05	100.0
8.90379796896e-05	0.000161237297872	-0.000279232828506	0.00881850547344	0.0156042557011	-0.0293381286946	1.41757230433e-12	1.9229396631e-05	100.0
-0.000148324427755	0.00018693512629	-0.00059498714349	-0.0183202650749	0.0216870881181	-0.073852328373	1.41757230433e-12	1.9229396631e-05	100.0
0.000333993361397	0.000137772311027	-0.000128203585601	0.0372647136517	0.013439661838	-0.0138179168075	1.41757230433e-12	1.9229396631e-05	100.0
0.000458789984856	0.00017114723415	-0.000568325928291	0.0578193136223	0.0199329961754	-0.0715069329887	1.41757230433e-12	1.9229396631e-05	100.0
-5.96200326486e-05	0.000285554797191	-0.000762183838623	-0.0075607883935	0.0347842841944	-0.0966161590181	1.41757230433e-12	1.9229396631e-05	100.0
-0.000143452161355	-0.000130718680229	0.000234713760936	-0.0133813529796	-0.016495808198	0.0218994477185	1.41738572873e-12	1.9226865729e-05	100.0
-0.000404129894571	-9.30542694282e-05	0.000534853976989	-0.0501654803843	-0.0138629456719	0.0665966845549	1.41738572873e-12	1.9226865729e-05	100.0
0.000604797048365	0.00025492155277	-0.000104651804653	0.0754229997855	0.030423729878	-0.0128954663448	1.41738572873e-12	1.9226865729e-05	100.0
0.000624524345265	-1.6150779481e-05	-0.000345246336518	0.0782948959843	-0.00404769045999	-0.0429711896926	1.41738572873e-12	1.9226865729e-05	100.0
0.000336946334979	0.000228457085887	0.000708891110173	0.0427720075636	0.0274113417894	0.0897864778095	1.41677168879e-12	1.9218536265e-05	100.0
-0.000619969693466	0.000268133173984	0.000232399264898	-0.0776533839595	0.0323433808869	0.0295731774001	1.41677168879e-12	1.9218536265e-05	100.0
-0.000146680041042	0.000266806417386	0.000771879224214	-0.0188317178044	0.0326054370116	0.0981156768942	1.41677168879e-12	1.9218536265e-05	100.0
-0.00095122304458	0.000254797829178	0.000196647565733	-0.121908277064	0.0310526829841	0.0250848953224	1.41677168879e-12	1.9218536265e-05	100.0
0.000408530542641	0.000154530403821	0.000154147928364	0.0479027563583	0.0164006636082	0.0183624288532	1.41677168879e-12	1.9218536265e-05	100.0
-0.000920696489232	0.000171385013002	-0.000416496583845	-0.118038970301	0.0202869487127	-0.0534516803272	1.41677168879e-12	1.9218536265e-05	100.0
-0.000628891454596	0.000254638624766	-0.000123083495018	-0.0786657258338	0.0304719715776	-0.0153173252616	1.41677168879e-12	1.9218536265e-05	100.0
0.000235223246042	0.000119384309171	-0.000452259942053	0.0282718433593	0.0125227121275	-0.0544930528028	1.41677168879e-12	1.9218536265e-05	100.0
0.000351046547997	0.000252802901372	-0.00065497093602	0.0446223250406	0.0304672436758	-0.0827220012183	1.41677168879e-12	1.9218536265e-05	100.0
8.85195734808e-05	-0.000130490869774	0.000388399846356	0.00991707283275	-0.0178224697737	0.0435074191515	1.41656600301e-12	1.9215746133e-05	100.0
0.000175382852839	-0.000126953247958	0.000206891555369	0.0162010263987	-0.016013695118	0.018973657504	1.41656600301e-12	1.9215746133e-05	100.0
-0.000133332527286	-0.000116858189553	-0.000229881521943	-0.0116364438407	-0.0148014809357	-0.0208867890842	1.41656600301e-12	1.9215746133e-05	100.0
-0.000219005963799	-0.00012808318509	0.000413902347214	-0.0256753182138	-0.0178939613979	0.0484841530485	1.41615664305e-12	1.9210193157e-05	100.0
-0.000383885413805	1.36041181634e-05	0.000599294345544	-0.0479731284166	-0.000343759304636	0.0750522609356	1.41615664305e-12	1.9210193157e-05	100.0
-0.000305334466756	-0.000187593739815	0.000346148627034	-0.035737384652	-0.0251430081713	0.0407559356378	1.41615664305e-12	1.9210193157e-05	100.0
0.000526744515021	0.000217956401969	-0.000434454449959	0.0659935877234	0.025694598458	-0.0545187657199	1.41615664305e-12	1.9210193157e-05	100.0
-0.000563207148295	0.000222432165166	-0.000649383348088	-0.0716500847877	0.0266402546879	-0.0827406895754	1.41615664305e-12	1.9210193157e-05	100.0
-0.000813326419091	0.000307217087649	0.000834787448749	-0.104889807205	0.0380535154247	0.107607480582	1.41598062832e-12	1.9207805514e-05	100.0
6.02098263649e-05	-7.7068905587e-05	0.000627901895244	0.00742003048161	-0.011848417355	0.0774827217231	1.41574778599e-12	1.9204647003e-05	100.0
0.000466081190499	0.00018490997191	-0.000757710286314	0.0593179809541	0.0219116839664	-0.0966963995322	1.41574778599e-12	1.9204647003e-05	100.0
6.38208407655e-05	0.000202283916592	0.00088113549814	0.00832721741596	0.0241391724895	0.112394758665	1.41558886983e-12	1.9202491302e-05	100.0
-0.000464291148457	0.000172225857858	0.000332318506991	-0.0569984170363	0.0194581122883	0.0410271001291	1.41558886983e-12	1.9202491302e-05	100.0
-0.00060959122489	0.000221746116765	-0.000564326862962	-0.0775918529501	0.0266229075515	-0.0717804967992	1.41558886983e-12	1.9202491302e-05	100.0
0.000443631183415	0.000174523589626	-0.000786531986916	0.0566718053505	0.0205946162226	-0.100318443587	1.41558886983e-12	1.9202491302e-05	100.0
3.32319433334e-05	0.000178159088972	-0.000742624636702	0.00400257911185	0.020856481817	-0.0937628495275	1.41558886983e-12	1.9202491302e-05	100.0
