# x[AU] y[AU] z[AU] vx[AU/yr/2pi] vy[AU/yr/2pi] vz[AU/yr/2pi] m[MSUN] m[mtot] wf[%]
-2.24087300483e-07	1.37470073382e-06	-3.16777825e-07	-1.09248765465e-05	0.000383574576477	-1.25574113012e-06	6.37048169623e-07	0.989857555044	10.1311546297
0.000708773025337	-0.000107959109889	3.6934219152e-05	0.0744510834775	-0.0171450999325	0.0046523546161	1.27863985879e-11	1.9867749171e-05	100.0
-0.000298450814314	0.000179408770168	-0.00117946365984	-0.0363071795208	0.0187915112991	-0.145163333481	1.27714071623e-11	1.9844455209e-05	100.0
0.000698039864213	1.94395273836e-05	0.000245987995276	0.0747662168298	-0.00259552446039	0.0263369409432	1.27564257947e-11	1.9821176875e-05	100.0
0.000891409822586	-2.2337578732e-05	-0.000806271416937	0.109135972116	-0.00676887174344	-0.0984573846628	1.27564257947e-11	1.9821176875e-05	100.0
-0.000577497379807	2.85530603064e-05	0.000435731934806	-0.0613776502493	-0.0014929493437	0.0460881522495	1.26966210202e-11	1.9728251079e-05	100.0
-0.000467045387345	-0.00017811464374	0.00023309430701	-0.0397524766611	-0.0227919700539	0.019161368407	1.26966210202e-11	1.9728251079e-05	100.0
-0.000901173313558	-3.60209083678e-05	-0.000189403148911	-0.10415618879	-0.008519788181	-0.0221009863051	1.26370073474e-11	1.9635622221e-05	100.0
-0.000855650046963	-9.90981933943e-05	-5.86333836461e-05	-0.0968257304438	-0.0160513967145	-0.00646938916756	1.26370073474e-11	1.9635622221e-05	100.0
0.000354276701507	-0.000168709502501	-0.000437525103945	0.031864675217	-0.0224491187238	-0.0397108962451	1.26370073474e-11	1.9635622221e-05	100.0
-0.0005400446398	0.000112720171391	-0.000626818497417	-0.0612623474509	0.00887204353847	-0.0704011219803	1.26370073474e-11	1.9635622221e-05	100.0
0.000454072245829	-1.30126196415e-05	0.000540074265395	0.0477494641826	-0.00647497813215	0.0561998665891	1.26221315886e-11	1.9612507985e-05	100.0
0.000443829365694	1.90835488209e-05	-0.000455891745029	0.0436845271665	-0.00293809565517	-0.0449373139788	1.26221315886e-11	1.9612507985e-05	100.0
0.000256564262689	-6.21818675458e-05	-0.000501612298944	0.0225172585805	-0.0117224252652	-0.0449531163094	1.26072658878e-11	1.9589409376e-05	100.0
-4.5230556581e-05	-5.68027135616e-05	0.00088300091032	-0.00444175155446	-0.0111553110139	0.100938090258	1.25775696893e-11	1.9543266858e-05	100.0
0.000216440037178	1.15395103615e-05	0.000775287401935	0.0240113970492	-0.00305578100821	0.0859057605909	1.25775696893e-11	1.9543266858e-05	100.0
-0.000258080391367	5.07514578909e-06	0.000886965444288	-0.0293741248749	-0.00387555537576	0.103029567277	1.25775696893e-11	1.9543266858e-05	100.0
0.000702819125286	-2.26813646406e-05	-0.0004617874426	0.0785515623543	-0.00693392741322	-0.0525901144384	1.25775696893e-11	1.9543266858e-05	100.0
-0.000677123136954	-7.53989693518e-05	0.000172572359915	-0.0702118209339	-0.0131756699526	0.0184481905128	1.25775696893e-11	1.9543266858e-05	100.0
0.000808987460809	-8.42794897013e-05	-0.000585357907417	0.0952620882746	-0.0143174956536	-0.0691752211178	1.25775696893e-11	1.9543266858e-05	100.0
-0.000337383011288	-0.000128362991038	-0.000729084690441	-0.0379099831534	-0.0193392605459	-0.0803390393653	1.25775696893e-11	1.9543266858e-05	100.0
0.000348268565276	-5.337807291e-05	0.000617354019886	0.0366524053506	-0.0105902338944	0.0643834922565	1.25479187516e-11	1.9497194668e-05	100.0
-0.000337215861248	-0.000113424083896	0.000504142412844	-0.0309923170854	-0.0169899399975	0.0487994189872	1.25479187516e-11	1.9497194668e-05	100.0
-0.000587278415641	-5.34988668338e-05	0.000612745734382	-0.0658644915339	-0.0106353863124	0.0695205680822	1.25479187516e-11	1.9497194668e-05	100.0
0.000518221961758	-3.55635346226e-05	-0.000744740594025	0.0594564038793	-0.00846897517557	-0.0858724216273	1.25479187516e-11	1.9497194668e-05	100.0
0.000542903166676	0.000101619085244	0.000411598489951	0.0563751530221	0.00639974764191	0.042564959751	1.25331033408e-11	1.9474174201e-05	100.0
-0.00118320603657	-5.88648908249e-05	0.000277191117554	-0.144737981859	-0.011149408748	0.0342963399994	1.25331033408e-11	1.9474174201e-05	100.0
0.000755024318137	6.22853160349e-05	-0.000522840497863	0.08726930563	0.0032661942854	-0.0606810987772	1.25331033408e-11	1.9474174201e-05	100.0
0.000964705861686	0.000218755899585	0.000180781389959	0.114486084105	0.0227710074792	0.0221513065869	1.25183030169e-11	1.9451177176e-05	100.0
-0.000960305432944	2.20800917035e-05	-8.91555183613e-05	-0.112397252707	-0.00133696580509	-0.0112224530701	1.24887325431e-11	1.9405230012e-05	100.0
-0.00042214980243	-6.93973176384e-05	0.000613733486409	-0.0447737058231	-0.0126846391141	0.0659461194242	1.24592023013e-11	1.9359345361e-05	100.0
-0.000808493772231	-9.85732259624e-05	0.000565106038979	-0.0951278723212	-0.0161347857599	0.0664383872974	1.24592023013e-11	1.9359345361e-05	100.0
0.000819436160464	-0.000112034313206	-5.57860771069e-05	0.0912889686829	-0.0175190361778	-0.00645122259855	1.24592023013e-11	1.9359345361e-05	100.0
-0.00086501880725	-8.87120028975e-05	-0.000370116451718	-0.100264139455	-0.0148870168815	-0.043690178273	1.24297122914e-11	1.9313523223e-05	100.0
0.000274222809436	1.25006786383e-05	-0.000625833863262	0.0280112310926	-0.00357617134629	-0.0644684836716	1.24297122914e-11	1.9313523223e-05	100.0
0.000754389745468	-0.000138288180662	0.000850116511251	0.0911287139231	-0.0211072168785	0.102989618547	1.24149823734e-11	1.9290635597e-05	100.0
-0.000607128969243	-4.505297774e-05	-0.000300698118138	-0.0616969845505	-0.00974256790069	-0.031100513719	1.24149823734e-11	1.9290635597e-05	100.0
0.000658408256789	-7.01220530741e-05	0.000427859405475	0.072347258377	-0.0128633258943	0.0464346987895	1.24002574844e-11	1.9267755784e-05	100.0
-0.000473040184214	-7.49969749068e-05	0.000920908166977	-0.0564915665687	-0.013460358226	0.109372985917	1.24002574844e-11	1.9267755784e-05	100.0
0.0005880946153	-0.000156008299903	8.89515405516e-05	0.0555717255638	-0.0215566583524	0.0073632215931	1.24002574844e-11	1.9267755784e-05	100.0
-0.000779568689209	-0.000249949653394	0.000265017530246	-0.0871870708948	-0.0340920751007	0.0299833462411	1.24002574844e-11	1.9267755784e-05	100.0
0.000582796304941	-3.58658147525e-05	-0.000517378191654	0.0634724680575	-0.00892490678645	-0.0567406586147	1.24002574844e-11	1.9267755784e-05	100.0
-0.000726854572403	-0.000108481810617	0.000115960121223	-0.0773665114507	-0.0169142278534	0.0129265991781	1.24002574844e-11	1.9267755784e-05	100.0
-0.000360990706781	-8.77156524662e-05	-0.000629343421022	-0.0374821005259	-0.0147626712261	-0.0670904769633	1.24002574844e-11	1.9267755784e-05	100.0
4.11410513084e-06	-0.000156096520229	-0.000737761219819	0.000146456090026	-0.0224537795727	-0.0788008353889	1.24002574844e-11	1.9267755784e-05	100.0
-0.0010584349473	-7.00493621398e-05	-0.000235642489877	-0.12702834257	-0.012512197703	-0.0281153287274	1.23855426534e-11	1.92448916e-05	100.0
0.000686536445134	0.000245734551989	-0.00104066577687	0.0845956614009	0.027254699259	-0.128404120643	1.23708429094e-11	1.9222050858e-05	100.0
-0.00056229634848	-3.35448593474e-05	-0.000360794186611	-0.0567311192211	-0.00870356480857	-0.036846070957	1.23708429094e-11	1.9222050858e-05	100.0
0.000251913569456	-0.00011470746981	-0.000757018297988	0.0273278430142	-0.0179127095163	-0.083604011401	1.23708429094e-11	1.9222050858e-05	100.0
-0.000118930607466	-0.000108058752577	-0.000672398315225	-0.0115829942508	-0.0166255049952	-0.0690129721471	1.23121143392e-11	1.913079729e-05	100.0
-0.000271603356157	-2.51381284921e-05	0.00118025293725	-0.0332669409242	-0.00699715276383	0.144398732623	1.2282800344e-11	1.9085248647e-05	100.0
-0.000371495107697	-5.29077203804e-06	0.000538214206354	-0.0373887151027	-0.00584163094595	0.0538448290611	1.2282800344e-11	1.9085248647e-05	100.0
0.000718112860346	-9.99933144369e-05	9.00546300155e-05	0.0758256930161	-0.0160251061735	0.00966112545443	1.2282800344e-11	1.9085248647e-05	100.0
-2.90274392234e-05	-0.000146102609501	0.000956771174351	-0.00327354963297	-0.0220780814948	0.111679531076	1.22681559189e-11	1.9062493861e-05	100.0
-0.000809841856726	-6.64923550433e-05	0.000182138420082	-0.0908333213163	-0.012391490913	0.0196984413653	1.22681559189e-11	1.9062493861e-05	100.0
0.000250572951176	1.55156189787e-05	-0.000944449033191	0.0289481277608	-0.00234312944381	-0.111042420585	1.22388922136e-11	1.9017023359e-05	100.0
-0.000677799806411	3.28882672914e-05	0.000245131702439	-0.0718885787332	-0.000911903564485	0.0256180910632	1.22242729335e-11	1.8994307644e-05	100.0
-0.00112879654543	-4.02541402596e-05	0.000302846036137	-0.137351346849	-0.00903220867795	0.0365703531181	1.22242729335e-11	1.8994307644e-05	100.0
-0.000754697519903	-0.000312612868707	7.39229666923e-05	-0.082768464927	-0.0408752019066	0.00835171708404	1.22242729335e-11	1.8994307644e-05	100.0
0.000215440961641	-0.000221964850801	0.000600907824579	0.0209973207972	-0.029112784956	0.0601929376034	1.21950595181e-11	1.8948915284e-05	100.0
-0.000767026058614	3.0494402426e-05	0.000515899217668	-0.0884541133108	-0.000494414454608	0.0603922906423	1.21950595181e-11	1.8948915284e-05	100.0
0.000730514973366	-0.000141792124813	-0.000242612222608	0.0794702598169	-0.0209357249728	-0.0263579080942	1.21950595181e-11	1.8948915284e-05	100.0
0.000520825579912	-3.02262127084e-05	-0.000389835886829	0.0518992125217	-0.00835049656119	-0.0391011786223	1.21804603539e-11	1.8926230825e-05	100.0
-0.000547217621293	-0.000225707043449	-0.000833717660127	-0.0647223123904	-0.0317515256577	-0.0982720016894	1.21804603539e-11	1.8926230825e-05	100.0
-3.62639122142e-05	6.44701800385e-05	-0.000999793568519	-0.00408611358996	0.00393534453787	-0.118102391935	1.21804603539e-11	1.8926230825e-05	100.0
0.000681894663224	-8.73953811563e-05	0.000672724042789	0.0793828247965	-0.014757175412	0.0787007337836	1.21658712477e-11	1.8903561994e-05	100.0
0.000120238363426	-5.65037666047e-05	-0.000540998380133	0.00955088406069	-0.0115736519299	-0.0478972013175	1.21658712477e-11	1.8903561994e-05	100.0
0.000538984220896	-0.000156310442352	0.000296840412843	0.0514269932615	-0.0216148354392	0.0295537106426	1.21367181803e-11	1.8858263404e-05	100.0
-0.000210257510824	0.000120369183457	0.000687134686871	-0.0229953738053	0.00903603327852	0.0730835305509	1.21367181803e-11	1.8858263404e-05	100.0
0.000974376389503	-3.98839660356e-05	0.000466819230462	0.116758758844	-0.00896233288347	0.0560382397826	1.21367181803e-11	1.8858263404e-05	100.0
0.000973793341298	-8.13942512953e-06	0.000224978545727	0.114738595158	-0.00505771712314	0.0267878213536	1.21367181803e-11	1.8858263404e-05	100.0
-0.00037749086537	5.62286185261e-06	-0.00120737405756	-0.0470895670082	-0.00321019592394	-0.14850714165	1.21367181803e-11	1.8858263404e-05	100.0
8.5186646303e-05	-0.000111372610112	-0.000832248949316	0.00875163871116	-0.0177026651172	-0.0934140445539	1.21367181803e-11	1.8858263404e-05	100.0
-0.000757474432154	-0.00013213585514	0.000356774195998	-0.0849359139826	-0.0199128858257	0.0400787437337	1.21075852288e-11	1.881299607e-05	100.0
0.00128973117122	0.000141271901606	-0.000366731612518	0.160058912348	0.0141332067969	-0.0456010827277	1.21075852288e-11	1.881299607e-05	100.0
-0.000708879729463	0.000160920716567	0.00026032078482	-0.0779014318995	0.0137791265205	0.0283833342635	1.20930313256e-11	1.8790381939e-05	100.0
-0.000505865906152	-6.00493206138e-05	-0.000805459469217	-0.0595138115807	-0.0116419102286	-0.0936777007358	1.20930313256e-11	1.8790381939e-05	100.0
0.000574969759753	-0.00017431601861	-3.25331511747e-05	0.0532004275315	-0.0232432702863	-0.0020865109916	1.20784874803e-11	1.8767783436e-05	100.0
0.000163827155008	-9.63423627459e-05	0.00094482559577	0.0188964982372	-0.0159342554616	0.110285174672	1.20639436351e-11	1.8745184932e-05	100.0
0.000594192229429	0.000149921555795	0.000973928409932	0.0729021870773	0.0147337620407	0.117934286241	1.20494098478e-11	1.8722602057e-05	100.0
0.000287010961868	0.000156979794005	0.000996171846582	0.0340501346246	0.0152307132567	0.119174591331	1.20494098478e-11	1.8722602057e-05	100.0
0.000782294691645	0.000182491452594	0.000881009209511	0.0957404419477	0.0191317487041	0.107644152361	1.20494098478e-11	1.8722602057e-05	100.0
-0.000797378564226	-0.000110641974545	-0.000546124060595	-0.0930120492012	-0.0176547004987	-0.0640949616627	1.20494098478e-11	1.8722602057e-05	100.0
-0.000951785193758	-3.47883845488e-05	-0.000518909894217	-0.114035439406	-0.00811704951374	-0.0624430243638	1.20494098478e-11	1.8722602057e-05	100.0
5.18993040547e-05	-0.000118188845993	0.000662790387524	0.00556753142458	-0.0179389320592	0.0668747344731	1.20348810895e-11	1.8700026997e-05	100.0
0.000735094458266	-0.000135217940859	-9.91569381876e-05	0.078601992367	-0.0201289736545	-0.0106413126061	1.20348810895e-11	1.8700026997e-05	100.0
0.000528038002348	-0.000193284833271	-0.000154172081876	0.0470319456216	-0.0247385160012	-0.014144893979	1.20348810895e-11	1.8700026997e-05	100.0
-0.000517085244703	8.39165385661e-05	-0.000308534629898	-0.0500081505721	0.00322180063018	-0.029431989827	1.20348810895e-11	1.8700026997e-05	100.0
-0.000117615931013	3.10415793518e-05	0.00112556088621	-0.014500088646	-0.000201625654403	0.13612350146	1.20203623892e-11	1.8677467564e-05	100.0
0.000987375445311	-0.000151809546444	0.000600209661026	0.119997244257	-0.0229650707733	0.0724101393421	1.20203623892e-11	1.8677467564e-05	100.0
0.000939931544026	0.000149993057241	0.000278375355158	0.110862895978	0.014230319919	0.0330426072579	1.20203623892e-11	1.8677467564e-05	100.0
-0.000662510651604	6.36727909584e-05	-0.000701784454075	-0.0777034800185	0.00348900574528	-0.0822254657371	1.20203623892e-11	1.8677467564e-05	100.0
0.000227404400723	9.21157688242e-05	-0.000677405175995	0.0244152649349	0.00560791411249	-0.0716943622883	1.20203623892e-11	1.8677467564e-05	100.0
-0.000360078835701	-0.000171000391358	0.000652212450194	-0.0386523010538	-0.0241997807031	0.0699506836614	1.19623328489e-11	1.8587300161e-05	100.0
0.000866655767848	0.000106445278108	0.00087132036646	0.106268479647	0.00943493293032	0.106821424239	1.19623328489e-11	1.8587300161e-05	100.0
-0.000643804464518	-0.00010674734835	0.000984809115802	-0.0778499386308	-0.0172947295821	0.120035642835	1.19623328489e-11	1.8587300161e-05	100.0
-0.00078366313278	-6.60817491616e-05	0.00075821534778	-0.0941791399085	-0.0121845964996	0.0907861941083	1.19623328489e-11	1.8587300161e-05	100.0
-0.00064977121292	-0.00026161977113	-0.000311595689744	-0.0690967516753	-0.0344414899676	-0.0335884396849	1.19623328489e-11	1.8587300161e-05	100.0
-0.000513340358099	-0.000196903372422	-0.000677857224207	-0.0579171905449	-0.0276871838131	-0.0766313629776	1.19623328489e-11	1.8587300161e-05	100.0
-0.000444451484489	-0.000116869090357	-0.000942362674484	-0.0531828253406	-0.0185074366479	-0.111910797238	1.19623328489e-11	1.8587300161e-05	100.0
-0.000118638241841	-0.000223435043364	0.000939350619848	-0.0138130880971	-0.0313436021649	0.109518620924	1.19333507672e-11	1.8542267252e-05	100.0
0.000412769996919	1.53924579703e-07	0.00126581304115	0.0509387052323	-0.00378909541649	0.156827855361	1.19333507672e-11	1.8542267252e-05	100.0
0.00061734006938	-0.000136145175848	0.000804846727073	0.0730700694012	-0.0208263548041	0.0951725710418	1.19333507672e-11	1.8542267252e-05	100.0
-0.00045432732462	0.000191839154219	0.000462739466685	-0.046248930939	0.016359140325	0.0481817175409	1.19333507672e-11	1.8542267252e-05	100.0
-0.001019478711	-0.000168574380825	0.000372303523315	-0.122467485529	-0.024612949467	0.044803104824	1.19333507672e-11	1.8542267252e-05	100.0
0.000959553603192	0.000180304090077	-0.000216902216035	0.113508762354	0.0179890667375	-0.025759476696	1.19333507672e-11	1.8542267252e-05	100.0
0.000512193805015	-7.37910416462e-05	0.000846297985042	0.0601845845611	-0.0130821372693	0.0994654429954	1.19188672698e-11	1.8519762518e-05	100.0
0.00139056267871	5.59978593993e-05	0.000696029574972	0.174818992384	0.00340677194684	0.0874670019636	1.19188672698e-11	1.8519762518e-05	100.0
0.00128243760377	0.000209391019039	0.000439053762835	0.159485668377	0.0228633815288	0.055016999332	1.19188672698e-11	1.8519762518e-05	100.0
0.000141627093767	0.000141145123806	-0.00153010667792	0.0176177825773	0.0142725717961	-0.192368588994	1.19188672698e-11	1.8519762518e-05	100.0
0.000505055066335	-0.000176780242394	0.000263389680626	0.0462196817072	-0.0231778512385	0.0239881681849	1.19043938304e-11	1.8497273413e-05	100.0
0.00127116640885	5.12035261756e-05	2.20829384873e-05	0.156662444877	0.00252317410405	0.0031322248223	1.19043938304e-11	1.8497273413e-05	100.0
-0.000172131986408	0.000133811745062	-0.000629764809427	-0.0180988220004	0.00975322757029	-0.0644962856936	1.19043938304e-11	1.8497273413e-05	100.0
0.000353100427946	-0.000247120015539	0.000938132793156	0.0419658715825	-0.0343712623335	0.11079087136	1.18754519807e-11	1.8452303017e-05	100.0
-0.000385981588426	-7.34271569482e-05	0.00104688962301	-0.0461572739094	-0.0131891879356	0.126205884025	1.18754519807e-11	1.8452303017e-05	100.0
4.04570609667e-05	0.000153270336173	0.00141359750276	0.00481513272846	0.0157574807053	0.176547698114	1.18754519807e-11	1.8452303017e-05	100.0
-0.000944342183341	3.11908212982e-05	0.00129697489692	-0.119106766484	0.000360984931256	0.163512604742	1.18754519807e-11	1.8452303017e-05	100.0
-0.000655704935278	-0.000212581654279	0.000695988755674	-0.0763135001562	-0.030008623056	0.081596256299	1.18754519807e-11	1.8452303017e-05	100.0
0.00120377286994	3.43812608049e-05	-0.000964743851531	0.151067370701	0.00063421493273	-0.121106382904	1.18754519807e-11	1.8452303017e-05	100.0
0.00104692851828	-8.33286558069e-05	-0.000796700863337	0.129279842118	-0.014290821335	-0.098407896533	1.18754519807e-11	1.8452303017e-05	100.0
-0.000823663282528	-0.000164731092078	-0.000621303580386	-0.0977374150869	-0.0243397203984	-0.0737997047393	1.18754519807e-11	1.8452303017e-05	100.0
-0.000434391993248	0.000322447935885	-0.00133646315248	-0.0540866991045	0.0373021659857	-0.167065195479	1.18754519807e-11	1.8452303017e-05	100.0
-9.87126942443e-05	8.50232819056e-05	-0.00157957780411	-0.0121339425955	0.00706875285566	-0.198892325708	1.18754519807e-11	1.8452303017e-05	100.0
0.000152125346166	-0.000233460564556	-0.0006428480193	0.0149914067942	-0.0307872785341	-0.0655788059002	1.18754519807e-11	1.8452303017e-05	100.0
-0.000236613843268	-9.79076073374e-05	-0.00100834112935	-0.0287873383591	-0.016069676175	-0.119638869603	1.18754519807e-11	1.8452303017e-05	100.0
0.000798223854198	-0.00011185257455	-0.00109681638958	0.0987936664786	-0.0179508162213	-0.136011303191	1.18609936283e-11	1.8429837354e-05	100.0
-0.000190135593581	0.000238860822195	-0.00118702747104	-0.0232967314084	0.0262628979978	-0.145830142568	1.18465352759e-11	1.8407371691e-05	100.0
-0.000234076798374	-0.000205055975239	-0.000509299881586	-0.0212653193863	-0.0262394792044	-0.0462141669976	1.18465352759e-11	1.8407371691e-05	100.0
-0.000138188854549	-0.000254441968291	-0.000930441878141	-0.01578923923	-0.0350433480103	-0.108402815877	1.18465352759e-11	1.8407371691e-05	100.0
0.000520952135731	-9.0400033655e-05	0.000985454681742	0.0628820221961	-0.0152610437551	0.1185089945	1.1817633658e-11	1.8362463808e-05	100.0
0.00103888568201	0.00018886692406	-0.00139465075481	0.131720049337	0.0206160510357	-0.17672432993	1.1817633658e-11	1.8362463808e-05	100.0
0.000620610251106	-8.11597003031e-05	-0.000755222903049	0.0726578853403	-0.0140008860961	-0.0885455790416	1.1817633658e-11	1.8362463808e-05	100.0
-9.16515838551e-06	2.66064391176e-05	0.000870051334761	-0.000571149550312	-0.00131750352123	0.09914265186	1.17887521562e-11	1.8317587182e-05	100.0
0.00127935957092	0.000263354151504	0.000871408352205	0.160937855955	0.0301812825426	0.110058088838	1.17887521562e-11	1.8317587182e-05	100.0
0.0013563121231	0.000467327139677	-0.00116874944157	0.172457821763	0.0565949315138	-0.148700993596	1.17887521562e-11	1.8317587182e-05	100.0
0.000762804022852	-0.000227776811759	-0.000704714359079	0.0904537591976	-0.0320345390747	-0.0842441298521	1.17887521562e-11	1.8317587182e-05	100.0
-0.000896725252788	-0.000106754339439	-0.000821148041581	-0.109848109585	-0.0173717048402	-0.100160165355	1.17887521562e-11	1.8317587182e-05	100.0
-0.00100904098791	0.000146463929764	-0.000973379456329	-0.125445150088	0.0147905205339	-0.121366662477	1.17887521562e-11	1.8317587182e-05	100.0
0.000186600590933	-0.000144045931598	-0.0011392973981	0.0223132137539	-0.0219792281879	-0.137988768424	1.17887521562e-11	1.8317587182e-05	100.0
-0.00083397244985	-0.000127640864283	-0.0011960899281	-0.104250425939	-0.0199494423539	-0.149307172339	1.17887521562e-11	1.8317587182e-05	100.0
-0.00135843445491	0.000341384632288	-0.000180547441194	-0.169384162882	0.039583756883	-0.0226864877174	1.17598857413e-11	1.8272733998e-05	100.0
0.00104274956615	-8.04030765927e-05	-0.000905839764135	0.129685052476	-0.0140033380611	-0.112244547615	1.17598857413e-11	1.8272733998e-05	100.0
0.00107812053711	0.000104885652567	0.00113217948048	0.135712430404	0.00966088904096	0.142184298796	1.17310344134e-11	1.8227904256e-05	100.0
-0.00111438547801	8.51022829364e-05	0.000903246060173	-0.13907458801	0.00702108272579	0.112685851111	1.17310344134e-11	1.8227904256e-05	100.0
-0.00131291611439	4.11709810793e-05	0.000768074810239	-0.164887418001	0.00148866255046	0.0961129345019	1.17310344134e-11	1.8227904256e-05	100.0
-0.00105704485117	5.306338534e-05	-0.000257297262166	-0.126874247501	0.00224310222639	-0.0313285132875	1.17166112639e-11	1.8205493292e-05	100.0
-0.00154664184669	6.38885169045e-05	-3.55185325676e-05	-0.194256040449	0.00440159011009	-0.00436772947765	1.17166112639e-11	1.8205493292e-05	100.0
0.00129478270181	0.000312814279421	-0.00130912073263	0.164858073469	0.0366951519069	-0.166531021156	1.17166112639e-11	1.8205493292e-05	100.0
0.000752937388232	-0.000158272948299	-0.000772869378347	0.0901229001249	-0.0236689597329	-0.0925467918202	1.17166112639e-11	1.8205493292e-05	100.0
0.000232184983673	0.000305799355031	-0.00136932063312	0.0289667157444	0.0351690357711	-0.171010485831	1.17166112639e-11	1.8205493292e-05	100.0
0.000643029406808	-0.000378953043548	0.000818881103433	0.0766369171522	-0.0509562942559	0.0980867834016	1.17021931435e-11	1.8183090142e-05	100.0
-0.000323057587978	-4.76916412347e-06	0.00119087082982	-0.0394467284212	-0.00467511033052	0.14581361777	1.17021931435e-11	1.8183090142e-05	100.0
-0.00069409342355	0.000257053566358	0.00118921032932	-0.0867325257523	0.0289124808298	0.14800528546	1.17021931435e-11	1.8183090142e-05	100.0
-0.00044594149948	-0.000277262479345	0.000323784460122	-0.041327852278	-0.0338144365118	0.0293373285826	1.17021931435e-11	1.8183090142e-05	100.0
-0.000191778557862	0.000210689709409	-0.00112287115501	-0.0226346087114	0.0222702339668	-0.136686534706	1.17021931435e-11	1.8183090142e-05	100.0
0.00120102218942	-0.00015884463165	0.000768075374418	0.149754420095	-0.0239613692672	0.0956000273093	1.1687780052e-11	1.8160694807e-05	100.0
0.00141022035035	0.000253878459374	6.23225290652e-05	0.176146132224	0.0285793837144	0.00800091827983	1.1687780052e-11	1.8160694807e-05	100.0
0.000803354048007	4.80060782383e-05	-0.00112952451241	0.100097578717	0.00217765839629	-0.140316384583	1.1687780052e-11	1.8160694807e-05	100.0
0.000603999092602	-0.000260710027954	-0.000645517903344	0.0693552999949	-0.0355008229149	-0.0738681014749	1.1687780052e-11	1.8160694807e-05	100.0
3.21063970418e-05	-0.000109838412393	0.00126881516509	0.00423916325325	-0.0177124505074	0.155903238218	1.16733719895e-11	1.8138307286e-05	100.0
0.000814388745775	-0.000199720443026	0.000635057823487	0.0969174744542	-0.0285678665854	0.0753309792815	1.16733719895e-11	1.8138307286e-05	100.0
-8.23111700279e-06	0.000184068057541	0.00145819094376	-0.00103725374006	0.0196889874921	0.182467270048	1.16733719895e-11	1.8138307286e-05	100.0
0.00137053286508	0.000255395213389	0.000932831368836	0.173587704121	0.029083770276	0.117639627804	1.16733719895e-11	1.8138307286e-05	100.0
-0.000273326415267	0.000251067461972	0.000905598187969	-0.0324256320208	0.0263832202644	0.107038087706	1.16733719895e-11	1.8138307286e-05	100.0
0.000647155520075	0.000123328460229	0.000288352321521	0.068647105279	0.00895470682216	0.0307726626055	1.16733719895e-11	1.8138307286e-05	100.0
-0.000613789520936	-0.000326722496225	0.000240551195726	-0.0635977134273	-0.0413642669855	0.0247551666022	1.16733719895e-11	1.8138307286e-05	100.0
0.000806516767287	7.94998592383e-05	-7.08885148724e-05	0.0898445652628	0.00464899062057	-0.00799969397901	1.16733719895e-11	1.8138307286e-05	100.0
-0.00083835293526	-0.00023012799868	0.00129686986902	-0.105046553824	-0.0331605821304	0.162868483677	1.1658963927e-11	1.8115919764e-05	100.0
0.00111102262367	-7.68662027621e-05	-1.23330682788e-05	0.133828540376	-0.0135460533833	-0.00198892338725	1.1658963927e-11	1.8115919764e-05	100.0
-0.000366916554675	-0.000122911537357	0.00075583562661	-0.0421483206911	-0.0190102155017	0.0844030531885	1.16445608936e-11	1.8093540057e-05	100.0
0.000235988910135	1.30390662218e-05	0.00127410643894	0.0291076490785	-0.00233208588147	0.157042580902	1.16445608936e-11	1.8093540057e-05	100.0
-0.000955926216602	0.000179703203717	0.0009398368384	-0.118636180623	0.0188833822788	0.116754664815	1.16445608936e-11	1.8093540057e-05	100.0
-0.000904394562215	-0.000190577812663	0.000629248257188	-0.10850409729	-0.0278599989061	0.0762027002754	1.16445608936e-11	1.8093540057e-05	100.0
0.000412211395967	-0.000335067316617	0.000908166136619	0.0487993234453	-0.0452056169217	0.107498129388	1.16157598556e-11	1.8048788457e-05	100.0
0.00129669695272	0.000301867716992	0.000869724996961	0.163174744765	0.0346952165238	0.109568501602	1.16157598556e-11	1.8048788457e-05	100.0
-0.000720698850963	8.90733960828e-06	0.00120534214068	-0.089573705661	-0.00282468309937	0.149884848658	1.16157598556e-11	1.8048788457e-05	100.0
-0.000905997173795	-0.000319776727223	0.00106224764501	-0.112739233635	-0.0444228130942	0.132206508657	1.16157598556e-11	1.8048788457e-05	100.0
0.00145195038909	-5.62295948381e-05	0.00017362046492	0.181592693233	-0.0109149637568	0.0215613836899	1.16157598556e-11	1.8048788457e-05	100.0
0.000576263920954	-0.000258868250268	5.68084656569e-06	0.0543203734454	-0.0322485229845	0.000484764028357	1.16157598556e-11	1.8048788457e-05	100.0
0.00130907589696	0.000243602766045	0.000441118818819	0.163177813421	0.0270857013802	0.0546639453397	1.16157598556e-11	1.8048788457e-05	100.0
0.00131797421713	-7.45655108378e-05	-0.000746562911674	0.165011738093	-0.0133548269411	-0.0939254907112	1.16157598556e-11	1.8048788457e-05	100.0
-0.0014641862831	0.000320239902104	0.000410438936836	-0.184285785975	0.0373461250097	0.0518747806855	1.16157598556e-11	1.8048788457e-05	100.0
-0.0016259429484	0.000354037240124	0.000349282801363	-0.205751910446	0.0416935649756	0.0442228719643	1.16157598556e-11	1.8048788457e-05	100.0
0.00132745381649	0.000301218650948	-0.00100590392835	0.167690657022	0.0349355290299	-0.127491868889	1.16157598556e-11	1.8048788457e-05	100.0
0.0011483260109	-0.000121524314169	-0.00070400032913	0.142157984466	-0.0191883435005	-0.0870704199906	1.16157598556e-11	1.8048788457e-05	100.0
0.00106963385596	0.000175461907467	-0.000749839105965	0.132685080974	0.0183536541699	-0.0925894286131	1.16157598556e-11	1.8048788457e-05	100.0
-1.57920730806e-05	0.000181058645255	-0.00127332158224	-0.00199997637493	0.0189482047866	-0.156993808307	1.16157598556e-11	1.8048788457e-05	100.0
-0.00103855193448	0.000238523199	-0.00138351076778	-0.131567983149	0.0269910533528	-0.175465975823	1.16157598556e-11	1.8048788457e-05	100.0
0.000113420319284	0.000265625048131	-0.00161309855054	0.0141631459798	0.0302499499076	-0.203653628071	1.16157598556e-11	1.8048788457e-05	100.0
0.00018416702425	-0.000275173735317	-0.000461402055805	0.0172390652462	-0.0325246149495	-0.0381573398091	1.16157598556e-11	1.8048788457e-05	100.0
-0.000740818689206	2.55402713175e-05	-0.000243711115161	-0.0812722727557	-0.00173904439592	-0.026815271171	1.16125161556e-11	1.8043748334e-05	100.0
0.000522618598815	2.71532082261e-06	0.00136734284394	0.0654061730916	-0.00348310594468	0.170746251966	1.15869739046e-11	1.8004060299e-05	100.0
0.000630313197834	-0.000154167574726	0.00114145575917	0.0775987285434	-0.0233933421228	0.140772534453	1.15869739046e-11	1.8004060299e-05	100.0
-0.000824517693152	0.000160643901117	-0.000222662407226	-0.094008397557	0.0144684702495	-0.0255597985673	1.15869739046e-11	1.8004060299e-05	100.0
-0.00116688290811	-0.000153388668446	-8.2891235216e-05	-0.141771426952	-0.0231884784078	-0.0104616963736	1.15869739046e-11	1.8004060299e-05	100.0
0.000962595134451	0.000225522672423	-0.00107095825014	0.120249864066	0.0249031262265	-0.133848831396	1.15869739046e-11	1.8004060299e-05	100.0
0.000441996628138	-0.000211798357615	-0.000413005572672	0.0424928194009	-0.0274712919464	-0.0397776759989	1.15869739046e-11	1.8004060299e-05	100.0
-0.00138207948852	0.000429340101737	-0.000515266041537	-0.173564693932	0.0509660820425	-0.0647069924295	1.15869739046e-11	1.8004060299e-05	100.0
-0.00154175095314	0.000127983967676	-0.000545964041726	-0.194647335962	0.0127162394429	-0.0689989825521	1.15869739046e-11	1.8004060299e-05	100.0
0.000632014438057	-6.28576260498e-05	-0.0013059826647	0.078624998	-0.0118373556246	-0.163035711117	1.15869739046e-11	1.8004060299e-05	100.0
0.000473507223028	-0.000217149432809	-0.000887696813588	0.0555809460209	-0.030705691805	-0.105000111529	1.15869739046e-11	1.8004060299e-05	100.0
-0.00044194366959	-0.000354910620516	-0.000680732707982	-0.0494109748845	-0.0464352293398	-0.0766724888593	1.15869739046e-11	1.8004060299e-05	100.0
2.06101581284e-06	-0.000258432983993	-0.000915690300263	0.000385743636857	-0.035325561477	-0.105863304562	1.15869739046e-11	1.8004060299e-05	100.0
-0.000424074901509	0.000112810492282	0.00067656339015	-0.0479430430902	0.00863369502735	0.0749630446912	1.15851282644e-11	1.8001192508e-05	100.0
-0.000888313275638	9.52483514994e-05	-0.00045556543995	-0.105277837642	0.00740673002863	-0.0543650413997	1.15851282644e-11	1.8001192508e-05	100.0
0.000986183052805	2.35943202325e-05	-0.000160832760917	0.116739126388	-0.00143702951778	-0.0189751008943	1.15851282644e-11	1.8001192508e-05	100.0
0.000141443360083	-0.000212088893081	0.00092322202598	0.0165457034023	-0.0298594677659	0.107077088919	1.15725809291e-11	1.798169622e-05	100.0
0.00152705573516	0.000399467775312	-0.000656316606343	0.193346290294	0.0475765506134	-0.0830478648009	1.15725809291e-11	1.798169622e-05	100.0
0.00113333113123	-0.000169372750377	-0.000467849607708	0.138887044375	-0.0251804024535	-0.0570577412305	1.15725809291e-11	1.798169622e-05	100.0
-0.00161288433613	0.000504361696366	7.91819150137e-05	-0.204036615687	0.0610783688551	0.00988650692507	1.15725809291e-11	1.798169622e-05	100.0
-0.000416940497182	2.57665423329e-05	-0.00150989971383	-0.0526387185281	-0.000484267096792	-0.189769215864	1.15725809291e-11	1.798169622e-05	100.0
-0.000313626730517	0.000294465847053	0.000563313772995	-0.0340002122251	0.0283531984544	0.0591704886367	1.15715801596e-11	1.7980141205e-05	100.0
-0.000132277895069	0.000227049681624	-0.000582204940013	-0.0139871087938	0.019511143474	-0.0578484832728	1.15715801596e-11	1.7980141205e-05	100.0
-0.00161510495477	0.000478428295818	-0.000517427092677	-0.204774521096	0.0578872228448	-0.0659185968368	1.15581929825e-11	1.7959339955e-05	100.0
-0.00159686087096	0.000213968171099	-0.000178816196794	-0.201372741629	0.0235947187305	-0.0222346687762	1.15581929825e-11	1.7959339955e-05	100.0
0.000507733918014	-2.16291162913e-05	0.000226221779285	0.0447250872635	-0.00793518242843	0.020662505389	1.15447555155e-11	1.7938460564e-05	100.0
-0.000629504005888	-0.000226801378183	0.00106519923154	-0.0772845665309	-0.0323670713124	0.130397606162	1.1543805036e-11	1.793698369e-05	100.0
-0.00104270888336	0.000168077595506	0.00100133295821	-0.130188508602	0.0174445072405	0.125054962383	1.1543805036e-11	1.793698369e-05	100.0
0.00125567837678	-6.44580696382e-05	-0.000210640499718	0.154354579884	-0.0120150788048	-0.02618914646	1.1543805036e-11	1.793698369e-05	100.0
-0.000302245779939	-0.000161472637612	-0.00113672794021	-0.0365919324504	-0.0240905838226	-0.138195422529	1.1543805036e-11	1.793698369e-05	100.0
0.000324223068076	0.00029810442552	-0.000384227278116	0.0301425391483	0.0257671304919	-0.0360201181171	1.15314789763e-11	1.7917831224e-05	100.0
-0.00019553370506	0.0003445616273	-0.000882609222124	-0.0225902503976	0.0377433447819	-0.103889608949	1.15314789763e-11	1.7917831224e-05	100.0
-0.0011107300544	0.000264945075572	0.000201420373057	-0.13520899941	0.0291169107954	0.0243031365972	1.15294221185e-11	1.791463524e-05	100.0
-0.00142026411864	-5.11216947802e-05	0.000397658517341	-0.177506306181	-0.0103409183576	0.0498590992972	1.15294221185e-11	1.791463524e-05	100.0
0.00130745742459	0.000390678335003	-0.000694829264238	0.16421970461	0.046109557798	-0.0871552255928	1.15294221185e-11	1.791463524e-05	100.0
0.00102739850982	-0.000163017834779	-0.000488474538709	0.124555836086	-0.0242617385623	-0.0586166587461	1.15294221185e-11	1.791463524e-05	100.0
-0.00143093724061	0.000150734258539	2.20310295372e-05	-0.178798465369	0.0153190966816	0.00245641125314	1.15294221185e-11	1.791463524e-05	100.0
-0.00154003244633	0.000162973274799	0.000280312536013	-0.193651419445	0.0169290538453	0.0356513115997	1.15294221185e-11	1.791463524e-05	100.0
-0.000796008049532	0.000178241891922	-0.00105791277877	-0.0988151446824	0.0188225659597	-0.131010735873	1.15294221185e-11	1.791463524e-05	100.0
0.000475953694747	-4.46360728281e-05	-0.0010969774537	0.0580851079794	-0.0096074104914	-0.133757761846	1.15294221185e-11	1.791463524e-05	100.0
0.000383937255459	-0.000179986496633	-0.000746103112817	0.0432183011045	-0.0256627793778	-0.0837182180956	1.15294221185e-11	1.791463524e-05	100.0
-0.000647562376113	0.000186249932085	-0.00148334141049	-0.0815157109691	0.0201442585971	-0.187248330839	1.15294221185e-11	1.791463524e-05	100.0
0.000145712169993	-0.000101496679999	-0.00107595545543	0.0178376606293	-0.0166477838015	-0.129005193196	1.15294221185e-11	1.791463524e-05	100.0
0.000393085837157	0.000133124131472	0.000933167889401	0.0468965040635	0.0121577440116	0.111167596654	1.15182879299e-11	1.7897334726e-05	100.0
0.000594069953597	7.07315856e-05	-5.58140790275e-05	0.0569006522608	0.00188661915263	-0.00639879279675	1.15182879299e-11	1.7897334726e-05	100.0
-0.000503471084478	-0.000134702594614	0.00149379187213	-0.0629997998092	-0.0209305006873	0.188091493829	1.15006562835e-11	1.7869938339e-05	100.0
-0.000389047709434	-0.000254397267146	0.000489266049747	-0.0390836143487	-0.0325018317976	0.0480629428307	1.15006562835e-11	1.7869938339e-05	100.0
0.00100802834843	-0.000193704113912	0.000299967660522	0.120172458048	-0.0279658265937	0.0357659360764	1.15006562835e-11	1.7869938339e-05	100.0
-0.00131067010454	0.000242265584406	0.00132796577064	-0.166917983486	0.0275635366272	0.16891468366	1.15006562835e-11	1.7869938339e-05	100.0
-0.00110961309458	-3.94066649513e-05	0.00113896175382	-0.139364780439	-0.00876967799162	0.143618308286	1.15006562835e-11	1.7869938339e-05	100.0
0.00147013089619	3.12581633938e-05	-6.95827907061e-05	0.18382051404	8.00427983829e-05	-0.00866129277221	1.15006562835e-11	1.7869938339e-05	100.0
0.00104173163756	-0.000243184926014	-0.000188723071959	0.124360196566	-0.0340417454443	-0.0227304869927	1.15006562835e-11	1.7869938339e-05	100.0
-0.000876849689679	5.51990893878e-05	-0.000410867708594	-0.102682072931	0.00220818591563	-0.0482882284881	1.15006562835e-11	1.7869938339e-05	100.0
-0.00115729307496	-0.000326837805199	-0.000376514780167	-0.141577841837	-0.045028114891	-0.0463539333688	1.15006562835e-11	1.7869938339e-05	100.0
0.000739722773608	0.000245878402065	-0.00133841866688	0.0930678196563	0.0275580406637	-0.168070149091	1.15006562835e-11	1.7869938339e-05	100.0
0.000390130948548	-0.000258489789006	-0.000601820854279	0.0413926247577	-0.0342238884447	-0.0640975461234	1.15006562835e-11	1.7869938339e-05	100.0
0.000799774535227	-4.04761231277e-06	-0.000180523092773	0.0893367482966	-0.00497756957997	-0.0199368019583	1.14921673447e-11	1.7856748064e-05	100.0
3.35415689971e-05	-2.80877683622e-05	-0.000552419465593	0.00190411410521	-0.00871248674927	-0.0486747684197	1.14921673447e-11	1.7856748064e-05	100.0
0.000161861246198	-0.000249564065807	0.000744809837056	0.0174027985216	-0.0333926723739	0.0811551999971	1.14862783949e-11	1.7847597702e-05	100.0
0.000305574648945	-0.000310033017342	0.000426967397057	0.0273130882473	-0.0368924237238	0.0384876321936	1.14862783949e-11	1.7847597702e-05	100.0
-0.000735900804302	0.00020745153001	0.00145178144397	-0.0927729319534	0.0228104407044	0.183174590248	1.14862783949e-11	1.7847597702e-05	100.0
-0.000559503791086	-0.000328213918141	0.000641645345123	-0.0633726829379	-0.0434685475336	0.0732149881355	1.14862783949e-11	1.7847597702e-05	100.0
0.000365376412446	0.000350243737065	0.000959331197219	0.0432533509131	0.0393333231033	0.115704445556	1.14862783949e-11	1.7847597702e-05	100.0
0.00144089598008	0.000115323970403	0.000400388992669	0.180466860423	0.0108090151172	0.0502295837345	1.14862783949e-11	1.7847597702e-05	100.0
-0.000641801490989	0.000395481589318	-0.0016727911648	-0.0817778917231	0.0472867102709	-0.212586892944	1.14862783949e-11	1.7847597702e-05	100.0
-0.000161856318774	-0.000180788393153	0.00131863401696	-0.0200157611248	-0.0267350294905	0.162955696015	1.14719005064e-11	1.7825257066e-05	100.0
-0.000838567096062	0.00019646956332	0.000775271538608	-0.102317918567	0.0205116062839	0.0941978318815	1.14719005064e-11	1.7825257066e-05	100.0
-0.000674755558937	-0.000188110892089	0.000382961007118	-0.0736573064756	-0.0263834401365	0.0418650517271	1.14719005064e-11	1.7825257066e-05	100.0
-0.00105936082531	3.7711800285e-05	-0.000359477759512	-0.127792522588	0.000500691653602	-0.0432855098438	1.14719005064e-11	1.7825257066e-05	100.0
-0.00131966320387	-0.000119494822255	-0.000278668272322	-0.163319146704	-0.0190065862515	-0.0347333130559	1.14719005064e-11	1.7825257066e-05	100.0
0.000567418287706	0.000320799714651	-0.0011266321439	0.0699856279736	0.0366784237312	-0.139321021762	1.14719005064e-11	1.7825257066e-05	100.0
-0.000173974441302	0.000305665864828	0.000788249825203	-0.0200896463652	0.0321067371239	0.0898558085082	1.14663686151e-11	1.7816661508e-05	100.0
-0.000825055249266	0.000265964903262	0.0005349372278	-0.0984541052248	0.0284247037184	0.0635481246458	1.14663686151e-11	1.7816661508e-05	100.0
0.000597024495329	0.000231017359982	-0.000178891193128	0.0608755368238	0.0201485618609	-0.0193481953024	1.14663686151e-11	1.7816661508e-05	100.0
-6.91533757572e-06	0.000237630585667	-0.000867547477933	-0.000970097483569	0.0242108284125	-0.100284832941	1.1453589946e-11	1.7796805769e-05	100.0
-0.000126985880107	0.000365319334468	0.00141938941047	-0.015663242623	0.0428324144425	0.177681767908	1.14431447294e-11	1.7780575793e-05	100.0
0.000873757201947	0.000166192211872	0.00120268636999	0.109429221566	0.0175437158649	0.150758832913	1.14431447294e-11	1.7780575793e-05	100.0
-0.000542139179498	0.000299741682894	0.00134363121233	-0.0684104708362	0.0345179308373	0.168482347632	1.14431447294e-11	1.7780575793e-05	100.0
0.00147268911074	0.00027436719857	-0.000628758247994	0.185971295331	0.0315286130832	-0.0794136722964	1.14431447294e-11	1.7780575793e-05	100.0
0.000764291777116	-0.000247552051474	-0.000259560811015	0.0852167539019	-0.0334505848093	-0.0282707313111	1.14431447294e-11	1.7780575793e-05	100.0
0.000473906860621	0.000157024219202	-0.00139102597367	0.059369100982	0.0160746727935	-0.174079928752	1.14431447294e-11	1.7780575793e-05	100.0
-0.000345904450196	0.000431474296004	0.000683614525872	-0.0397493654573	0.0470869620848	0.0784202922613	1.14157115772e-11	1.7737949639e-05	100.0
-0.000534501722189	0.000548753057071	0.000651150827363	-0.0637981302426	0.0632319619798	0.0768908501654	1.14157115772e-11	1.7737949639e-05	100.0
-0.000931374465412	0.000358721865752	4.59449827517e-05	-0.110384859797	0.0398376912928	0.00540202925176	1.14157115772e-11	1.7737949639e-05	100.0
-0.000641453597026	0.000142702575779	9.26868549139e-06	-0.065186806077	0.0102308807712	0.00146251529876	1.14157115772e-11	1.7737949639e-05	100.0
0.000789276139744	0.000257908259258	-0.000271876127105	0.0904268206859	0.0262223099843	-0.0313570216894	1.14157115772e-11	1.7737949639e-05	100.0
0.000952962731374	0.000299722363528	-0.000498080315417	0.115460891408	0.0331246017623	-0.0601714471992	1.14157115772e-11	1.7737949639e-05	100.0
0.000536276963406	3.21412566382e-05	-0.000264598363063	0.0509911815377	-0.00177255170179	-0.0246823261398	1.14157115772e-11	1.7737949639e-05	100.0
-7.5754303039e-05	6.12410333739e-05	-0.000557005727622	-0.00729794422896	0.000393843019904	-0.0506570133351	1.14157115772e-11	1.7737949639e-05	100.0
0.000942263118522	0.000582698464832	-0.000895054156209	0.117687794364	0.0707726384575	-0.112176132693	1.14157115772e-11	1.7737949639e-05	100.0
0.000606721614955	0.000269798344837	-0.000638687847072	0.0706036594322	0.0280673402355	-0.0741827708186	1.14157115772e-11	1.7737949639e-05	100.0
-0.000107698721583	0.000291274194734	-0.000556612881396	-0.0107968523827	0.0260470935648	-0.0553889085088	1.14157115772e-11	1.7737949639e-05	100.0
-0.000487815136014	-0.000298617212096	-0.00100993444133	-0.0585295666299	-0.0411215334151	-0.122099096119	1.14143990103e-11	1.7735910148e-05	100.0
-0.000171012842558	-0.000267037231988	-0.00130112444662	-0.0211914122053	-0.0376571858097	-0.160815760019	1.14143990103e-11	1.7735910148e-05	100.0
9.62559145503e-05	0.000176066221443	0.000652768224461	0.00943154094903	0.0144112749049	0.0677053442668	1.14032346477e-11	1.7718562749e-05	100.0
-0.000673273344057	0.000158902607335	-0.000622336048764	-0.0780959958314	0.014809867412	-0.0730098387938	1.14032346477e-11	1.7718562749e-05	100.0
0.000371106723874	0.000313630492717	0.00148601822392	0.0465895407338	0.0365346046728	0.187023670878	1.14000261508e-11	1.7713577326e-05	100.0
-0.00118718260393	0.000461020330652	2.06111269911e-05	-0.146467500955	0.0544859658409	0.0026012892955	1.14000261508e-11	1.7713577326e-05	100.0
-0.001193819575	-0.000211835243287	0.000160834343486	-0.145597250689	-0.0305096568476	0.0197084333266	1.14000261508e-11	1.7713577326e-05	100.0
-0.000852215530832	-0.000263063603044	-0.000901089763973	-0.103985904454	-0.0371007015158	-0.111120373387	1.14000261508e-11	1.7713577326e-05	100.0
0.00108393851919	-1.60174562384e-06	0.000742653581633	0.133869624875	-0.00417512731953	0.091564861625	1.13856532912e-11	1.7691244503e-05	100.0
0.00100091361187	0.000286470812328	0.000172311991102	0.119719291301	0.0312338748136	0.0209641816748	1.13856532912e-11	1.7691244503e-05	100.0
-0.000301014851363	2.38469614414e-06	0.00146471401869	-0.0373390545589	-0.00363694520597	0.183470026584	1.13712804317e-11	1.7668911681e-05	100.0
0.000918550860831	0.000328840794824	0.00150523213289	0.116803344793	0.038642676556	0.191057635452	1.13712804317e-11	1.7668911681e-05	100.0
0.00123992713407	-0.000149396636479	0.000515380887497	0.15343020029	-0.0227674716717	0.0637023443453	1.13712804317e-11	1.7668911681e-05	100.0
-0.00112296476169	0.00035431367853	0.0014323586347	-0.142873635769	0.0420863908785	0.182279573732	1.13712804317e-11	1.7668911681e-05	100.0
-0.000778446971906	-0.000255263495532	0.00059124235894	-0.0913272647224	-0.0352710742816	0.0693965794662	1.13712804317e-11	1.7668911681e-05	100.0
0.00162262308597	0.00023479079242	-2.77913937735e-05	0.204817853635	0.0263129427214	-0.00375354129627	1.13712804317e-11	1.7668911681e-05	100.0
-0.000760725278358	0.000199710829915	-0.000142554154897	-0.0847460071656	0.0186702267189	-0.0155677736358	1.13712804317e-11	1.7668911681e-05	100.0
-0.000835194070847	-0.000223469359387	-1.46667104654e-05	-0.0938182532583	-0.0308489528709	-0.00178726724524	1.13712804317e-11	1.7668911681e-05	100.0
0.000790021442331	0.000531658827962	-0.00120487372565	0.0990435356851	0.0643943541129	-0.151650364095	1.13712804317e-11	1.7668911681e-05	100.0
0.000518449925444	-0.0002552964704	0.00120292103736	0.0639153465223	-0.0360634659352	0.148454064402	1.13569126011e-11	1.7646586673e-05	100.0
0.000208343063375	0.000290471966624	0.00127125967556	0.0258255977394	0.0329020029407	0.157533421327	1.13569126011e-11	1.7646586673e-05	100.0
0.000852382816235	0.000239766713618	0.000848100032349	0.104151935679	0.0260240431039	0.104156659959	1.13569126011e-11	1.7646586673e-05	100.0
-0.000691725207624	2.92229047536e-05	0.000182970478463	-0.0729260604406	-0.00138206978232	0.0194774840954	1.13569126011e-11	1.7646586673e-05	100.0
-0.00111841579648	-0.000252351281555	0.000308588655828	-0.13571161829	-0.0355018500329	0.0376775420854	1.13569126011e-11	1.7646586673e-05	100.0
0.00102501584623	0.00021496594992	-0.000605697742053	0.125429922933	0.0229164311447	-0.074224669634	1.13569126011e-11	1.7646586673e-05	100.0
0.000590372117275	0.000162502790229	-0.000516130372075	0.065559910418	0.0142871760779	-0.0574043957446	1.13569126011e-11	1.7646586673e-05	100.0
-0.000951365779099	0.000300793433967	-0.00146678994382	-0.120648953779	0.0349664685802	-0.186039053637	1.13569126011e-11	1.7646586673e-05	100.0
-4.92338033753e-05	0.000365801941398	-0.00163784005637	-0.00621556738364	0.0431090949864	-0.207067123874	1.13569126011e-11	1.7646586673e-05	100.0
-0.000901162354178	3.08690116062e-05	-0.00107670822349	-0.111743701263	9.24778605559e-05	-0.134302912523	1.13569126011e-11	1.7646586673e-05	100.0
-0.000607181623822	-0.000300779608463	-0.000376670112645	-0.0649416590867	-0.0389295734925	-0.0399576482248	1.13569126011e-11	1.7646586673e-05	100.0
-8.40580376924e-05	-0.000139845427673	-0.0013915779689	-0.0106209626441	-0.021607255905	-0.172891553739	1.13569126011e-11	1.7646586673e-05	100.0
-0.000165689086609	-0.000351897563947	-0.000697336931481	-0.0176896102549	-0.0450809849368	-0.0751533449229	1.13425397416e-11	1.762425385e-05	100.0
-0.000232529017072	0.000364914715601	0.000642016346574	-0.0257689783512	0.0373210999223	0.0705460100457	1.13418859726e-11	1.7623238012e-05	100.0
0.000721577828313	0.000288632773688	0.000838985426482	0.0874919178852	0.0318001134745	0.102363876781	1.13418859726e-11	1.7623238012e-05	100.0
0.000604089025373	0.000250246844068	0.000843568619055	0.072409269641	0.0267309912635	0.101203825812	1.13418859726e-11	1.7623238012e-05	100.0
0.000634061270539	0.00024954181015	0.000508059938911	0.0713618878084	0.0248174344782	0.0584593603314	1.13418859726e-11	1.7623238012e-05	100.0
0.000841242145434	4.65763189362e-05	0.000475493013484	0.0988524902275	0.00119824631941	0.055513612444	1.13418859726e-11	1.7623238012e-05	100.0
-0.000452505414658	0.000341066938415	-0.000143561840082	-0.0422257654631	0.0295812615203	-0.0132693967722	1.13418859726e-11	1.7623238012e-05	100.0
0.000579483517087	0.000320809475566	-0.00028932713678	0.0616839460845	0.0312075658662	-0.030911747394	1.13418859726e-11	1.7623238012e-05	100.0
-0.000677614670019	0.00032327443047	-0.00094573693822	-0.0837030642371	0.0365612151766	-0.115454937883	1.13418859726e-11	1.7623238012e-05	100.0
0.000538806917851	0.000269487307522	-0.000531087249412	0.059446877324	0.0266319007757	-0.0598237117496	1.13418859726e-11	1.7623238012e-05	100.0
0.000441552578088	-3.31244842605e-05	-0.000659619481616	0.0481849259821	-0.00864878509524	-0.0731976753168	1.13418859726e-11	1.7623238012e-05	100.0
-0.000229166721729	0.000477696735305	-0.00116364001857	-0.0284239364263	0.0564859033961	-0.14356658708	1.13418859726e-11	1.7623238012e-05	100.0
8.3810982311e-05	-0.000110645584282	0.00139601229765	0.0101161903428	-0.0179308279648	0.173521943092	1.13281668821e-11	1.7601921028e-05	100.0
0.000934480895924	-0.000155326543856	0.000921570228205	0.115341577634	-0.0234947407187	0.113656741003	1.13281668821e-11	1.7601921028e-05	100.0
0.000789917369058	0.00035420502691	0.000169063854323	0.0906536152435	0.0383133966618	0.0203732529387	1.13281668821e-11	1.7601921028e-05	100.0
-0.00105112752838	0.000301649407828	-0.000463873853319	-0.128608003458	0.0337447091015	-0.0561506426317	1.13281668821e-11	1.7601921028e-05	100.0
-0.00108047544957	-0.000263137323792	-0.000148078968647	-0.129987291716	-0.0366544964162	-0.0172594684566	1.13281668821e-11	1.7601921028e-05	100.0
-0.000431801940768	3.19614865668e-05	-0.00082526916715	-0.0505262632907	-0.000401100342189	-0.0957425233141	1.13281668821e-11	1.7601921028e-05	100.0
5.51700549966e-05	0.000251090175457	-0.00119695942617	0.00685217171502	0.0275349425598	-0.147067476971	1.13281668821e-11	1.7601921028e-05	100.0
0.000595096386689	0.000435260671554	-0.00141308135825	0.0749929940135	0.051952082027	-0.177977967478	1.13281668821e-11	1.7601921028e-05	100.0
-0.00107326444206	0.000519436416671	9.36359797533e-05	-0.13135023595	0.0613410903587	0.0112545387836	1.13178121873e-11	1.7585831706e-05	100.0
-0.000912079434029	0.000235035873281	0.000366647437864	-0.108203905185	0.024433490073	0.0439613564453	1.13178121873e-11	1.7585831706e-05	100.0
0.000857454552861	0.000366723905235	0.00021308990898	0.100729125247	0.0401286378244	0.0249707708537	1.13178121873e-11	1.7585831706e-05	100.0
-0.000694783930638	0.000189059102577	-0.000314703037655	-0.0767474470929	0.0169133303115	-0.0348530504173	1.13178121873e-11	1.7585831706e-05	100.0
-0.000799924532683	0.000494160044833	-0.000269660728467	-0.0943161204785	0.0564802073657	-0.031710894411	1.13178121873e-11	1.7585831706e-05	100.0
0.00049358545368	0.000399357036644	-0.000758538401777	0.0582443102871	0.0446363990145	-0.0896758365173	1.13178121873e-11	1.7585831706e-05	100.0
0.000246313687271	0.000338839232917	-0.000915708270973	0.0292357019899	0.0371218048942	-0.108730157845	1.13178121873e-11	1.7585831706e-05	100.0
-0.00114120401468	0.000282208658703	-0.000311123208073	-0.140160268095	0.0316761232514	-0.0376459719004	1.1299426192e-11	1.7557263197e-05	100.0
-0.000942152867354	-0.000282487993621	-7.94846224238e-05	-0.109946871504	-0.0385799082416	-0.00918479160477	1.1299426192e-11	1.7557263197e-05	100.0
-0.000278681066501	-0.000276781861227	-0.000463742558971	-0.025783722084	-0.0335387181072	-0.0416843131042	1.1299426192e-11	1.7557263197e-05	100.0
-0.000587181678242	0.0003080740845	0.000806194185356	-0.070043991333	0.0339090803204	0.0965157018448	1.12939848225e-11	1.7548808294e-05	100.0
-6.1051975808e-05	0.000444602608665	0.00100695037994	-0.00770775698801	0.0512883416977	0.121597345597	1.1282166691e-11	1.7530445057e-05	100.0
-0.000544429268571	3.13999721314e-05	-0.000394620120485	-0.0561826028305	-0.00153192031727	-0.0397174415239	1.1282166691e-11	1.7530445057e-05	100.0
0.000324784233764	0.000251010112519	-0.000422041644166	0.0304761854363	0.0203515573811	-0.0397469877759	1.1282166691e-11	1.7530445057e-05	100.0
0.000327100195204	0.000369939609582	-0.00065974637899	0.0363731711257	0.0389396298057	-0.0740991951052	1.1282166691e-11	1.7530445057e-05	100.0
0.000145291714202	0.000509614365801	-0.000960167657654	0.0174946937484	0.0590948598737	-0.115749520801	1.1282166691e-11	1.7530445057e-05	100.0
0.000694285470401	-0.000305967733918	0.00106316615595	0.0852091881491	-0.0424019197339	0.13081160653	1.12706855019e-11	1.7512605367e-05	100.0
0.0011205715666	-0.000235637813059	0.000263131795826	0.135841773331	-0.0333899110847	0.0319552091612	1.12706855019e-11	1.7512605367e-05	100.0
0.000558278433284	-0.000261936231255	0.000101934914091	0.0520278994702	-0.0323647402068	0.00970327768397	1.12706855019e-11	1.7512605367e-05	100.0
-0.000666854379439	0.000533023851335	0.00170814554515	-0.0850867991172	0.0651222280586	0.217626000794	1.12706855019e-11	1.7512605367e-05	100.0
0.00141711145077	0.000326793592611	0.000702850618649	0.178460105866	0.0379222043156	0.0889604947942	1.12706855019e-11	1.7512605367e-05	100.0
0.00124490249239	-0.000259417949777	8.29828101357e-05	0.152655762317	-0.036532359138	0.0102484330888	1.12706855019e-11	1.7512605367e-05	100.0
0.000867584144899	-0.000259902559121	-2.56322428004e-05	0.0987381023093	-0.0353753150112	-0.00304288720008	1.12706855019e-11	1.7512605367e-05	100.0
-0.00129324832777	4.38555537749e-05	0.000449838460007	-0.160643716285	0.00152152039789	0.0555972390171	1.12706855019e-11	1.7512605367e-05	100.0
-0.00153661690547	0.000231741004379	0.000421226673589	-0.193787724399	0.0259222513933	0.0527873961258	1.12706855019e-11	1.7512605367e-05	100.0
-0.00125558815571	0.000157301238185	-0.000638448688655	-0.156453583231	0.0160255194655	-0.0796492693781	1.12706855019e-11	1.7512605367e-05	100.0
0.000244475222333	0.000421559807529	-0.00165164480359	0.0308773477297	0.0503333914567	-0.209212653624	1.12706855019e-11	1.7512605367e-05	100.0
-6.92132016154e-06	0.000367608933628	0.00116584261423	-0.000906217352001	0.042094533321	0.143000135455	1.12704038784e-11	1.7512167775e-05	100.0
-0.000513027004889	0.000353105042056	0.00021537534445	-0.0524389704192	0.0334973077439	0.0209799500392	1.12704038784e-11	1.7512167775e-05	100.0
-0.000326169654653	0.000229665184372	0.000684420981735	-0.0359661248237	0.0217612166984	0.0757186068229	1.12704038784e-11	1.7512167775e-05	100.0
-0.000508466135254	0.000470719054586	0.000791369000816	-0.060587362785	0.053920787457	0.0946942769473	1.12704038784e-11	1.7512167775e-05	100.0
0.000581295455003	0.00024001952122	0.000462580925779	0.0642186702231	0.0226732414948	0.0508437284671	1.12704038784e-11	1.7512167775e-05	100.0
0.000322789441013	0.000126727135803	0.000448930277067	0.0296364417826	0.0073363975172	0.0406163519674	1.12704038784e-11	1.7512167775e-05	100.0
-0.00107844875729	0.000438275242637	-7.03428329077e-05	-0.131464693636	0.0509096634881	-0.00839132204938	1.12704038784e-11	1.7512167775e-05	100.0
0.000630459061561	0.000372174972769	0.000314945754445	0.0698188444897	0.0385836658628	0.0349681906856	1.12704038784e-11	1.7512167775e-05	100.0
-0.000834963747382	0.000300171808816	-0.000430438780978	-0.0982629918053	0.0320274946077	-0.0513996073967	1.12704038784e-11	1.7512167775e-05	100.0
-0.000633378063649	0.000217027092692	-0.000852898890826	-0.076557251639	0.0229113351713	-0.102399830629	1.12704038784e-11	1.7512167775e-05	100.0
0.00025840613089	0.000316277853024	-0.000664280854874	0.028693291963	0.0319944611417	-0.0731243235834	1.12704038784e-11	1.7512167775e-05	100.0
0.000218893539292	0.000219939198052	-0.000973816199778	0.0268449687628	0.022809435107	-0.115839348322	1.12704038784e-11	1.7512167775e-05	100.0
-0.00049974619358	0.000210545292206	0.00110215272015	-0.0611313928296	0.022513900933	0.135521400655	1.12587014136e-11	1.7493984263e-05	100.0
-0.000772656343764	0.00027324184913	0.000587572138244	-0.0918495741194	0.0292376227261	0.0694074114058	1.12587014136e-11	1.7493984263e-05	100.0
0.000351396906367	0.000279112228661	0.000712316432991	0.040188280324	0.0284458378614	0.0804044057274	1.12470542679e-11	1.7475886706e-05	100.0
-0.000514963758538	0.000268282907853	0.000882945652381	-0.0613844103347	0.0289251799633	0.105994877714	1.12470542679e-11	1.7475886706e-05	100.0
-0.000753043597298	0.000309191884654	0.00073967143912	-0.0911229006122	0.0340762324691	0.0889302089901	1.12470542679e-11	1.7475886706e-05	100.0
0.000954308527668	0.000375528574432	-5.42317082639e-05	0.11364422796	0.0419355748437	-0.00664880562377	1.12470542679e-11	1.7475886706e-05	100.0
0.00127514040365	0.000229211219782	-9.20471512166e-06	0.157881686554	0.0252699829869	-0.00119769411697	1.12470542679e-11	1.7475886706e-05	100.0
-0.000636943510975	0.000378673820917	-0.000626450614514	-0.0750352075889	0.0417978730659	-0.0735604779059	1.12470542679e-11	1.7475886706e-05	100.0
0.000442417769981	0.000390240481939	0.00158609545343	0.0560086769893	0.0463193734637	0.200554525606	1.12419397828e-11	1.7467939722e-05	100.0
0.0010067409164	0.000281857092696	0.00104809117848	0.12594844258	0.0319482202542	0.131115335148	1.12419397828e-11	1.7467939722e-05	100.0
0.000912552905875	0.000335864494474	0.000730384003922	0.111746351534	0.0381969774749	0.089840530856	1.1235462441e-11	1.7457875105e-05	100.0
0.000283576831218	-0.000283260332328	0.000432945568977	0.0253587903058	-0.0337530018971	0.0376594764767	1.12275669233e-11	1.74456069e-05	100.0
0.000621671736114	-0.000366981475479	0.000404249305	0.0683109336866	-0.0473871322126	0.0435984786225	1.12275669233e-11	1.74456069e-05	100.0
0.00113207725757	0.00042291746321	0.000908197593016	0.141958749651	0.0499471839546	0.113797215149	1.12275669233e-11	1.74456069e-05	100.0
0.00119363341513	0.000156247887718	0.000506608906286	0.147972714237	0.0159183743239	0.062069680201	1.12275669233e-11	1.74456069e-05	100.0
0.00106668065864	0.000329254264125	-0.000305283023945	0.129939397147	0.0371493087647	-0.0369113011135	1.12275669233e-11	1.74456069e-05	100.0
-0.00140483352929	0.000416884068297	-0.000804636944007	-0.177716226712	0.0497091161843	-0.10173723034	1.12275669233e-11	1.74456069e-05	100.0
-0.000923568558988	-0.000288743614257	-0.000450053297757	-0.10960678243	-0.039684298264	-0.0536674114832	1.12275669233e-11	1.74456069e-05	100.0
7.44316597883e-06	0.000492397031658	-0.00133274976894	0.00142742809272	0.0587465304981	-0.166192999451	1.12275669233e-11	1.74456069e-05	100.0
-0.000831024351405	0.000400503234609	-0.000849803670301	-0.102346539601	0.0462562137389	-0.104177457931	1.12275669233e-11	1.74456069e-05	100.0
-1.80945567636e-05	0.000237128733497	0.00100745039669	-0.00274451191666	0.0251008065858	0.120193485471	1.1223925933e-11	1.743994946e-05	100.0
-0.000929277037564	0.000450121258223	0.000138298477406	-0.111100247277	0.0512790666643	0.0157487377757	1.1223925933e-11	1.743994946e-05	100.0
0.000594131556339	0.000265957874727	5.48816229495e-05	0.060143227647	0.0234899262399	0.00536860811838	1.1223925933e-11	1.743994946e-05	100.0
-0.000939498383917	0.000316763075499	-0.000786553569108	-0.115617686853	0.0360852783243	-0.097490741631	1.1223925933e-11	1.743994946e-05	100.0
-0.000142328319249	-1.88346389285e-06	0.0013107250721	-0.0177399657208	-0.00428780140635	0.161870042238	1.12131890348e-11	1.7423266263e-05	100.0
0.000830168503996	0.000299301999537	0.000972117435693	0.103077449833	0.0337215337269	0.119783961081	1.12131890348e-11	1.7423266263e-05	100.0
-0.000531868239004	9.64728110532e-05	0.000610467576067	-0.0599926395693	0.00641328295025	0.0680847206934	1.12131890348e-11	1.7423266263e-05	100.0
-6.89610832542e-05	0.000402276442635	0.0008101096092	-0.00723712782192	0.0437969192219	0.0939087865066	1.12010188738e-11	1.7404356036e-05	100.0
-0.00063208190986	0.00053021378813	0.000590824035679	-0.0747537262848	0.0609554934852	0.0705846949979	1.12010188738e-11	1.7404356036e-05	100.0
-0.000441741823803	0.000431596265962	0.00123430747327	-0.0551767861585	0.0507214234584	0.15354471593	1.12010188738e-11	1.7404356036e-05	100.0
-0.00101421046068	0.000404503095264	0.00110017991987	-0.127595094526	0.0478470447633	0.138486576203	1.12010188738e-11	1.7404356036e-05	100.0
0.000903753724551	0.000422364522786	0.000587572800339	0.109869445184	0.0484616709491	0.0716016748606	1.12010188738e-11	1.7404356036e-05	100.0
0.000557891833196	5.09247123362e-06	0.000610138871054	0.0620442175974	-0.00399159873243	0.0686215226789	1.12010188738e-11	1.7404356036e-05	100.0
-0.00150519825574	0.00043250502024	9.64954266291e-06	-0.189725683868	0.0517670763132	0.00132188018535	1.12010188738e-11	1.7404356036e-05	100.0
0.000615037113219	0.000334554324923	-0.000203371449544	0.0658657136672	0.0327172343668	-0.0217275959274	1.12010188738e-11	1.7404356036e-05	100.0
-0.000422211640222	0.000213474940783	-0.00117228096663	-0.0517679840759	0.0230432035179	-0.144569754046	1.12010188738e-11	1.7404356036e-05	100.0
0.000633432338419	0.000216024339931	-0.000293105685414	0.0683060555306	0.0193894943719	-0.030668136544	1.12010188738e-11	1.7404356036e-05	100.0
0.00120631968126	0.000448535950826	-0.000901270445088	0.152032185288	0.0536441070843	-0.113514226845	1.12010188738e-11	1.7404356036e-05	100.0
-0.000425177449434	0.000464620706002	-0.000747486042193	-0.0510250703224	0.0524233037436	-0.0874531124799	1.12010188738e-11	1.7404356036e-05	100.0
0.000437927993115	0.000244899516748	-0.000885975005057	0.0518910267298	0.0258355513755	-0.105556392269	1.12010188738e-11	1.7404356036e-05	100.0
-4.18497667026e-05	0.000209546368162	-0.000912942216964	-0.00449315569127	0.0211776773741	-0.106528824352	1.12010188738e-11	1.7404356036e-05	100.0
-0.0001512493643	-0.000286494821473	0.000641150035359	-0.0146628806216	-0.0367335962685	0.0660902524906	1.11988161753e-11	1.7400933441e-05	100.0
-0.00142047996349	0.000334629031301	0.000763649296915	-0.179400873706	0.0391114365178	0.096452972643	1.11988161753e-11	1.7400933441e-05	100.0
0.00125948546733	-0.000114711275707	-0.000396613082468	0.15553045881	-0.0185766060382	-0.0490591860158	1.11988161753e-11	1.7400933441e-05	100.0
0.000280686874048	-0.000354013867291	0.000628420845725	0.0302668387477	-0.0449626199209	0.0664035254941	1.11844382867e-11	1.7378592804e-05	100.0
0.0002490282529	-0.000257112029316	0.00116512142803	0.0303463062889	-0.0361396642032	0.141948723066	1.11844382867e-11	1.7378592804e-05	100.0
0.0012061283292	-0.000130645361412	0.000383191714439	0.148087495456	-0.0204133989637	0.0471563075086	1.11844382867e-11	1.7378592804e-05	100.0
0.00176743069372	0.000339293457444	0.000295992190202	0.224678245698	0.0399842272707	0.037782474727	1.11844382867e-11	1.7378592804e-05	100.0
-0.00101165358666	0.000310291520974	0.000419638614061	-0.122651577575	0.0345323934351	0.0508243483692	1.11844382867e-11	1.7378592804e-05	100.0
-0.00102504098155	-0.000260518640931	0.000353631188709	-0.122814078639	-0.0364119121917	0.0424681986361	1.11844382867e-11	1.7378592804e-05	100.0
-0.00074016656221	7.89945218585e-05	9.41863924337e-05	-0.0800189322244	0.00419438140972	0.0107110045157	1.11844382867e-11	1.7378592804e-05	100.0
-0.000819682111959	-0.000317404534823	0.000113938668099	-0.0923500038738	-0.0422057996377	0.0128156034655	1.11844382867e-11	1.7378592804e-05	100.0
-0.000641658495631	0.000143785621308	-0.00119009219307	-0.0797229260245	0.0143888855085	-0.147724821689	1.11844382867e-11	1.7378592804e-05	100.0
-0.00034359891444	0.000224716057011	-0.000787050780129	-0.0395402159532	0.0218520260864	-0.0903041405663	1.11844382867e-11	1.7378592804e-05	100.0
0.000335532723889	0.000298387024502	0.000531481962818	0.0350298705945	0.0282807936369	0.0558158003107	1.11783180033e-11	1.7369082992e-05	100.0
0.000287870804454	0.000263461689138	0.00103781252864	0.0349583026669	0.0285833213518	0.125435230622	1.11783180033e-11	1.7369082992e-05	100.0
-0.000464085409526	0.000483251961834	0.00108225337033	-0.0572422473685	0.0569978425826	0.133412351207	1.11783180033e-11	1.7369082992e-05	100.0
-0.00059902693857	0.000408148509563	0.000593646155506	-0.0694590499346	0.0448193090599	0.0693282631211	1.11783180033e-11	1.7369082992e-05	100.0
0.00125556062149	0.00047944058661	0.000131419574249	0.155948202635	0.0570467398616	0.0163321672133	1.11783180033e-11	1.7369082992e-05	100.0
0.000776736143678	0.000154791009228	-8.93053856414e-05	0.0862472654779	0.0136239309595	-0.0104242540659	1.11783180033e-11	1.7369082992e-05	100.0
-0.000826683850053	0.000564948620749	-0.000869783593718	-0.102174014868	0.0675064035946	-0.107845078139	1.11783180033e-11	1.7369082992e-05	100.0
0.000641243295684	0.000545663720059	-0.000786071252684	0.0775749740183	0.0640236438403	-0.0956386704531	1.11783180033e-11	1.7369082992e-05	100.0
0.000988826349585	0.000667043297007	-0.00113652980677	0.125058207456	0.0817453136741	-0.143371408501	1.11783180033e-11	1.7369082992e-05	100.0
0.000163719698311	0.000572923557708	-0.00114230463295	0.0208057940935	0.0686013422483	-0.140983387259	1.11783180033e-11	1.7369082992e-05	100.0
0.000524967664216	0.000570959087675	-0.00126341368561	0.0659334015096	0.0691740981591	-0.158386993961	1.11783180033e-11	1.7369082992e-05	100.0
0.000253391089122	0.000618306423769	-0.00120056693013	0.0316040856604	0.0744354885809	-0.149114208928	1.11783180033e-11	1.7369082992e-05	100.0
0.000342008722134	0.0003696205796	0.00117721112076	0.0418204869896	0.0424947513575	0.145161664246	1.11700603982e-11	1.7356252168e-05	100.0
0.000468091324384	0.000379246283577	-0.000913115783338	0.0567915585987	0.0429198754753	-0.109911951549	1.11700603982e-11	1.7356252168e-05	100.0
0.000237257975872	0.000352299605645	0.000707097430966	0.0267222865194	0.036689466462	0.0793793530458	1.11670430029e-11	1.7351563682e-05	100.0
-0.0012754774632	0.000436284138796	0.000224111730689	-0.158501012852	0.05156858195	0.0280521042618	1.11670430029e-11	1.7351563682e-05	100.0
-0.000682500895583	4.57215453515e-05	-6.40473351236e-05	-0.0705924536207	-0.000246388115762	-0.00650447718483	1.11670430029e-11	1.7351563682e-05	100.0
0.000943045628523	0.000461155852802	-0.000111700689507	0.112792967208	0.0529404374811	-0.0134053646784	1.11670430029e-11	1.7351563682e-05	100.0
-0.000435171110788	0.000387574121976	-0.00076486044176	-0.0506079330196	0.0427807755377	-0.0899727876923	1.11670430029e-11	1.7351563682e-05	100.0
0.000787287876017	0.000388756832172	-0.000421295905129	0.0928222592719	0.0427774174282	-0.0490561101744	1.11670430029e-11	1.7351563682e-05	100.0
0.000898540499347	0.000447980276754	-0.000954681954775	0.111612274301	0.0531238790773	-0.119171780944	1.11670430029e-11	1.7351563682e-05	100.0
-0.000356467125143	0.000535164134051	-0.00125491408876	-0.0445443995742	0.0641647369347	-0.156406266833	1.11670430029e-11	1.7351563682e-05	100.0
0.000641267160549	0.000508574752114	0.000781453574727	0.0779702704185	0.0592263590116	0.0943302172787	1.11558182925e-11	1.7334122513e-05	100.0
0.000652314135257	0.000279830928944	0.00129932126688	0.0816724633497	0.0318280990315	0.162908493177	1.11558182925e-11	1.7334122513e-05	100.0
-0.000312438536553	0.000322347665581	0.000960304432395	-0.0373634378722	0.0357910630074	0.115137310388	1.11558182925e-11	1.7334122513e-05	100.0
-0.000960696373134	0.000363415921909	0.000683880314815	-0.117864193096	0.0417933970403	0.084451107128	1.11558182925e-11	1.7334122513e-05	100.0
0.00115558809374	0.000376278469323	0.000254201332051	0.141903261346	0.0432919890007	0.0314854058157	1.11558182925e-11	1.7334122513e-05	100.0
0.000895429551324	1.87409253172e-05	3.8345592935e-05	0.102990882167	-0.00224780932378	0.00368313637902	1.11558182925e-11	1.7334122513e-05	100.0
-0.000579493091903	0.000374089347724	-0.000473122634392	-0.0651362168646	0.0394301492759	-0.0536335897604	1.11558182925e-11	1.7334122513e-05	100.0
-0.000528053137597	0.000212670153667	-0.000176633653215	-0.0503727607032	0.0169284333295	-0.0166909189439	1.11558182925e-11	1.7334122513e-05	100.0
-0.000297721612404	-0.000284180248857	0.000861417427314	-0.0347286119974	-0.0386459493197	0.099473209669	1.11556774807e-11	1.7333903717e-05	100.0
-0.000271411970351	0.000438179716865	0.00149288988089	-0.0340749694473	0.0521496911079	0.187959545568	1.11556774807e-11	1.7333903717e-05	100.0
0.00114845446767	0.000224453906375	0.000524708509591	0.141589215459	0.0242599133503	0.0644731265348	1.11556774807e-11	1.7333903717e-05	100.0
-0.000782531259985	0.000346912446956	0.00115004280706	-0.097749045009	0.0405409016816	0.14366461822	1.11556774807e-11	1.7333903717e-05	100.0
-0.000556856414688	-0.000303530587505	0.000362121745881	-0.0575202632001	-0.0388769611259	0.0375793289966	1.11556774807e-11	1.7333903717e-05	100.0
0.00129379299554	0.000229051138654	0.000148376496859	0.160025147588	0.0248357950708	0.018231521792	1.11556774807e-11	1.7333903717e-05	100.0
-0.00121067018048	0.000576330682352	0.000610928097602	-0.151719886545	0.0698087270535	0.0762869356272	1.11556774807e-11	1.7333903717e-05	100.0
-0.00109832293195	0.000126426984619	0.000579442037419	-0.134694226155	0.011706590421	0.0713120186893	1.11556774807e-11	1.7333903717e-05	100.0
0.00137820913577	0.000547588375367	-0.000409162143883	0.173103680887	0.066014847478	-0.051455042911	1.11556774807e-11	1.7333903717e-05	100.0
0.000831579324344	-0.000222804654759	-0.000210603482747	0.0941340734498	-0.0310114408648	-0.023650024772	1.11556774807e-11	1.7333903717e-05	100.0
-0.00042503592143	-8.4212858265e-05	-0.00123335894393	-0.0520661384591	-0.0145832436424	-0.152159279417	1.11556774807e-11	1.7333903717e-05	100.0
-0.000197938190667	-0.000304932095447	-0.00101634771671	-0.0234815745536	-0.0416902238607	-0.120872814267	1.11556774807e-11	1.7333903717e-05	100.0
0.000863876398008	0.000369886830542	0.000946272028389	0.107215757095	0.0428461161157	0.117270919518	1.11446438719e-11	1.7316759486e-05	100.0
-0.0005526604353	0.000150719916163	0.00063132654207	-0.0627241182996	0.0132420763237	0.0717470465514	1.11446438719e-11	1.7316759486e-05	100.0
0.000957207729762	0.000393611953021	0.000176013497183	0.114530022438	0.0441794966633	0.0204679957849	1.11446438719e-11	1.7316759486e-05	100.0
-0.000629816218721	0.000454900767067	-0.000458252280639	-0.0721794916549	0.0501574270646	-0.0536114591768	1.11446438719e-11	1.7316759486e-05	100.0
-0.00101927284858	-0.000157720757265	-0.000747662563957	-0.125083971017	-0.0238520347116	-0.0921852613411	1.11412995921e-11	1.7311563081e-05	100.0
0.000379100875251	-0.000232231161209	-0.000849998461375	0.0446199163277	-0.0322541560169	-0.0983379489444	1.11412995921e-11	1.7311563081e-05	100.0
-0.000688560260103	0.000406090878886	0.00109699108451	-0.0854157903947	0.0474562687051	0.136281361054	1.11335147123e-11	1.7299466787e-05	100.0
0.000268417270106	0.000553193283559	0.00113043603541	0.0332750686315	0.0659653629473	0.139450001289	1.11335147123e-11	1.7299466787e-05	100.0
0.000588515682443	0.000438147011975	0.000461987310853	0.0669700523699	0.0474836519144	0.0527822581385	1.11335147123e-11	1.7299466787e-05	100.0
0.00047073761838	0.000132869677195	0.000902326676632	0.0559219217476	0.0121959511039	0.107593753605	1.11335147123e-11	1.7299466787e-05	100.0
-0.00130505834566	0.00056731310177	-1.63397981292e-05	-0.162746672342	0.0682216842687	-0.00204707884776	1.11335147123e-11	1.7299466787e-05	100.0
0.000949076318771	0.00053828316541	0.000340205725475	0.115260073054	0.0629324894714	0.0409533989448	1.11335147123e-11	1.7299466787e-05	100.0
-0.00133816482409	0.000554536909709	-0.000202753980488	-0.167578458391	0.067009045814	-0.0250568872	1.11335147123e-11	1.7299466787e-05	100.0
0.00123527028336	0.000439193982639	-0.000296208722675	0.153285783301	0.0517262759483	-0.0372757463408	1.11335147123e-11	1.7299466787e-05	100.0
0.000867471459472	0.000311548992288	-0.000201812230273	0.10143265843	0.0335257352018	-0.0239176077992	1.11335147123e-11	1.7299466787e-05	100.0
-0.000675034700878	0.00033216420567	-0.00100361079484	-0.082821415182	0.0377166960855	-0.123421472276	1.11335147123e-11	1.7299466787e-05	100.0
0.00103094798688	0.000300635917875	-0.000505058200337	0.125627434891	0.0336279149951	-0.0619509065282	1.11335147123e-11	1.7299466787e-05	100.0
-0.00037278157655	0.000370867490415	-0.000687505007583	-0.0426635261684	0.0393840303515	-0.078262392041	1.11335147123e-11	1.7299466787e-05	100.0
0.000849339385684	0.000432013008946	0.000660020059163	0.103546992099	0.0496058942064	0.0799352519849	1.11114022339e-11	1.7265107997e-05	100.0
0.000761327240067	0.000287778573482	0.00116307066461	0.0951285343936	0.0327054362207	0.145322920716	1.11114022339e-11	1.7265107997e-05	100.0
0.000182055297121	4.97452277929e-05	0.000810884265614	0.0209984862204	0.00114277806709	0.0910146008467	1.11114022339e-11	1.7265107997e-05	100.0
-0.0011755061999	0.000589405845133	0.000312969141178	-0.145755786939	0.0706287506483	0.0389567693981	1.11114022339e-11	1.7265107997e-05	100.0
-0.000373507242246	0.000158971924151	0.000436971631729	-0.0366453263051	0.0107758437878	0.0409164184957	1.11114022339e-11	1.7265107997e-05	100.0
-0.000844615120515	0.000192977322584	0.000368071681237	-0.0990114112272	0.0188993682209	0.0423255793481	1.11114022339e-11	1.7265107997e-05	100.0
0.00130093715385	0.000532980002923	0.00044696056726	0.162756076726	0.0639848700877	0.0560066836814	1.11114022339e-11	1.7265107997e-05	100.0
0.00126096061306	0.000469877812866	0.000455766850718	0.157670397489	0.0562354840629	0.0567180421764	1.11114022339e-11	1.7265107997e-05	100.0
-0.00087666988585	0.000529832569816	-0.000431257531729	-0.105674612354	0.0614998729942	-0.0523547205673	1.11114022339e-11	1.7265107997e-05	100.0
-0.00123293602039	0.000496761619783	-0.000407200930494	-0.153631776991	0.0594169515431	-0.0510037280824	1.11114022339e-11	1.7265107997e-05	100.0
0.00044386239321	0.000267545481956	-0.000373882237536	0.0443609526231	0.0230332790165	-0.0372055494192	1.11114022339e-11	1.7265107997e-05	100.0
0.000693833917183	0.000603691452394	-0.00102034105917	0.0863082798866	0.0726538969587	-0.126740037936	1.11114022339e-11	1.7265107997e-05	100.0
4.72151254029e-05	0.000564750891418	-0.00129743573489	0.0058171092953	0.0678518660333	-0.161736521101	1.11114022339e-11	1.7265107997e-05	100.0
-0.000675957455991	0.000426254067639	0.00111079506608	-0.0844759757183	0.0498540221408	0.137760594467	1.11004138861e-11	1.7248034094e-05	100.0
-0.000695985246466	0.000559073380421	0.00101268621138	-0.085975486007	0.0668633609143	0.12590520002	1.11004138861e-11	1.7248034094e-05	100.0
0.00120395630083	0.000519122373464	0.000508905842154	0.15037432331	0.0619712074891	0.0630044257382	1.11004138861e-11	1.7248034094e-05	100.0
0.000520417409958	0.000185273737409	0.000466724370028	0.0558116698449	0.0160776580829	0.0493605194605	1.11004138861e-11	1.7248034094e-05	100.0
-0.00137157038927	0.00062087789186	-0.000155026040748	-0.172015141869	0.0752815692459	-0.0194344731011	1.11004138861e-11	1.7248034094e-05	100.0
-0.000757708493307	0.000187479500703	0.000191085841899	-0.0842254855596	0.0170909501831	0.0217044653093	1.11004138861e-11	1.7248034094e-05	100.0
0.000877683231423	0.000363571821942	-0.000373149103331	0.10403300145	0.0400007382427	-0.044709010709	1.11004138861e-11	1.7248034094e-05	100.0
0.000765994507166	0.000284932290356	-0.000405435655977	0.0885621665869	0.0299186931415	-0.0475169527323	1.11004138861e-11	1.7248034094e-05	100.0
-0.000894154539861	0.000536766576491	-0.00132737395185	-0.113332734287	0.0653213201919	-0.167960926461	1.11004138861e-11	1.7248034094e-05	100.0
-0.000197149251082	0.000184940214767	-0.000693019488211	-0.0219575215731	0.0161743739229	-0.0748221727655	1.11004138861e-11	1.7248034094e-05	100.0
4.71166817731e-05	-0.00028596749606	0.000763461812161	0.00509820013614	-0.0378027144273	0.0835627806441	1.10981407816e-11	1.7244502101e-05	100.0
-0.000110680820813	0.000551717450414	0.00175621288566	-0.0142513479519	0.0673601719356	0.22330711544	1.10981407816e-11	1.7244502101e-05	100.0
-0.000148877067132	0.000433021090968	0.00121624993938	-0.0183649597999	0.0509159394346	0.15046180776	1.10981407816e-11	1.7244502101e-05	100.0
-0.000819705682348	-0.000341547114093	7.42426037218e-05	-0.092455378527	-0.0447922119898	0.00775320991259	1.10981407816e-11	1.7244502101e-05	100.0
0.000761495312313	0.000133559370655	-0.000354018107037	0.0864985615626	0.0114421661211	-0.0396093127926	1.10981407816e-11	1.7244502101e-05	100.0
-0.00121967823142	0.00052415372739	-0.000827626444352	-0.153535224519	0.0633022344876	-0.103866807151	1.10981407816e-11	1.7244502101e-05	100.0
-0.000846425314729	-0.000300905536679	-0.00023482040214	-0.0971375278616	-0.0403229029535	-0.0263559736569	1.10981407816e-11	1.7244502101e-05	100.0
-0.00124536436801	6.56541200964e-05	-0.000929801540818	-0.156748144934	0.00434061536955	-0.11657873738	1.10981407816e-11	1.7244502101e-05	100.0
-0.000987088106997	-0.000285537806167	-0.000554916373599	-0.119354687052	-0.0396542521877	-0.0672640112229	1.10981407816e-11	1.7244502101e-05	100.0
0.000430892764726	-0.000124191760866	-0.0012204029154	0.0535580150801	-0.0195800902271	-0.150141051778	1.10981407816e-11	1.7244502101e-05	100.0
0.000152864047737	-0.000264567391867	-0.000445526724913	0.0116846282776	-0.0305100178104	-0.0356324922879	1.10981407816e-11	1.7244502101e-05	100.0
-0.000188517807206	0.000437512536915	-0.000797729864948	-0.0223206446079	0.0480356119953	-0.0925203220744	1.10981407816e-11	1.7244502101e-05	100.0
0.000421370169288	0.000350386695745	0.000502448216103	0.0451688406131	0.0349705000964	0.0543247353834	1.10894657702e-11	1.7231022703e-05	100.0
0.000305868893487	0.000138647486043	0.00082622507347	0.0349032356294	0.0117394358319	0.0948732354474	1.10894657702e-11	1.7231022703e-05	100.0
-0.000598763894706	0.000343241781616	9.57912450622e-05	-0.0626021748617	0.0329884650104	0.0101401931433	1.10894657702e-11	1.7231022703e-05	100.0
0.00116110912854	0.000614933774295	0.000333752291202	0.14391269595	0.0739336377901	0.0416923542268	1.10894657702e-11	1.7231022703e-05	100.0
0.000720381373851	3.21128021831e-05	0.00021492733435	0.0778308649131	-0.00133872164365	0.0236888334388	1.10894657702e-11	1.7231022703e-05	100.0
-0.00104417488103	0.000476244869159	-0.000703874977747	-0.129387672755	0.056480367361	-0.087448790524	1.10894657702e-11	1.7231022703e-05	100.0
-0.000478746378053	-0.000288235690102	-5.72925850274e-05	-0.0394399018243	-0.033301493456	-0.00599822517465	1.10693598596e-11	1.7199781757e-05	100.0
0.000388683622982	0.000116789486282	-0.000755559064184	0.0434879188724	0.00916268464504	-0.0863588500732	1.10693598596e-11	1.7199781757e-05	100.0
-0.000955175486198	0.00040663412502	-0.000971566965692	-0.119015124841	0.0481305518907	-0.121699957158	1.10693598596e-11	1.7199781757e-05	100.0
-0.000699963954166	-0.000367392599472	-9.05165027994e-05	-0.0751790288564	-0.0468343306151	-0.00944767687908	1.10693598596e-11	1.7199781757e-05	100.0
0.000256676087396	0.000384808891314	-0.00115773331665	0.0314301178116	0.0444910719825	-0.142187648334	1.10693598596e-11	1.7199781757e-05	100.0
6.34602715064e-05	0.000418649696549	0.000634978287649	0.00792010037642	0.0432518507855	0.0691603493797	1.10677103502e-11	1.7197218718e-05	100.0
-0.00022352921679	0.000616830550249	0.00116530942796	-0.0273530086082	0.0742075541303	0.144320489233	1.10677103502e-11	1.7197218718e-05	100.0
-0.00100616113228	0.000403370443875	0.000787435972042	-0.124755853268	0.0469094029867	0.09764221486	1.10677103502e-11	1.7197218718e-05	100.0
-0.000572211781514	0.000225422700251	-0.000743056270319	-0.0671194874309	0.0230422882422	-0.0874101181584	1.10677103502e-11	1.7197218718e-05	100.0
0.000852855880388	0.000409423688014	-0.000373312375635	0.101447570845	0.0456647088617	-0.0441665721508	1.10677103502e-11	1.7197218718e-05	100.0
0.000874219755188	0.000277313877643	-0.00104721192091	0.108817426531	0.0313615225933	-0.130686864701	1.10677103502e-11	1.7197218718e-05	100.0
-0.000162590854871	0.000222236435682	-0.00144615921435	-0.0199933609941	0.0245795375769	-0.181211284181	1.10677103502e-11	1.7197218718e-05	100.0
0.000141374399315	0.000402267425321	0.0013030961938	0.0176060170197	0.0471049969071	0.161985077433	1.10461259159e-11	1.7163680414e-05	100.0
-0.000941174606438	0.000521260241246	0.000410506387368	-0.114174493937	0.0609179728336	0.050238804007	1.10461259159e-11	1.7163680414e-05	100.0
-0.00034271549603	0.000270896257255	0.00107700107726	-0.0420464729254	0.0297885447318	0.130898663136	1.10461259159e-11	1.7163680414e-05	100.0
-0.00120213127318	0.000628034235196	0.000809509049917	-0.151304259731	0.0765109144568	0.101952335105	1.10461259159e-11	1.7163680414e-05	100.0
0.000964297266298	0.000481917689294	1.19529762177e-05	0.115752665866	0.0552122451644	0.00137014425582	1.10461259159e-11	1.7163680414e-05	100.0
-0.00127927682249	0.000406768778113	-0.00077871485981	-0.161369732212	0.0483447574438	-0.0975648039497	1.10461259159e-11	1.7163680414e-05	100.0
-0.000793413288602	0.000230615001481	-0.000845449429783	-0.0965434679336	0.0249987375329	-0.103825191957	1.10461259159e-11	1.7163680414e-05	100.0
0.00071994578864	-0.000409662076073	0.000352081773387	0.0808442264902	-0.0531398844202	0.0401940059826	1.10405688796e-11	1.7155045785e-05	100.0
0.00133951226453	8.33958767168e-05	-0.000215097316769	0.166065219802	0.0065247395096	-0.0268847997749	1.10405688796e-11	1.7155045785e-05	100.0
0.000751039451927	-0.000229379514163	-0.000207436002363	0.0822292637969	-0.0313358763374	-0.0230895542552	1.10405688796e-11	1.7155045785e-05	100.0
-0.000728733789123	0.000263211543839	-0.000398925120015	-0.0834332837142	0.0269791786166	-0.0454828183838	1.10405688796e-11	1.7155045785e-05	100.0
-0.000370374196616	-0.000292700538083	-0.000829694926333	-0.0430374874158	-0.0395489431025	-0.0957314883453	1.10405688796e-11	1.7155045785e-05	100.0
-0.000330816668502	0.00033666275889	0.000586618399135	-0.0356661513798	0.0334707252155	0.0637282111004	1.10353940467e-11	1.7147005031e-05	100.0
1.19527699869e-05	0.000519300602933	0.00149638519781	0.00126087659754	0.062651843107	0.188456093132	1.10353940467e-11	1.7147005031e-05	100.0
-0.000572490635664	0.000386776320634	0.000178962076056	-0.0607628243379	0.0385512856459	0.0182213809229	1.10353940467e-11	1.7147005031e-05	100.0
0.00127492740116	0.000521860488834	5.10646252407e-06	0.15855256343	0.0622630879906	0.00109460565711	1.10353940467e-11	1.7147005031e-05	100.0
-0.000806725703884	0.0002508362883	-0.000915266344764	-0.0991040570042	0.0276587539377	-0.112454853211	1.10353940467e-11	1.7147005031e-05	100.0
0.00031470683817	0.000323744844231	-0.00113133371096	0.0393171005936	0.0368661893111	-0.138742196405	1.10353940467e-11	1.7147005031e-05	100.0
-0.000235958970838	-0.000280366363624	0.000838663059527	-0.0274163704259	-0.0379607846644	0.0954904629072	1.10261658461e-11	1.7132666078e-05	100.0
0.000525998396747	0.000446464990768	0.00121997586848	0.06541408006	0.0527924770054	0.151941518745	1.10261658461e-11	1.7132666078e-05	100.0
0.000705171162038	-0.000353796014618	0.000368184720974	0.0788021044371	-0.0463223905961	0.0410260568155	1.10261658461e-11	1.7132666078e-05	100.0
-0.000976429262572	0.0002596438037	0.000698479589723	-0.119857311068	0.0286572280265	0.0856312068846	1.10261658461e-11	1.7132666078e-05	100.0
-0.000878882132512	-0.000274037717751	0.000422533630307	-0.103069769677	-0.0376944736697	0.049699138875	1.10261658461e-11	1.7132666078e-05	100.0
0.00137227883044	0.000278353024887	-0.000278908515588	0.171182784579	0.03138245071	-0.0347470880457	1.10261658461e-11	1.7132666078e-05	100.0
0.000594271576033	-0.000330830958605	-0.00023077502055	0.0604602172119	-0.0416697116419	-0.0237481919688	1.10261658461e-11	1.7132666078e-05	100.0
-0.000658035778139	-0.000308685899291	-0.000801112023114	-0.0782273240829	-0.0421216562826	-0.0954427515665	1.10261658461e-11	1.7132666078e-05	100.0
4.79876725892e-05	-0.000307591783771	-0.000840669282868	0.00548271766489	-0.040983189477	-0.0951832648017	1.10261658461e-11	1.7132666078e-05	100.0
0.00026272236066	0.000377774901438	-0.00063069475793	0.0285747053615	0.0385992506506	-0.0695939900939	1.10247074384e-11	1.7130399976e-05	100.0
