# x[AU] y[AU] z[AU] vx[AU/yr/2pi] vy[AU/yr/2pi] vz[AU/yr/2pi] m[MSUN] m[mtot] wf[%]
-4.64452260701e-07	3.41763414284e-07	-6.30112434563e-07	-5.96181718508e-05	0.00011694799509	-8.34850942357e-05	6.41194582307e-07	0.992723942164	18.3049330286
0.000362943141951	0.000127106811568	-0.000667169286782	0.0398186125089	0.00938066810985	-0.0729998209249	2.63836567813e-11	4.0848267422e-05	100.0
0.000138947279542	7.82662894412e-05	-0.000581012606685	0.0130322129273	0.00232252737774	-0.0556204465512	2.63246717325e-11	4.0756944333e-05	100.0
0.000511170486767	9.65324500839e-05	-0.000289199854113	0.0478786174025	0.004916852141	-0.0286675140444	1.48928422355e-11	2.305771362e-05	100.0
4.71747612073e-05	0.000145763494393	0.000560992289839	0.00422696481926	0.00966245174153	0.0526749095759	1.47808415515e-11	2.2884309534e-05	100.0
-0.000471761018909	3.44743203721e-05	-0.000322627572352	-0.0432404201727	-0.00223580493716	-0.0296979714652	1.45431412091e-11	2.2516292044e-05	100.0
0.000470384066008	-3.98272114925e-06	0.000382941427949	0.0444390959714	-0.00571042218533	0.0371727962067	1.45274004637e-11	2.2491921571e-05	100.0
-0.000582715981639	5.3363337354e-05	0.000188694875963	-0.0565769586974	0.000669962328946	0.018078908064	1.45116697763e-11	2.2467566671e-05	100.0
0.000421500244716	0.000121657650793	-0.000344354140329	0.0382245695953	0.00645344028529	-0.0306857468586	1.44959541758e-11	2.2443235129e-05	100.0
-0.000420400148456	0.000152189616847	-0.000398574293925	-0.0398092890768	0.0103415129167	-0.0385188470658	1.44959541758e-11	2.2443235129e-05	100.0
-0.000593100344008	5.77270503904e-05	-0.000247879219373	-0.0596420812171	0.00121043831941	-0.0242835114518	1.44959541758e-11	2.2443235129e-05	100.0
0.000313911470092	0.000123666813728	-0.000564687843254	0.0314031134385	0.00806421159925	-0.0577188835357	1.44331973829e-11	2.234607247e-05	100.0
-0.000287949972787	7.83465501424e-05	0.000589831001204	-0.0283352198517	0.00321555166726	0.0604985383137	1.44018919068e-11	2.2297604038e-05	100.0
-0.000372615504841	5.72408857067e-05	0.000403134341631	-0.033461281252	0.000130054430029	0.0353091406954	1.44018919068e-11	2.2297604038e-05	100.0
-7.71122418188e-05	0.00012345119082	-0.000604514704714	-0.00706972312156	0.00798456198956	-0.059261512235	1.44018919068e-11	2.2297604038e-05	100.0
-0.000239435360807	6.60484925304e-05	-0.000736886851692	-0.0260125953964	0.00305415455464	-0.0811875885098	1.44018919068e-11	2.2297604038e-05	100.0
-0.000638163102404	0.000164892476234	-0.000130230121725	-0.0656770224402	0.0128726429295	-0.0139074827302	1.43706266627e-11	2.2249197896e-05	100.0
-0.000368542816231	0.000230075061998	-0.000400225735178	-0.0348484550868	0.0182361435798	-0.038018822648	1.43550116421e-11	2.2225022076e-05	100.0
-0.000121031117096	4.06321522042e-05	0.000567401727764	-0.0114383625519	-0.00154538974869	0.0527335165273	1.43082319572e-11	2.2152595835e-05	100.0
-0.000224395643941	4.59147673798e-05	0.000546799624007	-0.0205559305903	-0.00127870938747	0.0520078205307	1.43082319572e-11	2.2152595835e-05	100.0
0.000482064201185	0.000137711451364	-0.000303982658972	0.0447916968495	0.00879836538182	-0.0292382556783	1.43082319572e-11	2.2152595835e-05	100.0
-0.000527101696341	0.000223008382057	0.000164905205352	-0.0500222710849	0.0178024071339	0.0165959946727	1.43082319572e-11	2.2152595835e-05	100.0
0.000568961010927	0.000144438932967	-0.000466029918406	0.061302246865	0.0116836213449	-0.0511029005222	1.43082319572e-11	2.2152595835e-05	100.0
-0.000266873953334	5.82218979471e-05	0.000518388321258	-0.0246026146807	0.00107438945747	0.0485563807454	1.42771024959e-11	2.2104399917e-05	100.0
0.000220034552557	9.42930048402e-05	0.000526775485074	0.0196817143274	0.00410072697169	0.0493470297167	1.42771024959e-11	2.2104399917e-05	100.0
-0.000388263829941	0.000137858768427	0.000396407108333	-0.0355430832272	0.00837445946495	0.0366619897454	1.42771024959e-11	2.2104399917e-05	100.0
-0.000540963804186	0.000142296989559	0.000477020944517	-0.0580239664769	0.0112478530552	0.0515658477807	1.42771024959e-11	2.2104399917e-05	100.0
0.00060023185455	7.31580293074e-06	-2.99579712153e-05	0.0569386541574	-0.00491041289428	-0.00237273692494	1.42771024959e-11	2.2104399917e-05	100.0
0.000536879716317	9.8619958927e-05	-9.38343097887e-05	0.0479151362803	0.00422021734044	-0.00875433556309	1.42771024959e-11	2.2104399917e-05	100.0
0.000281061334318	6.52864976025e-05	0.000618718618085	0.029112742549	0.00222693938472	0.0639373340516	1.421495924e-11	2.2008187161e-05	100.0
-0.000730481308381	0.000314674497115	1.55296693264e-05	-0.0813342576918	0.0320672130587	0.00237839928178	1.421495924e-11	2.2008187161e-05	100.0
-0.000578250933895	7.35494902001e-05	-1.17333968417e-05	-0.0538584914136	0.00160665953036	-0.00148184862667	1.421495924e-11	2.2008187161e-05	100.0
2.21957868515e-05	1.93882380399e-05	0.000577161025588	0.00150382519946	-0.00388766045104	0.0531919549661	1.41839454455e-11	2.1960170323e-05	100.0
-0.000207047721883	7.24750187638e-05	0.00063766838928	-0.0213704383854	0.00287523450136	0.0654236033386	1.41839454455e-11	2.1960170323e-05	100.0
-0.000539403043088	2.71632218833e-05	0.000370367919361	-0.0545807757551	-0.0025104547172	0.0371952228335	1.41839454455e-11	2.1960170323e-05	100.0
0.000862689446689	0.000251817287149	-4.35149520026e-05	0.099900547189	0.0258004138448	-0.00542018392687	1.41839454455e-11	2.1960170323e-05	100.0
-0.000671964725164	0.000151184954626	-0.000256586922945	-0.0722190271917	0.0120285354181	-0.0281396245223	1.41529718829e-11	2.1912215774e-05	100.0
-0.000526911307121	7.95818761543e-05	-0.000248484220738	-0.049477612514	0.00251982582953	-0.0236140271411	1.41375027031e-11	2.188826575e-05	100.0
0.000302174757177	3.95583045635e-05	-0.000512480865418	0.0290480208695	-0.00141830471437	-0.0482603895963	1.41375027031e-11	2.188826575e-05	100.0
-0.000312352477207	0.000233929420909	0.00079781719714	-0.0359898431303	0.0235387787685	0.0921071609394	1.41220385523e-11	2.1864323513e-05	100.0
-0.000906642768813	0.000165756589916	0.000230908381686	-0.10631192672	0.015745373895	0.0274269869203	1.41220385523e-11	2.1864323513e-05	100.0
-0.000664073237508	6.72460482621e-05	5.46349827498e-05	-0.0679669417877	0.00223261184524	0.00553208945622	1.41220385523e-11	2.1864323513e-05	100.0
0.000362035577088	0.000101736231577	0.000547033920483	0.0370001111787	0.00575880562701	0.0558445322636	1.41065844594e-11	2.1840396848e-05	100.0
-0.000619336252698	7.91602123118e-05	-0.000167818046056	-0.0620127758894	0.00321701900476	-0.0171640367205	1.41065844594e-11	2.1840396848e-05	100.0
-0.000609825920985	8.51042510527e-06	1.34640446042e-05	-0.0584369757984	-0.00426898401054	0.00156319150772	1.40911404245e-11	2.1816485755e-05	100.0
0.000236280777364	0.000137617095729	0.000534866262993	0.0234196628233	0.00887531528353	0.050896235015	1.40602774998e-11	2.17687025e-05	100.0
0.000125139668589	3.97986889629e-06	0.000612393492142	0.0120073275566	-0.00482191949337	0.0597786222733	1.4029449778e-11	2.1720973748e-05	100.0
0.000565437743553	2.35624314377e-05	-2.6723972362e-05	0.0513004909734	-0.00327729215498	-0.00312107797023	1.4029449778e-11	2.1720973748e-05	100.0
-0.00012933355016	5.93873964217e-05	-0.000591328729641	-0.0120812099696	0.00035062378486	-0.0568609506587	1.4029449778e-11	2.1720973748e-05	100.0
-0.000146838579241	0.000154360071503	0.000645931675062	-0.0153123627297	0.0118059711263	0.0668973059874	1.39986522301e-11	2.1673291712e-05	100.0
0.000505063630655	6.26526397692e-06	0.000224330407271	0.0447705146821	-0.00518428151989	0.0195226855043	1.39986522301e-11	2.1673291712e-05	100.0
3.87111423819e-05	0.00015910073694	0.00059763462386	0.00447592399016	0.0108616901759	0.058763496169	1.39832685432e-11	2.1649474052e-05	100.0
0.000554556503825	5.30517485053e-05	9.39700040597e-05	0.0504072086356	-0.000282059673186	0.0078139518756	1.39832685432e-11	2.1649474052e-05	100.0
0.000816069337276	0.000175122435884	0.000102989578781	0.0923779671534	0.0160397737625	0.0121121967832	1.39832685432e-11	2.1649474052e-05	100.0
-0.000340116407673	0.000150955258523	-0.000554385214856	-0.0351365088974	0.0114997049722	-0.0565836843403	1.39832685432e-11	2.1649474052e-05	100.0
0.000217166144217	0.000217015696728	-0.000523703415874	0.0213251453337	0.0170863355051	-0.0506224581538	1.39525263142e-11	2.1601877663e-05	100.0
-0.000696203679656	0.000123001047835	0.000135685720746	-0.074389276834	0.00839215737208	0.0138423163348	1.39371627432e-11	2.1578091148e-05	100.0
0.000296028378324	0.000158296635542	0.000659345350335	0.0317069074539	0.0130995084594	0.0711661133595	1.39064657752e-11	2.1530564834e-05	100.0
-0.000494938899201	0.000100265569509	0.000300459324379	-0.046219411616	0.00446410165368	0.0288770599976	1.39064657752e-11	2.1530564834e-05	100.0
0.000635722891155	0.000112565700148	-0.000185810472843	0.0654359474014	0.00715698842522	-0.0190116254328	1.39064657752e-11	2.1530564834e-05	100.0
0.000856448031783	0.000111966826858	-0.000252274643586	0.0992734500715	0.00882115556157	-0.0284939183681	1.39064657752e-11	2.1530564834e-05	100.0
3.12581323064e-06	-9.44205408801e-05	-0.000631586478744	0.000623137318094	-0.0151129015851	-0.0619881635951	1.39064657752e-11	2.1530564834e-05	100.0
0.000536001640664	5.0792866382e-05	0.000247290497404	0.050185923436	-0.000707049255865	0.0239373468668	1.3845157332e-11	2.1435644569e-05	100.0
0.00049361138324	8.21856422586e-05	0.000280043348558	0.0451660904093	0.00223015975837	0.0264554350945	1.3845157332e-11	2.1435644569e-05	100.0
0.000649695152579	0.000104062534655	0.000120747571402	0.0665013925396	0.00592824025492	0.0125838890918	1.3845157332e-11	2.1435644569e-05	100.0
-0.000151391450219	-1.9210261833e-05	0.000684506551001	-0.0157120254397	-0.00736987062019	0.0715061679446	1.38145508859e-11	2.1388258405e-05	100.0
0.000705315956746	0.000265726615185	-0.000215483401302	0.0780561434631	0.0259470537751	-0.0240358978245	1.38145508859e-11	2.1388258405e-05	100.0
0.000661266672508	-4.33876721983e-05	-0.000288943896633	0.069877775887	-0.00986307994294	-0.0308794033245	1.38145508859e-11	2.1388258405e-05	100.0
-0.000726411154527	6.88673240454e-05	0.000148452740685	-0.0787307394413	0.00295919404134	0.0154835523698	1.37992526918e-11	2.1364573109e-05	100.0
0.000890191680917	0.000151738091991	-0.000164473094369	0.103423554378	0.0139531637133	-0.0190061507832	1.37839695847e-11	2.1340911171e-05	100.0
0.000159809308924	3.85071054297e-05	0.00054278455091	0.0149797802416	-0.00231475134316	0.0491187049131	1.37686864775e-11	2.1317249233e-05	100.0
0.000362035196902	0.000108162098272	0.000479097250754	0.0348264649254	0.0058424726643	0.0465589202643	1.37686864775e-11	2.1317249233e-05	100.0
-0.000702566448561	0.000155343376562	-0.000396407727246	-0.0790150395924	0.0131386644037	-0.0442767768835	1.37534134284e-11	2.1293602867e-05	100.0
-0.000639506996753	0.000138379215962	-0.000328588133187	-0.0687584932239	0.010517972684	-0.0352219512814	1.37534134284e-11	2.1293602867e-05	100.0
-0.000411119231619	2.54907095767e-05	-0.000449312407733	-0.0391159875891	-0.00265895465369	-0.0432103038249	1.37534134284e-11	2.1293602867e-05	100.0
-0.000481356617879	3.40514055806e-05	-0.000433044499369	-0.0480320106328	-0.00101336242962	-0.0434365335945	1.37534134284e-11	2.1293602867e-05	100.0
1.17542302619e-05	0.000138145800333	0.00070708234753	0.00118342437731	0.0103216680927	0.0753263011466	1.37381454083e-11	2.1269964288e-05	100.0
0.000805865377401	0.000138337313019	-7.8905773971e-05	0.0905989581588	0.0113535607556	-0.00898986052092	1.37381454083e-11	2.1269964288e-05	100.0
-8.20119500671e-05	0.000174728465049	0.000608978566224	-0.00845140239725	0.013001619803	0.0609867184226	1.37228824171e-11	2.1246333494e-05	100.0
0.000591336541557	9.22791839911e-05	0.000421831840004	0.0632087530894	0.00535647140964	0.0455396416267	1.37228824171e-11	2.1246333494e-05	100.0
0.000189740146402	0.000281543664278	-0.000512752778339	0.0192149914519	0.0240409466064	-0.0501202239898	1.37228824171e-11	2.1246333494e-05	100.0
-0.0003366530391	5.47970818946e-05	0.000642741031728	-0.0357246935186	0.000858218703658	0.0687314119734	1.36618958295e-11	2.115191154e-05	100.0
-0.000474165710321	9.92635849261e-05	0.000780389853637	-0.0547856228293	0.00730413309754	0.0909220564902	1.36618958295e-11	2.115191154e-05	100.0
-0.000469026163017	0.000211701287323	0.000588704604925	-0.0516954074719	0.019569845272	0.0652260098994	1.36618958295e-11	2.115191154e-05	100.0
-0.000586963068285	0.000205318906849	0.000678208231142	-0.0679949161867	0.020367701508	0.0792444876603	1.36618958295e-11	2.115191154e-05	100.0
-0.000337667122578	8.3115011155e-05	-0.000466390873075	-0.0311475317211	0.00248815350419	-0.0436992379693	1.36618958295e-11	2.115191154e-05	100.0
-0.000278451558482	0.000191604233789	-0.000722522529995	-0.0309988430044	0.0176024830671	-0.0803464457237	1.36618958295e-11	2.115191154e-05	100.0
-4.63588945962e-05	1.68297675697e-05	0.000721185463571	-0.00458836275463	-0.00309867858418	0.0764894407349	1.36314352241e-11	2.1104751172e-05	100.0
0.000652683389417	1.57661210976e-05	0.000451383969244	0.0720304257825	-0.00275462093781	0.0499614966323	1.36314352241e-11	2.1104751172e-05	100.0
0.000328189467626	0.000271276482801	0.000749426712328	0.0376794213022	0.0273152409324	0.0856272378511	1.36314352241e-11	2.1104751172e-05	100.0
0.000442334162822	0.000182020657745	0.000520407010332	0.0473528227015	0.014918572048	0.0546406914749	1.36314352241e-11	2.1104751172e-05	100.0
-0.000640775430415	3.18036289844e-05	0.000226294865766	-0.0660266769779	-0.0016810309475	0.0229217780515	1.36314352241e-11	2.1104751172e-05	100.0
0.000378309033044	4.28352589506e-06	0.00055067330451	0.0388355745232	-0.0047643522915	0.0557240189671	1.36162174939e-11	2.1081190454e-05	100.0
0.000659076454101	0.000134497930818	0.000350696878943	0.0717490074009	0.0102268655332	0.0382968326143	1.36162174939e-11	2.1081190454e-05	100.0
0.000844666845449	0.000312324604069	0.00030076114574	0.0990259070589	0.0333661091814	0.0358245770473	1.36162174939e-11	2.1081190454e-05	100.0
0.000108508832573	0.000467957538362	-0.000545873181115	0.0119190098082	0.0479420018212	-0.0583070702451	1.36162174939e-11	2.1081190454e-05	100.0
0.000746826180595	0.000115564487704	0.000397857955107	0.0848670978232	0.00938660465271	0.0452637770572	1.36009997636e-11	2.1057629735e-05	100.0
0.000734782892602	0.000359501026314	-5.43363501055e-05	0.0826814614972	0.0373191987488	-0.0061345302192	1.36009997636e-11	2.1057629735e-05	100.0
0.000525756457488	-3.65693499266e-05	-0.00016107147743	0.0459413365147	-0.0092196299741	-0.0142778114319	1.36009997636e-11	2.1057629735e-05	100.0
-7.33471534097e-06	8.43075993728e-06	0.000580589814077	-0.000697724502502	-0.00468706781734	0.0535920494339	1.35705844192e-11	2.1010539442e-05	100.0
0.00027759801124	7.17163257525e-05	0.000738127689942	0.0310187304547	0.00347268055064	0.0815734304358	1.35705844192e-11	2.1010539442e-05	100.0
-0.00043630049334	0.000173691960991	0.000903812891168	-0.0522246911902	0.0167580087254	0.107600899763	1.35705844192e-11	2.1010539442e-05	100.0
-0.000589831596206	0.000139245112344	0.000779781249921	-0.0696548287145	0.0130292731256	0.0923832123325	1.35705844192e-11	2.1010539442e-05	100.0
-0.000486521774718	0.000304978772509	0.000563801118601	-0.0549493682515	0.0308303268484	0.0628563505134	1.35705844192e-11	2.1010539442e-05	100.0
-0.000741039077838	0.000154380145633	0.000650945021292	-0.087942286332	0.014543533772	0.0772530127161	1.35705844192e-11	2.1010539442e-05	100.0
0.000752012179475	0.000274624536518	-0.000660949475219	0.0898714465125	0.0294240265313	-0.0791598473983	1.35705844192e-11	2.1010539442e-05	100.0
0.000652811285395	4.82069363959e-05	-0.000554417035944	0.0741145583684	0.00091778798346	-0.0632511817802	1.35705844192e-11	2.1010539442e-05	100.0
-0.000697577776286	0.000165196240022	-0.000493395392612	-0.0800643776347	0.0150654251414	-0.0562030123832	1.35705844192e-11	2.1010539442e-05	100.0
-0.000535447604142	2.67845026346e-05	-0.000365703853424	-0.0534688028342	-0.00235417568491	-0.0367174957126	1.35705844192e-11	2.1010539442e-05	100.0
-0.000336648608348	0.000168131296758	-0.000629329354365	-0.0365235809477	0.013761247082	-0.0674059324114	1.35705844192e-11	2.1010539442e-05	100.0
-0.000116744955107	0.000167941754454	-0.000756482185946	-0.0126711092258	0.0140762903298	-0.0835889489717	1.35705844192e-11	2.1010539442e-05	100.0
0.00021072984224	3.97568007457e-05	-0.000512678743749	0.0190650594193	-0.0015231281918	-0.0454579519085	1.35705844192e-11	2.1010539442e-05	100.0
-6.93294330626e-05	-1.84009217064e-06	-0.000612692751415	-0.0067072368774	-0.00602900038597	-0.0590146065078	1.35705844192e-11	2.1010539442e-05	100.0
0.00046392005149	0.000152753597515	-0.000655012228613	0.051756423895	0.0130709481875	-0.0733863836291	1.35553868049e-11	2.0987009868e-05	100.0
-0.000329805365425	6.85899087399e-05	-0.000759229893705	-0.0370430304613	0.0035062584295	-0.0854853119893	1.35401942197e-11	2.096348808e-05	100.0
-0.000165754128785	2.64688083398e-05	-0.000748090450795	-0.0180379162805	-0.00163195374449	-0.0815517019254	1.35401942197e-11	2.096348808e-05	100.0
0.000380041192418	0.000131593167856	-0.000550507416601	0.0394610801174	0.00865577960432	-0.057093040879	1.35098191072e-11	2.0916460076e-05	100.0
0.000470502776448	1.92146986802e-05	-0.000553478005011	0.0502237508573	-0.00300303191228	-0.0587649007748	1.35098191072e-11	2.0916460076e-05	100.0
0.000406475848369	0.000255609439166	0.000486649558916	0.0413521722826	0.0226182601671	0.0518660706147	1.34794590816e-11	2.086945543e-05	100.0
0.000447445051268	-6.57172980778e-05	-0.00037749123113	0.0411617123476	-0.0125403286058	-0.0351165609966	1.34794590816e-11	2.086945543e-05	100.0
-0.000539704412049	0.000227654473273	-0.000590718992326	-0.0608154918582	0.0217646983001	-0.0671200532765	1.34794590816e-11	2.086945543e-05	100.0
-0.000616427012607	1.79112833155e-05	-0.000379142791776	-0.065252241126	-0.00266629815077	-0.0405104544755	1.34794590816e-11	2.086945543e-05	100.0
5.54662002639e-05	7.68682759934e-05	-0.0006125001136	0.00491906050788	0.00243575582592	-0.059831042636	1.34794590816e-11	2.086945543e-05	100.0
-0.000413566559494	0.00016894005982	-0.000479674125769	-0.0425463185203	0.0126804328456	-0.0483161398303	1.34794590816e-11	2.086945543e-05	100.0
-0.000955942609015	0.000424063735314	-9.97237270102e-05	-0.114611169902	0.0476406597953	-0.0120831664784	1.3449124201e-11	2.0822489714e-05	100.0
0.000542696265656	0.000227153505127	-0.00058584116463	0.0612581480229	0.0218818649892	-0.0663017015484	1.3449124201e-11	2.0822489714e-05	100.0
-0.000313517655355	3.87769292835e-05	0.000783978977851	-0.0355080258312	-0.000113320582487	0.0886034668365	1.34187993784e-11	2.0775539571e-05	100.0
-0.000380491714726	-6.54368711426e-06	0.000727042611376	-0.0426185519984	-0.0052997546655	0.0812970776918	1.34187993784e-11	2.0775539571e-05	100.0
0.000515365247401	5.15401496126e-05	0.00054929984349	0.0561894935854	0.000647461051584	0.0592739102495	1.34187993784e-11	2.0775539571e-05	100.0
-0.000752268179175	0.000292602681202	0.000491278579482	-0.0884072329817	0.0305958605249	0.0572423620571	1.34187993784e-11	2.0775539571e-05	100.0
-0.000745433484168	0.000313249447587	0.000443796826508	-0.0868950026433	0.0331535668859	0.051732804904	1.34187993784e-11	2.0775539571e-05	100.0
-0.00064438995237	0.000268888358777	-0.000103836978998	-0.0681783607709	0.0247820293639	-0.011228801266	1.34036470251e-11	2.0752080072e-05	100.0
-0.000815457628836	0.000144856502794	-2.8028049321e-05	-0.0918431974976	0.0118920120244	-0.00312017297287	1.34036470251e-11	2.0752080072e-05	100.0
0.000508720945799	0.000293529549676	-0.000543817154625	0.0566018442925	0.0288935773226	-0.060941752901	1.34036470251e-11	2.0752080072e-05	100.0
0.000540710826608	0.000140165647097	-0.000567506020017	0.0599703193252	0.0115252127638	-0.0631534933665	1.34036470251e-11	2.0752080072e-05	100.0
-0.000298408633112	0.000226028531394	0.000874161485107	-0.0352532232814	0.0225809834792	0.102494467213	1.33884946718e-11	2.0728620572e-05	100.0
-0.000496269533494	-4.52688399916e-05	0.000558184935289	-0.0533291906067	-0.00977118100868	0.0600605662162	1.33884946718e-11	2.0728620572e-05	100.0
-0.000358763082943	0.000265645679688	0.000652632682238	-0.0401417754381	0.0255905597891	0.072467069844	1.33884946718e-11	2.0728620572e-05	100.0
-0.000622085086482	3.24029664187e-05	0.000500303576513	-0.0688900443933	-0.000889207005004	0.055462982427	1.33884946718e-11	2.0728620572e-05	100.0
0.000787435567423	0.000262467386175	0.000531510595959	0.0930195469755	0.0278622868369	0.0628864726861	1.33733473475e-11	2.0705168859e-05	100.0
0.000571874460456	0.00014912735544	0.000114037987888	0.054899958048	0.00916287282556	0.0119114862609	1.33733473475e-11	2.0705168859e-05	100.0
0.00041266417673	0.000462537014178	-0.000704818798534	0.0481163114788	0.051209612538	-0.0825731778199	1.33733473475e-11	2.0705168859e-05	100.0
-7.04839308986e-05	3.64732127548e-05	0.000707078333569	-0.0079951921616	-0.00148093988109	0.0745454797358	1.33582050521e-11	2.0681724932e-05	100.0
0.00058731550514	0.000118762368581	0.00059976332224	0.0662105742164	0.00945821053689	0.0684938530552	1.33582050521e-11	2.0681724932e-05	100.0
3.65398529466e-05	0.000266432006936	0.000905116471487	0.00413813217289	0.0275007613642	0.10606408288	1.33582050521e-11	2.0681724932e-05	100.0
0.000634094549569	0.000203891094434	0.000532455930678	0.072109205963	0.0191187989037	0.0606834182598	1.33582050521e-11	2.0681724932e-05	100.0
0.000520509930366	0.000217939387355	-3.55618910243e-05	0.0478267419392	0.0160042219733	-0.00340844145311	1.33582050521e-11	2.0681724932e-05	100.0
-0.000535798675729	0.000218508003142	0.000822356211852	-0.0632819965163	0.0222803362445	0.0979622844059	1.33430627568e-11	2.0658281005e-05	100.0
0.00083829149482	6.00369667726e-06	9.29398951674e-05	0.0945490726784	-0.0042136363002	0.0105220412127	2.61877071316e-11	4.0544890079e-05	100.0
-0.000226052372475	0.000162121232465	0.000959155506282	-0.0265909073605	0.0155093249084	0.113924218923	1.33279254905e-11	2.0634844864e-05	100.0
0.000106364432352	0.000179760945468	0.000698450605287	0.0114587140066	0.0148718567982	0.0749707799371	1.33279254905e-11	2.0634844864e-05	100.0
-0.000703852710652	0.000116684095925	0.000366606459881	-0.0784750960296	0.00843338249948	0.0404669124714	1.33279254905e-11	2.0634844864e-05	100.0
0.000238771688079	-5.44256019808e-05	0.000624823068835	0.0237874664761	-0.0109527591081	0.0634943412373	1.32976610158e-11	2.0587988154e-05	100.0
-0.00045218561038	0.000210922682738	0.000652500133981	-0.051130777469	0.0193876566503	0.073237191445	1.32976610158e-11	2.0587988154e-05	100.0
-0.000478559856875	8.57058481515e-06	0.000545267007179	-0.0508463324001	-0.0041916439063	0.0578837737357	1.32976610158e-11	2.0587988154e-05	100.0
0.0010689548596	0.000216698133532	0.000133927127032	0.129397897444	0.0225748322311	0.0161462050656	1.32976610158e-11	2.0587988154e-05	100.0
0.000800466420609	-1.34863563823e-05	2.4761911545e-05	0.0886546284009	-0.00605148136068	0.00274822883354	1.32976610158e-11	2.0587988154e-05	100.0
0.000511049637045	0.000351888241027	0.000206137983754	0.0516782926464	0.0331179724869	0.0213541191043	1.32976610158e-11	2.0587988154e-05	100.0
0.000752477360762	0.000195230164396	-0.000343824563567	0.0854261460379	0.0184364759637	-0.0391175170427	1.32976610158e-11	2.0587988154e-05	100.0
-0.000444943985262	0.0003785305298	7.38417125813e-05	-0.0419068394294	0.0331364614699	0.00674771239087	1.32976610158e-11	2.0587988154e-05	100.0
-0.000967736886244	0.000341125323049	0.000206412528036	-0.116003792058	0.037320272503	0.0247738534522	1.32976610158e-11	2.0587988154e-05	100.0
0.000764457144643	0.000203791424539	-0.000452016498882	0.0886659918375	0.0195465141297	-0.0524633013922	1.32976610158e-11	2.0587988154e-05	100.0
0.000713453546167	7.04228278364e-05	-0.000368615140242	0.0796299172733	0.00323373257297	-0.0406809670603	1.32976610158e-11	2.0587988154e-05	100.0
0.000493466264237	-7.50078120405e-05	-0.000344106585339	0.046500087493	-0.0131748690454	-0.0327041190227	2.63233843106e-11	4.0754951093e-05	100.0
7.29095150751e-05	9.18314213011e-05	-0.000645727742601	0.00744136225489	0.00386587775618	-0.0652703814782	1.32976610158e-11	2.0587988154e-05	100.0
0.000162682608329	2.92453245252e-05	-0.000612748549422	0.0167116900983	-0.00209499995912	-0.0602836594949	1.32976610158e-11	2.0587988154e-05	100.0
0.000139036285641	1.73446667988e-05	-0.000646591017328	0.0138913763067	-0.00280735596111	-0.0653605892264	1.32976610158e-11	2.0587988154e-05	100.0
0.000298933779597	0.000143626194106	0.000864384102093	0.034708089089	0.0125049889151	0.100574462623	1.3267411628e-11	2.0541154802e-05	100.0
0.000412415036687	0.0002257016836	0.000743520064353	0.047269101456	0.0222274374209	0.0855333269203	1.3267411628e-11	2.0541154802e-05	100.0
-0.000901022274443	0.000154277926357	-9.01973234168e-05	-0.104685305231	0.0139503811173	-0.01098476928	1.3267411628e-11	2.0541154802e-05	100.0
0.00049456384915	0.00058095701187	-0.000300288679263	0.0560441562834	0.0634491451231	-0.0325107925866	1.3267411628e-11	2.0541154802e-05	100.0
0.000413571249393	-8.80215242128e-06	-0.000436755645881	0.0387075012786	-0.00639285707375	-0.041565225222	1.3267411628e-11	2.0541154802e-05	100.0
-0.000783805424244	0.000320257377607	-0.000343362726138	-0.0910869180122	0.0335434437435	-0.0400617561061	1.3267411628e-11	2.0541154802e-05	100.0
-0.000904170863175	0.000171607429717	-0.000306277163877	-0.106508085952	0.0161943529251	-0.0362097067697	1.3267411628e-11	2.0541154802e-05	100.0
0.000347510999386	5.3619624963e-05	-0.000659456373626	0.0369250605288	0.00105391659188	-0.071009634095	1.3267411628e-11	2.0541154802e-05	100.0
0.000333656885766	5.78965692237e-05	-0.000648006391163	0.0355289724003	0.00139333617877	-0.0696943249709	1.3267411628e-11	2.0541154802e-05	100.0
-0.000431412154745	4.87652343243e-05	-0.000544099034713	-0.0451912463743	0.000519203341907	-0.0563996233799	1.3267411628e-11	2.0541154802e-05	100.0
7.40712012755e-07	6.46710292221e-05	-0.000858738936382	0.000207862796348	0.00342622009383	-0.09765779482	1.3267411628e-11	2.0541154802e-05	100.0
0.000106927978996	7.61102213268e-05	0.000644500358828	0.0110848290309	0.0027367590204	0.0653450052578	1.32522894487e-11	2.0517742019e-05	100.0
0.000939879319084	0.000278639692096	-0.000406262834582	0.112830430282	0.029754105767	-0.0487419103453	1.32522894487e-11	2.0517742019e-05	100.0
0.000750327587584	0.000128283719282	-0.000359598150149	0.0849545367079	0.0104758533909	-0.0409767915633	1.32522894487e-11	2.0517742019e-05	100.0
-0.000964105936035	0.000445379658776	4.34707140213e-05	-0.115896264938	0.0502976728645	0.00519818282664	1.32522894487e-11	2.0517742019e-05	100.0
-0.00028775791891	0.000221168788046	-0.000828447078759	-0.0338069524387	0.0216160178255	-0.0958376455845	1.32522894487e-11	2.0517742019e-05	100.0
-0.000881045017508	0.00036554978722	-0.000221655556846	-0.104118398342	0.0396605412444	-0.0262776226158	1.32371722983e-11	2.0494337022e-05	100.0
-0.000830844615023	0.000217510031037	-0.000203492355844	-0.0955805308173	0.0207987004286	-0.023820814184	1.32371722983e-11	2.0494337022e-05	100.0
-0.000371643974288	8.12359157195e-05	0.000799926514596	-0.04233538423	0.00514995185492	0.0919692827859	1.32220551479e-11	2.0470932025e-05	100.0
0.000623383375489	-2.84921674183e-05	0.000161136718753	0.061718412509	-0.00814317311379	0.0158650173179	1.32220551479e-11	2.0470932025e-05	100.0
-0.000593013323765	0.000212737635102	0.000555496193149	-0.067033769762	0.0197841677756	0.0631707501788	1.32220551479e-11	2.0470932025e-05	100.0
0.000959947259062	0.000122425054443	-5.83348931784e-05	0.112937556511	0.010448382892	-0.006720074529	1.32220551479e-11	2.0470932025e-05	100.0
-0.000247108334236	4.07971672487e-05	-0.000786554579349	-0.0276550161276	4.02377864757e-05	-0.0880510936133	1.32220551479e-11	2.0470932025e-05	100.0
-0.000727078498852	0.000290101279409	0.000205786816242	-0.0814273174371	0.0287888133473	0.0235074632654	1.32069379976e-11	2.0447527029e-05	100.0
-0.00101001223957	0.000158772493812	0.000289806442065	-0.121267852653	0.015113127784	0.0351213682901	1.32069379976e-11	2.0447527029e-05	100.0
0.000772460129474	0.000475975905511	-0.000432280192809	0.0918845632884	0.0536152101907	-0.0513269919219	1.32069379976e-11	2.0447527029e-05	100.0
0.000583056674335	-8.89186599165e-06	-0.000313759455648	0.0591093053694	-0.0063943216506	-0.0313732871494	1.32069379976e-11	2.0447527029e-05	100.0
-0.000591217294412	0.00041977674084	-7.61479414961e-05	-0.0633213870011	0.0423932335503	-0.00893311824353	1.32069379976e-11	2.0447527029e-05	100.0
-0.000792561135631	0.000132717150231	8.93227157544e-05	-0.0885203928711	0.0101210956788	0.0101980241667	1.32069379976e-11	2.0447527029e-05	100.0
0.000341708602548	0.000278516870942	-0.000747259689907	0.0391826606649	0.0286535359093	-0.0854844952227	1.32069379976e-11	2.0447527029e-05	100.0
-0.00045848579161	0.000240733346394	-0.000694022794671	-0.0528276151478	0.0236135570117	-0.079173131182	1.32069379976e-11	2.0447527029e-05	100.0
9.27866385267e-05	0.000155642738162	-0.000875256428967	0.0107821007407	0.0140226533551	-0.100957005145	1.32069379976e-11	2.0447527029e-05	100.0
-0.00031978431314	1.4683582237e-05	0.000725040099251	-0.0353142780784	-0.00332516913045	0.0800205125444	1.31767187838e-11	2.0400740393e-05	100.0
-0.000346691435502	-1.2133984766e-05	0.000601743702098	-0.0357355442758	-0.00626972704785	0.0625149097541	1.31767187838e-11	2.0400740393e-05	100.0
0.000783885950457	5.10893674538e-05	0.000212694051186	0.0875465171975	0.00125963104047	0.0234857103437	1.31767187838e-11	2.0400740393e-05	100.0
-0.000522897092993	0.000373671015533	0.00056749608755	-0.0595037246254	0.0393071682116	0.0649935265496	1.31767187838e-11	2.0400740393e-05	100.0
-0.000626845156253	8.97479666333e-06	0.000559685857588	-0.0705177151524	-0.00388860291818	0.0631426017543	1.31767187838e-11	2.0400740393e-05	100.0
0.00091627500404	0.000177480309805	-7.46648540165e-05	0.107000256232	0.016546450974	-0.00891862908547	1.31767187838e-11	2.0400740393e-05	100.0
0.000848105816522	2.43017589762e-05	-0.000120468960886	0.0962777407426	-0.00167939017711	-0.0138308784088	1.31767187838e-11	2.0400740393e-05	100.0
-0.00100658422353	0.000193897955628	-0.000232003080242	-0.12089936995	0.0196405732996	-0.0278705888692	1.31767187838e-11	2.0400740393e-05	100.0
0.000308417099843	-5.67643294758e-05	-0.000465144472307	0.0271482303384	-0.0113889761799	-0.0412376569282	1.31767187838e-11	2.0400740393e-05	100.0
0.000248791057773	9.02831294109e-05	0.000920514884842	0.0294065598016	0.00684279967796	0.107972520246	1.31616116914e-11	2.0377350969e-05	100.0
-0.000217565759049	0.000315962857237	0.000538290694869	-0.0219509492126	0.0286787108926	0.0552207405528	1.31616116914e-11	2.0377350969e-05	100.0
-0.000502999430038	-2.65995294878e-05	0.000486229163334	-0.0525522516313	-0.00792816575985	0.0504701564479	1.31616116914e-11	2.0377350969e-05	100.0
0.000344786068589	0.000259180995789	0.000383662326719	0.0327580929072	0.0207126016793	0.0352588409962	1.31616116914e-11	2.0377350969e-05	100.0
0.00103654946962	0.000179335450755	0.000285242277001	0.125043843854	0.0177472909321	0.0345767934771	1.31616116914e-11	2.0377350969e-05	100.0
-0.000189303913876	0.000433735240718	-0.000672893474345	-0.0212944305245	0.0459164713891	-0.0757757660138	1.31616116914e-11	2.0377350969e-05	100.0
-0.000108194299927	0.000141793697863	0.000876167806177	-0.0123331007346	0.012383926579	0.101114756456	1.3146504599e-11	2.0353961544e-05	100.0
-0.000654004634934	3.59220135718e-05	0.000347477097954	-0.0702058768394	-0.00071837527785	0.0369985078176	1.3146504599e-11	2.0353961544e-05	100.0
-0.000632018660965	0.000672496717562	-8.01698265616e-05	-0.0732602006031	0.0768817297994	-0.00883947905703	1.3146504599e-11	2.0353961544e-05	100.0
-0.00073309535782	2.84010860671e-05	-0.000135330684155	-0.0789230095873	-0.00214670220668	-0.0147626050426	1.3146504599e-11	2.0353961544e-05	100.0
-0.000139748960384	0.000271611116601	0.000958581716498	-0.0166663092085	0.0286611043839	0.114028609338	1.31163004722e-11	2.0307198267e-05	100.0
0.000296890343406	0.000245733443858	0.000396477312521	0.0271136456605	0.0181062611203	0.0353677441384	1.31163004722e-11	2.0307198267e-05	100.0
-0.000164380111033	0.000290312350936	0.000568577305332	-0.0165501968685	0.0261162450879	0.0581150902368	1.31163004722e-11	2.0307198267e-05	100.0
0.000811392590429	0.000294584091049	-0.000295530052849	0.0944252365708	0.030432581808	-0.0343654564522	1.31163004722e-11	2.0307198267e-05	100.0
0.000663671659265	1.67687504418e-05	-0.000314196938058	0.0709519025756	-0.00312518773954	-0.0336276929401	1.31163004722e-11	2.0307198267e-05	100.0
0.000255620061971	0.000193732066428	-0.000805635294514	0.0290169849245	0.0179854952973	-0.092214427923	1.31163004722e-11	2.0307198267e-05	100.0
-0.000414731191217	4.23148775212e-06	-0.000613114060874	-0.0448726096858	-0.00481176543976	-0.0654985457324	1.30861064034e-11	2.0260450563e-05	100.0
-0.000119465203598	0.000123540552479	-0.000951990475356	-0.0142155954127	0.0108297383793	-0.111967111491	1.30861064034e-11	2.0260450563e-05	100.0
0.000226241962661	0.000382412271467	0.000726118798628	0.02586448197	0.0403369477592	0.0827317841469	1.3071009369e-11	2.023707671e-05	100.0
-0.000828498880365	0.000142132732642	0.000120400647741	-0.0940476252498	0.0120379738007	0.0139441052071	1.3071009369e-11	2.023707671e-05	100.0
-0.000506698419659	4.99005202465e-05	-0.000444570203705	-0.0516910151706	4.93933778605e-05	-0.0457298461554	1.3071009369e-11	2.023707671e-05	100.0
0.000600712520128	5.71985692748e-05	0.000471670678472	0.0655175160018	0.0014204786892	0.0514543805062	1.30559123346e-11	2.0213702858e-05	100.0
-0.000212287227047	7.36779544082e-05	0.000977326382694	-0.024808075028	0.0043567046607	0.115982904232	1.30408153002e-11	2.0190329006e-05	100.0
0.000193697638258	0.000270751025088	0.000465033996329	0.01768921827	0.0211918577988	0.0433069617599	1.30408153002e-11	2.0190329006e-05	100.0
0.000894802860921	0.000185313808113	0.000314166758418	0.105395818321	0.0180836247948	0.0367075557733	1.30408153002e-11	2.0190329006e-05	100.0
-0.000768570507735	0.000110566165271	0.000528817284556	-0.0899075351527	0.00890635988369	0.0616616965585	1.30408153002e-11	2.0190329006e-05	100.0
0.000887509251159	0.000415893931931	-7.86402097099e-05	0.10497791632	0.0460390442766	-0.00962992093143	1.30408153002e-11	2.0190329006e-05	100.0
0.000692608145659	-5.25950553052e-05	-0.000118480889334	0.0722847364345	-0.0106916098861	-0.0123496882328	1.30408153002e-11	2.0190329006e-05	100.0
-0.000829462145279	2.2590633176e-05	-8.91747894644e-05	-0.0932546756303	-0.00205710710529	-0.010695828075	1.30408153002e-11	2.0190329006e-05	100.0
0.000352531979447	4.64340967588e-05	0.000770144159478	0.0397725205638	0.000787551339713	0.0871795503883	1.30257232948e-11	2.0166962939e-05	100.0
-0.000664622239399	-2.47717127708e-05	0.000163006469109	-0.0683318117366	-0.00809345431089	0.0169429398143	1.30257232948e-11	2.0166962939e-05	100.0
0.000447806946205	0.000456422538927	-0.000362863023879	0.047646953804	0.0469174198327	-0.0394885933916	1.30257232948e-11	2.0166962939e-05	100.0
-0.000259692926953	0.000258901191072	-0.000451925395774	-0.0242990227262	0.0202393372744	-0.0425789614389	1.30257232948e-11	2.0166962939e-05	100.0
-0.000126317971991	0.000149413759544	-0.000532907064826	-0.0126824397427	0.0081352599878	-0.0489655558624	1.30257232948e-11	2.0166962939e-05	100.0
-3.40759579982e-05	0.000297037201747	-0.000845295942504	-0.00414024533153	0.030934299205	-0.097771348846	1.30257232948e-11	2.0166962939e-05	100.0
0.000109183127391	2.81226253537e-05	0.000672687526762	0.0114712288074	-0.00245042616887	0.0693352196186	1.2995539284e-11	2.0120230807e-05	100.0
0.000488344816695	0.000181415505268	0.000526922798126	0.0525175161195	0.0156171645627	0.0570817910668	1.2995539284e-11	2.0120230807e-05	100.0
-0.000775280844288	9.67876752139e-06	-0.000176921243445	-0.0856198170462	-0.00363364716186	-0.0196733513051	1.2995539284e-11	2.0120230807e-05	100.0
0.000280859249068	0.000303068143703	-0.00062671431937	0.0305696069927	0.0291011935844	-0.0682200832174	1.2995539284e-11	2.0120230807e-05	100.0
-0.000721955890178	0.000556089583948	-0.000162315637605	-0.0842013211119	0.0627686980174	-0.0182983126512	1.29653603021e-11	2.007350646e-05	100.0
-0.000686760897928	1.09594035338e-05	-5.43143445831e-05	-0.0711473580545	-0.00408601967763	-0.00551128363911	1.29653603021e-11	2.007350646e-05	100.0
0.000600078162356	-3.69143539307e-05	0.000141738368158	0.057757937062	-0.00943432412445	0.0139129357447	1.29351813203e-11	2.0026782114e-05	100.0
0.000650568826592	-3.45084911526e-05	9.49972404186e-05	0.0653894310872	-0.00877779161806	0.00943325040848	1.29351813203e-11	2.0026782114e-05	100.0
-0.000375920723442	0.000304861266705	0.00101460526303	-0.0455899967818	0.0332310670493	0.123096725368	1.29351813203e-11	2.0026782114e-05	100.0
-0.000543905702837	-4.72022954669e-05	0.000432254254479	-0.0568546615315	-0.0100688667219	0.0444888386111	1.29351813203e-11	2.0026782114e-05	100.0
0.0006596736672	0.000285024158696	0.000260600019677	0.0723973226659	0.0272145448572	0.0287527930059	1.29351813203e-11	2.0026782114e-05	100.0
0.00106011734437	7.12895579135e-05	0.000116300842108	0.127455153001	0.00428876279522	0.0143127664592	1.29351813203e-11	2.0026782114e-05	100.0
0.000763844469412	1.18627999964e-05	-4.29729990816e-05	0.0831274694563	-0.00365114414215	-0.00493922641477	1.29351813203e-11	2.0026782114e-05	100.0
-0.000508944001627	0.000476759170243	0.000132633331458	-0.0538214670779	0.0482274603573	0.0135892285429	1.29351813203e-11	2.0026782114e-05	100.0
-0.000667290838452	0.000124120170181	0.000192411443788	-0.0705634166909	0.0077840929952	0.0200834627518	1.29351813203e-11	2.0026782114e-05	100.0
-0.000680886588782	0.000130426533036	-0.000313520595364	-0.0743333489452	0.0095682672427	-0.0340057375538	1.29351813203e-11	2.0026782114e-05	100.0
0.0001337758727	0.000240749826054	-0.00056987607855	0.0134925652134	0.019453553467	-0.0569703790165	1.29351813203e-11	2.0026782114e-05	100.0
7.35210993615e-05	0.000203073730715	0.000621262826377	0.00713769738026	0.0158027078251	0.0634591746854	1.29050023385e-11	1.9980057767e-05	100.0
0.000576304099855	0.000344311228923	0.000610312898471	0.0669500565605	0.036198489765	0.0707917596272	1.29050023385e-11	1.9980057767e-05	100.0
0.000466851250417	0.000309584643607	0.00038347670407	0.0484112419134	0.0283579870313	0.0400184924924	1.28899103331e-11	1.9956691701e-05	100.0
0.000494644131549	0.000418337525375	0.000257828381952	0.0518601378848	0.0416170506986	0.0271314173648	1.28899103331e-11	1.9956691701e-05	100.0
0.000614339957246	-4.92130744659e-05	-0.000260941958728	0.0624810550123	-0.0102115264106	-0.0262515864764	1.28899103331e-11	1.9956691701e-05	100.0
-0.000738617394305	0.000155384795975	-0.000295814438394	-0.0825919914277	0.0132758613091	-0.0330000391496	1.28899103331e-11	1.9956691701e-05	100.0
-0.000398266236827	6.57378279997e-05	-0.000484623921155	-0.0392110160197	0.000793593939652	-0.0479666782936	1.28899103331e-11	1.9956691701e-05	100.0
-5.41356995036e-06	-5.60145196218e-05	0.000674428505151	-0.000390346392173	-0.0116983934241	0.0686558284969	1.28748233567e-11	1.9933333421e-05	100.0
0.000590509422311	0.000259482638351	0.000726534239835	0.0700942357442	0.0267061215464	0.085554505727	1.28748233567e-11	1.9933333421e-05	100.0
-0.000202140223952	-9.51200466585e-05	0.000527227762728	-0.01821399366	-0.015017303675	0.0472360888452	1.28597313512e-11	1.9909967355e-05	100.0
0.000816231237575	0.000162038565005	-0.000132008104618	0.092532064006	0.0139828560187	-0.0146157763417	1.28597313512e-11	1.9909967355e-05	100.0
9.86866771761e-05	5.49820579432e-05	0.000762261606508	0.0103644750697	0.00140247669754	0.0833131157559	1.28446443748e-11	1.9886609074e-05	100.0
0.000879617624932	0.00014064973628	0.000292971514667	0.102765430501	0.012564299703	0.0342921266621	1.28446443748e-11	1.9886609074e-05	100.0
0.000604037958957	-3.2502528029e-05	-2.37743237344e-05	0.0572693595801	-0.00864005004452	-0.00209266498356	1.28446443748e-11	1.9886609074e-05	100.0
-0.000506209898588	0.000257085106867	0.000191218104604	-0.0489205841466	0.0205008613521	0.0183959441926	1.28446443748e-11	1.9886609074e-05	100.0
-0.000695683494444	9.12311223959e-05	0.000305008242634	-0.0758729144131	0.00510418990089	0.0336791299976	1.28446443748e-11	1.9886609074e-05	100.0
-0.000921285686187	0.000167228736846	0.000126621921023	-0.107831443934	0.0159398895234	0.0149614952489	1.28446443748e-11	1.9886609074e-05	100.0
-0.000226234710231	0.000103961403931	-0.000529079746935	-0.0215681942349	0.00419162231855	-0.0494508391511	1.28446443748e-11	1.9886609074e-05	100.0
-0.000145804560644	-3.605156756e-05	0.00068907119978	-0.0151284296532	-0.00891142375826	0.0719095377068	2.54930524474e-11	3.9469396999e-05	100.0
-0.00018327924892	0.000194437373125	0.000721638953782	-0.0202196273606	0.0168636591094	0.0791780111374	1.2814460364e-11	1.9839876942e-05	100.0
0.000770437427423	0.000149271416869	0.000512759749574	0.089768654507	0.0134090009	0.0602234111609	1.2814460364e-11	1.9839876942e-05	100.0
-0.000641848225424	4.89531512069e-05	0.000330564202496	-0.0687303751259	0.000410287647777	0.0346499343588	1.2814460364e-11	1.9839876942e-05	100.0
0.000898208367079	0.000408692326755	0.000114638609746	0.106534875279	0.0452063371593	0.0137157146976	1.2814460364e-11	1.9839876942e-05	100.0
-0.000925064426134	0.00045483594468	0.000605374802524	-0.113391785614	0.0525758517442	0.0742304427916	1.2814460364e-11	1.9839876942e-05	100.0
-0.000650375593046	0.000154710465013	0.000238209044897	-0.0691835053692	0.0117985027871	0.0245301769862	1.2814460364e-11	1.9839876942e-05	100.0
0.00090763943828	0.000104382718129	-0.000217078368289	0.106063330205	0.00811422603934	-0.0249009427714	1.2814460364e-11	1.9839876942e-05	100.0
-0.00034811723996	0.000138062576555	-0.000882807181627	-0.0407118567917	0.0121628047028	-0.103671767635	1.2814460364e-11	1.9839876942e-05	100.0
-0.000170951490742	2.48498383874e-05	-0.000814829133594	-0.0191454964934	-0.00201992943238	-0.0914840033683	1.2814460364e-11	1.9839876942e-05	100.0
-0.000699974437404	0.000219221354646	-0.000542968452351	-0.0809505787984	0.0215735960268	-0.0633687204109	1.27993683586e-11	1.9816510876e-05	100.0
0.000199572782054	6.21760504556e-05	-0.000621294293389	0.0198404380778	0.00128692708603	-0.0627157986523	1.27993683586e-11	1.9816510876e-05	100.0
0.000263097822876	0.00015169879581	-0.000467604402019	0.0232166446588	0.00864090841238	-0.0431351367406	1.27714976841e-11	1.9773360346e-05	100.0
-0.000558522268145	0.000349931173078	-0.000397307755009	-0.06158621414	0.0350623182292	-0.043640139946	1.27540873134e-11	1.9746404891e-05	100.0
-0.00063392256176	2.90622913913e-05	-0.000235747327144	-0.064950578975	-0.00195117266566	-0.0243750412214	1.27540873134e-11	1.9746404891e-05	100.0
-0.000515727383886	9.26628224261e-05	-0.00037205376978	-0.0516842418305	0.0038313560367	-0.0371768067565	1.27540873134e-11	1.9746404891e-05	100.0
-0.000669732022195	4.96079959893e-05	-0.000322448185066	-0.0722212521967	0.000542151563971	-0.0344391140656	1.27540873134e-11	1.9746404891e-05	100.0
-3.11337134179e-05	0.000113911314521	-0.000612677910529	-0.00300039744612	0.00601592550239	-0.060202745742	1.27540873134e-11	1.9746404891e-05	100.0
0.00086898098323	0.000214694357558	-0.000165202954242	0.100787563783	0.0208241394083	-0.0193717626837	1.26936941468e-11	1.9652901695e-05	100.0
0.00078322437326	0.000160169128016	-0.000143261908092	0.0879423856542	0.0137153840951	-0.0158165582699	1.26936941468e-11	1.9652901695e-05	100.0
-0.000655719754499	-6.21977805263e-05	-0.000107404519475	-0.0661824922294	-0.0118288199466	-0.0114928841882	1.26936941468e-11	1.9652901695e-05	100.0
0.000423983195665	0.000146114908025	0.000837389927168	0.049622999128	0.01315025672	0.0981365416359	1.26785920834e-11	1.9629520057e-05	100.0
-0.000741228294836	8.88865130418e-05	0.000289902086888	-0.0823061822454	0.00541544865881	0.0319758839649	1.26785920834e-11	1.9629520057e-05	100.0
0.000569724327086	0.000278511183401	-6.11727335822e-05	0.0572499297404	0.0236146159039	-0.00575871132356	1.26785920834e-11	1.9629520057e-05	100.0
0.000655498902412	-7.9472314869e-05	-0.000230063263019	0.0678925141682	-0.0138248987714	-0.0239070187457	1.26785920834e-11	1.9629520057e-05	100.0
0.000519694928358	0.000185599769175	-0.000183234833776	0.0485394843725	0.0133993894054	-0.0177760093155	1.26712095229e-11	1.9618090072e-05	100.0
0.000198875118922	-8.12012559882e-05	0.000528196319294	0.0178291780456	-0.0139338458925	0.0472875352259	1.266349002e-11	1.9606138418e-05	100.0
0.000314266802622	-6.95153412234e-05	0.000444150307622	0.0276315362737	-0.0125250895407	0.0377900012968	1.266349002e-11	1.9606138418e-05	100.0
-7.67258614798e-06	-1.66396623953e-05	0.000632021748388	-0.000273099115204	-0.00717319756919	0.0619347398974	1.266349002e-11	1.9606138418e-05	100.0
0.000739059806885	0.000184699913513	0.000285005135892	0.0828254632295	0.0165936799923	0.0320465024384	1.266349002e-11	1.9606138418e-05	100.0
0.000816623773376	0.000319253190547	0.000220955698262	0.0946606006493	0.0330756420399	0.0258899338044	1.266349002e-11	1.9606138418e-05	100.0
-0.000615698890987	-3.23687713277e-07	0.00021304797476	-0.0616095412073	-0.00530143425037	0.0212888191956	1.266349002e-11	1.9606138418e-05	100.0
7.42755538699e-05	0.000412762700606	-0.000774881017474	0.00863709051969	0.0440976105701	-0.0892293081704	1.266349002e-11	1.9606138418e-05	100.0
-0.000411266987926	0.000242274536773	-0.000877284313847	-0.0487297935615	0.0246796578602	-0.104001660598	1.266349002e-11	1.9606138418e-05	100.0
-9.9756518727e-05	0.000355480032691	-0.000912356959503	-0.0115240929232	0.0386695161215	-0.1079296146	1.266349002e-11	1.9606138418e-05	100.0
0.000409958125594	9.39930648893e-05	0.000413256761408	0.0384285597228	0.00351214419929	0.0392226180393	1.26483829276e-11	1.9582748994e-05	100.0
0.000637046049059	0.000180207006984	0.000341635662392	0.0689925341581	0.0146054323275	0.0372691821671	1.26181637138e-11	1.9535962358e-05	100.0
-0.000618950714805	0.00013002051348	-0.000442288425553	-0.0683229818506	0.00937930852843	-0.0481017675034	1.26181637138e-11	1.9535962358e-05	100.0
-0.000693024916029	2.80405127671e-05	-0.000269115313678	-0.0744760707886	-0.00146907606363	-0.0286595322285	1.26181637138e-11	1.9535962358e-05	100.0
0.000106874468361	0.000179975180723	-0.000620165217352	0.0109074595784	0.0138473088262	-0.0630506959457	1.26181637138e-11	1.9535962358e-05	100.0
0.000577420770909	-3.81925712356e-05	0.000255475341047	0.056499718133	-0.00942954664811	0.024857546107	1.26030515924e-11	1.9512565148e-05	100.0
0.000800235034495	4.3791859486e-05	-0.000274971775898	0.0903859449597	0.000620680311974	-0.0316193875385	1.26030515924e-11	1.9512565148e-05	100.0
0.000379097599629	0.000177013867377	-0.000471516703981	0.0377711879845	0.0124855027038	-0.0468693126063	1.26030515924e-11	1.9512565148e-05	100.0
0.000414294619576	6.36831338543e-05	-0.000457032137824	0.0404511865227	0.000766799493978	-0.0444305664528	1.26030515924e-11	1.9512565148e-05	100.0
-0.00052581645123	0.000329173733888	1.35451105334e-05	-0.0517169648945	0.0292235423055	0.000907027936491	1.2574542236e-11	1.9468425784e-05	100.0
0.000690095158487	0.000323181990671	-0.000281996334344	0.0776197058989	0.0328736751113	-0.0315203554045	1.2574542236e-11	1.9468425784e-05	100.0
0.000371791633114	0.000226160750161	-0.000372014410517	0.0335195288232	0.0169012335993	-0.0357063540719	1.2574542236e-11	1.9468425784e-05	100.0
0.000416996198469	-1.94731995427e-05	0.000398615230156	0.0380835017814	-0.00785518338892	0.0363967714065	1.25728172917e-11	1.9465755154e-05	100.0
-0.000441186132491	5.85522014379e-05	0.000729102836355	-0.0500306416288	0.00215895260273	0.0827973376547	1.25728172917e-11	1.9465755154e-05	100.0
-0.000617859502716	0.000232254768664	0.000710546546235	-0.0729120644131	0.0234837617453	0.0836562896729	1.25728172917e-11	1.9465755154e-05	100.0
0.00055530992009	0.00020297837542	-0.000362044160613	0.0585118834207	0.0167355788558	-0.0376189745587	1.25728172917e-11	1.9465755154e-05	100.0
0.00016182699809	9.42656953873e-05	0.000815143932125	0.0180691515053	0.00600534949764	0.0920274036544	1.2542572933e-11	1.9418929589e-05	100.0
0.000554520969181	0.000177990064841	0.000750260937103	0.0648725523096	0.0169633141442	0.0881566406168	1.2542572933e-11	1.9418929589e-05	100.0
-0.000429947066526	6.87334078412e-05	-0.000509723293642	-0.0444479904283	0.00200299762673	-0.051663114575	1.2542572933e-11	1.9418929589e-05	100.0
1.65861513248e-05	4.66208112132e-05	-0.000710933946268	0.00197257922837	5.52261825702e-05	-0.0748868314529	1.2542572933e-11	1.9418929589e-05	100.0
-0.000504090444464	0.000172373083008	0.000836182790201	-0.0599933486506	0.0164116327817	0.098922287671	1.25274457246e-11	1.939550902e-05	100.0
-0.000367831867456	-6.95998293377e-05	0.000553220528486	-0.0368235031827	-0.0129329968598	0.0560722910135	1.25274457246e-11	1.939550902e-05	100.0
-0.000643168141597	2.25618461373e-05	0.000653539264446	-0.0744904397212	-0.00207981617631	0.0757533400988	1.25274457246e-11	1.939550902e-05	100.0
0.000758928580659	5.38261328435e-05	-0.000463544781216	0.0874858477377	0.00164018237414	-0.0529238239906	1.25274457246e-11	1.939550902e-05	100.0
-0.00054911142385	0.000367599028814	-0.000677789001712	-0.0641604787909	0.0394528983542	-0.07971005448	1.25274457246e-11	1.939550902e-05	100.0
0.000194295025397	0.00014327263904	-0.000705276886805	0.0214766653225	0.0112571056544	-0.0759989213756	1.25274457246e-11	1.939550902e-05	100.0
0.000375896946874	-3.61529563689e-05	-0.000399598817104	0.0327187094893	-0.00966541103639	-0.034898020196	1.25123134873e-11	1.9372080665e-05	100.0
-0.000311955044765	-3.48221074052e-05	-0.000452283293662	-0.0273908120133	-0.00904179637367	-0.0391235844473	1.25123134873e-11	1.9372080665e-05	100.0
-5.64754009791e-05	0.000271989782292	0.000725148770583	-0.00634190236554	0.0258522033849	0.0800499117266	1.24971812499e-11	1.934865231e-05	100.0
0.000694940043087	0.00022178685703	0.000441027129446	0.079336429204	0.0208873096019	0.0503434013654	1.24971812499e-11	1.934865231e-05	100.0
0.000308159888455	0.000253437911827	0.000924430033014	0.0362592302283	0.0259182602805	0.109955241081	1.24820439836e-11	1.9325216169e-05	100.0
0.000137261224648	0.000350012449669	0.000766627166238	0.0150260738726	0.0369403373215	0.0878148151716	1.24820439836e-11	1.9325216169e-05	100.0
0.000271093284465	0.000448683544297	0.000330409852244	0.0260748689976	0.0420970289107	0.0320277361877	1.24810733881e-11	1.9323713453e-05	100.0
0.000344527726062	0.000460150734692	0.000190972038414	0.0324446299848	0.0427948896984	0.0181856618224	1.24810733881e-11	1.9323713453e-05	100.0
-0.000122537391978	0.000220623999189	-0.000514306107928	-0.0102082432149	0.016326192078	-0.0482104677642	1.24810733881e-11	1.9323713453e-05	100.0
-0.000181451626203	0.000350002138413	-0.000677016809104	-0.0199707834702	0.0358248816851	-0.075052401378	1.24810733881e-11	1.9323713453e-05	100.0
