# x[AU] y[AU] z[AU] vx[AU/yr/2pi] vy[AU/yr/2pi] vz[AU/yr/2pi] m[MSUN] m[mtot] wf[%]
-2.20359684453e-08	8.23019369079e-07	-2.50105955348e-07	8.7821302211e-06	0.000120033826499	2.46410441881e-05	6.39969587819e-07	0.991333459514	19.2238588143
-0.000531999900618	-1.19324705342e-05	0.000723259704592	-0.06128942616	-0.00610582418458	0.0836953067053	2.71432759861e-11	4.204580686e-05	100.0
-0.000541465171797	-2.71198449839e-05	-0.000285268983391	-0.0520401993073	-0.00852500987911	-0.0276936004928	2.66330797045e-11	4.1255496423e-05	100.0
0.000142375205415	-3.39540753744e-05	0.00073971469242	0.0158298784604	-0.00893871708458	0.0800685847284	4.01494666754e-11	6.2192814243e-05	100.0
0.000583203288073	5.47134039295e-05	-0.000192215697292	0.0570919902801	0.000544420270546	-0.0187186798759	1.50393166605e-11	2.3296384856e-05	100.0
0.000458613334013	7.55997143013e-05	0.000445277707111	0.0456696360611	0.00302918758744	0.0453333333864	1.46983811674e-11	2.276826482e-05	100.0
0.000457797692391	-2.92606796909e-07	-0.000459891022079	0.045508732141	-0.00512268602352	-0.0466982486022	1.46822934216e-11	2.2743344384e-05	100.0
0.000640244310135	-3.53728446203e-05	0.00041981131051	0.070105403954	-0.00864990041551	0.045901059764	1.46662157337e-11	2.2718439529e-05	100.0
0.000549365200597	6.7748252128e-05	0.000327812138044	0.0551928849383	0.00220675839699	0.0329909561711	1.46340955609e-11	2.2668684349e-05	100.0
-0.00044565896076	5.7106202047e-05	-0.000391022038651	-0.0422042043744	0.000512019038986	-0.0375154206482	1.46340955609e-11	2.2668684349e-05	100.0
0.000308896292606	2.15540500577e-05	0.000494311489181	0.0289020988993	-0.00321311001789	0.046213623092	1.4602025678e-11	2.261900707e-05	100.0
-0.000540213358117	3.88986735805e-05	0.000302928972979	-0.0531038784199	-0.00136993046842	0.029463352615	1.45700010561e-11	2.2569399901e-05	100.0
0.000372116766165	6.59004902581e-05	-0.000575132560814	0.0389981305457	0.00241060153373	-0.0601425010238	1.45700010561e-11	2.2569399901e-05	100.0
-0.000309774101818	2.7735812576e-05	0.000451432440957	-0.0274073287888	-0.00294243884388	0.0399399136321	1.45380166661e-11	2.2519855053e-05	100.0
-0.000312491148258	6.72248599057e-05	-0.000508718153413	-0.0307557082601	0.00189217978928	-0.048256817308	1.45380166661e-11	2.2519855053e-05	100.0
-0.000144383203103	5.5437582902e-06	-0.000610990517501	-0.0148743085752	-0.00483722918892	-0.0600124398297	1.45380166661e-11	2.2519855053e-05	100.0
-0.000586049763895	0.000156704657415	-6.11759782808e-05	-0.0570480840193	0.0114527314805	-0.00560484944685	1.4506082566e-11	2.2470388106e-05	100.0
0.000765704339801	0.000158647075229	-0.000380416730824	0.0881903419669	0.0145834041091	-0.0437140932903	1.44423400906e-11	2.2371648963e-05	100.0
0.000592894143827	5.39439312935e-05	-0.000385458195997	0.0625115581376	0.00129615693035	-0.0414248649081	1.44423400906e-11	2.2371648963e-05	100.0
0.000764257912596	0.000111016990438	-0.000524476078957	0.0896218622666	0.00908140727774	-0.0615137725901	1.44423400906e-11	2.2371648963e-05	100.0
-0.000243342683781	0.000108262663781	-0.000576293065353	-0.0251834894996	0.00646271820792	-0.0573185239354	1.44423400906e-11	2.2371648963e-05	100.0
-6.07931777213e-05	-4.54362706761e-05	0.000561074071691	-0.0045369472151	-0.0101296337948	0.0508292403673	1.44264283595e-11	2.234700118e-05	100.0
-0.000806844716607	0.000126307653723	-1.79249091197e-05	-0.0909096409942	0.010449340052	-0.00156296797694	1.44105266863e-11	2.2322368977e-05	100.0
0.00042862132023	6.86495044678e-05	-0.000492618143134	0.0438638400931	0.00227700021487	-0.0499227150504	1.44105266863e-11	2.2322368977e-05	100.0
0.00044217616199	0.000164922153996	0.000351421765043	0.0422843669724	0.011889534734	0.0330187268574	1.43946401002e-11	2.2297760145e-05	100.0
0.000478200946279	0.000102568943122	-0.000295653525375	0.0442387414173	0.0048510594227	-0.0273179557297	1.43946401002e-11	2.2297760145e-05	100.0
0.000542197254142	-9.48898969924e-05	-0.000383223337389	0.0550091447307	-0.0154551194822	-0.0393427818177	1.43946401002e-11	2.2297760145e-05	100.0
0.000614410374505	1.73532266994e-05	0.000424845510772	0.0667114519987	-0.00276292316041	0.0458091422081	1.4378758543e-11	2.2273159102e-05	100.0
0.000623261060012	0.000214959864445	-0.000316169573956	0.0670830692586	0.0199157125503	-0.0346731313107	1.43470306316e-11	2.2224011548e-05	100.0
-0.000816781023141	0.000191591417277	1.77291815745e-05	-0.0928880050253	0.0181219443054	0.00214804216376	1.43470306316e-11	2.2224011548e-05	100.0
5.24237262082e-06	4.41703001024e-05	-0.000699152274766	0.000873095900992	-0.000293378680224	-0.0737017266681	1.43470306316e-11	2.2224011548e-05	100.0
-0.000385028616079	-4.31581820529e-05	-0.000547440047888	-0.0394276650573	-0.00981987713022	-0.0559123855267	1.43470306316e-11	2.2224011548e-05	100.0
0.000113451891003	2.67419195372e-05	0.000683814644763	0.0125477250028	-0.00205990089521	0.0715041167872	1.43153379231e-11	2.2174918524e-05	100.0
0.000367083899784	-5.37419092049e-05	0.00040221856748	0.0317401510577	-0.01095380358	0.0354008829668	1.43153379231e-11	2.2174918524e-05	100.0
-0.00021801573385	8.91332866344e-05	0.000734891611328	-0.0238049541392	0.00565139058655	0.0810273651575	1.43153379231e-11	2.2174918524e-05	100.0
-0.000364209763823	8.00788763366e-05	0.00043892332646	-0.0335703534966	0.00265193201211	0.041005097727	1.43153379231e-11	2.2174918524e-05	100.0
-0.000513740471093	-2.38291325566e-05	0.000331770654995	-0.0497100926642	-0.00813433770574	0.0317614711799	1.43153379231e-11	2.2174918524e-05	100.0
8.81909310892e-05	0.000140880667287	0.000688838972292	0.00866883740529	0.0106712979945	0.0733992841068	1.42678692663e-11	2.2101388049e-05	100.0
0.000393024819811	7.30834357257e-05	0.000473093776307	0.0381544869527	0.00242838993586	0.0466766690114	1.42678692663e-11	2.2101388049e-05	100.0
0.000378517617116	-4.77929645913e-05	0.000525556422462	0.0379030663056	-0.0102223372516	0.0526706073139	1.4252068173e-11	2.2076911647e-05	100.0
-0.000235787188113	9.85860279494e-05	0.000485694789692	-0.0214086744512	0.00406462436952	0.0432000477558	1.4252068173e-11	2.2076911647e-05	100.0
0.000607219975765	0.000155260360046	0.000151299450147	0.061459089812	0.0117593235317	0.0149874460905	1.4252068173e-11	2.2076911647e-05	100.0
-0.000838139275468	0.000122227197736	8.93584734158e-05	-0.0958351544399	0.00996545189216	0.00955473992239	1.4252068173e-11	2.2076911647e-05	100.0
-0.000435513286781	2.10205222593e-05	-0.000420910650181	-0.0423875989919	-0.00328266057261	-0.0399180177504	1.4252068173e-11	2.2076911647e-05	100.0
1.98284509393e-05	-3.42440048627e-05	-0.000564366803732	0.00163403156395	-0.00939891370527	-0.050939826358	1.4252068173e-11	2.2076911647e-05	100.0
0.000339046547365	5.87931168695e-05	0.000499606306776	0.0326264711998	0.000296294912948	0.0482961402775	1.42362721087e-11	2.2052443036e-05	100.0
-0.000664476907337	3.78030696349e-05	-0.000144332968979	-0.068827578897	-0.000875392628709	-0.0149804457784	1.42362721087e-11	2.2052443036e-05	100.0
-0.000468668593724	6.19497306034e-05	-0.00030254276918	-0.0423519556435	0.000274352278601	-0.0280550617796	1.42204810734e-11	2.2027982215e-05	100.0
0.000409027958163	4.70702987332e-05	-0.000731417573713	0.0468922993343	0.000851213234685	-0.0827566289877	1.42204810734e-11	2.2027982215e-05	100.0
0.000369068348478	-6.51794139901e-05	-0.000569593018472	0.0381700413905	-0.0119607661462	-0.0587412049252	1.42204810734e-11	2.2027982215e-05	100.0
-3.90367123648e-05	-3.96100651398e-05	0.000647391868834	-0.00358461954048	-0.00960432286085	0.0649824873171	1.41889342057e-11	2.1979115103e-05	100.0
0.000142569011405	-2.55189615637e-05	0.000536638399018	0.0130979652321	-0.00810129898192	0.0475776909865	1.41574225409e-11	2.1930302521e-05	100.0
-0.000215359577949	0.000104336881207	-0.000716458909264	-0.0234990304174	0.00698551682649	-0.0782438487292	1.41574225409e-11	2.1930302521e-05	100.0
-9.18877677782e-05	9.68974499782e-05	0.000676578146376	-0.00897294795003	0.00551376361972	0.0710188961121	1.41259410502e-11	2.188153668e-05	100.0
0.000650740926435	2.9644952151e-05	0.000303100878969	0.0694409717092	-0.00143315740803	0.0321623655368	1.41259410502e-11	2.188153668e-05	100.0
0.000669045580941	7.84821160693e-05	-2.36467004052e-05	0.0690970019181	0.00337818578586	-0.00319714718904	1.41102103627e-11	2.185716934e-05	100.0
-0.000475018579399	0.000131638554057	-0.000773024112101	-0.0558705627608	0.0115087943501	-0.0899046412767	1.41102103627e-11	2.185716934e-05	100.0
-0.000832509872148	3.65722975427e-06	-5.93630596141e-05	-0.0942366070844	-0.00419631347777	-0.00602121245863	1.40944897333e-11	2.183281758e-05	100.0
-0.000548648558646	0.00011290150454	-0.000367677448099	-0.0566145514771	0.00732662589162	-0.0378414706649	1.40787791619e-11	2.18084814e-05	100.0
-0.000629555246384	0.000121224485884	0.000235533745381	-0.0655792606863	0.00808738195328	0.024866569428	1.40630685904e-11	2.178414522e-05	100.0
-0.000801138644215	6.56559427487e-05	4.6331435301e-05	-0.0896337637839	0.00321343428844	0.00499403632565	1.40630685904e-11	2.178414522e-05	100.0
-0.000216662078707	-7.14923248102e-05	0.000607784292788	-0.0220333895943	-0.0126571981506	0.0607507402306	1.40316826505e-11	2.173552739e-05	100.0
0.000363967016477	2.95010036115e-05	0.000659146719185	0.039961544499	-0.00162148028324	0.0715071729448	1.40316826505e-11	2.173552739e-05	100.0
0.00069594882302	9.47820099822e-05	-0.000159905373078	0.0747347058239	0.00556750948599	-0.0166995230604	1.40316826505e-11	2.173552739e-05	100.0
0.00077529981147	7.53755442323e-05	-0.000267074581483	0.0874335006244	0.00427242108502	-0.0299905933542	1.40316826505e-11	2.173552739e-05	100.0
-0.00022023515709	7.62835273631e-06	-0.00069756818143	-0.0235030934441	-0.00375609886032	-0.0749144719621	1.40316826505e-11	2.173552739e-05	100.0
-0.000453513185907	0.00013167628051	-0.000691892900919	-0.0515918059113	0.0107656216613	-0.0786174295714	1.4015997224e-11	2.171123016e-05	100.0
-7.98222002835e-05	6.91220404182e-05	-0.000633822963364	-0.00831836084922	0.00202026641949	-0.0635708724552	1.4015997224e-11	2.171123016e-05	100.0
0.000609530738689	1.11023363476e-05	0.000470196050585	0.0673908568383	-0.0036832576278	0.0509450763044	1.40003218555e-11	2.1686948511e-05	100.0
0.000255226516115	-4.5977405163e-05	0.000586276370924	0.024544390907	-0.0100926310516	0.0586998902694	1.39689862055e-11	2.1638408582e-05	100.0
0.000686188677885	6.7406070259e-05	0.000251407513215	0.0738265276157	0.00273317325254	0.0273008532375	1.39689862055e-11	2.1638408582e-05	100.0
-0.000210320798196	0.00010762987918	0.000576063138665	-0.0214747070208	0.00610654439832	0.0566608183911	1.39689862055e-11	2.1638408582e-05	100.0
0.000571624553952	8.87846160433e-05	0.000284158694941	0.0574351749739	0.00413519086576	0.0289827736351	1.39689862055e-11	2.1638408582e-05	100.0
0.000810734875587	0.000217923529603	8.78953833599e-05	0.0924860812469	0.0211386180706	0.00987424945905	1.39689862055e-11	2.1638408582e-05	100.0
0.000187501779703	0.000113410545896	-0.000816199587726	0.021745918465	0.00864365783118	-0.0929032058693	1.39689862055e-11	2.1638408582e-05	100.0
-0.000164748015568	-5.62699945234e-05	0.000769644154033	-0.0182112890172	-0.0111895466574	0.0850408578845	1.39376807294e-11	2.1589915393e-05	100.0
-0.000651504507744	0.000101145760018	0.000252636183464	-0.0690142565113	0.00655791231278	0.0263664511458	1.39376807294e-11	2.1589915393e-05	100.0
0.000551198646178	-8.74594820754e-05	-0.000210479162489	0.0516289895977	-0.014469421496	-0.0198206993182	1.39376807294e-11	2.1589915393e-05	100.0
-0.000582978174388	2.37291835892e-05	0.000140300189052	-0.0556469248345	-0.00319390321466	0.0131711960528	1.39220405639e-11	2.1565688274e-05	100.0
0.00056110168959	9.75645942976e-06	-7.29162522436e-05	0.0509850692629	-0.0049625990022	-0.00638660131271	2.77659305899e-11	4.3010318853e-05	100.0
0.000231538486269	0.000236117127348	0.000996413751897	0.0279120542229	0.0249522294525	0.120067656076	1.38907702907e-11	2.1517249616e-05	100.0
0.000483266602143	2.65425540191e-05	0.000552965639169	0.052255114207	-0.00197562138494	0.0592082785972	1.38907702907e-11	2.1517249616e-05	100.0
-0.00029012810685	-6.51645788552e-05	-0.000543796481162	-0.0277618514015	-0.0120738935366	-0.0527310683124	1.38907702907e-11	2.1517249616e-05	100.0
0.000499830248105	-7.24840416462e-05	0.000453730000109	0.0513734750257	-0.0128605333527	0.0465681483425	1.38751502411e-11	2.1493053657e-05	100.0
0.000272727165314	0.000458268987327	0.000711252190771	0.0314015654438	0.0508190021153	0.0824075038622	1.38751502411e-11	2.1493053657e-05	100.0
-0.000740225737117	0.000275339417161	-0.000445148428533	-0.0862734138867	0.0286043417898	-0.0519273389123	1.38751502411e-11	2.1493053657e-05	100.0
-0.000813765347597	0.000207866358127	-0.000344311000705	-0.0948621947645	0.0204333159364	-0.0398874731625	1.38751502411e-11	2.1493053657e-05	100.0
-0.00059762635683	5.27943530924e-05	-0.000607632924103	-0.0680495413368	0.0018425676558	-0.0694319158738	1.38751502411e-11	2.1493053657e-05	100.0
-0.000536570025866	-2.76782088871e-05	-0.000439998544592	-0.0558556834217	-0.00760704953262	-0.0459440977069	1.38751502411e-11	2.1493053657e-05	100.0
3.00094054554e-05	8.60758237584e-05	0.000679143238033	0.00325249578796	0.00407684951282	0.0708559443752	1.38595301916e-11	2.1468857698e-05	100.0
0.000539765340256	-5.16270044624e-05	0.000214431620991	0.0500086139698	-0.0106032993618	0.0195336498043	1.38595301916e-11	2.1468857698e-05	100.0
-8.7906146842e-05	0.000114592682963	0.000734616141298	-0.00999624591039	0.0079302435356	0.0799598927692	1.3843915171e-11	2.1444669529e-05	100.0
0.000655368943022	0.000110281983432	0.00045238195883	0.0732224451623	0.00796298428118	0.0506259979199	1.3843915171e-11	2.1444669529e-05	100.0
-0.000496669829325	0.000145564392428	-0.000450782238186	-0.05218313074	0.0108836580287	-0.0470419329693	1.3843915171e-11	2.1444669529e-05	100.0
-0.000348984668022	3.54320454068e-05	0.000606274000055	-0.0367539186724	-0.00132580298014	0.0636921683209	1.37815254945e-11	2.1348025915e-05	100.0
-0.000407349482816	-1.66372073343e-05	0.000556652957447	-0.0426724252483	-0.0070592911133	0.0576286233331	1.37815254945e-11	2.1348025915e-05	100.0
0.000476488934137	0.0002414281127	0.000648473117352	0.0539852907251	0.0237800116426	0.0741789841803	1.37815254945e-11	2.1348025915e-05	100.0
-0.000597392382003	0.000171990392173	0.000782262483366	-0.0708408736768	0.0167369467146	0.0934801160188	1.37815254945e-11	2.1348025915e-05	100.0
-0.000617041160787	0.000120787027866	0.000634097330585	-0.0713959905168	0.00995071948753	0.073506835205	1.37815254945e-11	2.1348025915e-05	100.0
-0.000495666688751	0.000103146516964	-0.000328280220983	-0.0480285864853	0.00454291763342	-0.0316405340578	1.37815254945e-11	2.1348025915e-05	100.0
-0.000551799441307	0.000124401793641	-0.000712231806719	-0.0640720940852	0.0104332615451	-0.0829321515763	1.37815254945e-11	2.1348025915e-05	100.0
-0.000238378420342	6.45775727221e-05	-0.000632005150559	-0.0245132274928	0.00157484661717	-0.0655726373537	1.37815254945e-11	2.1348025915e-05	100.0
-9.22070302502e-05	-1.23979534062e-05	0.0009773416285	-0.0107565669295	-0.00592531823815	0.115763619357	1.37503608302e-11	2.1299750849e-05	100.0
0.000731625265372	-1.85662798167e-05	0.000429114078761	0.0832683464079	-0.00661743120946	0.0484123948763	1.37503608302e-11	2.1299750849e-05	100.0
0.000137906627277	0.000190966464638	0.000695703602819	0.0141633854286	0.016336101059	0.0756740008175	1.37503608302e-11	2.1299750849e-05	100.0
0.000368080283249	0.000257771640033	0.000524587691437	0.0386250805527	0.0236431142237	0.0552956350092	2.69732709068e-11	4.1782463529e-05	100.0
-0.000809006770776	-3.36711309595e-05	0.00029801903252	-0.0924936103381	-0.00873917855271	0.033750413589	1.37503608302e-11	2.1299750849e-05	100.0
0.000669058279584	0.000224081485145	-0.000164796085537	0.0719353724575	0.0205673355053	-0.0180828158735	1.37503608302e-11	2.1299750849e-05	100.0
0.000335205522728	-3.52914554251e-05	0.000579955642323	0.0341300525763	-0.00924175656026	0.0593130427965	1.37347860415e-11	2.1275625001e-05	100.0
0.00079815448904	0.000181977523033	0.000387912288794	0.0928985485026	0.0171388327463	0.045041167847	1.37347860415e-11	2.1275625001e-05	100.0
0.000746877234129	0.000149759642401	0.000262808761168	0.0835751493125	0.0123402564661	0.0300577365298	1.37347860415e-11	2.1275625001e-05	100.0
9.22975135501e-05	0.000130226402835	-0.000761392521745	0.0105065759558	0.010275700939	-0.0842324938265	1.37347860415e-11	2.1275625001e-05	100.0
0.000803725408573	1.99550226747e-06	0.000412355874521	0.0930477014062	-0.0041215048111	0.0476971169519	1.37192162819e-11	2.1251506943e-05	100.0
0.000810767292024	0.000396390016887	-0.000157472384044	0.0945963056007	0.0436265625432	-0.0189563200662	1.37192162819e-11	2.1251506943e-05	100.0
0.000339653515015	-0.000112912277888	0.000427383610367	0.0294652627059	-0.0165924810136	0.0377790593319	1.36880918495e-11	2.1203294196e-05	100.0
2.83334207343e-05	-3.03008535194e-05	0.000777584595728	0.00323277840669	-0.00837532589972	0.085432417133	1.36880918495e-11	2.1203294196e-05	100.0
0.000343729561587	0.000102403952057	0.000867687969505	0.040602718867	0.00803325168825	0.101669467113	1.36880918495e-11	2.1203294196e-05	100.0
-0.000392781530573	0.000189600884179	0.000910576130079	-0.046739649846	0.018924062578	0.108778391272	1.36880918495e-11	2.1203294196e-05	100.0
0.000107501582708	0.000233861545838	0.000909085301573	0.012679385104	0.0239633332178	0.107091809575	1.36880918495e-11	2.1203294196e-05	100.0
-0.000479939772619	0.000261763889157	0.000823060050079	-0.0568054796107	0.0276234931844	0.0980687109104	1.36880918495e-11	2.1203294196e-05	100.0
-0.000738571268983	9.69438456052e-05	0.000540540597641	-0.0864816117213	0.00713690605527	0.0625927734194	1.36880918495e-11	2.1203294196e-05	100.0
-0.000553125125296	-6.79791123792e-05	0.000180286228319	-0.0510585544219	-0.0123751903536	0.0170316268604	1.36880918495e-11	2.1203294196e-05	100.0
-0.000714023821998	-6.97180305187e-05	9.31490314788e-05	-0.0757865498702	-0.0123387490088	0.00961693929544	1.36880918495e-11	2.1203294196e-05	100.0
0.000954205103335	0.000298949327198	-0.000760785770997	0.118047950386	0.0336793349069	-0.0942721737556	1.36880918495e-11	2.1203294196e-05	100.0
0.000855497017779	2.843585931e-05	-0.000605310545994	0.102790879699	-0.00080205844366	-0.0725533274469	1.36880918495e-11	2.1203294196e-05	100.0
-0.000635337195598	7.74821573914e-05	-0.000473700884594	-0.0707352511073	0.00412117212814	-0.0526813242526	1.36880918495e-11	2.1203294196e-05	100.0
-0.000638001445779	1.85241648724e-05	-0.000374274089183	-0.0688886489294	-0.00286369789685	-0.0400674577969	1.36880918495e-11	2.1203294196e-05	100.0
-0.000286759758099	0.00011035933583	-0.000535532533713	-0.0286428945725	0.00557159806545	-0.0523452116579	1.36880918495e-11	2.1203294196e-05	100.0
-8.20938506313e-05	0.000390966804596	-0.00087666688788	-0.00934783092659	0.0432732529499	-0.103687143931	1.36880918495e-11	2.1203294196e-05	100.0
0.000219698897452	-1.86334283426e-05	-0.000889455491762	0.0254864323073	-0.00668240560742	-0.103372509547	1.36880918495e-11	2.1203294196e-05	100.0
0.000305046987958	-6.42064548416e-05	-0.000782510048454	0.0347360152638	-0.0119244770959	-0.088346372532	1.36880918495e-11	2.1203294196e-05	100.0
-0.000143885426853	6.64395554328e-05	-0.000827006926844	-0.0166924344735	0.00315136730593	-0.0937771870157	1.36880918495e-11	2.1203294196e-05	100.0
0.000535458969029	7.30099984505e-05	-0.000754933666245	0.0622937080169	0.00425078065226	-0.0884263241708	1.36725371768e-11	2.1179199509e-05	100.0
-0.000288856655204	2.92137819165e-05	-0.000808115885837	-0.0327130285196	-0.00132495756057	-0.0924754524272	1.36569875331e-11	2.1155112611e-05	100.0
-0.000188358903173	-6.34576503006e-05	-0.000954115207871	-0.0219799426849	-0.0121363991449	-0.112703233231	1.36569875331e-11	2.1155112611e-05	100.0
0.00031968882906	8.06202323306e-05	0.000665190668887	0.0346746189357	0.00373548351812	0.0720471515745	1.36258983037e-11	2.1106954395e-05	100.0
4.56472803647e-05	0.000192762136153	-0.000535845504825	0.00436710180276	0.0143917284257	-0.0496361915025	1.36258983037e-11	2.1106954395e-05	100.0
0.000687228124832	0.00037857877195	-0.000928744803184	0.0848932564046	0.0435995603369	-0.114431601281	1.36258983037e-11	2.1106954395e-05	100.0
0.000469211490014	-8.02482370025e-05	-0.000586859417325	0.0506994938358	-0.014413824444	-0.0636142945199	1.36258983037e-11	2.1106954395e-05	100.0
0.000650083885258	0.000208872552709	0.0005130254151	0.0742529963175	0.0200435592479	0.0591938369724	1.35948291903e-11	2.105882734e-05	100.0
0.000842605360158	0.000531576426241	-0.000658670641981	0.10378342923	0.0632016300129	-0.0809161793353	1.35948291903e-11	2.105882734e-05	100.0
0.000550028991442	-8.10140889124e-05	-0.000442780471527	0.057638433862	-0.0142696722913	-0.0466436639042	1.35948291903e-11	2.105882734e-05	100.0
-0.000448240624738	0.000244923220923	-0.000424911236668	-0.0465703440618	0.0215106296299	-0.0433815644491	1.35948291903e-11	2.105882734e-05	100.0
-0.000655680171857	-6.57154802391e-05	-0.000248075454212	-0.068609742454	-0.0120572448752	-0.0260121322016	1.35948291903e-11	2.105882734e-05	100.0
-0.000534880360981	2.6165052025e-05	-0.000465653674528	-0.0566440374119	-0.002726709869	-0.049135093552	1.35948291903e-11	2.105882734e-05	100.0
0.000169174405863	0.000274499513194	-0.000942552069025	0.020161047508	0.0292606287025	-0.112348443577	1.35948291903e-11	2.105882734e-05	100.0
-0.000528858557236	5.87571242389e-05	-0.000779731146668	-0.0620630151875	0.00246777894975	-0.0913517412107	1.35948291903e-11	2.105882734e-05	100.0
-0.000975663677946	0.00043445132059	-8.52967055767e-05	-0.117899947726	0.0495759581757	-0.0103137221024	1.35637701348e-11	2.1010715865e-05	100.0
0.000750787625816	3.30928551859e-05	-0.000834563084326	0.0910596432739	-0.000117963606573	-0.101604634635	1.35637701348e-11	2.1010715865e-05	100.0
-0.000349948787219	3.21863035601e-05	0.000823144101676	-0.0407375883552	-0.000728851980866	0.095191386627	1.35327311953e-11	2.096263555e-05	100.0
-0.000361904121119	-5.04898543379e-05	0.000713809286525	-0.0403991499527	-0.0105467878224	0.079421781176	1.35327311953e-11	2.096263555e-05	100.0
0.000720977920978	0.000218298209428	0.000601419569597	0.0857976681318	0.0218767127008	0.0704872473124	1.35327311953e-11	2.096263555e-05	100.0
-0.000654408572521	8.22336376476e-05	0.000475310371219	-0.0734949995545	0.00459855548296	0.0534628274867	1.35327311953e-11	2.096263555e-05	100.0
-0.000912434310537	0.000184506020419	0.000543565494345	-0.110453351541	0.0184404631497	0.0655521492705	1.35327311953e-11	2.096263555e-05	100.0
-0.000953218938029	0.000249530539869	-5.11798724726e-05	-0.113406420394	0.0260973141449	-0.00571262576537	1.35172167546e-11	2.0938603183e-05	100.0
-0.00104634484025	0.000168842952549	5.88610863296e-05	-0.126039557157	0.0163704240469	0.00742697835817	1.35172167546e-11	2.0938603183e-05	100.0
0.000822699975034	0.000359188900541	-0.000841096916495	0.101566423116	0.0412175636229	-0.103904064715	1.35172167546e-11	2.0938603183e-05	100.0
0.000593302929131	-0.000115635671718	-0.000615929040433	0.0672941226086	-0.0186362557946	-0.0703359413473	1.35172167546e-11	2.0938603183e-05	100.0
0.000173315641076	0.000224181767288	-0.000704100847072	0.0196804582427	0.0212145571714	-0.0772375100847	1.35172167546e-11	2.0938603183e-05	100.0
0.000607735567803	1.11389125607e-06	0.000607631342496	0.0695547165975	-0.00447201911326	0.0690179131516	1.35017023138e-11	2.0914570815e-05	100.0
-0.000144476209774	0.00021497602132	0.000923653068145	-0.0166045330946	0.0216809955193	0.109216354422	1.35017023138e-11	2.0914570815e-05	100.0
-0.000510518489058	-0.000102122850416	0.000557516253859	-0.0554858389691	-0.0162869709725	0.0605802673224	1.35017023138e-11	2.0914570815e-05	100.0
-0.000692533371454	-1.2010019929e-05	0.000537345473504	-0.0794919366832	-0.00614580634128	0.0615319020355	2.67865142547e-11	4.1493171472e-05	100.0
-0.00024411215127	0.000361158060153	-0.000592672881039	-0.0270472791567	0.0364117544323	-0.0639267584987	1.35017023138e-11	2.0914570815e-05	100.0
0.000789347571309	5.70102276362e-05	0.000572301084924	0.0932155200724	0.00235516409049	0.0678865446053	1.34861929021e-11	2.0890546238e-05	100.0
0.00067283067412	0.000213922000723	5.72167136166e-05	0.0716540137552	0.0189008214219	0.00694919166776	1.34861929021e-11	2.0890546238e-05	100.0
0.000519601043967	0.000139086796354	-0.000820463213986	0.0617849165818	0.0123133902447	-0.0972098049577	1.34861929021e-11	2.0890546238e-05	100.0
-4.29346847241e-05	0.000130963041508	0.000897299297255	-0.00537783745487	0.0111139982123	0.104308406295	1.34706885193e-11	2.0866529451e-05	100.0
0.000807657932326	2.64041454876e-05	0.000748112236934	0.0977416121984	-0.000905416926792	0.0911846780304	1.34706885193e-11	2.0866529451e-05	100.0
9.15741554335e-05	0.000340141849285	0.000834606846379	0.0108143422512	0.0362880897115	0.0972265728637	1.34706885193e-11	2.0866529451e-05	100.0
0.000799715572021	0.000295079488474	0.000677838233295	0.0969810375147	0.0323871108497	0.082189130077	1.34706885193e-11	2.0866529451e-05	100.0
4.48808543015e-05	-0.000120465711067	-0.000815806119358	0.00505837828673	-0.0186619052701	-0.0915007456513	1.34706885193e-11	2.0866529451e-05	100.0
0.000923445357033	6.72519363406e-05	7.53508086797e-05	0.107889828898	0.00366366478836	0.0087748755061	1.34551841365e-11	2.0842512664e-05	100.0
-0.000215961953401	5.18542387569e-05	0.000883201764114	-0.0249081642418	0.00181458374355	0.102693784406	1.34396847828e-11	2.0818503667e-05	100.0
-0.000364430948161	-0.000108571098967	0.000535493214363	-0.0369080417757	-0.0168092087916	0.0534695740389	1.34396847828e-11	2.0818503667e-05	100.0
0.000171657225647	0.000220364957715	0.00060555618068	0.0183459732779	0.0187258576289	0.0623319137115	1.34396847828e-11	2.0818503667e-05	100.0
-0.000549921024504	0.000332365914069	0.00044677272075	-0.0613556625354	0.0338361785824	0.0494034802426	1.34396847828e-11	2.0818503667e-05	100.0
-0.000676052157272	3.89156168625e-06	0.000428061061032	-0.0748967960482	-0.0043712217414	0.0480649578938	1.34396847828e-11	2.0818503667e-05	100.0
-0.00025535980465	-6.63659747912e-05	-0.000619145953158	-0.0260817494808	-0.0120359399102	-0.0631136601248	1.34396847828e-11	2.0818503667e-05	100.0
0.000172494641449	-0.000112527249561	0.000515332005351	0.0156566005825	-0.0164105889571	0.0447379919009	1.34086911042e-11	2.0770493462e-05	100.0
0.000240963900197	-6.42925181254e-05	0.000657986878686	0.024869773911	-0.0119050051866	0.0688999936524	1.34086911042e-11	2.0770493462e-05	100.0
0.000855675689908	0.000229995488412	0.000543812755458	0.102741441949	0.0237772499862	0.0654397916441	1.34086911042e-11	2.0770493462e-05	100.0
-0.000516702627212	0.000381761631197	0.000815860069391	-0.0621332992712	0.0425873766483	0.0979822840158	1.34086911042e-11	2.0770493462e-05	100.0
-0.000502908164494	-8.56868845594e-05	0.000617000689436	-0.0555936555356	-0.0149208128692	0.068364490491	1.34086911042e-11	2.0770493462e-05	100.0
0.000904726216133	7.0623046856e-05	0.000172819039623	0.105515663838	0.00382963882223	0.0205076028049	1.34086911042e-11	2.0770493462e-05	100.0
0.000780387269443	-5.4791114948e-05	6.42216090219e-05	0.0859639589894	-0.0109555386184	0.00728015771873	1.34086911042e-11	2.0770493462e-05	100.0
0.000988662468777	9.47658923664e-05	-0.000394563551532	0.11929050045	0.00740229776267	-0.047413022734	1.34086911042e-11	2.0770493462e-05	100.0
-0.000872977071725	0.000289682969378	0.000205805600467	-0.102748464233	0.0305606733374	0.0243806344702	1.34086911042e-11	2.0770493462e-05	100.0
-0.0009596296516	0.000406892176634	0.000181949557441	-0.115707103172	0.0459364352605	0.0218919452548	1.34086911042e-11	2.0770493462e-05	100.0
0.000970972420064	0.000202721201466	-0.000634737273878	0.11901755118	0.0210935319344	-0.0779405823476	1.34086911042e-11	2.0770493462e-05	100.0
0.000910743201775	3.06486287061e-05	-0.000463048747618	0.10898380718	-0.000690463152031	-0.0549007891603	1.34086911042e-11	2.0770493462e-05	100.0
0.000704587701127	0.000163018948551	-0.000502758477424	0.0815131079258	0.014878486447	-0.0577938143033	1.34086911042e-11	2.0770493462e-05	100.0
0.000489053317107	-0.000151332155652	-0.000402986022842	0.0482905029561	-0.0215472616953	-0.0402507004028	1.34086911042e-11	2.0770493462e-05	100.0
-0.000596747679284	0.0003691266539	-0.000621240849526	-0.0703914604482	0.0401772649015	-0.0727691387684	1.34086911042e-11	2.0770493462e-05	100.0
7.54164903699e-05	0.000229237308008	-0.000871452733986	0.00897732853611	0.0229042891274	-0.101349529106	1.34086911042e-11	2.0770493462e-05	100.0
0.000118755141881	-3.33446753952e-05	-0.000884789714189	0.0135558635926	-0.00856984425863	-0.102174505174	1.34086911042e-11	2.0770493462e-05	100.0
0.000235791200008	8.31079328658e-05	0.000751430612575	0.0261045738848	0.00442868876051	0.0834681825484	1.33777074836e-11	2.0722498838e-05	100.0
0.000507366739539	0.000144596194403	0.000892632589456	0.0607600460134	0.0134924325189	0.107235630285	1.33777074836e-11	2.0722498838e-05	100.0
-0.000716256088797	0.000351583960887	-1.80271500843e-05	-0.0803207148049	0.0364501302546	-0.0012131857611	1.33777074836e-11	2.0722498838e-05	100.0
-0.000990311518786	7.75603007229e-06	2.54441782519e-05	-0.117497893698	-0.00365009904613	0.00314231421504	1.33777074836e-11	2.0722498838e-05	100.0
0.000715270300301	0.000273237123541	-0.000675712114798	0.0858130956973	0.0293819649501	-0.08090487679	1.33777074836e-11	2.0722498838e-05	100.0
-0.000697593509331	0.000323581009018	-0.00028525648602	-0.0788894581572	0.0330583185013	-0.032211180981	1.33777074836e-11	2.0722498838e-05	100.0
-0.000775327726306	0.000125547894794	-0.000333018366357	-0.0884789337274	0.00976015314768	-0.0382651111595	1.33777074836e-11	2.0722498838e-05	100.0
0.000361927251328	0.000312527430432	-0.000976696637434	0.0431286576407	0.0345452127938	-0.118616335183	1.33777074836e-11	2.0722498838e-05	100.0
0.000456229017737	-6.51062688862e-05	-0.000712562210486	0.0516080771959	-0.0124743406241	-0.0806240997192	1.33777074836e-11	2.0722498838e-05	100.0
-0.000481336568449	2.80648234621e-05	-0.000659201112787	-0.0541718633936	-0.00138635684716	-0.0738412604692	1.33777074836e-11	2.0722498838e-05	100.0
-2.07266520432e-05	3.17885242006e-06	-0.00103312368937	-0.00237027012347	-0.00367319383479	-0.123708481545	1.33777074836e-11	2.0722498838e-05	100.0
0.00107057118421	0.000300280962923	-0.000382074965897	0.131433565499	0.0333112932409	-0.0466116950334	1.33622232168e-11	2.0698513211e-05	100.0
0.00067674072115	2.47866608218e-06	-0.000292952388854	0.0728601801436	-0.00489821792468	-0.0314493485887	1.33622232168e-11	2.0698513211e-05	100.0
-0.000986099524209	0.000454415183391	5.8729507509e-06	-0.119421148755	0.0518829981501	0.000515992979916	1.33622232168e-11	2.0698513211e-05	100.0
-0.000269012287713	0.000136528402747	-0.00094545475439	-0.0321627309051	0.0120470069522	-0.112311983619	1.33622232168e-11	2.0698513211e-05	100.0
-0.000987264980905	0.000363942821768	-0.000360090206311	-0.119929462242	0.0410424955922	-0.0443157894541	1.33467339211e-11	2.0674519794e-05	100.0
-0.00110720370293	0.000260664849637	-0.000123374048779	-0.135260854938	0.0281538303064	-0.0147951147595	1.33467339211e-11	2.0674519794e-05	100.0
-0.000402220359164	-2.53432459226e-05	0.000769739791584	-0.0456494329019	-0.00762351558592	0.0881363634593	2.66160615951e-11	4.1229134824e-05	100.0
0.00070093165183	-6.49073597269e-05	0.000113474503765	0.0740438279051	-0.0120934433993	0.0115045466414	1.33312496543e-11	2.0650534167e-05	100.0
-0.000868646105001	0.000115050032721	0.000773295274516	-0.106376828772	0.0100259125681	0.0945629286527	1.33312496543e-11	2.0650534167e-05	100.0
0.000888164180802	8.50928221333e-05	-1.99974010091e-05	0.102649367315	0.00547795408004	-0.0020301245318	1.33312496543e-11	2.0650534167e-05	100.0
-0.000312258405794	9.84769506148e-06	-0.000813920104412	-0.0360337635253	-0.0032622229829	-0.0930046560471	1.33312496543e-11	2.0650534167e-05	100.0
-0.000907030377739	8.6940976313e-05	0.000248113288106	-0.106393288407	0.00568944562314	0.0292936706436	1.33157704165e-11	2.0626556331e-05	100.0
0.000840154295726	0.000442833513151	-0.000476962215572	0.101272227946	0.0504495036524	-0.0575896712811	1.33157704165e-11	2.0626556331e-05	100.0
0.000567342246603	-9.62644032473e-05	-0.000287433503577	0.0564159499994	-0.0158506422747	-0.0278601326575	1.33157704165e-11	2.0626556331e-05	100.0
-0.000681158716452	0.000179899717657	1.02638068524e-05	-0.0722790575699	0.0147375963885	0.00068925177869	1.33157704165e-11	2.0626556331e-05	100.0
-0.000978001215027	0.000180428693181	8.51717235839e-05	-0.116413323227	0.0173464001107	0.010141244067	1.33157704165e-11	2.0626556331e-05	100.0
-0.000508922075513	-0.000185843839875	-0.000140199506209	-0.0440378231528	-0.0239318246536	-0.0120340616452	1.33157704165e-11	2.0626556331e-05	100.0
0.000230251157291	0.000125064899309	-0.000633402474525	0.02373252773	0.00828957418476	-0.0662761119752	1.33157704165e-11	2.0626556331e-05	100.0
0.000418197641392	0.000118270073426	-0.000975075470309	0.0503132984569	0.0104570758432	-0.117770685323	1.33157704165e-11	2.0626556331e-05	100.0
-0.000391767452232	0.000219331204186	-0.000747525183318	-0.045441689277	0.0212060205361	-0.085919493104	2.62602101113e-11	4.067790944e-05	100.0
7.3838716937e-05	0.000138880693821	-0.000992276725968	0.00871234333763	0.012691914131	-0.118253612756	1.33157704165e-11	2.0626556331e-05	100.0
-0.00032934276485	-5.48841016325e-05	0.000812278095079	-0.0375923177847	-0.0113958065027	0.0930338638431	1.32848119408e-11	2.0578600657e-05	100.0
0.000928323276061	2.9276051002e-05	0.000189235815373	0.109130095295	-0.000793357976427	0.0216280863744	1.32848119408e-11	2.0578600657e-05	100.0
-0.000722728349435	0.000276268016581	0.000866392508085	-0.0883049059887	0.0303152299928	0.106265782536	1.32848119408e-11	2.0578600657e-05	100.0
0.000826978353443	7.30768456653e-05	-5.40067637868e-05	0.0935662246249	0.00343401665614	-0.00609823360286	1.32848119408e-11	2.0578600657e-05	100.0
0.000749135544681	4.40360722193e-06	-6.63680979779e-05	0.0810965738856	-0.00453174720849	-0.00689864293532	1.32848119408e-11	2.0578600657e-05	100.0
-0.000507359027912	0.000132655099342	-0.000233577540359	-0.0476519486328	0.00679164037506	-0.0216405603441	1.32848119408e-11	2.0578600657e-05	100.0
-0.000688484466176	-6.62000808999e-05	-0.000235038306545	-0.0731849785934	-0.012731216098	-0.0254962835001	1.32848119408e-11	2.0578600657e-05	100.0
0.000468584908548	0.000253878773263	-0.000636483595338	0.0539560936656	0.0249778596179	-0.0717182023472	1.32848119408e-11	2.0578600657e-05	100.0
0.00036197854151	-5.69279974585e-05	-0.000588818421705	0.0373980400892	-0.0117165911881	-0.0612340739301	1.32848119408e-11	2.0578600657e-05	100.0
0.00019558307863	-4.33970495069e-05	0.000845218099618	0.0222987436395	-0.00977314947722	0.0966419486561	1.3269332703e-11	2.055462282e-05	100.0
0.000280067521543	-8.75591698044e-05	0.000512106096989	0.0252661269949	-0.0143405168695	0.0479682283812	1.3269332703e-11	2.055462282e-05	100.0
-0.000509658884797	0.000245503495305	0.00104004355337	-0.0625627483531	0.0263252672806	0.127631186087	1.3269332703e-11	2.055462282e-05	100.0
-0.000558605865371	-5.89198902274e-05	0.000534254714623	-0.0613312717824	-0.0116688082594	0.0583495661356	1.3269332703e-11	2.055462282e-05	100.0
0.00101395362748	0.000199853273654	0.00030360188237	0.122631764325	0.0203645018602	0.0369060752289	1.3269332703e-11	2.055462282e-05	100.0
-0.000229740025264	0.000264820933471	-0.000854825573263	-0.026518162561	0.0271751780051	-0.100159036951	1.3269332703e-11	2.055462282e-05	100.0
-0.000139491113867	9.01192628673e-05	0.000957273342996	-0.0164470042592	0.00649481331103	0.113050895253	1.32538584942e-11	2.0530652773e-05	100.0
-0.000575002571223	-9.75553543624e-05	0.000219999821441	-0.0560131371953	-0.0159412035225	0.0201961325275	1.32538584942e-11	2.0530652773e-05	100.0
-0.000877496706643	0.00028504661314	-0.000147327241624	-0.103142179057	0.0300088480096	-0.016855908765	1.32538584942e-11	2.0530652773e-05	100.0
-0.000949567463396	-3.853539522e-05	-0.000149687559811	-0.111675558044	-0.00939982349249	-0.017659197533	1.32538584942e-11	2.0530652773e-05	100.0
0.000453229710989	0.000186968568404	-0.000584151355732	0.0502501818968	0.0167001582999	-0.0638936712754	1.32538584942e-11	2.0530652773e-05	100.0
-7.6078708024e-05	0.000301838170916	0.000780107552961	-0.00831575710287	0.0308036916204	0.0889146285467	1.32229100766e-11	2.048271268e-05	100.0
0.000431805239211	0.000353992925128	0.000631113658659	0.0491053265981	0.0370025347544	0.0719794666866	1.32229100766e-11	2.048271268e-05	100.0
0.000817549154929	0.000302592218761	-0.00037485206376	0.0961278221805	0.0320637561476	-0.0446483632126	1.32229100766e-11	2.048271268e-05	100.0
0.000590931575706	-7.33877098158e-05	-0.000281820742239	0.0593423533762	-0.0133913507712	-0.0285186340769	1.32229100766e-11	2.048271268e-05	100.0
0.00024106503943	0.00029221844705	-0.00064849871539	0.0264686880917	0.0283549684023	-0.0710384240654	1.32229100766e-11	2.048271268e-05	100.0
0.000320378260544	-0.000103833197781	-0.000572522253881	0.03247290796	-0.0164708920471	-0.057720199341	1.32229100766e-11	2.048271268e-05	100.0
-0.000371818026431	-7.08247545264e-05	-0.000617721102363	-0.0395138661032	-0.0131866151032	-0.065415415445	1.3191966688e-11	2.0434780376e-05	100.0
-6.5511054903e-05	0.000102070525687	-0.00106119529561	-0.00762482012456	0.00846497771953	-0.128136765163	1.3191966688e-11	2.0434780376e-05	100.0
-0.000509745140497	0.000207782008625	5.30585743137e-05	-0.0459791165343	0.0149856888322	0.00534947240245	1.31764975081e-11	2.041081812e-05	100.0
-0.000797378116024	-4.4153374433e-05	9.17349886852e-05	-0.0885896649984	-0.010246114427	0.0103332570372	1.31764975081e-11	2.041081812e-05	100.0
-0.000527606029382	-1.37245930914e-05	-0.000460504100123	-0.0549817021007	-0.0068639028794	-0.0484129459229	1.31764975081e-11	2.041081812e-05	100.0
0.000691863801775	2.55956891136e-05	0.000570806269464	0.0798376320331	-0.00171104539192	0.0661723363219	1.31610283283e-11	2.0386855863e-05	100.0
-0.000220561843311	0.000215626538493	0.000992563279512	-0.0261460795782	0.0220169485507	0.119244911348	1.31455591485e-11	2.0362893606e-05	100.0
-0.000297632525588	-0.000119449253752	0.000447779258986	-0.0254784812918	-0.0171747928617	0.0388418096315	1.31455591485e-11	2.0362893606e-05	100.0
0.000379960770244	0.000416373411457	0.000676654338904	0.0439519948105	0.0452487591557	0.0781100730518	1.31455591485e-11	2.0362893606e-05	100.0
0.000862275946084	0.000113908778255	0.00033803960455	0.1010080912	0.00916689714334	0.0394394773276	1.31455591485e-11	2.0362893606e-05	100.0
-0.00039101735317	0.000214608192354	0.000527000693386	-0.0410656907882	0.0185435003239	0.0554416309276	1.31455591485e-11	2.0362893606e-05	100.0
-0.000576230357108	-9.24408793875e-05	0.000419369156923	-0.0608255363471	-0.0156065815774	0.0441973528607	1.31455591485e-11	2.0362893606e-05	100.0
0.000990372030743	0.000276843336601	2.5969184526e-05	0.118729503462	0.0295205303274	0.00287561554669	1.31455591485e-11	2.0362893606e-05	100.0
-0.000704941932305	-6.1772880641e-05	7.87126622719e-07	-0.0739997918882	-0.0120745225662	5.33752359189e-05	1.31455591485e-11	2.0362893606e-05	100.0
0.00041738440467	0.000256310658331	-0.000504239255947	0.0440907488861	0.023702734243	-0.0536003343298	1.31455591485e-11	2.0362893606e-05	100.0
0.000350018047015	1.89246542912e-06	0.00083139907131	0.0403527521209	-0.00438895956477	0.0962535695703	1.31300849397e-11	2.0338923559e-05	100.0
0.000571366458547	0.000256896062158	0.000502993245024	0.0640207190739	0.0252523463457	0.0565959174579	1.31300849397e-11	2.0338923559e-05	100.0
-0.00078506922151	-4.01521930111e-05	0.000207229079866	-0.0876705436738	-0.00963209258627	0.0233720055015	1.31300849397e-11	2.0338923559e-05	100.0
0.000793837616567	0.000265978171473	-0.000358133971649	0.092769774063	0.0275359751542	-0.0414271474907	1.31300849397e-11	2.0338923559e-05	100.0
0.000529315881914	0.000227414207013	-0.000531821359253	0.0586316853094	0.0218110597932	-0.0595075178607	1.31300849397e-11	2.0338923559e-05	100.0
-0.000325000636523	0.000399279267877	-0.000595858894508	-0.0359596018071	0.0414554391274	-0.0664424776065	1.31300849397e-11	2.0338923559e-05	100.0
-3.9278194459e-05	0.000264094395336	-0.000917189824948	-0.00472013434092	0.0274060918414	-0.108136515323	1.31300849397e-11	2.0338923559e-05	100.0
-0.000463257432086	6.36012362441e-05	-0.000529097969634	-0.0486901720108	0.00158710557597	-0.05622682412	1.31300849397e-11	2.0338923559e-05	100.0
-1.91619919387e-05	-3.79136104669e-06	-0.000820851355406	-0.00212651655664	-0.00533505440802	-0.0921005465874	1.31300849397e-11	2.0338923559e-05	100.0
-0.000200283405344	-0.000111488304893	-0.000557674081707	-0.0193878720746	-0.0168290839763	-0.0522402621056	1.31146207888e-11	2.0314969093e-05	100.0
0.00054596021841	0.000120449337766	0.000525724853088	0.0601428242174	0.0086046018853	0.0576502333712	1.3099151609e-11	2.0291006836e-05	100.0
-0.00087121436455	-3.67829613881e-05	-0.000292738516899	-0.10118244833	-0.00894641856692	-0.034655963376	1.3099151609e-11	2.0291006836e-05	100.0
0.000331476165556	0.00033884419008	-0.000804947424897	0.0387183047047	0.0361900072854	-0.0944589871221	1.3099151609e-11	2.0291006836e-05	100.0
0.000372564117726	-0.000158517131768	-0.000525988195158	0.037228225369	-0.0223410102276	-0.0529434908723	1.3099151609e-11	2.0291006836e-05	100.0
-0.000748273600461	-9.74870980232e-05	-9.42351060148e-05	-0.0811759695225	-0.0162968856593	-0.0104341421128	1.30682132494e-11	2.0243082323e-05	100.0
0.000281974225894	0.000227834092728	0.000674764722236	0.0308661205581	0.0213619825719	0.0747221496068	1.3057571902e-11	2.0226598534e-05	100.0
0.00059820199007	4.15153661616e-05	0.000812130443044	0.0712114893274	0.000745453097559	0.0967975690769	1.30372748897e-11	2.0195157809e-05	100.0
0.000703487116211	-3.76986452809e-05	0.00013081016619	0.0745262237437	-0.00951256078311	0.013558935885	1.30372748897e-11	2.0195157809e-05	100.0
-0.000362245254604	0.000361653354074	0.000875966505451	-0.0436377642656	0.0401333972462	0.104729930836	1.30372748897e-11	2.0195157809e-05	100.0
0.00058661131489	0.000303633130729	0.000177822721443	0.0614687193926	0.0280680953822	0.0185692486473	1.30372748897e-11	2.0195157809e-05	100.0
0.000777176753626	-5.91077207351e-05	3.01114265084e-05	0.0852719401906	-0.0118777737447	0.00342040616651	1.30372748897e-11	2.0195157809e-05	100.0
0.000724082826267	-1.22627291051e-05	-7.2750187072e-05	0.0774492408064	-0.00641746584055	-0.00849192349443	1.30372748897e-11	2.0195157809e-05	100.0
-0.000714048589998	0.000132044696375	0.000257111466387	-0.0787974574209	0.00975151334784	0.0281346868817	1.30372748897e-11	2.0195157809e-05	100.0
-0.00086858175228	0.000388171541656	0.00027070527052	-0.103399408859	0.0428895237171	0.0318752522165	1.30372748897e-11	2.0195157809e-05	100.0
-0.000747308729976	0.000193499823437	-0.000350013210429	-0.0853950887337	0.017879274993	-0.0397962522358	1.30372748897e-11	2.0195157809e-05	100.0
0.000117080369875	0.000354237633484	0.0010033652872	0.0138959500905	0.039200227443	0.121277944097	1.30063315011e-11	2.0147225506e-05	100.0
0.00055669495612	0.000298049754815	0.000467443331832	0.0625737616203	0.0292815800789	0.0514108000274	1.30063315011e-11	2.0147225506e-05	100.0
0.000604438342263	-0.000117448220297	0.000508455599923	0.0666655443289	-0.0183768218747	0.0564406009429	1.29908572923e-11	2.0123255459e-05	100.0
0.000814241327634	0.000369409230141	0.000686731038612	0.0991667441459	0.0415295230571	0.0837489283023	1.29908572923e-11	2.0123255459e-05	100.0
0.000507692079296	0.000283705878482	0.000248978172542	0.0509225330821	0.0250636132737	0.024667843685	1.29908572923e-11	2.0123255459e-05	100.0
-0.000442272268652	0.000313170324783	-0.000213051206022	-0.0418908528034	0.0261297729484	-0.0197844166218	1.29908572923e-11	2.0123255459e-05	100.0
-0.000799126898068	9.74643876332e-05	-0.0003116847442	-0.0916119157144	0.0069408914424	-0.0357373173819	1.29908572923e-11	2.0123255459e-05	100.0
-0.000513414845871	4.62333549056e-05	-0.000549748787601	-0.0560206524611	-0.000159625699427	-0.0595407540607	1.29908572923e-11	2.0123255459e-05	100.0
0.000277129082841	0.000248810234984	-0.000435163592385	0.0265090523259	0.0202375342974	-0.0400591304077	1.29815335409e-11	2.0108812668e-05	100.0
-4.11331986566e-05	5.48732459492e-05	0.00087457569635	-0.00460356593422	0.00159881309967	0.100533118534	1.29753881125e-11	2.0099293202e-05	100.0
0.000542741656516	0.000180916354614	0.000907691766632	0.0653562881797	0.0176402616581	0.109682876709	1.29753881125e-11	2.0099293202e-05	100.0
-0.000174945250147	0.000225978456624	0.000726005817274	-0.0201877718581	0.0214251985627	0.0806560709972	1.29665873762e-11	2.0085660579e-05	100.0
-0.000217016033478	-8.66560574916e-05	0.000658623727129	-0.0222983537438	-0.0145897976308	0.0687354673028	1.29599139037e-11	2.0075323155e-05	100.0
-0.000763032248961	0.000289423462142	0.000534211547558	-0.0902632970937	0.0305147020059	0.063512283002	1.29599139037e-11	2.0075323155e-05	100.0
0.000655566579752	-1.61142751893e-05	-0.000123770628822	0.0670593955806	-0.00772832608445	-0.0120199528199	1.29599139037e-11	2.0075323155e-05	100.0
0.000167967866417	-2.75311525661e-05	0.000690990698172	0.0176858288819	-0.0084944838833	0.0729677588019	1.29444396948e-11	2.0051353109e-05	100.0
0.000876635657288	4.66337491841e-05	0.000246758234187	0.101913972897	0.00100370535015	0.0284447400497	1.29444396948e-11	2.0051353109e-05	100.0
0.000879791109888	7.97003105339e-05	0.000222830920955	0.102149724024	0.00443830751493	0.0266079216786	1.29444396948e-11	2.0051353109e-05	100.0
0.000686114606977	-7.21733635477e-05	-3.58077271597e-05	0.0711302297091	-0.0130592902686	-0.00367553463663	1.29444396948e-11	2.0051353109e-05	100.0
-0.000610402241113	0.000293091357703	0.000280027414722	-0.06616414912	0.0282645509086	0.0303766762707	1.29444396948e-11	2.0051353109e-05	100.0
-0.000823957031963	2.89123049122e-05	0.000293551632998	-0.0945594612833	-0.001571781513	0.0339846131722	1.29444396948e-11	2.0051353109e-05	100.0
-0.000601892586964	-9.17168065481e-05	7.02080688104e-05	-0.0575525197173	-0.0150608396656	0.00663247368263	1.29444396948e-11	2.0051353109e-05	100.0
0.00062673187438	0.000323225676326	-0.00026799901805	0.0691262553869	0.0325533503779	-0.0287543535612	1.29369414676e-11	2.0039738114e-05	100.0
0.000241219759213	7.29483607349e-05	0.000652476220686	0.025535144985	0.00214453332165	0.0686999696577	1.2928960457e-11	2.0027375272e-05	100.0
-0.000229979832407	-9.40219215567e-05	0.000699096887681	-0.0250283041421	-0.0156847496861	0.0747417697783	1.29134862482e-11	2.0003405225e-05	100.0
-0.000280516707268	0.00023554980468	0.000759335769209	-0.0327308540665	0.0227164594919	0.0863105332608	1.29134862482e-11	2.0003405225e-05	100.0
0.000758707010928	4.42292650092e-06	0.000387455256353	0.0863358954074	-0.00440709949901	0.0440057704939	1.29134862482e-11	2.0003405225e-05	100.0
-0.000327795750946	9.0075914523e-05	0.000467233057776	-0.0308477020132	0.00316268459535	0.0435399752269	1.29134862482e-11	2.0003405225e-05	100.0
-0.000589212906471	-9.46298848156e-05	0.000321347347633	-0.0604949251872	-0.0154952121134	0.032487956432	1.29134862482e-11	2.0003405225e-05	100.0
0.000472326853607	0.000316516647747	0.000114547755913	0.0441887794252	0.0266839103751	0.0112536585865	1.29134862482e-11	2.0003405225e-05	100.0
-0.000636350893743	0.000448998316037	0.000338214943062	-0.0727601813656	0.0487743364565	0.0383678728016	1.29134862482e-11	2.0003405225e-05	100.0
-0.000619680533835	8.71150940185e-05	0.000388160396149	-0.0666220518584	0.00415308538023	0.0424217254766	1.29134862482e-11	2.0003405225e-05	100.0
0.000896300327221	0.000297934704053	-0.000236616808798	0.106250126882	0.0315706989887	-0.0279947705401	1.29134862482e-11	2.0003405225e-05	100.0
0.000784135554812	2.30869841732e-06	-0.000164487470355	0.0873904763155	-0.00467346846152	-0.0177542521213	1.29134862482e-11	2.0003405225e-05	100.0
-0.000326261748758	2.55777516919e-05	-0.000793333768219	-0.0367859308791	-0.00190849147648	-0.0906496434503	1.29134862482e-11	2.0003405225e-05	100.0
-0.000196867245778	-3.8529489033e-05	-0.000752818431994	-0.0218464567197	-0.00952748583347	-0.082557806385	1.29134862482e-11	2.0003405225e-05	100.0
-0.000759797588215	5.4880622583e-05	-0.00049691074474	-0.0883473778343	0.00172457820074	-0.057601920329	1.28980070104e-11	1.9979427388e-05	100.0
0.000247472980028	0.000114756732644	-0.000748377555751	0.027350101759	0.00859127482641	-0.0835332603911	1.28980070104e-11	1.9979427388e-05	100.0
2.00740451963e-05	-0.000109765670101	0.00069000200061	0.00184093353759	-0.0173378409263	0.071727721399	1.285155421e-11	1.9907470507e-05	100.0
0.000380427669617	-0.000121694608418	0.000379944673083	0.0327013210578	-0.0174514802421	0.0329981541874	1.285155421e-11	1.9907470507e-05	100.0
7.30848231318e-05	0.000383645228241	0.00124615649553	0.00923221407859	0.0444149130485	0.155029440357	1.285155421e-11	1.9907470507e-05	100.0
-1.06295953155e-05	0.000479974600414	0.000720483106114	-0.000585575428184	0.0532917301044	0.0826548910359	1.285155421e-11	1.9907470507e-05	100.0
-0.000688873034207	-6.21259471202e-05	0.000104294624295	-0.0720374578594	-0.0119693925746	0.0103620248095	1.285155421e-11	1.9907470507e-05	100.0
-0.000497323610202	0.000285896245561	-0.000436139387805	-0.0532583203153	0.0265931722025	-0.047360969401	1.285155421e-11	1.9907470507e-05	100.0
-0.000812992537734	1.94993673904e-05	-0.000276373571639	-0.0927838302667	-0.00223325834839	-0.0315327989618	1.285155421e-11	1.9907470507e-05	100.0
-0.000437444260027	0.000122095643478	-0.000381240664203	-0.041578233939	0.0063268719971	-0.036634314918	1.285155421e-11	1.9907470507e-05	100.0
0.000206665321975	0.000218917877439	-0.000787424435113	0.0234904036835	0.0210079962978	-0.0896982062782	1.285155421e-11	1.9907470507e-05	100.0
0.000262499740466	-4.01692940747e-05	-0.000733832388097	0.0286894814389	-0.00946371604713	-0.0807752993218	1.285155421e-11	1.9907470507e-05	100.0
-5.85874061515e-05	0.000154923589878	-0.000836470837349	-0.00649182395493	0.0136751080669	-0.0956471159957	1.285155421e-11	1.9907470507e-05	100.0
-0.000564372268636	0.000199639666409	0.000145412302008	-0.0557717848538	0.0154593984016	0.0141544247997	1.28498694977e-11	1.9904860834e-05	100.0
0.000723091607079	0.000378754169427	0.000350225821784	0.084297825642	0.0414034264547	0.0399595888029	1.28498694977e-11	1.9904860834e-05	100.0
0.000573089362749	0.000464078520664	-0.000354143536042	0.0643159087221	0.0502348797128	-0.0404282024738	1.28498694977e-11	1.9904860834e-05	100.0
0.000324684779554	0.000232492959881	-0.0004038519651	0.0297256173561	0.0184674843752	-0.0375024359662	1.28498694977e-11	1.9904860834e-05	100.0
-0.000709323531501	0.000236820242034	-0.000181106102916	-0.0786181010039	0.0227007258604	-0.0200451305821	1.28214255181e-11	1.9860800195e-05	100.0
-0.000363034247612	0.00031772392856	-0.000284548760807	-0.0329781809249	0.0264065000157	-0.0256376070712	1.28205806474e-11	1.9859491464e-05	100.0
-0.000465057879938	-5.54975706489e-05	-0.000447262867699	-0.046379117357	-0.011167062596	-0.0445793753913	1.28205806474e-11	1.9859491464e-05	100.0
9.67581140645e-05	-0.000106535459552	-0.000565303797182	0.00932722545283	-0.0161359299505	-0.0516510690565	1.28205806474e-11	1.9859491464e-05	100.0
0.000587562232208	-0.00011136822797	0.000207532774081	0.0574171654355	-0.0170611937372	0.0201937025119	1.27895970269e-11	1.9811496839e-05	100.0
0.000927344297956	0.000135972057997	-9.5836084564e-05	0.108957655008	0.0116170226276	-0.011141144671	1.27895970269e-11	1.9811496839e-05	100.0
0.000953368450384	9.10515890451e-05	-0.000219739949313	0.112993674825	0.00670356617667	-0.0262150339937	1.27895970269e-11	1.9811496839e-05	100.0
-0.00063958512475	-0.000123647245087	-5.85981190988e-05	-0.0637674855166	-0.0185122052579	-0.00604611353622	1.27895970269e-11	1.9811496839e-05	100.0
-0.000223150107363	-6.29897053869e-05	-0.000548654550188	-0.021076866984	-0.0120672858157	-0.0514050888522	1.27895970269e-11	1.9811496839e-05	100.0
0.000304917947606	0.000315603093393	-0.000436046812216	0.0304433222259	0.0280441978675	-0.0426111480874	1.2779267477e-11	1.9795496035e-05	100.0
3.12044912261e-05	0.000338565460665	-0.000565142884711	0.00282547306307	0.0318062299567	-0.0579457652052	1.2779267477e-11	1.9795496035e-05	100.0
-0.000112038547164	-6.03653046126e-05	0.000755403427276	-0.011868748079	-0.0119646712857	0.082392029976	1.27740976731e-11	1.9787487842e-05	100.0
0.000304696736014	0.000173835192315	0.000882660379203	0.0354754399463	0.0162593338352	0.104076229839	1.27740976731e-11	1.9787487842e-05	100.0
0.000475836464356	-0.000100489099067	0.000267262516237	0.0415621412761	-0.0156165724762	0.0232585440745	1.27740976731e-11	1.9787487842e-05	100.0
-0.000711692319294	-8.36335155471e-05	0.000317564791141	-0.0782342625214	-0.0148129982916	0.0348148291079	1.27740976731e-11	1.9787487842e-05	100.0
0.000612873579965	0.000302874492718	-9.7933300203e-05	0.0645653310522	0.0282598538999	-0.0101211599368	1.27740976731e-11	1.9787487842e-05	100.0
0.000729444822238	-0.00011947732347	-0.00022401443873	0.0795733838893	-0.0185919640419	-0.024206632841	1.27740976731e-11	1.9787487842e-05	100.0
-0.00062564715122	1.33820137923e-05	-0.000659329260426	-0.0727595765015	-0.00295801879758	-0.0764134833765	1.27740976731e-11	1.9787487842e-05	100.0
4.48436525948e-05	-7.40046959773e-05	-0.000709748736618	0.00482292266984	-0.0133512562596	-0.0747949889428	1.27740976731e-11	1.9787487842e-05	100.0
-0.000230106977572	0.000306848166783	0.00062115700725	-0.0241329189778	0.029665388521	0.0674324312783	1.27653472268e-11	1.977393312e-05	100.0
-0.000364457266697	0.000398989730092	0.000656472853073	-0.0410023644508	0.0427331035176	0.075390492307	1.27653472268e-11	1.977393312e-05	100.0
0.000324504063466	0.000174573678648	0.000416823970931	0.0300560850361	0.0117945275328	0.0375019700506	1.27653472268e-11	1.977393312e-05	100.0
0.000405345642811	0.000334017106314	0.000235750274038	0.0375225257698	0.028353293616	0.0224562817743	1.27653472268e-11	1.977393312e-05	100.0
0.000526480716219	0.000325471140793	0.000374393321301	0.0567439357832	0.0325003382959	0.040362643319	1.27653472268e-11	1.977393312e-05	100.0
0.000260182896487	-4.26582888469e-05	0.000654710206941	0.0274022904726	-0.0101462762927	0.0686180248856	1.27585983193e-11	1.9763478845e-05	100.0
0.00030211102734	-7.98616485455e-05	0.000559956724384	0.0296141987406	-0.0139032643512	0.0553540757495	1.27585983193e-11	1.9763478845e-05	100.0
3.34923787635e-05	-4.39273602208e-05	0.000733392861186	0.00434133443745	-0.0100394097862	0.0786505067228	1.27585983193e-11	1.9763478845e-05	100.0
0.000689600061199	0.000100300950941	0.000279267095056	0.0750757562975	0.0058165343837	0.0305531607131	1.27585983193e-11	1.9763478845e-05	100.0
0.000819176211042	0.00023047576603	0.000214799645621	0.0944194952671	0.0223235836086	0.0249710249846	1.27585983193e-11	1.9763478845e-05	100.0
-0.000567831254058	-7.29529807004e-05	0.000216424986221	-0.0542196432903	-0.0134924722723	0.0209371933522	1.27585983193e-11	1.9763478845e-05	100.0
0.000157915091949	0.0003698393178	-0.00119580112312	0.0195630021999	0.0425383739099	-0.148163109064	1.27585983193e-11	1.9763478845e-05	100.0
-0.00046422032055	0.000224823433834	-0.000896582977167	-0.055708634056	0.0228865787388	-0.107463586411	1.27585983193e-11	1.9763478845e-05	100.0
-0.000233516485091	0.000259050588399	-0.000945789517845	-0.0281051995994	0.026952694647	-0.112769753842	1.27585983193e-11	1.9763478845e-05	100.0
-0.000396219768361	0.000158311254667	-0.000607088021548	-0.0429113396885	0.0123471940347	-0.06604389079	1.27585983193e-11	1.9763478845e-05	100.0
0.000727205676999	0.000311686546793	0.000189053247166	0.0819537823385	0.0316205453356	0.022316230987	1.2737692799e-11	1.9731095522e-05	100.0
0.000528214898603	0.000368769614306	9.81941332204e-05	0.0534775083256	0.0352725361864	0.0108654891136	1.2737692799e-11	1.9731095522e-05	100.0
0.000887072394474	0.000312352491024	0.000444720303883	0.106539814944	0.0337834528567	0.0533839824029	1.2712080142e-11	1.9691420694e-05	100.0
-0.000536694332368	0.000182158200738	-0.000546868612636	-0.0593801824493	0.0158094506732	-0.0611284050333	1.2712080142e-11	1.9691420694e-05	100.0
-0.000565981595271	-4.51325354853e-05	-0.000267851104407	-0.055043008188	-0.0100316754803	-0.0264912576085	1.2712080142e-11	1.9691420694e-05	100.0
-0.000701148407455	0.000413504430842	0.000230035860223	-0.0799910519942	0.044444093063	0.0264232419654	1.27102847918e-11	1.9688639638e-05	100.0
-0.000321644018046	0.000382935119343	-0.000281893092272	-0.0288563966296	0.0339600704142	-0.0266938480563	1.27102847918e-11	1.9688639638e-05	100.0
0.000753483416325	7.0468328591e-07	0.000292593578626	0.0842492212233	-0.00459388197271	0.0324073527993	1.26965707303e-11	1.9667396116e-05	100.0
0.000827410714944	0.000222428357491	-2.40525567186e-05	0.0947548115479	0.0212330784617	-0.00257886978494	1.26965707303e-11	1.9667396116e-05	100.0
0.000827340436671	-1.22054717648e-05	-0.000239308700247	0.0943111491743	-0.00607450069207	-0.027476055683	1.26965707303e-11	1.9667396116e-05	100.0
0.0003476708634	0.000379700533585	-0.000508743557912	0.0371871023611	0.0379202058039	-0.054693978252	1.26965707303e-11	1.9667396116e-05	100.0
0.000514586905113	0.0001425318873	-0.000631951575157	0.0581782269709	0.0119288725642	-0.0713444198288	1.26965707303e-11	1.9667396116e-05	100.0
-9.96347175281e-06	0.000351168231995	0.0005441249942	-0.000730915306641	0.0325750457273	0.055222580872	1.26831131473e-11	1.9646549888e-05	100.0
-0.000406225377605	0.000569747276764	0.00085802722164	-0.0494928555793	0.066825106606	0.10414464883	1.26831131473e-11	1.9646549888e-05	100.0
0.000580901607318	0.000359481737456	0.000304539600603	0.0636284882217	0.0359573627686	0.032860906295	1.26831131473e-11	1.9646549888e-05	100.0
0.000622072586117	0.000389505934612	-0.000423209965341	0.0709608408922	0.0416105596635	-0.0483594921103	1.26831131473e-11	1.9646549888e-05	100.0
0.000383266978077	0.000237698627879	-0.000660737153139	0.0430188757226	0.0229257010172	-0.0741537531261	1.26831131473e-11	1.9646549888e-05	100.0
0.000736959211947	5.7434192313e-05	0.000772651983341	0.0888508717534	0.00285361762212	0.093377313129	1.26655317908e-11	1.9619315801e-05	100.0
-0.000516371750952	1.103821657e-06	0.000776069052232	-0.0603787859049	-0.00465792236995	0.0904863543721	1.26655317908e-11	1.9619315801e-05	100.0
-0.000397981670156	0.000219242161734	0.000421146521332	-0.0396120542338	0.0172048393318	0.0413599982092	1.26655317908e-11	1.9619315801e-05	100.0
0.00024802529053	3.3934173422e-05	-0.000780258443812	0.0281062950364	-0.000710467985341	-0.0875421747486	1.26655317908e-11	1.9619315801e-05	100.0
9.91390027652e-05	0.000411987443482	0.00066957236999	0.0106916928972	0.0429945985067	0.0747924914159	1.26561627784e-11	1.96048029e-05	100.0
-0.000176497661173	0.000347029176258	0.000437762653122	-0.0167838273136	0.0304736688742	0.0410668371104	1.26561627784e-11	1.96048029e-05	100.0
-0.00074043666913	0.000464017081354	0.000525556848671	-0.0888585182795	0.0528132911191	0.0626359419376	1.26561627784e-11	1.96048029e-05	100.0
0.000700723695461	0.000487061385447	-5.79035240486e-05	0.0800319454804	0.0534222867081	-0.00711159822234	1.26561627784e-11	1.96048029e-05	100.0
0.000313991098364	0.000255973585525	-0.000391946137299	0.0283185764098	0.0195730634709	-0.0366622562476	1.26561627784e-11	1.96048029e-05	100.0
-4.92518844321e-05	0.000558868681351	-0.000721465039141	-0.00575024955045	0.0634255097015	-0.0839434373893	1.26561627784e-11	1.96048029e-05	100.0
0.000283387494378	0.00039005420378	-0.000441791101028	0.0296890275876	0.0374492452649	-0.0443834740868	1.26561627784e-11	1.96048029e-05	100.0
