# x[AU] y[AU] z[AU] vx[AU/yr/2pi] vy[AU/yr/2pi] vz[AU/yr/2pi] m[MSUN] m[mtot] wf[%]
8.9520861821e-07	2.42033197608e-07	2.1124868107e-07	0.000134866097935	-1.20778914668e-05	0.000161202197564	5.95966244263e-06	0.991153954561	10.0244101469
9.8794439512e-05	-0.000225387672219	0.00118029421123	0.00946454780639	-0.0318858522659	0.102808581726	1.28553259541e-10	2.1379746386e-05	100.0
-0.000291674276611	-0.000348101888686	0.00137113086817	-0.0302793809162	-0.04655421326	0.136308325856	1.28165172218e-10	2.1315203421e-05	100.0
0.00183960603886	-3.94747372156e-05	-0.000447636839827	0.207245739986	-0.0122271636052	-0.050853877519	1.26226797488e-10	2.0992831508e-05	100.0
0.000105142932506	8.59370103722e-05	0.00176478456695	0.011384199145	0.00146524112201	0.195417506727	1.25452282408e-10	2.0864021581e-05	100.0
-0.00117344178108	-1.24046453169e-05	0.00120657533182	-0.127581047787	-0.00951455428902	0.130408013652	1.24291238993e-10	2.0670927965e-05	100.0
0.000512425742628	-0.00026943107745	0.00122964219002	0.0486454336237	-0.0378066420787	0.118059288146	1.23904408917e-10	2.0606594093e-05	100.0
0.00152061515886	9.52112535249e-05	-7.53496446658e-05	0.158217568889	0.00158599012998	-0.00670742606411	1.23904408917e-10	2.0606594093e-05	100.0
-0.000724520629089	-0.000246471657541	-0.00131207537408	-0.0743861004718	-0.0359789743377	-0.13491763092	1.23130949926e-10	2.0477959805e-05	100.0
0.00111964025294	-0.000201188830003	0.00144831922036	0.12481084339	-0.0317985795386	0.161536114469	1.21584635423e-10	2.0220791593e-05	100.0
-0.0003186992143	-0.000287576948152	0.00124774162116	-0.0288393379394	-0.0399482539805	0.117489717534	1.19652496643e-10	1.9899456784e-05	100.0
0.00139912453413	-0.000212160024093	-0.00108508638011	0.154792061621	-0.0325726466186	-0.11913730475	1.19652496643e-10	1.9899456784e-05	100.0
-0.00117027482678	-0.000236690917928	-0.000707505836712	-0.114192105199	-0.0340970828517	-0.0688242673096	1.19652496643e-10	1.9899456784e-05	100.0
0.000211390903253	-0.000330518882379	0.00174943682758	0.0226443581566	-0.0465538766507	0.193021289181	1.19266119177e-10	1.9835198186e-05	100.0
0.00102999221212	-0.000645872330361	0.000603317769001	0.0959655714774	-0.0758946033275	0.0556932310021	1.19266119177e-10	1.9835198186e-05	100.0
0.00115802976238	-0.000214117610526	5.28691313786e-05	0.0989649934967	-0.0314300199444	0.00624214136677	1.19266119177e-10	1.9835198186e-05	100.0
-0.000120594799382	-0.000492868284996	0.00106123309301	-0.0113300105923	-0.0565188991331	0.0870852233541	1.18879691421e-10	1.9770931224e-05	100.0
0.00122701061841	-6.57972333319e-05	0.000562433881253	0.118587602418	-0.0159983395557	0.053729724538	1.18493263665e-10	1.9706664262e-05	100.0
-0.00127717427966	1.80725162587e-05	-0.00109150961913	-0.138251270011	-0.0065971742839	-0.118187658165	1.18493263665e-10	1.9706664262e-05	100.0
0.000242503710803	-7.56716442422e-05	-0.00125394182292	0.023964047838	-0.017575237639	-0.115896727194	1.18493263665e-10	1.9706664262e-05	100.0
0.000691504969395	-0.000375049598784	0.00113448250457	0.0665050310203	-0.0487309941511	0.109472993632	1.17720307573e-10	1.9578113611e-05	100.0
-0.00136159859433	-0.000119530155986	0.000885351515368	-0.144880294052	-0.0218054932382	0.0950196285521	1.16947200612e-10	1.9449537869e-05	100.0
0.000722006406405	-8.33548421154e-05	-0.00118644901441	0.070876472155	-0.0181472645422	-0.116858497018	1.16947200612e-10	1.9449537869e-05	100.0
-0.000932060573507	7.66724423906e-05	0.00141890920276	-0.101297549691	0.000708068055957	0.154369967975	1.1617389249e-10	1.9320928672e-05	100.0
0.000619712896542	0.000554673788154	0.0011380721328	0.0619077450401	0.0500734965856	0.114442765307	1.1617389249e-10	1.9320928672e-05	100.0
-0.00056553039663	-0.000164686852866	-0.00125328876937	-0.0554994769913	-0.0267009182124	-0.122320038022	1.1617389249e-10	1.9320928672e-05	100.0
-0.000189729536739	-0.000342744831869	-0.00141555910896	-0.0187448843207	-0.0462063055844	-0.142310175992	1.1617389249e-10	1.9320928672e-05	100.0
-0.00153559757331	-5.55256058227e-05	-0.000266068712133	-0.161098788386	-0.0152803172169	-0.0277729425009	1.15400282629e-10	1.9192269292e-05	100.0
0.000788224718495	-0.000128171288945	-0.00121219866434	0.0776737622893	-0.0230185941183	-0.123218763807	1.15400282629e-10	1.9192269292e-05	100.0
0.000784161312331	-0.00036916788936	-0.000933377779153	0.0703570157387	-0.0470169494587	-0.0850444487152	1.15400282629e-10	1.9192269292e-05	100.0
-0.00130820435648	0.000413100234394	-0.00150094204048	-0.151376490365	0.0414445067812	-0.173307528158	1.15400282629e-10	1.9192269292e-05	100.0
-0.00082410149926	-2.43297160232e-06	-0.000836495036089	-0.0712097902632	-0.0108033992442	-0.0719793375112	1.15013402264e-10	1.9127927056e-05	100.0
-0.000101024550545	-8.69240548221e-05	0.00160800532925	-0.00933076138326	-0.0188064643332	0.171205762806	1.13852006819e-10	1.8934774894e-05	100.0
-0.000644971150609	3.81567956629e-05	0.0012987948035	-0.0649290397322	-0.00481325347405	0.131553002138	1.13852006819e-10	1.8934774894e-05	100.0
0.00162817564408	-0.000319301420177	0.000168360655724	0.174687791804	-0.044544864496	0.0168093692096	1.13852006819e-10	1.8934774894e-05	100.0
0.00108145406785	-0.000194667887816	-0.000482899736667	0.0940397923703	-0.0293416159366	-0.0421130254474	1.13852006819e-10	1.8934774894e-05	100.0
0.00104821194337	-0.000250376008694	-0.000706033576653	0.095696615463	-0.0352307761953	-0.0665065090804	1.13852006819e-10	1.8934774894e-05	100.0
-0.00119639218134	-0.000135106091112	3.05264460465e-05	-0.105238337552	-0.0241554193688	0.00176879046107	1.13852006819e-10	1.8934774894e-05	100.0
0.00156965410638	5.1175646365e-05	-0.00116091033534	0.17834558369	-0.00169583890888	-0.132656564116	1.13852006819e-10	1.8934774894e-05	100.0
-0.000333625854288	-0.000417583087545	0.00140463698532	-0.033873607291	-0.054331114429	0.142359444514	1.13464673845e-10	1.8870357385e-05	100.0
-0.000529710530813	-0.000504827907567	0.00138284562495	-0.0541006276235	-0.0646288744221	0.142956298348	1.1307719e-10	1.8805914785e-05	100.0
-0.00103372250391	-9.84601792598e-05	0.000962049984379	-0.101916255761	-0.0196426128522	0.0962368036216	1.1307719e-10	1.8805914785e-05	100.0
0.00164742263193	-0.000291882447756	0.000135537995582	0.177125673732	-0.0417456041542	0.016828819423	1.1307719e-10	1.8805914785e-05	100.0
0.00144772962861	-0.000389014781739	-0.000280432365125	0.148112994194	-0.0516680557441	-0.0299884187987	1.1307719e-10	1.8805914785e-05	100.0
-0.00169325859877	-0.000217988571571	-6.79562176883e-05	-0.183753533644	-0.0331112232438	-0.00702383646073	1.1307719e-10	1.8805914785e-05	100.0
0.000978112423829	0.0001909429306	-0.00151569925701	0.10818724393	0.0141011036796	-0.169659225024	1.1307719e-10	1.8805914785e-05	100.0
0.000964882441271	3.25258380345e-05	0.000772120195625	0.0880742664195	-0.00706198161221	0.0693151886448	1.12689555286e-10	1.8741447093e-05	100.0
-0.00155041759034	-6.25457444101e-05	0.000401919580109	-0.16419081616	-0.0157787015716	0.0436204618108	1.12689555286e-10	1.8741447093e-05	100.0
0.00110499853177	-0.00049107844156	-0.000814494652229	0.108847521594	-0.0619578445739	-0.081840674316	1.12689555286e-10	1.8741447093e-05	100.0
-0.000946650815666	-0.00029305347685	-0.00098433705895	-0.0920030660072	-0.0402828907578	-0.0966100395116	1.12689555286e-10	1.8741447093e-05	100.0
0.000142361588172	-0.000314191810345	-0.00145068311457	0.0135927034464	-0.0429761395503	-0.147221123133	1.12689555286e-10	1.8741447093e-05	100.0
0.00119539748289	-0.000344823358773	0.000982292307721	0.124872357227	-0.0470773538565	0.102945945233	1.12301769702e-10	1.867695431e-05	100.0
-0.00139609127338	-0.000204435276411	6.12307525377e-05	-0.137952903154	-0.031653952269	0.0063477331569	1.11525796215e-10	1.8547901835e-05	100.0
0.000168733233955	-0.000318901576545	0.00184303249618	0.019155606357	-0.0453343569591	0.206111842939	1.10749068379e-10	1.8418723904e-05	100.0
-0.000529814937774	-6.55720415491e-05	0.00211830972719	-0.0613008618691	-0.0153555638272	0.247814784352	1.10749068379e-10	1.8418723904e-05	100.0
-0.000959017059659	-0.000393407527692	0.000683081815014	-0.0847321812355	-0.0487716506994	0.05997638162	1.10749068379e-10	1.8418723904e-05	100.0
0.00138651675862	-9.9459085543e-05	0.000108265519905	0.136187957874	-0.0200206964441	0.0118829594744	1.10749068379e-10	1.8418723904e-05	100.0
-0.00141312583462	-6.82132706652e-05	-0.000657410283006	-0.147230531108	-0.0164347148243	-0.0706903016034	1.09971586194e-10	1.8289420516e-05	100.0
0.00132391378168	-0.000157858254122	0.00137234314318	0.149258696049	-0.0264812817676	0.155355214081	1.09582493073e-10	1.8224710276e-05	100.0
-0.00150583302052	-0.000296872724339	-0.000564410533619	-0.160564454886	-0.0424023214714	-0.0589961044169	1.09582493073e-10	1.8224710276e-05	100.0
0.000928231484581	-0.000365134549719	-0.00181361770405	0.106755924189	-0.0515064727637	-0.208564460611	1.09582493073e-10	1.8224710276e-05	100.0
0.00132560185865	9.58489237173e-05	0.000739032496002	0.138322552911	0.00135959928348	0.075651865725	1.09193198791e-10	1.8159966581e-05	100.0
-0.000833706252745	0.000188792277937	0.00146870023465	-0.092648407449	0.013073786762	0.159382039481	1.09193198791e-10	1.8159966581e-05	100.0
0.00191015321236	-7.36456874316e-05	0.000503821782659	0.218177000946	-0.0167478001422	0.0569868405187	1.09193198791e-10	1.8159966581e-05	100.0
-0.0016449142469	-0.000443352942095	0.000308913312454	-0.178438326536	-0.0589013197865	0.0340843673879	1.09193198791e-10	1.8159966581e-05	100.0
-0.00173937635818	-0.000220102310627	0.000203799330655	-0.190876504583	-0.0336207931844	0.0232117285725	1.09193198791e-10	1.8159966581e-05	100.0
-0.00070827569132	-4.06183262674e-05	-0.00101224418477	-0.0634776921427	-0.0147623645776	-0.0917040608278	1.09193198791e-10	1.8159966581e-05	100.0
-0.0011110118328	-0.000159521020449	-0.00147723590012	-0.123667695197	-0.0268439937174	-0.165772797389	1.09193198791e-10	1.8159966581e-05	100.0
-7.05623100089e-05	8.73814417734e-05	-0.00195216176342	-0.00899359234997	0.00247063436725	-0.222457298154	1.09193198791e-10	1.8159966581e-05	100.0
0.00120496498123	0.000179632062504	0.0015541536153	0.138663661395	0.0135275494559	0.176832794438	1.0880370335e-10	1.8095189432e-05	100.0
-0.00185228206915	-0.000217985812341	-0.000321297180067	-0.208570004573	-0.0337184991098	-0.0353498933833	1.0880370335e-10	1.8095189432e-05	100.0
-0.00116724172552	4.00346669145e-05	-0.000801584221479	-0.115243854855	-0.00490272777308	-0.0814878657723	1.08413906169e-10	1.8030362099e-05	100.0
0.000667136433928	0.000111722301272	-0.00147586259234	0.0713707594525	0.00404315459556	-0.157579448466	1.08413906169e-10	1.8030362099e-05	100.0
-0.000101373519804	3.81665046941e-05	0.00184556329959	-0.0108086978899	-0.00337433856113	0.206483306116	1.07633607749e-10	1.7900590343e-05	100.0
0.000618718602617	-6.48090981966e-05	0.00184731297014	0.0709148118562	-0.015472141086	0.209671475301	1.07633607749e-10	1.7900590343e-05	100.0
0.000601178033378	-0.000399401908753	-0.00147531876983	0.0638624442028	-0.0537572832163	-0.156523328956	1.0685220295e-10	1.7770634584e-05	100.0
-0.000515892209374	5.7596062518e-05	-0.00178033829649	-0.0576754124578	-0.00158459693083	-0.199632161982	1.0685220295e-10	1.7770634584e-05	100.0
-0.000683314683436	-0.000219718589537	-0.00224188803885	-0.0817405264942	-0.0340281596416	-0.265312282852	1.0685220295e-10	1.7770634584e-05	100.0
-0.000479613104747	0.000351186213775	0.00209486020779	-0.0562050375216	0.0351173064341	0.244976182041	1.06069591193e-10	1.7640478095e-05	100.0
0.00189246144731	-5.34489677646e-05	0.000764278440362	0.218146018147	-0.0139705619796	0.0871013001504	1.06069591193e-10	1.7640478095e-05	100.0
-0.000893694637393	2.62890196505e-05	0.00129732801163	-0.0945382274034	-0.00637801689854	0.137323674345	1.06069591193e-10	1.7640478095e-05	100.0
0.0012806191801	-6.3723680674e-05	0.000244252532546	0.120508568601	-0.0167960225478	0.0242594988141	1.06069591193e-10	1.7640478095e-05	100.0
1.45427503822e-06	0.000668975416373	-0.00246169391033	0.00110096485385	0.0757443149222	-0.297075274822	1.06069591193e-10	1.7640478095e-05	100.0
9.50338398099e-05	-0.000166812912197	0.00125439556554	0.0106538220218	-0.0269013218442	0.114850178491	1.05677782416e-10	1.7575316213e-05	100.0
0.00110969114215	-0.000440336801004	0.000355083494587	0.0973739092078	-0.0530863608732	0.0319032213976	1.05677782416e-10	1.7575316213e-05	100.0
0.00173151285187	-0.000206318053804	0.000153100110609	0.189260291829	-0.0323095969805	0.0169200186009	1.05677782416e-10	1.7575316213e-05	100.0
-0.00131993452905	-7.59935848004e-05	0.000453518749869	-0.130030766534	-0.0175053514288	0.0448603702331	1.05677782416e-10	1.7575316213e-05	100.0
0.000561288160821	-1.17447604821e-05	-0.00165310700361	0.0617982311989	-0.00988710043945	-0.181279436979	1.05677782416e-10	1.7575316213e-05	100.0
-0.000863038359342	0.000174136729635	-0.00191721121977	-0.0997541316977	0.0133200927762	-0.222706035552	1.05677782416e-10	1.7575316213e-05	100.0
-0.00119569104067	-0.000488340782019	-0.000187554364823	-0.109374691434	-0.0590305604472	-0.0169289496932	1.05285671898e-10	1.7510104149e-05	100.0
-0.00156010381965	0.00049684290612	-0.00129625216597	-0.180593717202	0.0518110488168	-0.150720097534	1.04893159062e-10	1.7444825175e-05	100.0
-0.00220755292301	-0.000137577342309	-0.000630518801061	-0.260502147139	-0.024024846914	-0.0741960022821	1.04893159062e-10	1.7444825175e-05	100.0
0.000457142179718	0.000125488983761	-0.00124477301093	0.044001205698	0.00362517069956	-0.119598626066	1.04893159062e-10	1.7444825175e-05	100.0
-0.00148664401719	0.000105999595621	0.000625588647018	-0.158882657744	0.00308859752529	0.0675061758322	1.04500344486e-10	1.7379496018e-05	100.0
-0.00232733292159	-7.19944861822e-05	0.000573580622214	-0.27725299972	-0.0163266881901	0.0675321449211	1.04500344486e-10	1.7379496018e-05	100.0
0.00109158560537	0.000255499987207	0.00182398055543	0.127994954544	0.0232098642691	0.212023190931	1.03713508376e-10	1.7248636976e-05	100.0
-0.00148373055834	0.000158146888952	0.000637906640352	-0.159136662079	0.00843536698065	0.067438652051	1.03713508376e-10	1.7248636976e-05	100.0
-0.00236476497563	0.000102477248448	0.00096135421231	-0.285040330245	0.00530537647217	0.115139883192	1.03713508376e-10	1.7248636976e-05	100.0
0.0017450042314	0.000160461575233	-0.000435151648505	0.194317045659	0.0104343933437	-0.0474725937903	1.03713508376e-10	1.7248636976e-05	100.0
0.00168331679543	-0.000343809471621	-0.000607623581035	0.186326907963	-0.0484920505929	-0.0673244576105	1.03713508376e-10	1.7248636976e-05	100.0
-0.000496697980829	-0.000671142533582	-0.00158178434494	-0.0536816273163	-0.0855414425984	-0.172624617058	1.03713508376e-10	1.7248636976e-05	100.0
0.000154031986018	-0.000649443168278	0.00155162556268	0.017034993907	-0.0813908046796	0.165310634036	1.03319537132e-10	1.7183115453e-05	100.0
-0.00220013759949	-0.000412820802656	0.000501365346104	-0.258783926473	-0.0575726597059	0.0595491017683	1.03319537132e-10	1.7183115453e-05	100.0
-0.00110206071168	4.29970761763e-05	-0.00180553213964	-0.127688008205	-0.00287237648494	-0.209922093652	1.03319537132e-10	1.7183115453e-05	100.0
-0.000270888450159	-4.98715354122e-05	-0.00204204799039	-0.032168691043	-0.0139699244168	-0.235377476644	1.03319537132e-10	1.7183115453e-05	100.0
0.00209096272444	0.000186649132406	0.00183618942646	0.255004804749	0.016089131803	0.223214453984	1.02925113278e-10	1.7117518657e-05	100.0
0.000566779731812	0.000432030303811	-0.00166242170785	0.0634757425536	0.0419972502773	-0.185772103416	1.02925113278e-10	1.7117518657e-05	100.0
0.000622121990083	-0.000456892189255	0.00194689249691	0.0716047714837	-0.062076299703	0.224473667231	1.02135008323e-10	1.6986115971e-05	100.0
0.00226591763702	-0.000179649378165	0.000822531717024	0.269717835212	-0.0297233989912	0.0980948125655	1.02135008323e-10	1.6986115971e-05	100.0
-0.000651306505066	0.000166189131748	0.00172594341304	-0.0745489337532	0.0110545823534	0.193537080533	1.02135008323e-10	1.6986115971e-05	100.0
0.00179911369989	0.000118855781181	0.000777520756718	0.205443026746	0.00581720435381	0.0888560089249	1.02135008323e-10	1.6986115971e-05	100.0
0.00225493530798	0.000185980801102	0.00037267062745	0.26643175535	0.0147556165062	0.0441251359138	1.02135008323e-10	1.6986115971e-05	100.0
0.000675330198065	0.000570893848164	-0.00277720012014	0.0829572529012	0.0641225828506	-0.340085180672	1.02135008323e-10	1.6986115971e-05	100.0
-0.000370129251104	-0.000300831212727	0.00242159542709	-0.0436166551731	-0.0442443463307	0.28924632451	1.01343042641e-10	1.6854403827e-05	100.0
0.00137009254945	-0.000515985988175	0.000807294187911	0.145633861526	-0.0667518235428	0.0864873501914	1.01343042641e-10	1.6854403827e-05	100.0
-0.00184906373082	0.000648569649374	0.00133456690343	-0.219920373777	0.0721261107057	0.159982979964	1.01343042641e-10	1.6854403827e-05	100.0
-0.00277544294893	0.000366858839803	0.00109768016197	-0.341137629073	0.0385809099147	0.134584158312	1.01343042641e-10	1.6854403827e-05	100.0
0.00207800875063	5.21267253559e-05	-0.00040785769908	0.241325554611	-0.00203564547274	-0.0470115640957	1.01343042641e-10	1.6854403827e-05	100.0
0.00242338610285	-0.000185363753002	-0.00113322539202	0.292984508612	-0.0300333154081	-0.137930342017	1.01343042641e-10	1.6854403827e-05	100.0
-0.00152021108934	-0.00060089161257	-1.13593352903e-05	-0.159731065909	-0.0759233506603	-0.00098151403554	1.01343042641e-10	1.6854403827e-05	100.0
-0.000242409156456	-0.000556080118532	0.00202438799044	-0.0280876434259	-0.0743290369773	0.233355616828	1.00946355741e-10	1.6788430663e-05	100.0
-0.00216434704923	0.000224130467099	0.000841335789146	-0.256361544369	0.019574919523	0.100267548471	1.00946355741e-10	1.6788430663e-05	100.0
-0.000755929258357	0.000215875045219	-0.00157002198675	-0.0837436506682	0.0161955530319	-0.173294935558	1.00946355741e-10	1.6788430663e-05	100.0
7.9557746613e-05	-4.80184817363e-06	-0.00267971500807	0.00988618421127	-0.00770501931706	-0.324458535604	1.00946355741e-10	1.6788430663e-05	100.0
0.00280955600326	0.000570825788659	-0.000775682455887	0.344665988767	0.0642790273166	-0.0956832513358	1.00549165942e-10	1.6722373861e-05	100.0
0.000328154139135	0.000137753655614	0.0023114818921	0.0382921408689	0.00915637232697	0.274142778129	1.00151422953e-10	1.6656225058e-05	100.0
0.00132941251616	0.000232427892438	0.00176173645886	0.155753226642	0.020554666242	0.206992870568	1.00151422953e-10	1.6656225058e-05	100.0
-0.00110759629415	-0.000393157975971	-0.0017172777774	-0.12778442793	-0.0546834851644	-0.197429735961	1.00151422953e-10	1.6656225058e-05	100.0
-0.000184635698729	-0.00056132870575	-0.00157128904743	-0.0198127542626	-0.0719083014936	-0.167398399325	1.00151422953e-10	1.6656225058e-05	100.0
0.00130229697461	-0.000528443185228	0.00134850349304	0.146225213186	-0.070072620979	0.152557340854	9.97531770658e-11	1.6589992618e-05	100.0
0.000414417788555	0.000106519250344	0.00118954997018	0.0374228733474	0.000743410921715	0.110334025254	9.97531770658e-11	1.6589992618e-05	100.0
-0.00208857406471	0.000765774904709	-0.00118788967121	-0.251871877137	0.0867897340034	-0.142425435998	9.97531770658e-11	1.6589992618e-05	100.0
-0.0022100393098	9.13723812514e-06	-0.00111190673023	-0.264451207172	-0.00628125140508	-0.132957129217	9.97531770658e-11	1.6589992618e-05	100.0
-0.00162785336449	-0.000256679084584	-0.00161018292448	-0.191937858459	-0.0385391160954	-0.18995264107	9.97531770658e-11	1.6589992618e-05	100.0
-0.00121421418507	-0.000497204651149	-0.00102347401459	-0.129262803262	-0.064238643364	-0.108918581505	9.97531770658e-11	1.6589992618e-05	100.0
-0.000174503637892	0.000590647728711	0.00239093933995	-0.0220723860384	0.0648802749758	0.286380207458	9.93543779891e-11	1.6523668177e-05	100.0
0.00177147343609	-0.000497342659229	0.000641494784618	0.200041715963	-0.0663672655478	0.0717395949534	9.93543779891e-11	1.6523668177e-05	100.0
-0.000938988460148	-0.00052473877805	0.000471316295975	-0.0760813021834	-0.0595764691882	0.0391491502542	9.93543779891e-11	1.6523668177e-05	100.0
0.00293881314916	0.00103632924877	-0.000306882902331	0.362532727248	0.123086821842	-0.0374205012861	9.93543779891e-11	1.6523668177e-05	100.0
0.00234438169807	-0.000386418360071	-0.000542168185453	0.279024224022	-0.0547272792008	-0.0644358831523	9.93543779891e-11	1.6523668177e-05	100.0
-0.00166093922926	-0.000414292429545	-0.000287833866729	-0.180205274539	-0.0560372829596	-0.0316321344293	9.93543779891e-11	1.6523668177e-05	100.0
-0.000426846254925	0.000181780695091	0.00236664893446	-0.0517540251096	0.0143869437637	0.282050768839	9.89550257233e-11	1.6457251735e-05	100.0
0.00236943053909	0.000623905010548	0.00130570063856	0.28885527037	0.0703434348813	0.158674844001	9.89550257233e-11	1.6457251735e-05	100.0
-0.00164927961625	-0.000459050189382	0.000994168571077	-0.187194991779	-0.0617416649872	0.11261321287	9.89550257233e-11	1.6457251735e-05	100.0
0.00237030691186	0.000843226621941	0.000702167224563	0.286601585319	0.097372631575	0.08561045242	9.89550257233e-11	1.6457251735e-05	100.0
-0.00124643998553	0.00055438695704	-0.00107210708635	-0.138099623381	0.0554128984442	-0.117427983056	9.89550257233e-11	1.6457251735e-05	100.0
-0.00150741509558	-0.000612201198262	-0.000467982348455	-0.16080062297	-0.0774113621561	-0.0505875063749	9.89550257233e-11	1.6457251735e-05	100.0
0.000227460503413	6.99887546127e-05	-0.00186703655188	0.0245888659953	-0.000440724997608	-0.210530159786	9.89550257233e-11	1.6457251735e-05	100.0
-0.00119589969879	-9.59576248166e-05	0.00213564451349	-0.142807673174	-0.0196684774307	0.255092307997	9.73515315796e-11	1.6190573953e-05	100.0
-0.00126341199213	-0.000220156586594	0.00182384153266	-0.147995159604	-0.0343847061595	0.213730936482	9.73515315796e-11	1.6190573953e-05	100.0
0.00111287811197	0.000178570748133	0.00126219697303	0.120727946121	0.0113775167937	0.137698271004	9.73515315796e-11	1.6190573953e-05	100.0
-0.00142319348821	0.000472248813967	0.0017256309858	-0.168510259558	0.0492700113886	0.203908180838	9.73515315796e-11	1.6190573953e-05	100.0
-0.00155070333812	0.000862079257121	0.00151367459397	-0.184307379902	0.0977808074462	0.179416075826	9.73515315796e-11	1.6190573953e-05	100.0
-0.00223640332649	-0.000508504276037	0.000266078044191	-0.263260518997	-0.0690914681123	0.0317800640739	9.73515315796e-11	1.6190573953e-05	100.0
-0.00170286873789	0.00104332708601	-0.0014510949447	-0.203379278613	0.120260600944	-0.174549928302	9.73515315796e-11	1.6190573953e-05	100.0
-0.00202930954398	-0.000159809260434	-0.000731521776065	-0.236531265841	-0.0268787234842	-0.0846545698678	9.73515315796e-11	1.6190573953e-05	100.0
-0.00152758225067	-0.000204227807402	-0.00176589645804	-0.180848168967	-0.0324409115765	-0.208908384159	9.73515315796e-11	1.6190573953e-05	100.0
-0.000833326545536	0.000687682349412	-0.00234030926391	-0.100248912763	0.0772725189376	-0.282292557219	9.73515315796e-11	1.6190573953e-05	100.0
-0.000306081294578	-0.000218930814815	0.00270788121091	-0.0371724214182	-0.0342604631443	0.328463546392	9.65459373287e-11	1.6056595236e-05	100.0
0.00149496518903	-0.000237980955781	0.000966068738103	0.165026276069	-0.0358212285296	0.106504761517	9.65459373287e-11	1.6056595236e-05	100.0
0.000552799127889	6.10745993379e-05	0.00161785225356	0.0597368485776	-0.00209366404705	0.176721235725	9.65459373287e-11	1.6056595236e-05	100.0
0.00104124413009	0.00082335887726	0.00148598612099	0.119290246971	0.089230413124	0.17103755278	9.65459373287e-11	1.6056595236e-05	100.0
-0.00218495433852	-0.000289373101619	0.000901361873996	-0.259177570495	-0.0428305064873	0.106991739911	9.65459373287e-11	1.6056595236e-05	100.0
0.00188777500996	0.000577025691443	-0.000281767925056	0.216863459019	0.0606389285478	-0.0316403493031	9.65459373287e-11	1.6056595236e-05	100.0
0.00145954844109	-0.000487995848881	-0.000621917305893	0.155071786498	-0.0631306723278	-0.066480109341	9.65459373287e-11	1.6056595236e-05	100.0
0.00125046123447	-0.000268751577425	0.0020428155068	0.148970850055	-0.0403619383873	0.242884767931	9.61421092599e-11	1.598943442e-05	100.0
0.00224539563684	0.000360495524473	0.00123699448732	0.270384084722	0.0369729522604	0.149971071815	9.61421092599e-11	1.598943442e-05	100.0
0.00233514077624	0.000456021271331	0.000872520363554	0.280557163545	0.0484394386595	0.105879194467	9.61421092599e-11	1.598943442e-05	100.0
0.000341031134148	0.000217055896338	-0.00237190395632	0.0408050847073	0.0190478715269	-0.282634333302	9.61421092599e-11	1.598943442e-05	100.0
0.00209701537256	-0.00019279095195	0.00120657630243	0.249600568382	-0.0308236494014	0.144270158818	9.57375268422e-11	1.5922148149e-05	100.0
0.00275172676826	0.000138584713098	-0.000605037451867	0.335392407574	0.0100893902981	-0.0748368081533	9.57375268422e-11	1.5922148149e-05	100.0
0.00162617599022	-0.000593054111872	-0.000439753925421	0.177509786224	-0.0763870230916	-0.0483868780456	9.57375268422e-11	1.5922148149e-05	100.0
0.00045741788258	-0.00048504109232	0.00223182145453	0.054812124268	-0.0659646975813	0.263089352206	9.49261995404e-11	1.5787215966e-05	100.0
0.00113239342109	-0.000527442256603	0.00119868943422	0.122923370593	-0.0680113738281	0.129358423376	9.49261995404e-11	1.5787215966e-05	100.0
-2.52369831378e-05	-9.67828221167e-05	0.00211546693432	-0.00331469554052	-0.0191585872134	0.245350547924	9.49261995404e-11	1.5787215966e-05	100.0
0.000876492746698	-0.000282310019477	0.00234167097099	0.105340113119	-0.0421061789652	0.280252401777	9.49261995404e-11	1.5787215966e-05	100.0
-0.00058188033179	0.000764284046658	0.00160257261389	-0.0652964690628	0.0812625006343	0.180636047507	9.49261995404e-11	1.5787215966e-05	100.0
-0.00128023858183	-0.000235104328607	0.00151489792415	-0.146257080264	-0.0356181412699	0.172661129453	9.49261995404e-11	1.5787215966e-05	100.0
0.00020875562406	0.000322772237252	0.00203102563799	0.0241574759445	0.0304733604011	0.235028568195	9.49261995404e-11	1.5787215966e-05	100.0
-0.00137882916665	0.000483795531396	0.00191503177879	-0.165022686706	0.0516220790181	0.228243486992	9.49261995404e-11	1.5787215966e-05	100.0
-0.00140325519606	-9.72204051431e-05	0.00137300681754	-0.159171855825	-0.0196931961496	0.156683550099	9.49261995404e-11	1.5787215966e-05	100.0
-0.00193954046647	-0.000472754501024	0.000501894734208	-0.222379841205	-0.0640840837886	0.0573639371694	9.49261995404e-11	1.5787215966e-05	100.0
-0.00128506378915	-0.000685924838167	0.000312770655759	-0.127450931748	-0.0827538169829	0.0312046641923	9.49261995404e-11	1.5787215966e-05	100.0
0.0020640566856	0.000931906684886	-0.00173184747355	0.252125076688	0.108809595028	-0.211526383392	9.49261995404e-11	1.5787215966e-05	100.0
0.00211714771947	0.000353987480311	-0.00146865372289	0.255801895078	0.035989716916	-0.176837055423	9.49261995404e-11	1.5787215966e-05	100.0
-0.00231510263709	0.00029319305367	-0.00175684438689	-0.283689401643	0.0293001323352	-0.215176170151	9.49261995404e-11	1.5787215966e-05	100.0
-0.00202582608437	-0.000166808688234	-0.00127023895294	-0.240845275562	-0.0278948036877	-0.150919778641	9.49261995404e-11	1.5787215966e-05	100.0
-0.00122431325214	0.000487493221145	-0.00251603152865	-0.149444158758	0.0531786080014	-0.307326456619	9.49261995404e-11	1.5787215966e-05	100.0
-0.000490255799122	0.000106612036043	-0.00249744138952	-0.0591941483953	0.00516563998433	-0.300275797148	9.49261995404e-11	1.5787215966e-05	100.0
0.000644322908073	-0.000140829103305	-0.00250447115174	0.0774584495633	-0.02473564492	-0.301632070923	9.49261995404e-11	1.5787215966e-05	100.0
0.000620146636265	-0.000445448388865	-0.00200505715366	0.07150619859	-0.0611931150539	-0.232457301634	9.49261995404e-11	1.5787215966e-05	100.0
-0.000114225946272	0.000392910348516	-0.00242666797516	-0.0131324157839	0.0402561726425	-0.290748018149	9.49261995404e-11	1.5787215966e-05	100.0
0.00151649427835	0.000584331586218	-0.00167435963245	0.180394498555	0.063288190904	-0.1980809116	9.45193540762e-11	1.5719553327e-05	100.0
-0.000531582972665	0.00024872100961	-0.00125865896492	-0.0544002309758	0.0164461759274	-0.124566592926	9.41117039734e-11	1.5651756868e-05	100.0
-0.000766574629528	-0.000318790476167	-0.00160900643548	-0.0854605207242	-0.0455335004623	-0.177329181591	9.41117039734e-11	1.5651756868e-05	100.0
-0.000209865163489	5.47395640311e-05	-0.00222029057329	-0.0233176393125	-0.000721880216503	-0.260818983984	9.41117039734e-11	1.5651756868e-05	100.0
0.000988811037201	0.000617488262532	0.0025072914344	0.119576611578	0.0691489743302	0.305494948986	9.32939395616e-11	1.5515754126e-05	100.0
0.0015499112465	0.000650429359179	-0.00258766012222	0.190354962308	0.0744060238374	-0.319273689356	9.32939395616e-11	1.5515754126e-05	100.0
0.00129191549289	-0.00022220281376	-0.00171844040772	0.149872993028	-0.0345887618818	-0.200269213915	9.32939395616e-11	1.5515754126e-05	100.0
0.000707283432678	-0.000615117558675	0.00149969426236	0.0772707373006	-0.0785630382335	0.162901175485	9.24726548552e-11	1.5379165923e-05	100.0
-0.000472503343579	0.000554764080509	0.00189941182351	-0.0564331781438	0.0580058161199	0.218968227802	9.24726548552e-11	1.5379165923e-05	100.0
0.00150435415903	-1.20822306103e-05	0.000757252648115	0.163346583015	-0.0107467495856	0.0812029516522	9.24726548552e-11	1.5379165923e-05	100.0
0.00175270899314	0.00022321065769	-0.00153914253975	0.207738621963	0.0197229138147	-0.182885058616	9.24726548552e-11	1.5379165923e-05	100.0
0.00199265439658	-0.000307767099181	-0.00133990102467	0.237299158965	-0.0451005692927	-0.159020222104	9.24726548552e-11	1.5379165923e-05	100.0
-0.00110880644246	6.02451238098e-05	-0.000817362550535	-0.110132631334	-0.00420855509533	-0.0787465620902	9.24726548552e-11	1.5379165923e-05	100.0
-0.0019643954687	-0.000561536262775	-0.000657617284268	-0.2275620457	-0.0749530165523	-0.0757755841188	9.24726548552e-11	1.5379165923e-05	100.0
-0.0022086112743	0.000739535837057	-0.00165141172695	-0.270458986052	0.0850752131926	-0.201095840356	9.24726548552e-11	1.5379165923e-05	100.0
-0.00170500340043	-0.000549136721509	-0.000875741361404	-0.193628944225	-0.0725964959282	-0.0991296264438	9.24726548552e-11	1.5379165923e-05	100.0
0.000200065118066	0.000658950159035	-0.00193134399853	0.0224442449216	0.0701254993879	-0.223354081874	9.24726548552e-11	1.5379165923e-05	100.0
-0.00159045588962	0.000284046271923	-0.00245777219689	-0.194763410247	0.0281071949535	-0.301367336968	9.24726548552e-11	1.5379165923e-05	100.0
-0.00046623467765	0.000218837415792	0.00171750805963	-0.0532174402718	0.0171620982955	0.191066567592	9.22454952803e-11	1.5341386919e-05	100.0
-0.000986031023034	0.000664703097442	-0.000694109379593	-0.099022593081	0.06147636891	-0.066786297454	9.22454952803e-11	1.5341386919e-05	100.0
-0.00264023526566	0.000272614412526	-0.000284186277285	-0.319786314771	0.0263766247433	-0.0348300058498	9.16476486947e-11	1.5241958803e-05	100.0
0.00134144504444	0.00089007280135	-0.00104645252053	0.152768287012	0.0963730735559	-0.117995341195	9.16476486947e-11	1.5241958803e-05	100.0
-2.23624632921e-05	0.000552687202091	0.00116013552123	-0.00102961179952	0.047547921716	0.109939148576	9.1588608327e-11	1.5232139775e-05	100.0
-0.00120186222303	0.00081118019389	0.000751148822067	-0.128644639499	0.0835698882031	0.0820865756708	9.1588608327e-11	1.5232139775e-05	100.0
-0.00120401631398	0.000313509525627	-0.000350538966522	-0.114243134677	0.0219130181496	-0.0341940723064	9.09374544248e-11	1.5123846097e-05	100.0
-0.000663592766137	5.76216866688e-05	-0.00131262575598	-0.0668245072882	-0.00263296719496	-0.134686899885	9.09374544248e-11	1.5123846097e-05	100.0
0.00219079784543	0.000120042738777	-0.00123495133203	0.264049783087	0.00691565559261	-0.149089581096	9.09374544248e-11	1.5123846097e-05	100.0
0.00152490121853	0.000464575719152	-0.00062387991374	0.168157782746	0.0447340946297	-0.0672406569817	9.09374544248e-11	1.5123846097e-05	100.0
-0.000814827126881	-0.000101177290574	0.00183958478401	-0.0936284017427	-0.0197574936887	0.210507528301	9.08187199203e-11	1.5104099312e-05	100.0
-0.000817552559055	-0.000488164095273	0.00139562066527	-0.0884781052371	-0.0642515081436	0.148858005164	9.08187199203e-11	1.5104099312e-05	100.0
-0.00193870272573	0.00020669978431	0.00166390055036	-0.233070840555	0.0177973081681	0.200996094202	9.08187199203e-11	1.5104099312e-05	100.0
-0.00198232755314	0.000799972004615	0.00129641201718	-0.237881162279	0.0908911908911	0.155675849083	9.08187199203e-11	1.5104099312e-05	100.0
-0.00103529022917	-0.000652802978044	-8.01327984543e-05	-0.0869004236205	-0.0726921349035	-0.00628714633424	9.08187199203e-11	1.5104099312e-05	100.0
0.000679059910577	0.000645049853915	0.0018707434019	0.080315251979	0.0700442604271	0.217356761205	9.06139896503e-11	1.5070050535e-05	100.0
-0.00121440766222	0.000538730798406	-0.000689667848795	-0.126539820907	0.0500059861832	-0.0706078587763	9.06139896503e-11	1.5070050535e-05	100.0
-0.00185923560642	0.000405273730644	-2.95571406258e-05	-0.210847893288	0.0391041178586	-0.00241646704834	9.04026714006e-11	1.5034906109e-05	100.0
-0.00246767490628	0.000835673451801	2.50924925491e-05	-0.29800252243	0.0957622185212	0.00350035183239	9.04026714006e-11	1.5034906109e-05	100.0
0.00190600238604	0.000964873023156	-0.00207051025941	0.233880430406	0.113508294283	-0.254299204667	9.04026714006e-11	1.5034906109e-05	100.0
0.00148321056604	-0.000241016510016	-0.00145978567488	0.171214330772	-0.0368971708613	-0.168694295524	9.04026714006e-11	1.5034906109e-05	100.0
-0.000826547708409	0.00110871530707	-0.00149548690502	-0.0946560034722	0.125206690901	-0.172794422646	9.04026714006e-11	1.5034906109e-05	100.0
0.000449854257357	0.000592284897214	-0.00197722435618	0.0528495420241	0.0634176637453	-0.230311059905	9.04026714006e-11	1.5034906109e-05	100.0
0.000720060329909	-0.000684474156824	0.00114127661344	0.0718275149387	-0.082882716042	0.11457131971	8.99856170825e-11	1.496554563e-05	100.0
0.00164618237785	-0.000186845842519	0.00175820562806	0.196151120009	-0.0303884680041	0.209020337691	8.99856170825e-11	1.496554563e-05	100.0
-0.000762815306769	0.000963464278907	0.00305486176649	-0.0941442711389	0.114342987889	0.378746031983	8.99856170825e-11	1.496554563e-05	100.0
-0.00131600264722	-0.000502457316219	0.00135186663242	-0.149003512217	-0.0668679821027	0.152267088836	8.99856170825e-11	1.496554563e-05	100.0
-0.000896009579233	0.000555185364614	0.0017943599228	-0.103574693251	0.0586690317877	0.208265318827	8.99856170825e-11	1.496554563e-05	100.0
-0.00160397070765	-0.000342546516225	0.00140424376341	-0.186233264824	-0.0489225595802	0.163452981459	8.99856170825e-11	1.496554563e-05	100.0
-0.000796177159559	0.000531302918806	-0.00215931251473	-0.0947652182555	0.0573394722873	-0.257079387359	8.99856170825e-11	1.496554563e-05	100.0
0.00208557608822	-0.000199593860583	0.00137623271673	0.249704045971	-0.0322516266562	0.164890401591	8.95674060961e-11	1.4895992786e-05	100.0
0.0015954336195	0.000223065377253	6.33584476186e-05	0.170570943784	0.0157323670836	0.00742871794197	8.95674060961e-11	1.4895992786e-05	100.0
0.00132317173288	0.000436973701311	-0.00164229786173	0.155289498497	0.044952394927	-0.191240106068	8.95674060961e-11	1.4895992786e-05	100.0
0.00116723122604	-0.000456701214331	-0.0013693269169	0.129586229836	-0.0612541936003	-0.152217026273	8.95674060961e-11	1.4895992786e-05	100.0
-3.70736506085e-05	-3.75354585231e-05	0.00226695023073	-0.00456435860345	-0.0128152689427	0.266888095535	8.91480887315e-11	1.482625594e-05	100.0
0.00170417849938	-0.000223542558885	0.00150925937504	0.200476207954	-0.0348169062005	0.178010470636	8.91480887315e-11	1.482625594e-05	100.0
0.000371895192296	0.000718751037878	0.00299360911151	0.0459158638022	0.0831334532239	0.369221778696	8.91480887315e-11	1.482625594e-05	100.0
0.00190627903309	0.000967922538954	0.00181858378496	0.232348112198	0.11299327897	0.221805264001	8.91480887315e-11	1.482625594e-05	100.0
-0.000732052942449	0.000344226437262	0.00115507531077	-0.0772824293864	0.027440427249	0.114517719771	8.91480887315e-11	1.482625594e-05	100.0
-0.00144930658348	-0.000429285208904	0.000464578207997	-0.151249905471	-0.0561205402334	0.0473799396804	8.91480887315e-11	1.482625594e-05	100.0
0.00155117525038	0.000206948947991	-0.000219312713981	0.164851316006	0.0137118255919	-0.0237618663317	8.91480887315e-11	1.482625594e-05	100.0
-0.0009862887882	-0.00058265905879	-0.00116539340971	-0.103534575414	-0.0738387327602	-0.122556459552	8.91480887315e-11	1.482625594e-05	100.0
1.32377872027e-05	-0.000397404639303	-0.00192077669258	0.0013855214032	-0.054336972852	-0.217621716879	8.91480887315e-11	1.482625594e-05	100.0
0.00127800261605	0.000596061327716	0.000821870316768	0.137341860161	0.0585772360581	0.0893087935814	8.90158765282e-11	1.4804267673e-05	100.0
-0.000438525147691	0.00118500457921	-0.00223402156058	-0.051571023232	0.139528638855	-0.269935658824	8.90158765282e-11	1.4804267673e-05	100.0
-0.000372908831676	0.00082769513069	-0.0014995908268	-0.0420318538037	0.0872369787841	-0.165958814976	8.90158765282e-11	1.4804267673e-05	100.0
-0.00109140803352	0.000883917108922	0.00178739226527	-0.127881700892	0.0996396949276	0.21153364075	8.87276146987e-11	1.4756326728e-05	100.0
0.00289377165393	-0.000129844430312	0.000332871326497	0.354130959876	-0.0231219540186	0.0411342288996	8.87276146987e-11	1.4756326728e-05	100.0
-0.00110548023522	0.000428176246956	-0.000388068018237	-0.1028818911	0.0327399490987	-0.0349343330365	8.83850397542e-11	1.4699352945e-05	100.0
-0.000761564773127	-0.000127640012259	0.00254863680162	-0.0926121653098	-0.0231043152996	0.308060437307	8.83059337078e-11	1.4686196785e-05	100.0
-0.000730210861083	-0.000551176767344	0.00126694426407	-0.0752530035597	-0.069239404919	0.130503343145	8.83059337078e-11	1.4686196785e-05	100.0
0.000636003822854	0.000360623721418	0.0021581105124	0.0766848720782	0.0358025681992	0.254425109386	8.83059337078e-11	1.4686196785e-05	100.0
-0.00152283398356	0.000296672433259	0.00112855916939	-0.17339265512	0.0262196573466	0.127663297374	8.83059337078e-11	1.4686196785e-05	100.0
-0.00181445957259	2.58909755812e-05	0.000752555599643	-0.207638304339	-0.00617045398789	0.0841928831232	8.83059337078e-11	1.4686196785e-05	100.0
-0.000632817840916	-0.000398896675045	-0.00122555626522	-0.0637855772418	-0.0513769386819	-0.120309007044	8.83059337078e-11	1.4686196785e-05	100.0
0.000528421406689	-0.000732307316457	0.00142477618921	0.0576085932524	-0.0908141149752	0.150615957057	8.74587999819e-11	1.4545309621e-05	100.0
0.000792297787899	-0.000315634888131	0.0021336116889	0.0926935580986	-0.0458458204736	0.251773307107	8.74587999819e-11	1.4545309621e-05	100.0
0.00268331511733	0.00119268311016	0.00136511202656	0.332049019846	0.143069580799	0.168576735849	8.74587999819e-11	1.4545309621e-05	100.0
-0.00129621338494	0.000719817662151	0.00222712480493	-0.15684480579	0.0814626350505	0.269937225889	8.74587999819e-11	1.4545309621e-05	100.0
-0.00152478281999	-0.000172104525897	0.00197833232027	-0.182291551575	-0.0287197824844	0.237183362379	8.74587999819e-11	1.4545309621e-05	100.0
0.00172306621908	0.000274710251835	0.000193974683164	0.190174509281	0.0222964612264	0.0208731377346	8.74587999819e-11	1.4545309621e-05	100.0
0.00177450854272	-0.000690966177502	0.000170494999953	0.198048466127	-0.0887171899393	0.0196369811425	8.74587999819e-11	1.4545309621e-05	100.0
0.00214747319696	0.000988958563499	0.00052481136921	0.257028141913	0.113965539488	0.0614963325734	8.74587999819e-11	1.4545309621e-05	100.0
0.00182628867204	0.000733133524473	-0.00090538749092	0.213453152163	0.0800514755723	-0.106374400892	8.74587999819e-11	1.4545309621e-05	100.0
-0.00226593097505	0.000453719163678	0.000446600965765	-0.269314545491	0.0478151333292	0.0530446959137	8.74587999819e-11	1.4545309621e-05	100.0
-0.00307616401421	0.000756951882538	0.000824838582345	-0.38103331559	0.088265432008	0.102315821911	8.74587999819e-11	1.4545309621e-05	100.0
0.00177889987808	0.00110956071957	-0.000875310531542	0.210024411949	0.126622647758	-0.102868472467	8.74587999819e-11	1.4545309621e-05	100.0
0.00222292554195	0.000684519961821	-0.00134198298345	0.269716412863	0.0772752801096	-0.162706153541	8.74587999819e-11	1.4545309621e-05	100.0
0.00130591366479	0.00033709381151	-0.00141916589378	0.148353790661	0.0316558521718	-0.163218919166	8.74587999819e-11	1.4545309621e-05	100.0
0.0011849280183	-0.000520829361096	-0.000945383166607	0.123446866395	-0.0665619790003	-0.0989028552865	8.74587999819e-11	1.4545309621e-05	100.0
0.000413542291889	0.000170424557173	-0.00183549660416	0.0489675475621	0.0108821868719	-0.206995268763	8.74587999819e-11	1.4545309621e-05	100.0
-0.00168579732011	0.000614577470513	-0.00203381426331	-0.204680457901	0.0688119933203	-0.247143036248	8.74587999819e-11	1.4545309621e-05	100.0
0.000196938551405	0.000815944289306	-0.00275590900406	0.0240585021799	0.0943348824779	-0.337140256659	8.74587999819e-11	1.4545309621e-05	100.0
0.000398425955825	-0.000438293676562	-0.00217868578092	0.0469543238865	-0.0604555191112	-0.255535660582	8.74587999819e-11	1.4545309621e-05	100.0
0.000469541825063	-0.000486933999496	-0.00141812045524	0.050050600565	-0.0624578706839	-0.14634514654	8.74587999819e-11	1.4545309621e-05	100.0
0.000342027296121	0.000476764916922	0.00150852119013	0.0388396661921	0.0453902580432	0.161596251656	8.74469818504e-11	1.4543344143e-05	100.0
-0.000585505505895	0.000629576713969	0.00117257284512	-0.059738284836	0.0590395371645	0.120222155391	8.71363912958e-11	1.4491689698e-05	100.0
-0.000844209397627	0.000541671203232	0.00173123243224	-0.0972824689018	0.056872969339	0.199368673266	8.68267562498e-11	1.4440194163e-05	100.0
-0.00107844607978	0.000290954336792	0.000603996176611	-0.101960259629	0.0190926237188	0.0549991838956	8.68267562498e-11	1.4440194163e-05	100.0
0.000930608663469	0.000571171307253	0.00250078486946	0.113591147479	0.0634033457798	0.303797117779	8.66063858142e-11	1.4403544264e-05	100.0
0.00139965846753	8.95929348412e-05	0.00226847384353	0.169247730489	0.00334290171255	0.274701204293	8.66063858142e-11	1.4403544264e-05	100.0
-0.00174286651949	0.000766762881606	-0.00047379632737	-0.199160212531	0.0831351071258	-0.0553001962148	8.66063858142e-11	1.4403544264e-05	100.0
-0.00209563170353	-0.000210491972163	0.000134179368216	-0.242495782383	-0.0335711480664	0.0163187818489	8.66063858142e-11	1.4403544264e-05	100.0
0.00145795624062	0.000204072279105	-0.00154180749245	0.169882409541	0.0162763926952	-0.179337511973	8.66063858142e-11	1.4403544264e-05	100.0
0.00105561444198	-0.000376575562743	-0.00102185753296	0.107999413659	-0.0504213753381	-0.104027265226	8.66063858142e-11	1.4403544264e-05	100.0
-0.00218334715061	0.000335409399895	-0.000882405585804	-0.260019335436	0.0327440841609	-0.104814894533	8.66063858142e-11	1.4403544264e-05	100.0
-0.00259176517845	0.000241938702761	-0.00100160047585	-0.31549341665	0.0225424126785	-0.122345656975	8.66063858142e-11	1.4403544264e-05	100.0
0.000888238913283	0.00105088338747	-0.00119647003525	0.100052612581	0.113808579593	-0.132697977608	8.66063858142e-11	1.4403544264e-05	100.0
0.00111800249193	0.000161609446651	-0.00212878389686	0.133049295824	0.0120770289795	-0.253894526297	8.66063858142e-11	1.4403544264e-05	100.0
-0.00110021231432	-0.000502914658277	-0.00152494909802	-0.123931838663	-0.0672243158687	-0.171952607766	8.66063858142e-11	1.4403544264e-05	100.0
-3.29201466876e-05	-0.000538323009968	-0.00169513957661	-0.00330324990314	-0.0702038497068	-0.185143701888	8.66063858142e-11	1.4403544264e-05	100.0
0.00011065743274	0.000373589648198	0.00125307308782	0.00672629145954	0.0286212573339	0.121352962567	8.65180264223e-11	1.4388849177e-05	100.0
0.00120755767208	7.18212266172e-05	0.000190465932955	0.108799141946	-0.00337665213395	0.0184393412253	8.65180264223e-11	1.4388849177e-05	100.0
0.0011509362169	0.000552021958498	0.000934628073754	0.122071541859	0.0535088871179	0.0999771064906	8.62103023933e-11	1.4337671465e-05	100.0
0.000182676771274	-0.000289686663468	0.00272679831746	0.0219259578633	-0.0428686010654	0.331020296202	8.61781168436e-11	1.4332318672e-05	100.0
0.000872792351716	-0.000656156884939	0.00038652880046	0.0682527660711	-0.0705035983193	0.0291740499832	8.61781168436e-11	1.4332318672e-05	100.0
0.00291677813827	0.000821575335631	-0.000795899450192	0.360046635152	0.0958085143583	-0.0975813445599	8.61781168436e-11	1.4332318672e-05	100.0
0.00181865998678	-0.000132874655501	-0.000758442220461	0.207267400354	-0.0242815310602	-0.085876300843	8.61781168436e-11	1.4332318672e-05	100.0
-0.00298434837268	0.000528845801186	7.91046824773e-05	-0.367031466888	0.0590924407296	0.00933358944776	8.61781168436e-11	1.4332318672e-05	100.0
-0.000567160937171	0.000885735520833	-0.00252816549059	-0.0689901343991	0.102691995171	-0.307183993999	8.61781168436e-11	1.4332318672e-05	100.0
-0.00123002567629	0.000563559029574	8.49040331093e-05	-0.121168654885	0.0495600573253	0.00546075949418	8.59034332929e-11	1.4286635936e-05	100.0
-0.00238269969179	0.000151428795156	-0.000237769998795	-0.284012862733	0.0107357518143	-0.027339028876	8.57484397552e-11	1.4260858896e-05	100.0
-0.00263311420949	0.00100553697106	-0.000430602935447	-0.321700080985	0.118076156603	-0.0525736612489	8.57484397552e-11	1.4260858896e-05	100.0
-0.000738960373451	-0.000414408611934	-0.000978945066696	-0.0676539767524	-0.0506331674479	-0.0895065672974	8.57484397552e-11	1.4260858896e-05	100.0
-0.000269268797841	-0.000667517705946	-0.00109484117136	-0.0250644600589	-0.0767963584658	-0.0979642275356	8.57484397552e-11	1.4260858896e-05	100.0
-0.000961496195815	-0.000217427802413	0.00171512991455	-0.109975731223	-0.0334391550876	0.194882242914	8.53172539691e-11	1.4189148208e-05	100.0
0.00200762300014	-0.000684451705635	0.000352565966622	0.232240702193	-0.0895875017615	0.039928867863	8.53172539691e-11	1.4189148208e-05	100.0
-0.00188610527563	0.00110512956506	0.00183087936077	-0.23025241782	0.130254467016	0.22371560349	8.53172539691e-11	1.4189148208e-05	100.0
0.00238264550225	0.000348490333345	0.000104645070821	0.284130660427	0.0348221112867	0.0135253508118	8.53172539691e-11	1.4189148208e-05	100.0
-0.000690724579879	-0.000210565593184	-0.00217979714059	-0.0806610808566	-0.0334007499752	-0.257485310102	8.53172539691e-11	1.4189148208e-05	100.0
-0.000561505338518	0.000738465805115	0.00109553040336	-0.0580991978232	0.0707631989602	0.110500775611	8.52922598782e-11	1.418499143e-05	100.0
-0.00136194356949	0.000390057705541	-0.000100947472276	-0.137072370236	0.03259858893	-0.0105405659919	8.52922598782e-11	1.418499143e-05	100.0
0.00114141571883	0.000945153358924	-0.00133696667449	0.130804556767	0.10628454656	-0.154857615979	8.52922598782e-11	1.418499143e-05	100.0
0.000870088218107	0.000367942666192	-0.000738468896603	0.0771288256838	0.0260554764223	-0.0664322406236	8.52922598782e-11	1.418499143e-05	100.0
-0.000152985079025	-0.000634493620296	0.00112415763736	-0.0136459607384	-0.0729247691638	0.100654651874	8.48845594854e-11	1.4117186607e-05	100.0
-0.00224571060629	0.000794487018056	0.000698621092138	-0.269644011859	0.0903307093557	0.0850712007156	8.48845594854e-11	1.4117186607e-05	100.0
-0.00177239390387	0.000836466684281	0.000674932105568	-0.204664427392	0.0920561084804	0.0798736977329	8.48845594854e-11	1.4117186607e-05	100.0
0.00246322786645	0.000384063685239	-0.00116125514987	0.29995752566	0.0402545517563	-0.140756505301	8.48845594854e-11	1.4117186607e-05	100.0
0.00183144105199	-0.000280509121832	-0.00107155751643	0.212620983593	-0.0415066581654	-0.124114245114	8.48845594854e-11	1.4117186607e-05	100.0
-0.00277646980673	0.000925182405822	0.000276232836214	-0.340978766745	0.108829326662	0.0340601032789	8.48845594854e-11	1.4117186607e-05	100.0
-0.00221466466073	0.0011114283648	1.18130702618e-05	-0.265345867989	0.128697038237	0.000736847838772	8.48845594854e-11	1.4117186607e-05	100.0
-0.00103582087155	0.00059979557707	-0.00160615811151	-0.118370746551	0.0633448010056	-0.184659950154	8.48845594854e-11	1.4117186607e-05	100.0
0.000968739065682	0.000430554544511	-0.00184370311355	0.113680970595	0.0432726587553	-0.214289663967	8.48845594854e-11	1.4117186607e-05	100.0
0.000956318668177	4.85916731761e-05	-0.00206653514581	0.112354790681	-0.00177334214569	-0.243871322283	8.48845594854e-11	1.4117186607e-05	100.0
-0.00070818773853	0.00103244439575	-0.00142162343398	-0.0802690419645	0.112912684842	-0.16031739186	8.48845594854e-11	1.4117186607e-05	100.0
0.000120956247728	-0.000439504475728	-0.00202162567699	0.0137908579347	-0.0606718096432	-0.232149987789	8.48845594854e-11	1.4117186607e-05	100.0
-0.000986081713394	0.000450231979645	0.00121201740206	-0.104634376367	0.0419642379049	0.131868998829	8.46843553084e-11	1.4083890566e-05	100.0
0.000119500129108	0.000682325228911	-0.00107363182837	0.0101811325738	0.0595668901415	-0.101256644078	8.46843553084e-11	1.4083890566e-05	100.0
-0.00203669376452	0.0009327006387	0.000565819286163	-0.242045616727	0.106551445991	0.0678163772749	8.43815596916e-11	1.4033532501e-05	100.0
0.00175880947515	3.59840524508e-05	-0.000412147510312	0.196059882484	-0.00443821139283	-0.0463176640858	8.43815596916e-11	1.4033532501e-05	100.0
-0.00114743947836	0.000203660663313	0.000650570772195	-0.11066670603	0.0113300463861	0.0637413290335	8.40794681338e-11	1.3983291527e-05	100.0
0.00128702157076	0.000428831909343	0.00027160609046	0.127746568782	0.0355732242377	0.0271229082675	8.40794681338e-11	1.3983291527e-05	100.0
0.00179401804634	0.000228953471695	0.000620699001968	0.20368691308	0.0184112643297	0.0713850846495	8.40794681338e-11	1.3983291527e-05	100.0
-0.000777679480634	0.000783595230677	0.0022177064684	-0.0928595627299	0.0884833686227	0.266111556914	8.40143929755e-11	1.3972468851e-05	100.0
-0.000803515401105	-0.000363143790702	0.00130739191898	-0.0838747127365	-0.0490944180114	0.136181922511	8.40143929755e-11	1.3972468851e-05	100.0
0.00203264806168	-0.00043766024865	0.000455127665704	0.23529431004	-0.0604902778756	0.0516988296655	8.40143929755e-11	1.3972468851e-05	100.0
-0.00208430987153	0.000186899037922	0.00181474167486	-0.254206442791	0.015778280443	0.220284433238	8.40143929755e-11	1.3972468851e-05	100.0
-0.00168746619353	0.000636780509798	0.00136631406827	-0.199202121714	0.0692455535668	0.161306512109	8.40143929755e-11	1.3972468851e-05	100.0
0.00250884562757	0.00122108070794	8.21399411736e-05	0.305864126633	0.144737585161	0.010766583864	8.40143929755e-11	1.3972468851e-05	100.0
0.00209996687767	-0.000608555388529	-0.000207448525596	0.244173329238	-0.0810094584094	-0.0238246694025	8.40143929755e-11	1.3972468851e-05	100.0
-0.00267774797198	0.00104226072016	-0.00128925827432	-0.330811193992	0.123842476484	-0.158925048252	8.40143929755e-11	1.3972468851e-05	100.0
-0.00225536214935	9.1316569334e-05	-0.000679833951808	-0.267724854359	0.00296213774461	-0.0808305047002	8.40143929755e-11	1.3972468851e-05	100.0
0.00103515224244	0.00113428177905	-0.00222135404899	0.125490233807	0.133057459706	-0.269493816119	8.40143929755e-11	1.3972468851e-05	100.0
0.00108887485943	-0.000429634312175	-0.00138114311249	0.120987049096	-0.0582034101467	-0.151599490633	8.40143929755e-11	1.3972468851e-05	100.0
0.00181343405538	0.00107329714894	0.00071008174363	0.213274605952	0.123052774408	0.0837534117912	8.37781309248e-11	1.393317601e-05	100.0
0.000483660430228	-0.000443964012738	0.00223871055004	0.0563503367988	-0.0617385750854	0.264303042234	8.35767700795e-11	1.3899687604e-05	100.0
0.00106347301533	-0.000480104558654	0.00153679607106	0.119484452461	-0.0642734399518	0.17295548021	8.35767700795e-11	1.3899687604e-05	100.0
-0.00148618872882	0.000523951065448	0.0025816319399	-0.183444385161	0.0583740410225	0.317189691186	8.35767700795e-11	1.3899687604e-05	100.0
-0.00111291522875	-0.000326823880395	0.00102539334171	-0.115524018708	-0.044889607194	0.105531213616	8.35767700795e-11	1.3899687604e-05	100.0
0.000760153369883	0.000130508084845	0.00146344023512	0.0819629476386	0.00587432483843	0.158238998459	8.35767700795e-11	1.3899687604e-05	100.0
0.00218152367131	0.00084762029758	0.000396433346594	0.259750173444	0.0955436417706	0.047164305124	8.35767700795e-11	1.3899687604e-05	100.0
0.000963290748429	-0.000676192581864	-9.52054894856e-06	0.0760422765999	-0.0732603133109	-0.000903964643215	8.35767700795e-11	1.3899687604e-05	100.0
-0.000746121798711	0.000288688257285	-0.00265340359153	-0.0907783799692	0.0284392891053	-0.322923595011	8.35767700795e-11	1.3899687604e-05	100.0
-6.51235540881e-05	0.00129732524435	-9.66657114525e-06	-0.00722710354865	0.134672600035	-0.00352682942785	8.34774474847e-11	1.3883169221e-05	100.0
-0.00149016814328	0.000867677022692	-5.06092857483e-05	-0.163746520711	0.0912461893257	-0.00573947635251	8.34774474847e-11	1.3883169221e-05	100.0
-0.00176762778442	0.00143896530247	-0.000518662608338	-0.209405220551	0.168942278362	-0.0615221572011	8.34774474847e-11	1.3883169221e-05	100.0
0.00168170127899	0.000529495386822	-0.00052979602086	0.189331532746	0.0536325724592	-0.060035804539	8.34774474847e-11	1.3883169221e-05	100.0
-0.000899869617863	0.000920906778187	-0.000947187008859	-0.0963664074479	0.0950811196399	-0.10055168161	8.34774474847e-11	1.3883169221e-05	100.0
0.00175977630576	0.000961345207034	-0.000671968083433	0.205294856529	0.108224752032	-0.077790644246	8.34774474847e-11	1.3883169221e-05	100.0
-0.000504404671336	0.000699354932998	-0.00116942662894	-0.0511454582541	0.0667526053599	-0.11971097071	8.34774474847e-11	1.3883169221e-05	100.0
-0.000362569993224	0.00048577362802	0.00160099487593	-0.0399149881457	0.0461462964713	0.175344005393	8.31374876161e-11	1.3826630353e-05	100.0
-0.00142010832391	0.000623450563952	0.0016243066082	-0.167099763022	0.0677112388713	0.192374974177	8.31374876161e-11	1.3826630353e-05	100.0
-0.00163977189623	-0.000221781463832	0.00109205957368	-0.186310436003	-0.0343010054807	0.124982022446	8.31374876161e-11	1.3826630353e-05	100.0
-0.0021508993004	0.000477240037027	-0.000446008535454	-0.2539305416	0.0501020553524	-0.0517593161896	8.31374876161e-11	1.3826630353e-05	100.0
-0.00168276276916	0.000596399528827	-0.000229046704333	-0.187459150065	0.0606357137344	-0.0255471911632	8.31374876161e-11	1.3826630353e-05	100.0
0.000855676730431	0.00064156485502	-0.00175004266541	0.0986171588625	0.0686569318424	-0.202708451631	8.31374876161e-11	1.3826630353e-05	100.0
0.000754418945282	-0.000682595141576	-0.000864177091325	0.0685170944611	-0.0788467112885	-0.0789093022571	8.31374876161e-11	1.3826630353e-05	100.0
-0.000576107417604	-0.000535998642794	-0.000954150507638	-0.04928137083	-0.0621146806553	-0.0825956245871	8.31374876161e-11	1.3826630353e-05	100.0
0.000849572195883	0.00104945950671	0.00172721948695	0.0990658118077	0.1192764629	0.202870060563	8.28780419116e-11	1.378348183e-05	100.0
-0.00124464343328	0.00107968861692	0.000738391647442	-0.138586292384	0.118129234919	0.0816966758772	8.28780419116e-11	1.378348183e-05	100.0
0.000864055285046	0.000941430113283	-0.00078477237183	0.0893561060215	0.0946623684777	-0.0806940701643	8.28780419116e-11	1.378348183e-05	100.0
0.0011637901046	0.0010482671487	-0.00159608110044	0.138068771043	0.120281930084	-0.187732201901	8.28780419116e-11	1.378348183e-05	100.0
0.000129749412169	0.0010004410905	-0.00144209401611	0.0152350137786	0.107626698704	-0.159260168856	8.28780419116e-11	1.378348183e-05	100.0
-0.00128273007959	0.000416837445381	4.99999434357e-05	-0.125809792459	0.0339833817593	0.00378292511007	8.25792191987e-11	1.3733784499e-05	100.0
-0.00119703474583	0.000873295189823	-0.00106117167288	-0.135747979694	0.0933076766846	-0.117142778207	8.25792191987e-11	1.3733784499e-05	100.0
0.0002254084569	0.000913036651597	0.00136761608559	0.0221459130207	0.0950836837789	0.148515760691	8.22809999648e-11	1.3684187534e-05	100.0
0.00110023456878	0.000830693422229	9.94291333319e-05	0.108522162019	0.0794351388806	0.00909789176505	8.22809999648e-11	1.3684187534e-05	100.0
-0.000990965034103	0.00093756185495	-0.000677017436586	-0.10300166833	0.0943741904605	-0.070221855089	8.22809999648e-11	1.3684187534e-05	100.0
0.00153958147962	-0.000505491227035	0.00113633010801	0.174244612076	-0.0672906433779	0.129281370551	8.22534913778e-11	1.3679612569e-05	100.0
-0.000750062573852	0.000633211434847	0.00308639669127	-0.0934055184194	0.072676728311	0.381822830188	8.22534913778e-11	1.3679612569e-05	100.0
0.00142204299931	0.000678919162851	0.00196337606154	0.171307049423	0.076171376234	0.235995555702	8.22534913778e-11	1.3679612569e-05	100.0
-0.000441946877169	0.000624977445464	0.0014989313761	-0.0475507798535	0.0626621248057	0.163486857218	8.22534913778e-11	1.3679612569e-05	100.0
-0.00120544822661	-0.000730050260735	0.00116598200278	-0.131281966133	-0.0923282500292	0.129190498082	8.22534913778e-11	1.3679612569e-05	100.0
0.000928991975485	0.000972062419402	0.00133897245718	0.104735698316	0.106958619565	0.151702779287	8.22534913778e-11	1.3679612569e-05	100.0
0.00221049185254	0.000687586902666	-0.00072758916735	0.264495630782	0.0767503272509	-0.0865501960291	8.22534913778e-11	1.3679612569e-05	100.0
0.0018260306435	-0.000313354177915	-0.000885851223282	0.209730496731	-0.0452836519569	-0.101682559783	8.22534913778e-11	1.3679612569e-05	100.0
0.000569701570117	0.00107080043346	-0.00172454416338	0.0662942431116	0.120604557303	-0.20017999716	8.22534913778e-11	1.3679612569e-05	100.0
0.00085048125314	-0.000324535099489	-0.00118381037558	0.0872285677478	-0.0443820623401	-0.119202422652	8.22534913778e-11	1.3679612569e-05	100.0
-0.000345932954198	0.00141916780063	0.00214982326222	-0.0420132719502	0.168778297325	0.259347046985	8.16862210644e-11	1.3585269606e-05	100.0
0.00122732111567	0.000549358053437	-0.00115149498816	0.137214003204	0.0553475700565	-0.127045172432	8.16862210644e-11	1.3585269606e-05	100.0
-0.000641097609627	0.00144101696569	-0.00280909775295	-0.0789270355404	0.175078586207	-0.348605133328	8.16862210644e-11	1.3585269606e-05	100.0
-0.00115215791083	-0.000199206740527	-0.00191400754483	-0.135441315654	-0.0320340533242	-0.224431605623	8.13618510714e-11	1.3531323497e-05	100.0
-0.000263604599527	-0.000294556278527	-0.00194899793891	-0.0302168056115	-0.0426850720922	-0.221855179565	8.13618510714e-11	1.3531323497e-05	100.0
-0.00010954854457	0.0007494306559	0.00146586575948	-0.0108460361922	0.0767168018768	0.158348081512	8.10934537609e-11	1.3486686228e-05	100.0
-0.00156682298139	0.000823907565283	0.00091921407856	-0.179969654345	0.0894898329074	0.105868161936	8.10934537609e-11	1.3486686228e-05	100.0
-0.00184089697348	0.00110374965792	-0.00169611311874	-0.223818884234	0.13019654163	-0.20705529383	8.10934537609e-11	1.3486686228e-05	100.0
-0.00148759960238	0.00108008219264	-0.00106593189471	-0.174138864675	0.122891272412	-0.123835364772	8.10934537609e-11	1.3486686228e-05	100.0
0.000765149173143	0.00102461234691	0.00237642705278	0.0931232653063	0.120212420535	0.288438106433	8.09130638129e-11	1.34566855e-05	100.0
-0.00147231953957	0.000855960574377	9.2253821725e-05	-0.160965822065	0.090161450587	0.00991930771053	8.09130638129e-11	1.34566855e-05	100.0
-0.00232103408849	-7.28117359093e-05	0.000433399992878	-0.275169927422	-0.0166694815175	0.0519644899523	8.09130638129e-11	1.34566855e-05	100.0
-0.00157106894804	-0.000340237553903	-0.00129434293653	-0.180629442444	-0.0486010144955	-0.148643486455	8.09130638129e-11	1.34566855e-05	100.0
0.000467913502027	0.000916105625292	0.00155624273775	0.0542088363995	0.0990066798287	0.174818676137	8.07977490231e-11	1.3437507449e-05	100.0
0.000946829687062	0.000764507516684	-0.000325888412862	0.0868728300766	0.0671969379775	-0.031820845931	8.07977490231e-11	1.3437507449e-05	100.0
-0.00138452068797	0.00144931214706	-0.00195718914882	-0.168229454733	0.173736937993	-0.239118395382	8.07977490231e-11	1.3437507449e-05	100.0
0.000375430775399	0.000624474854327	-0.00128548326711	0.0407562414137	0.0589634639961	-0.131864231276	8.07977490231e-11	1.3437507449e-05	100.0
0.00135944048119	0.000650193866536	0.00112204257002	0.15324971378	0.0673851079707	0.126825763901	8.04621140877e-11	1.3381687862e-05	100.0
0.00144438582307	0.000787672924746	-1.37822541361e-05	0.156180954895	0.0807510989746	-0.00279290483637	8.04621140877e-11	1.3381687862e-05	100.0
-0.00202690642555	0.000662043183546	0.000713023449939	-0.240005244534	0.0728567221343	0.0834273488993	8.02075967955e-11	1.3339358985e-05	100.0
0.00168208666121	0.000991002576081	0.000293681712871	0.193027708726	0.109116836285	0.0330012363627	8.02075967955e-11	1.3339358985e-05	100.0
-0.00149268355108	0.000571476204621	-0.000813326811543	-0.166258205858	0.0574572962176	-0.0910389326019	8.02075967955e-11	1.3339358985e-05	100.0
0.00153097141803	0.000575785845413	-0.00123107479972	0.177838130228	0.0601844524481	-0.141606548137	8.02075967955e-11	1.3339358985e-05	100.0
0.000534434626428	0.000425298195792	-0.00159148252997	0.0607941423496	0.0398720874927	-0.175371138302	8.02075967955e-11	1.3339358985e-05	100.0
-0.000383968746602	0.000935912581809	0.00132777387065	-0.041496409855	0.0974797267019	0.1435159407	8.00090521859e-11	1.3306338948e-05	100.0
-0.000781171420711	-0.000559756937757	0.00140783691977	-0.0823555471019	-0.0716948699888	0.15191449014	8.00090521859e-11	1.3306338948e-05	100.0
0.00101410964789	0.000660397194637	0.00186284938159	0.119218733368	0.0716644543816	0.219228370126	8.00090521859e-11	1.3306338948e-05	100.0
0.00210814245854	9.14883819934e-05	0.000675904185647	0.24726427888	0.00322764975534	0.0785897237091	8.00090521859e-11	1.3306338948e-05	100.0
-0.00125568477767	9.06736447352e-06	0.00120959293333	-0.138572345111	-0.00851001102259	0.132134837318	8.00090521859e-11	1.3306338948e-05	100.0
-0.00172701214523	-0.000432875623911	0.00116203677009	-0.199890019679	-0.0600031003866	0.133934337253	8.00090521859e-11	1.3306338948e-05	100.0
0.00261213432766	0.00135562644228	0.000364424568772	0.320225327278	0.1620813644	0.0450920305045	8.00090521859e-11	1.3306338948e-05	100.0
0.00153780961329	-0.000544151313291	-0.000250240203299	0.162698490279	-0.069673939151	-0.0263208221579	8.00090521859e-11	1.3306338948e-05	100.0
-0.0021734533521	-0.000401721346914	-7.28562385614e-05	-0.253823279538	-0.0559549327536	-0.00894473817662	8.00090521859e-11	1.3306338948e-05	100.0
0.00119462810756	0.00068055840002	-0.00190410332151	0.141234208763	0.0756737310956	-0.227631196827	8.00090521859e-11	1.3306338948e-05	100.0
0.000932477814271	-0.000592915657937	-0.000852337520069	0.0889593300538	-0.0712173561872	-0.0814201804144	8.00090521859e-11	1.3306338948e-05	100.0
-0.00032905059277	0.000704192078584	0.00102086939223	-0.0308342020746	0.0613098284978	0.0964670792028	7.99130990158e-11	1.3290380936e-05	100.0
-0.000851426912255	0.000788697409849	0.000271072644539	-0.0743542202706	0.0678429529971	0.0228545159165	7.99130990158e-11	1.3290380936e-05	100.0
-0.00124459999984	0.00095757674972	-0.00169294657126	-0.148452006043	0.109124067822	-0.199899306664	7.99130990158e-11	1.3290380936e-05	100.0
0.000171682407616	0.000508831194982	0.00209566475427	0.0212388035926	0.0535152778805	0.24552490922	7.96189532656e-11	1.3241461433e-05	100.0
-0.00158427451655	0.00108174122842	0.000776073485517	-0.183180324992	0.121854196333	0.0903368971295	7.96189532656e-11	1.3241461433e-05	100.0
-0.000133061036577	-0.000329512654173	0.00174572165251	-0.0154326050087	-0.0461085911751	0.191771235219	7.95537272375e-11	1.3230613665e-05	100.0
0.000827578622682	-0.000619085773592	0.000646686902957	0.0696923730854	-0.0691515109259	0.0538949760402	7.95537272375e-11	1.3230613665e-05	100.0
0.00107534093846	3.90249840414e-05	0.00234153668853	0.12966317147	-0.00280018506287	0.282066257017	7.95537272375e-11	1.3230613665e-05	100.0
0.000357051404121	0.000408041497024	0.00237319267874	0.042238677782	0.0427790784274	0.284187157948	7.95537272375e-11	1.3230613665e-05	100.0
0.00174923894548	0.000940686971623	0.00177610469144	0.212042900259	0.109751112647	0.216018289357	7.95537272375e-11	1.3230613665e-05	100.0
-0.00219212346577	-0.000291872700726	0.000185320796361	-0.256415647873	-0.0431369041829	0.0206573212493	7.95537272375e-11	1.3230613665e-05	100.0
0.00222944289882	0.000574277911417	-0.00112366742697	0.269180073718	0.063473321046	-0.135487563821	7.95537272375e-11	1.3230613665e-05	100.0
0.00180543964861	-0.000582357430747	-0.000882780325228	0.20809382618	-0.0771518374438	-0.100676004911	7.95537272375e-11	1.3230613665e-05	100.0
-0.00155510482463	0.00134692495439	-0.00219130828812	-0.191866926803	0.161978382046	-0.26887007895	7.95537272375e-11	1.3230613665e-05	100.0
-0.00021723804026	0.00107411012141	-0.00219966138957	-0.0261961063799	0.123866841973	-0.263100137691	7.95537272375e-11	1.3230613665e-05	100.0
-0.00168744412042	0.00033412547168	-0.00179459568732	-0.202339271335	0.0330789890996	-0.215161501667	7.95537272375e-11	1.3230613665e-05	100.0
-0.00141365385791	-0.000462541439067	-0.00103449891309	-0.155614173945	-0.0617998106493	-0.114078954767	7.95537272375e-11	1.3230613665e-05	100.0
-5.23563292917e-06	0.000747863447097	-0.00235363105392	-0.0004734927237	0.0840842534462	-0.282328715644	7.95537272375e-11	1.3230613665e-05	100.0
0.000893564361608	0.00100267227881	-0.000744649704697	0.0929380209927	0.102067549748	-0.0772151325248	7.93251595448e-11	1.3192600477e-05	100.0
0.00103409882143	0.00098179328257	-0.00112491473684	0.115533440432	0.106218445312	-0.125249462167	7.93251595448e-11	1.3192600477e-05	100.0
-0.000199739934427	0.00128901008388	-0.00147884832595	-0.0229431394143	0.145020973111	-0.168292580394	7.93251595448e-11	1.3192600477e-05	100.0
0.000473054177823	0.000564400411783	-0.00147891872287	0.0502571146581	0.0549853498577	-0.16040238168	7.93251595448e-11	1.3192600477e-05	100.0
-4.86511001042e-05	0.000962893716976	-0.0020283492154	-0.00650339292997	0.109177120287	-0.239411525271	7.93251595448e-11	1.3192600477e-05	100.0
-0.000425177538205	-0.000365671527396	-0.00140799933912	-0.0433080681438	-0.0486774076278	-0.143655292163	7.90960386629e-11	1.3154495287e-05	100.0
0.000285858097725	0.000683748095219	0.00182047950566	0.0324603787174	0.0726513779048	0.208349751604	7.87384773218e-11	1.3095029111e-05	100.0
-0.0013097306635	0.00114509638639	0.000312802547008	-0.144205794599	0.1239517753	0.0342261472744	7.87384773218e-11	1.3095029111e-05	100.0
0.00136384299767	0.00133611186907	0.000233459013344	0.153874457701	0.149650667748	0.0263480269687	7.87384773218e-11	1.3095029111e-05	100.0
-0.00147431410098	0.00121792833071	-0.000941997213935	-0.17098656095	0.139322432878	-0.110156180101	7.87384773218e-11	1.3095029111e-05	100.0
0.000543914403596	0.000750979414375	-0.00106637961606	0.0545866909164	0.0706981881225	-0.106682653615	7.87384773218e-11	1.3095029111e-05	100.0
0.000278469999453	0.00116225766568	-0.00114018572144	0.0304894067319	0.123605085746	-0.121544647794	7.87384773218e-11	1.3095029111e-05	100.0
-0.00012765844464	0.000844728389841	0.00132930960193	-0.0155789830037	0.0851450294034	0.140541278508	7.8635986462e-11	1.3077983813e-05	100.0
0.00154612361986	0.000639960440079	0.00180078646761	0.184750686828	0.0712742752273	0.216112885683	7.8635986462e-11	1.3077983813e-05	100.0
-0.00180793781733	0.000265616971171	-0.00100596858916	-0.20999432389	0.0236932232504	-0.116231875136	7.8635986462e-11	1.3077983813e-05	100.0
-0.00196551762852	-0.000451228839275	-0.000523233530141	-0.225922799357	-0.0617822184161	-0.0609846789049	7.8635986462e-11	1.3077983813e-05	100.0
-0.000113299223851	0.000994115680886	-0.0018734192454	-0.0133183604677	0.112622562207	-0.218401477737	7.8635986462e-11	1.3077983813e-05	100.0
0.000973686347863	0.000308004628023	-0.00311228499351	0.120121585281	0.0316321550501	-0.385788466274	7.8635986462e-11	1.3077983813e-05	100.0
-0.000890022802444	0.00125751960145	0.00156523856639	-0.104026585601	0.144745691633	0.18332002046	7.81527506073e-11	1.2997616656e-05	100.0
0.00119216397476	0.000727624283158	0.0010761705133	0.132610842011	0.074836834122	0.118752405422	7.81527506073e-11	1.2997616656e-05	100.0
0.000643280445843	0.00104498929803	0.00115864951927	0.0712964289663	0.111763850182	0.125108569523	7.81527506073e-11	1.2997616656e-05	100.0
-0.000952454313175	0.000661904200178	0.00035254981799	-0.0844081686651	0.0549868518889	0.0343041421396	7.81527506073e-11	1.2997616656e-05	100.0
-0.00186073935042	0.00112143763688	3.07940599104e-05	-0.217715538775	0.127629670257	0.00429615124517	7.81527506073e-11	1.2997616656e-05	100.0
-0.00195405979492	0.000603233480662	0.000583814527656	-0.227912159754	0.064623418284	0.0699262636295	7.81527506073e-11	1.2997616656e-05	100.0
0.00146322650032	0.00114974443089	0.000698296647547	0.167575708123	0.129334499545	0.078977527606	7.81527506073e-11	1.2997616656e-05	100.0
-0.00211724761762	0.00102514210598	-0.000444538918875	-0.252666098051	0.118069292327	-0.0529752942383	7.81527506073e-11	1.2997616656e-05	100.0
0.00148094094002	0.00105999788572	-0.000640700770188	0.168223113396	0.117356360183	-0.0724847656095	7.81527506073e-11	1.2997616656e-05	100.0
0.00140647899322	0.00107355038436	-0.00104567485144	0.161818881	0.120902181374	-0.121717049221	7.81527506073e-11	1.2997616656e-05	100.0
-0.000316408423873	0.000977430624419	-0.0014920618433	-0.0333490944917	0.1052929699	-0.166732494167	7.81527506073e-11	1.2997616656e-05	100.0
-0.00124390875277	0.000174640149828	-0.000575396977579	-0.123001262342	0.00828605376067	-0.0569308888468	7.77082882819e-11	1.292369794e-05	100.0
-0.0020852637803	-0.000229969552849	-0.000134690894487	-0.241144486775	-0.0351568576293	-0.0147348069998	7.77082882819e-11	1.292369794e-05	100.0
-0.000826089018325	-0.000549331527698	-0.00153400562472	-0.0917001345764	-0.0717032085209	-0.16885924168	7.77082882819e-11	1.292369794e-05	100.0
-0.000723971288115	0.0010388577238	0.00139902592537	-0.0817912698635	0.114095627373	0.157534866714	7.7275744668e-11	1.2851761431e-05	100.0
-0.000899383051847	0.0010889326392	0.00107609874022	-0.0989665488653	0.11825751173	0.11890866013	7.7275744668e-11	1.2851761431e-05	100.0
0.00111892336159	0.00116076046716	0.000782124239219	0.124329305331	0.126481251906	0.0855978701805	7.7275744668e-11	1.2851761431e-05	100.0
0.00106273600664	0.000409790296467	0.000908195592185	0.110137196677	0.0345945998991	0.0910199801666	7.7275744668e-11	1.2851761431e-05	100.0
0.00187273644464	0.00112020570511	0.000886762168467	0.222653854262	0.129344706719	0.105222009559	7.7275744668e-11	1.2851761431e-05	100.0
0.00193023246714	0.000734534989809	0.00124740424257	0.230994753282	0.0826487275991	0.149382527647	7.7275744668e-11	1.2851761431e-05	100.0
-0.00141520186537	0.00122540189618	-0.000593130115133	-0.160910682366	0.13718183494	-0.0679658925652	7.7275744668e-11	1.2851761431e-05	100.0
0.00067486680143	0.000771114972695	-0.00112727589712	0.0692043820091	0.0771944781816	-0.118801656698	7.7275744668e-11	1.2851761431e-05	100.0
-0.000320704787057	0.000466520562909	-0.00233230542599	-0.0371815698243	0.0494306617824	-0.279084491513	7.7275744668e-11	1.2851761431e-05	100.0
-0.00102861116813	0.000779070085655	0.00186746544695	-0.121085316795	0.0871645455635	0.221359776016	7.69836608045e-11	1.2803184841e-05	100.0
-0.00100089127385	0.00128800478234	0.000862928485519	-0.111775389635	0.143205088291	0.0955052282929	7.69836608045e-11	1.2803184841e-05	100.0
0.00117163450716	0.00103656815932	-0.00206043699117	0.14281743662	0.120771713483	-0.248447574203	7.69836608045e-11	1.2803184841e-05	100.0
0.000525012250412	0.0011132607612	-0.00240464013209	0.0634444110388	0.130902652277	-0.29239282654	7.69836608045e-11	1.2803184841e-05	100.0
-0.000492828715436	-0.000655902344397	0.00156970579181	-0.0538692203378	-0.0834786798863	0.170457967368	7.67698783487e-11	1.2767630592e-05	100.0
0.00135355694538	-0.000228989184383	0.00206625137379	0.161107231944	-0.0357029389857	0.247476958803	7.67698783487e-11	1.2767630592e-05	100.0
0.00210725189747	-0.000303502534585	0.000478494107009	0.245409561689	-0.0445214564306	0.0560488863188	7.67698783487e-11	1.2767630592e-05	100.0
0.00141947551383	-0.000639553870228	0.000176080593118	0.145582525893	-0.079330353799	0.0179270757865	7.67698783487e-11	1.2767630592e-05	100.0
-0.000899660777725	0.000170204533179	0.00238528517305	-0.10861578437	0.0133050189808	0.286999852101	7.67698783487e-11	1.2767630592e-05	100.0
-0.00102769943202	-0.000521434054669	0.000902411330778	-0.102194545474	-0.0650711601931	0.0892894967377	7.67698783487e-11	1.2767630592e-05	100.0
0.00241158490313	0.000891885051409	0.00085987830915	0.292541792644	0.102904964306	0.104458788046	7.67698783487e-11	1.2767630592e-05	100.0
0.00164608378554	-3.26457731313e-05	7.18429626418e-05	0.17654270487	-0.0132533284773	0.00808180725251	7.67698783487e-11	1.2767630592e-05	100.0
0.00220895427464	-0.000212414849672	-5.42551157548e-05	0.258569761825	-0.0334441609595	-0.00651090669305	7.67698783487e-11	1.2767630592e-05	100.0
-0.00159758519571	0.000701139515216	0.00081691534524	-0.181111839173	0.0746533109065	0.0932278807269	7.67698783487e-11	1.2767630592e-05	100.0
-0.00233157105805	0.000781931400913	0.000792543037513	-0.281029298205	0.0886417999003	0.0955623390951	7.67698783487e-11	1.2767630592e-05	100.0
0.000723035824801	0.000994580017441	-0.00277610442987	0.0887300852065	0.11718875074	-0.341314113718	7.67698783487e-11	1.2767630592e-05	100.0
0.000568747607896	-0.000550518104126	-0.000973096156575	0.0492978424713	-0.0638077002413	-0.0852509824081	7.67698783487e-11	1.2767630592e-05	100.0
0.000674002679037	0.00113439326226	0.00125661168906	0.0752360108626	0.123551837927	0.140217631631	7.66917278108e-11	1.2754633343e-05	100.0
0.00220510099607	0.00119737596873	0.000376604269549	0.265244901739	0.140717696877	0.0457242987693	7.66917278108e-11	1.2754633343e-05	100.0
0.00129600453277	0.00121428241077	-0.00187694351789	0.156822841956	0.143077017678	-0.226593166131	7.66917278108e-11	1.2754633343e-05	100.0
-0.000101156739392	0.000947608056296	-0.00206782421102	-0.0115755951854	0.107816039192	-0.244605361277	7.66917278108e-11	1.2754633343e-05	100.0
-0.000352296416302	0.00100129037385	0.00253649184159	-0.0436771393303	0.117340159952	0.308833824735	7.6399845107e-11	1.2706090208e-05	100.0
-0.00155107956466	0.000731635153815	0.000651227811453	-0.173931483617	0.0770497572961	0.0739050311818	7.6399845107e-11	1.2706090208e-05	100.0
0.00124038141306	0.00124007124354	-0.000281456261449	0.136374574251	0.13497553998	-0.0320205256879	7.6399845107e-11	1.2706090208e-05	100.0
-0.00160488139401	0.000955053656656	-0.00192019434084	-0.194562874046	0.111614481015	-0.233692051908	7.6399845107e-11	1.2706090208e-05	100.0
0.00145674156958	0.00121725365801	-0.000479733844059	0.165925228304	0.135921746483	-0.0541535565933	7.6399845107e-11	1.2706090208e-05	100.0
0.000995404567881	0.000980697042234	-0.000849895655032	0.105980902069	0.102955569193	-0.0912227134832	7.6399845107e-11	1.2706090208e-05	100.0
-0.000798328761908	0.000294377318106	-0.0012380990769	-0.083908232608	0.0222087159505	-0.12755343897	7.6399845107e-11	1.2706090208e-05	100.0
0.00110492264654	0.00121790631362	-0.00154964896716	0.129910647001	0.140153566984	-0.182929643162	7.61080629831e-11	1.2657563801e-05	100.0
-8.84291318459e-05	0.000859642727121	-0.000972941418276	-0.0093538215085	0.078224875304	-0.0917527370994	7.61080629831e-11	1.2657563801e-05	100.0
0.0010740917519	0.00111102735081	0.00263075381975	0.133526578609	0.132191677005	0.323161336892	7.58199520234e-11	1.2609647947e-05	100.0
0.00142354852013	0.000802764501447	0.00170099179313	0.168898026337	0.0897485249193	0.202494529447	7.58199520234e-11	1.2609647947e-05	100.0
0.00166397315654	0.000932242714134	0.000511801545027	0.191503849654	0.103325131159	0.0576780117746	7.58199520234e-11	1.2609647947e-05	100.0
0.000389418407558	0.000820767179944	0.000773857931054	0.0328149786346	0.0695453171831	0.0686110856212	7.58162808592e-11	1.2609037394e-05	100.0
0.000833813336155	0.000908183179575	0.00187663961884	0.098748768207	0.102140106621	0.221319104226	7.58162808592e-11	1.2609037394e-05	100.0
0.000271522097413	0.000808178083647	0.00195998978681	0.0319825275273	0.089726738979	0.228925904465	7.58162808592e-11	1.2609037394e-05	100.0
-0.00169020134817	0.00127384847069	0.000471387557423	-0.197533649294	0.145487070928	0.0542191829008	7.58162808592e-11	1.2609037394e-05	100.0
-0.000874828743134	0.00114062511446	0.00124265825924	-0.0996052477874	0.126939577527	0.139909366661	7.58162808592e-11	1.2609037394e-05	100.0
-0.00148921483486	0.00128502653721	0.00132642157279	-0.177115600989	0.150010905234	0.157565542055	7.58162808592e-11	1.2609037394e-05	100.0
0.000810368811687	0.000690568553928	0.00199332272963	0.0962547723186	0.0762335623293	0.235450828048	7.58162808592e-11	1.2609037394e-05	100.0
-0.00214385248412	0.00119680206698	0.000303582396691	-0.256844907036	0.139563189903	0.0362407077015	7.58162808592e-11	1.2609037394e-05	100.0
-0.00220647043113	0.000797280590772	0.000824070667337	-0.26483238499	0.0904103650992	0.0994138652369	7.58162808592e-11	1.2609037394e-05	100.0
0.00186235577643	0.00141349700768	0.000735358936429	0.222502728728	0.165862882207	0.0885459815748	7.58162808592e-11	1.2609037394e-05	100.0
-0.00149721157141	0.000442833312406	-0.000582722410614	-0.16245753535	0.0410671778224	-0.0631570623277	7.58162808592e-11	1.2609037394e-05	100.0
-0.0019651922168	0.000695873894547	-0.000579899578243	-0.230487021138	0.076429459521	-0.0679270349204	7.58162808592e-11	1.2609037394e-05	100.0
0.00101225602565	0.000835290291267	6.04671353441e-05	0.0965653289499	0.0761348856045	0.00570206779066	7.58162808592e-11	1.2609037394e-05	100.0
-9.58813453954e-06	0.00122382846489	-4.87960239831e-05	-0.000848261002004	0.12198601756	-0.00379895381511	7.58162808592e-11	1.2609037394e-05	100.0
0.00210206269099	0.00115782921595	8.38236355793e-05	0.250575618854	0.134117987313	0.0098733475719	7.58162808592e-11	1.2609037394e-05	100.0
0.00162812536763	0.000881555667757	-0.000260928634615	0.183508689643	0.0953186694967	-0.0317021119468	7.58162808592e-11	1.2609037394e-05	100.0
-0.00124931776753	0.00138739504352	-0.00117555507105	-0.145810158791	0.159852511906	-0.138075084598	7.58162808592e-11	1.2609037394e-05	100.0
-0.00171100644844	0.000689570608507	-0.0013912393489	-0.202269070113	0.0763565675191	-0.166113054446	7.58162808592e-11	1.2609037394e-05	100.0
-9.09477889113e-05	0.00121921926446	0.00164963524477	-0.00974577337842	0.137443110674	0.190329027286	7.55244987352e-11	1.2560510987e-05	100.0
0.00127312402281	0.00139021918505	-0.000226439753851	0.142956395807	0.155265704312	-0.0245163881204	7.55244987352e-11	1.2560510987e-05	100.0
-0.00106108166077	0.000390928525241	-0.00193334171487	-0.124842129743	0.0398205134374	-0.228298613816	7.55244987352e-11	1.2560510987e-05	100.0
0.000694720804739	-0.000588569597802	0.00124427534021	0.0709606882729	-0.0732163381853	0.126725122701	7.53403370431e-11	1.2529882979e-05	100.0
0.00192177654424	-0.000523869225246	0.00149797202922	0.229762433734	-0.0715831206174	0.17898430331	7.53403370431e-11	1.2529882979e-05	100.0
0.00214579122228	0.000452751968501	0.00171406719534	0.261330450735	0.0490184263145	0.208983520171	7.53403370431e-11	1.2529882979e-05	100.0
0.00182460015435	0.000694125645934	0.000826913596371	0.212855650744	0.0757452366983	0.0962114081438	7.53403370431e-11	1.2529882979e-05	100.0
0.0018453243276	0.000522553153833	-0.000505271986228	0.211842034117	0.0539656438026	-0.0573170459492	7.53403370431e-11	1.2529882979e-05	100.0
0.00132389542026	-0.00060655469776	-0.000574875104088	0.136416418561	-0.0753197740408	-0.05821968407	7.53403370431e-11	1.2529882979e-05	100.0
-0.00242615336617	0.00103603182107	-0.00146770579255	-0.298290503119	0.122278257884	-0.180410983908	7.53403370431e-11	1.2529882979e-05	100.0
-0.0020997180766	0.000841168616847	-0.000425239827722	-0.249092249489	0.0946555392587	-0.0486253076016	7.53403370431e-11	1.2529882979e-05	100.0
-0.000439992054138	0.000622390507474	-0.00137706811157	-0.0486820853229	0.0608586907465	-0.145109439614	7.53403370431e-11	1.2529882979e-05	100.0
-0.00170720632737	0.00115493509635	-0.00172792893576	-0.207648601562	0.135937463565	-0.208912665807	7.53403370431e-11	1.2529882979e-05	100.0
-5.40124738106e-05	0.00137420053834	-0.000112550764093	-0.005848098818	0.148171132057	-0.0141771708784	7.52326663213e-11	1.2511976216e-05	100.0
-0.000787162836536	0.000521272644705	0.00152440786198	-0.0888495448321	0.0517729530535	0.169553802174	7.52326663213e-11	1.2511976216e-05	100.0
-0.00114004022933	0.000726061506436	0.000944263895596	-0.122467735077	0.0735220177786	0.102542224239	7.52326663213e-11	1.2511976216e-05	100.0
0.000667280716717	0.000802976972051	-0.000642918572183	0.0605536559457	0.0689232877914	-0.057633033737	7.52326663213e-11	1.2511976216e-05	100.0
0.00118552877036	0.000721006805881	-0.00216701931687	0.143127102312	0.0813135555038	-0.261681381868	7.52326663213e-11	1.2511976216e-05	100.0
0.000152704736499	0.00141240458685	-0.00199992561258	0.0180572427503	0.166537720149	-0.23919727467	7.52326663213e-11	1.2511976216e-05	100.0
0.000156068118876	0.00110591468038	0.00217360211411	0.0199243034985	0.128155977191	0.259732247113	7.48575035077e-11	1.2449582732e-05	100.0
0.00113341077514	0.00112817278983	0.00174066642554	0.13486294695	0.129808052713	0.206633953789	7.48575035077e-11	1.2449582732e-05	100.0
-0.0015805765591	-0.000453678005859	0.000773988326226	-0.174494908085	-0.0607286701354	0.0852206628364	7.48575035077e-11	1.2449582732e-05	100.0
6.22710276738e-05	-0.000555720765496	-0.00104990224222	0.00653558340986	-0.0624178973992	-0.0864448244411	7.48575035077e-11	1.2449582732e-05	100.0
-6.8637268545e-05	0.00103946792192	0.00107869462209	-0.0101089377785	0.105069907871	0.110693052942	7.46488506238e-11	1.2414881583e-05	100.0
-0.000892859075901	0.00146234220451	0.00152428700137	-0.10530768507	0.170283870973	0.179595513258	7.46488506238e-11	1.2414881583e-05	100.0
-0.000769283704183	0.00118530997059	0.00100959923763	-0.0841195389035	0.127600780914	0.110246978129	7.46488506238e-11	1.2414881583e-05	100.0
0.000334156711483	0.00113041953685	0.00173924689564	0.0379391246764	0.127462146943	0.201996302358	7.46488506238e-11	1.2414881583e-05	100.0
-0.000631916296707	0.000907287104254	0.00211981335006	-0.0754612117751	0.103345632645	0.252983057158	7.46488506238e-11	1.2414881583e-05	100.0
-0.00109369073513	0.00128998473619	0.00104491896348	-0.124340047157	0.145059260999	0.119522643726	7.46488506238e-11	1.2414881583e-05	100.0
0.00100820644943	0.00104891957042	0.000491870155215	0.105271557355	0.106798342697	0.0498276168014	7.46488506238e-11	1.2414881583e-05	100.0
0.000738907417417	0.000257649353414	0.00113697510589	0.0726255617442	0.0169791438276	0.112523802349	7.46488506238e-11	1.2414881583e-05	100.0
-0.00169686703128	0.00128901072962	-5.91486754176e-07	-0.197399350244	0.146506738082	0.000120146600606	7.46488506238e-11	1.2414881583e-05	100.0
0.00154742697711	0.00112142171566	0.00111862552586	0.181428690014	0.128284096139	0.131666477492	7.46488506238e-11	1.2414881583e-05	100.0
0.00167443821619	0.00149231398673	0.000709938963389	0.198327558617	0.174495563262	0.0840717159931	7.46488506238e-11	1.2414881583e-05	100.0
0.00118899262702	0.000646931120605	0.00107175540547	0.13089589297	0.0661178553073	0.117824565019	7.46488506238e-11	1.2414881583e-05	100.0
-0.00238400455188	0.00148598475754	-0.000641119488822	-0.291480698381	0.178662328981	-0.0783760356732	7.46488506238e-11	1.2414881583e-05	100.0
0.00208856668914	0.000966410969043	-0.000193076804716	0.247395030146	0.109990331251	-0.0231595323711	7.46488506238e-11	1.2414881583e-05	100.0
0.00151501617409	0.00053199229819	-0.000355656537002	0.163272137424	0.0511434749309	-0.0400960471521	7.46488506238e-11	1.2414881583e-05	100.0
-0.0012002277483	0.00126631998486	-0.00112082649369	-0.139118073176	0.143451096653	-0.12914778951	7.46488506238e-11	1.2414881583e-05	100.0
0.00179858558949	0.000984369503864	-0.000298380722347	0.208098821908	0.109862779042	-0.0346410481239	7.46488506238e-11	1.2414881583e-05	100.0
0.00164788858041	0.00089556568127	-0.000369936892638	0.18668264597	0.0976685108354	-0.0412855661883	7.46488506238e-11	1.2414881583e-05	100.0
-0.000832884362371	0.00110468350316	-0.00117201644174	-0.0928945496328	0.119881224766	-0.130415768457	7.46488506238e-11	1.2414881583e-05	100.0
-0.000519452322138	-0.000497795276775	0.00193098362656	-0.0583979838046	-0.0668613580851	0.22179726836	7.43713005477e-11	1.2368722114e-05	100.0
-0.00248303984603	0.00133989169346	0.00118846705878	-0.305638408891	0.160940346982	0.145904491942	7.43713005477e-11	1.2368722114e-05	100.0
0.00256133316321	0.0010606904417	-0.000850704597161	0.313893197435	0.125303956376	-0.104784171263	7.43713005477e-11	1.2368722114e-05	100.0
0.00183694290704	0.00100512939894	-0.000843567755005	0.217334902123	0.114581005132	-0.0977673012081	7.4064632607e-11	1.231772004e-05	100.0
0.00171123140411	0.000800227943686	-0.00152191831859	0.204187395997	0.0904437779132	-0.182857756583	7.4064632607e-11	1.231772004e-05	100.0
-0.000276370279113	0.00143162117681	-0.00192987602971	-0.0318071516419	0.168310375207	-0.230009771727	7.4064632607e-11	1.231772004e-05	100.0
0.000660371310967	0.000564667750147	-0.00204822821893	0.0782662877545	0.0601734350078	-0.241332173666	7.4064632607e-11	1.231772004e-05	100.0
0.000110520933571	0.00110959616085	-0.00164632080609	0.0120974173432	0.124174839193	-0.18845378775	7.4064632607e-11	1.231772004e-05	100.0
