# x[AU] y[AU] z[AU] vx[AU/yr/2pi] vy[AU/yr/2pi] vz[AU/yr/2pi] m[MSUN] m[mtot] wf[%]
-1.04329866601e-07	1.12946730733e-07	-3.5898714208e-08	-1.55926885384e-05	3.60767097006e-06	-1.1608086502e-05	9.42659970188e-10	0.997682005877	10.6328053096
2.73735461316e-05	-6.14606333952e-05	8.16928678584e-05	0.00285259001678	-0.00788858539376	0.00940731476738	1.93865031909e-14	2.0518072266e-05	100.0
1.8621627813e-05	-5.9484032384e-05	-9.00894380578e-07	0.000578606078389	-0.00591076118245	-8.28111420309e-05	1.93865031909e-14	2.0518072266e-05	100.0
4.95235293613e-06	-6.04671415641e-05	7.53639695287e-05	0.00014291683225	-0.00765389913809	0.00830686886238	1.93859298858e-14	2.0517465498e-05	100.0
2.23962838403e-05	-6.36627923863e-05	9.5973716797e-05	0.00234575748223	-0.00829969259226	0.0113509940117	1.93859298858e-14	2.0517465498e-05	100.0
-7.10403391591e-05	2.27164203447e-05	-0.000135621823754	-0.00907687151671	0.00229641295416	-0.0170096707749	1.93859298858e-14	2.0517465498e-05	100.0
4.58245433777e-05	-7.85358728639e-05	-6.9265308313e-06	0.00444148630785	-0.0094400315301	-0.000750642846753	1.93859298858e-14	2.0517465498e-05	100.0
-3.04473199965e-05	-4.91625971699e-06	9.90550129735e-05	-0.00382143598804	-0.00118927125687	0.0114770753861	1.93858745669e-14	2.051740695e-05	100.0
2.09174470837e-06	-5.00519682524e-05	5.07100174615e-05	-0.000292006032924	-0.00584649020605	0.00451954187828	1.93856281463e-14	2.0517146146e-05	100.0
2.22515102148e-05	-5.70499571369e-05	8.36299137712e-05	0.00222828013852	-0.00735240901373	0.00957408612304	1.93856281463e-14	2.0517146146e-05	100.0
6.16390010677e-05	-9.63224788266e-05	-2.89371581269e-05	0.00688868481391	-0.0121753339682	-0.00336295918139	1.93856281463e-14	2.0517146146e-05	100.0
2.76444047616e-06	-6.71643629618e-05	-9.65665965324e-05	-4.56634399847e-06	-0.00873590199294	-0.0113725531804	1.93856281463e-14	2.0517146146e-05	100.0
2.35893538156e-05	-5.62517383732e-05	-6.0518139806e-05	0.00206691087484	-0.00683309115916	-0.00639068706969	1.93855677984e-14	2.0517082276e-05	100.0
6.36766694554e-05	-8.07370889805e-05	0.000146651986625	0.00781868015679	-0.0107989703473	0.0185473272547	1.93853314357e-14	2.0516832117e-05	100.0
5.55725831584e-05	-9.23911812068e-05	2.5317438311e-06	0.00595033841417	-0.0114823917244	0.000291948667908	1.93853314357e-14	2.0516832117e-05	100.0
1.43907584682e-05	-5.23326207042e-05	-3.37979788772e-05	0.000558840805279	-0.00552081567488	-0.00264802376035	1.93849442033e-14	2.0516422282e-05	100.0
6.5693074713e-05	-8.22106391385e-05	6.07863317088e-05	0.00753598965606	-0.0105589140601	0.00722192866604	1.93847380147e-14	2.0516204059e-05	100.0
6.91179636824e-05	-9.94438307202e-05	7.00556923635e-05	0.0081241887334	-0.0128753488021	0.0085817597789	1.93847380147e-14	2.0516204059e-05	100.0
0.000142112705779	-0.000129964412802	3.55410588976e-05	0.0178573630418	-0.0171186664865	0.0044658883746	1.93847380147e-14	2.0516204059e-05	100.0
0.000100470296781	-9.99734328572e-05	-2.1084722877e-05	0.01207238593	-0.012973157586	-0.00257998634626	1.93847380147e-14	2.0516204059e-05	100.0
8.31273541649e-05	-0.000103014527907	-0.000124088551542	0.0102544524461	-0.0136159511842	-0.0156925114494	1.93847380147e-14	2.0516204059e-05	100.0
9.35322841998e-05	-0.000112953887498	-0.000145604497845	0.0117220760258	-0.0149965952135	-0.018574480375	1.93847380147e-14	2.0516204059e-05	100.0
6.80392977612e-05	-8.24885316834e-05	-1.28648772058e-05	0.00751214086045	-0.0103064772837	-0.00148407749781	1.93846324058e-14	2.0516092285e-05	100.0
0.000102261316985	-0.000110530215762	1.61833947112e-05	0.0123723081711	-0.0143580959981	0.00200976066491	1.93844463331e-14	2.0515895352e-05	100.0
2.2116395759e-05	-5.98431165411e-05	4.65879763749e-05	0.00173006819989	-0.0070057493717	0.0045904524461	1.93840138398e-14	2.0515437614e-05	100.0
1.99476219109e-05	-4.91813096669e-05	0.000147715516167	0.002234468135	-0.00670818972497	0.0184570440798	1.93840138398e-14	2.0515437614e-05	100.0
4.54704222678e-05	-8.10086646507e-05	-3.343452092e-05	0.00464288671109	-0.00990116093379	-0.0037232242019	1.93840138398e-14	2.0515437614e-05	100.0
9.30994769968e-05	-9.70332874999e-05	-9.40625574158e-05	0.0114424678168	-0.0127662234545	-0.0117695566168	1.93840138398e-14	2.0515437614e-05	100.0
0.00011301678713	-0.000100714425677	0.000136297108846	0.0142291629105	-0.0134087424422	0.017396352982	1.93830130704e-14	2.0514378431e-05	100.0
-6.87000301001e-05	-1.05659258899e-05	-4.02825900422e-05	-0.00742672914265	-0.00207639267296	-0.00413784776216	1.93830130704e-14	2.0514378431e-05	100.0
8.76706876016e-05	-0.000117692166898	-4.26211208346e-05	0.0105284721135	-0.0152815507539	-0.00526044499693	1.93830130704e-14	2.0514378431e-05	100.0
-1.67359883338e-05	-6.04147090972e-05	-0.000106815715058	-0.00233349093463	-0.00800194260056	-0.0127374145634	1.93830130704e-14	2.0514378431e-05	100.0
0.00016637604106	-0.000129141943964	-7.28138549903e-05	0.0211398007336	-0.017110377392	-0.00929980329662	1.93830130704e-14	2.0514378431e-05	100.0
3.40823391218e-05	-9.07407386782e-05	-0.000150760692365	0.0040563338105	-0.0120668928334	-0.0190235995306	1.93830130704e-14	2.0514378431e-05	100.0
9.01695195118e-06	-9.04212878813e-05	-8.49570524201e-05	0.000712500412366	-0.0116337392273	-0.0100132386529	1.93830130704e-14	2.0514378431e-05	100.0
8.33164292157e-06	-4.54234850169e-05	-3.98623437172e-05	3.66042778494e-05	-0.0047458961066	-0.00300091918274	1.93827817367e-14	2.0514133595e-05	100.0
0.000104617179789	-0.000119482277598	8.68321719101e-05	0.0129829095332	-0.0157423538693	0.010908429979	1.93824548522e-14	2.051378763e-05	100.0
-0.00011488900722	3.80525470434e-05	3.085498596e-05	-0.0141909344567	0.0040308268076	0.00374919766329	1.93824548522e-14	2.051378763e-05	100.0
9.71510201181e-05	-0.000100367673368	0.00024762170635	0.0123787221552	-0.0134807722029	0.0321118563009	1.93824548522e-14	2.051378763e-05	100.0
-0.000145505824415	7.93250224383e-05	0.000109673854442	-0.0188099791788	0.00970000486692	0.0140345209557	1.93824548522e-14	2.051378763e-05	100.0
0.000205365848065	-0.000171900361707	6.67875842941e-05	0.0263648246019	-0.0227660768715	0.00864560781142	1.93824548522e-14	2.051378763e-05	100.0
0.000158569971558	-0.000124877251298	3.97453824268e-05	0.020043016239	-0.0164861457322	0.00507403635489	1.93824548522e-14	2.051378763e-05	100.0
1.64465902963e-05	-5.07381763262e-05	-2.96811418974e-05	0.000628675169942	-0.00528072689104	-0.00210266543989	1.93824548522e-14	2.051378763e-05	100.0
-6.90989679975e-05	2.63784436512e-05	-5.60839815556e-05	-0.00804961629219	0.00234491733516	-0.00628672792808	1.93821681997e-14	2.0513484246e-05	100.0
1.16487187113e-05	-5.25330048357e-05	0.000150240100343	0.00126325982336	-0.00719020460301	0.0187943215689	1.93819016631e-14	2.0513202152e-05	100.0
4.2765743024e-05	-9.10031737838e-05	0.000142231254592	0.00512711124084	-0.01210003782	0.0178983152734	1.93816250685e-14	2.0512909413e-05	100.0
-0.000144728466245	5.14581254678e-06	0.000157431087507	-0.0187481261546	0.000120329700607	0.0201967799618	1.93816250685e-14	2.0512909413e-05	100.0
9.56886745982e-05	-0.000117409888395	-1.25630445661e-05	0.0115344727809	-0.0152061619349	-0.00157647519994	1.93816250685e-14	2.0512909413e-05	100.0
-3.34081684934e-05	-1.18200732058e-06	-0.000156407430116	-0.00440854037805	-0.000663643795146	-0.019629258064	1.93816250685e-14	2.0512909413e-05	100.0
5.57540649715e-06	-5.48587953933e-05	-4.65715967707e-05	-8.55795127018e-05	-0.00627784678492	-0.00416940933101	1.93816250685e-14	2.0512909413e-05	100.0
5.20384717922e-05	-7.14846587786e-05	7.17794002732e-05	0.00580295273896	-0.00912459799143	0.00845514892186	1.93815546626e-14	2.0512834898e-05	100.0
1.28107477027e-05	-6.3866665647e-05	-9.51461789088e-06	0.00016394446817	-0.006533642916	-0.000542047978297	1.93815546626e-14	2.0512834898e-05	100.0
3.64411611e-05	-6.60146902171e-05	9.75773874969e-05	0.00409628067122	-0.00868313508696	0.0116635465702	1.93813535029e-14	2.0512621997e-05	100.0
-6.65483248466e-05	-9.69458807277e-06	7.29147160047e-05	-0.00785628712449	-0.00191011788016	0.00828918671071	1.93813535029e-14	2.0512621997e-05	100.0
-2.34774061868e-05	-5.42243578324e-05	0.00017976993837	-0.00321466058822	-0.0074794752485	0.0228248864727	1.93813535029e-14	2.0512621997e-05	100.0
-6.77534656581e-05	-3.89364708451e-05	0.000182732933838	-0.00887245820293	-0.0055421159416	0.0232867666607	1.93813535029e-14	2.0512621997e-05	100.0
9.01161838395e-05	-0.000121356458899	8.01438893876e-05	0.0110235030946	-0.0159163274379	0.0100365683842	1.93813535029e-14	2.0512621997e-05	100.0
-0.000211138850207	0.000108501731723	1.32256099191e-05	-0.0274388977719	0.0135570228552	0.00172636854003	1.93813535029e-14	2.0512621997e-05	100.0
0.000138676798453	-0.000162551731346	5.72609793222e-05	0.0174930648769	-0.0214299627784	0.00730614970804	1.93813535029e-14	2.0512621997e-05	100.0
-0.000137128673456	3.65295144679e-05	-6.46126809872e-05	-0.0173982474886	0.00403201281475	-0.00808203742175	1.93813535029e-14	2.0512621997e-05	100.0
0.000230018194885	-0.000162572245368	-2.13238863252e-05	0.0295822607704	-0.0215579160446	-0.0027243612659	1.93813535029e-14	2.0512621997e-05	100.0
0.000112974923707	-0.000101215047461	-0.000124732543824	0.0141552651826	-0.0134335569297	-0.0158955528773	1.93813535029e-14	2.0512621997e-05	100.0
6.73577500859e-05	-8.39219262096e-05	-0.000152369472529	0.00830275556112	-0.0111905174222	-0.0193373932321	1.93813535029e-14	2.0512621997e-05	100.0
9.20384425766e-05	-0.000161669237843	-0.000147927609032	0.0115576218967	-0.0213756532387	-0.0189854197714	1.93813535029e-14	2.0512621997e-05	100.0
7.3274372073e-05	-0.000117440535028	-0.000199110014899	0.00918681085511	-0.0156645021355	-0.0256390556697	1.93813535029e-14	2.0512621997e-05	100.0
8.14030273627e-05	-9.32021592136e-05	0.000162760509044	0.0101882993697	-0.0124225577734	0.0207845471215	1.93812478941e-14	2.0512510223e-05	100.0
0.000103999789604	-8.68666518059e-05	-9.20478687535e-05	0.0128272228983	-0.0114458532823	-0.0115304303901	1.93812478941e-14	2.0512510223e-05	100.0
-1.25990113782e-05	-3.66774459451e-05	6.2934450807e-05	-0.00171521374278	-0.00455806845463	0.00601054028612	1.93810819374e-14	2.051233458e-05	100.0
-3.59273156907e-05	-1.53793396526e-05	6.24302874887e-05	-0.00393051831895	-0.0024343084031	0.00607380083262	1.93810819374e-14	2.051233458e-05	100.0
6.37239499105e-05	-7.76735713859e-05	-2.142559296e-05	0.00685934206723	-0.00964730699704	-0.00242285329318	1.93810819374e-14	2.051233458e-05	100.0
4.85458936148e-05	-6.85921639458e-05	0.00011707969175	0.00575380971855	-0.00908810745527	0.0144441990294	1.93809411256e-14	2.0512185549e-05	100.0
7.22638262591e-05	-9.39881650535e-05	5.33122453186e-06	0.00820546797004	-0.0118623757475	0.000637703795436	1.93809411256e-14	2.0512185549e-05	100.0
0.000143349601392	-0.000123800842922	-5.18634014682e-05	0.018022991487	-0.0162930429588	-0.00661169143442	1.93809411256e-14	2.0512185549e-05	100.0
-0.000110705267685	4.46606982729e-05	-1.03701079096e-05	-0.0135690728251	0.00483122752558	-0.00121388893011	1.93809411256e-14	2.0512185549e-05	100.0
-0.00012149995181	7.32195498555e-05	-0.000122605826167	-0.0156442432634	0.00888795368962	-0.0156480083599	1.93809411256e-14	2.0512185549e-05	100.0
3.09327763253e-06	-4.88979332331e-05	0.000217467345917	0.000197317161961	-0.00679512747361	0.0279263503256	1.93808103718e-14	2.0512047163e-05	100.0
-2.84975315514e-05	-7.62716949152e-06	0.000224424819851	-0.00384549847695	-0.00146694408237	0.0288782307797	1.93808103718e-14	2.0512047163e-05	100.0
8.66390533325e-05	-0.000110249403637	-4.84560460679e-07	0.0102472797864	-0.0142243205718	-6.01011737849e-05	1.93808103718e-14	2.0512047163e-05	100.0
-7.73913192335e-05	-6.17066204847e-05	-0.000213681321355	-0.010147232797	-0.00852139716796	-0.0274961379438	1.93808103718e-14	2.0512047163e-05	100.0
0.000131721652767	-0.000113484921988	-7.57336055385e-05	0.0165211087164	-0.0149709890511	-0.00960182113939	1.93808103718e-14	2.0512047163e-05	100.0
-2.20824868893e-05	-1.71027463949e-05	7.49465607267e-05	-0.00268718187892	-0.00255540867676	0.00774222428101	1.93806393861e-14	2.0511866197e-05	100.0
8.58031355456e-05	-9.94055153286e-05	0.000146943542051	0.0106962264888	-0.0132339357123	0.0186964478488	1.93802772986e-14	2.0511482975e-05	100.0
-0.000202653359116	6.87434989541e-05	0.000119535695223	-0.0263565276559	0.00841280844566	0.0154367206769	1.93802772986e-14	2.0511482975e-05	100.0
0.000209679095506	-0.000153687132968	2.29544280887e-05	0.0268815723452	-0.0203487989506	0.00296389848643	1.93802772986e-14	2.0511482975e-05	100.0
-2.63054563757e-05	-3.23393760423e-05	-0.000121809986497	-0.00339291565204	-0.00461311771762	-0.0147843638597	1.93802772986e-14	2.0511482975e-05	100.0
6.22419162641e-05	-7.66482506158e-05	-2.18053637016e-05	0.00674750327323	-0.00944537512361	-0.00249540429388	1.9380030878e-14	2.0511222171e-05	100.0
1.05015727246e-07	-5.71669341481e-05	6.59441403199e-05	-0.000427591602353	-0.00711998835779	0.00686341018867	1.93797492545e-14	2.051092411e-05	100.0
7.97883296878e-06	-8.85612170749e-05	0.000171030822172	0.000769628115648	-0.0118729177848	0.0217019537691	1.93797492545e-14	2.051092411e-05	100.0
-9.79770927181e-05	-1.6707324724e-05	0.000153341966498	-0.0126638615332	-0.00268617808115	0.019419641112	1.93797492545e-14	2.051092411e-05	100.0
7.6595831494e-05	-0.00012706190524	5.03016619494e-05	0.00914843445603	-0.0165091576407	0.00619448831714	1.93797492545e-14	2.051092411e-05	100.0
-8.39680842195e-05	5.95309107632e-06	-8.12661012494e-06	-0.0093103586335	-0.000211454956041	-0.000800549095937	1.93797492545e-14	2.051092411e-05	100.0
0.000190845545036	-0.000151389847349	0.000141917539733	0.0245183708645	-0.0201007989434	0.0183796532277	1.93797492545e-14	2.051092411e-05	100.0
-0.000122211521818	7.41542480925e-05	2.5201408602e-05	-0.0154240475856	0.00875656265093	0.0031718946289	1.93797492545e-14	2.051092411e-05	100.0
2.97804537515e-05	-8.4798464695e-05	0.000114609901744	0.00333673844568	-0.0111130929981	0.0141418982762	1.93797492545e-14	2.051092411e-05	100.0
0.000200245055072	-0.000172842206938	-0.000135767529197	0.0257528664336	-0.0228993598609	-0.0176258633408	1.93797492545e-14	2.051092411e-05	100.0
5.43870659036e-05	-7.75870763714e-05	-0.000189436196487	0.00674384197864	-0.0104356741549	-0.0242495944537	1.93797492545e-14	2.051092411e-05	100.0
0.000160018050745	-0.000148602637644	-7.73591846919e-05	0.0203174853041	-0.0196439570934	-0.00991746418313	1.93797492545e-14	2.051092411e-05	100.0
5.25513858066e-05	-4.04095785783e-05	-0.000223796851121	0.00659408114771	-0.00568499670633	-0.0288118932497	1.93797492545e-14	2.051092411e-05	100.0
0.000136170968301	-0.000138542323517	-0.000103828474198	0.017212032948	-0.0183245375748	-0.0132717219036	1.93797492545e-14	2.051092411e-05	100.0
7.55670358616e-05	-0.000103695479965	-0.000185846575442	0.00949224397076	-0.0138668048657	-0.0238350101128	1.93797492545e-14	2.051092411e-05	100.0
0.000118360834263	-9.07285731574e-05	0.000157597363216	0.0149801036094	-0.0121211692845	0.0202106353394	1.93797291385e-14	2.051090282e-05	100.0
0.000163054215871	-0.000121958232906	-9.0932718396e-05	0.0207331976569	-0.0161524981228	-0.0116440590508	1.93797291385e-14	2.051090282e-05	100.0
-1.28932848721e-05	-1.01402848684e-05	-0.000120216714756	-0.00176651920473	-0.00179356137095	-0.0144702535678	1.93797291385e-14	2.051090282e-05	100.0
7.59932355575e-05	-7.86243968444e-05	0.000255015907863	0.00967410717939	-0.0106700780058	0.0330205721313	1.93792262393e-14	2.0510370567e-05	100.0
-0.000128492144868	2.40374794913e-05	0.000143619063115	-0.016615453557	0.0025668545089	0.0182896467732	1.93792262393e-14	2.0510370567e-05	100.0
0.000117948636845	-0.000153123586778	-7.79189907681e-06	0.0146502807872	-0.0200665850115	-0.00100015277091	1.93792262393e-14	2.0510370567e-05	100.0
-5.32590240691e-05	-3.45935153267e-05	-0.000268154054782	-0.00705443154836	-0.00497516930159	-0.034741061956	1.93792262393e-14	2.0510370567e-05	100.0
0.000224657836256	-0.000159983524445	-8.52411593115e-05	0.0289266701778	-0.0212219523041	-0.0110652070262	1.93792262393e-14	2.0510370567e-05	100.0
4.23146318298e-06	-5.0673262169e-05	-0.000177257471439	0.000292011421987	-0.00695241087616	-0.0225043713222	1.93792262393e-14	2.0510370567e-05	100.0
-8.1735359633e-09	-5.26081346257e-05	-3.52123172613e-05	-0.000686853824068	-0.00556145251756	-0.00249498536656	1.93792262393e-14	2.0510370567e-05	100.0
2.60951046531e-05	-6.02003435588e-05	-5.09329469253e-05	0.00221747492466	-0.00722816900231	-0.00520857887758	1.93792262393e-14	2.0510370567e-05	100.0
2.76915166888e-05	-6.72896876399e-05	-7.15556048419e-05	0.00275177523239	-0.00851277235779	-0.00806626941553	1.93792262393e-14	2.0510370567e-05	100.0
2.12739453336e-05	-5.39144490116e-05	-4.51056790149e-05	0.00152800038216	-0.00614764517715	-0.00425542132546	1.93791206304e-14	2.0510258794e-05	100.0
3.06539400825e-05	-5.24386006491e-05	-0.000246701786318	0.0037773497355	-0.0072292970182	-0.0318734225524	1.93791206304e-14	2.0510258794e-05	100.0
