# x[AU] y[AU] z[AU] vx[AU/yr/2pi] vy[AU/yr/2pi] vz[AU/yr/2pi] m[MSUN] m[mtot] wf[%]
-2.37683136184e-08	1.06908878767e-07	-1.77825669637e-08	9.87086831936e-07	2.65662979725e-05	4.21181673028e-06	9.42266770311e-10	0.99773326297	9.93416842625
5.38397513702e-05	-5.57670916736e-05	4.90125380174e-05	0.00592098249951	-0.00669902689888	0.00546470488694	3.82287889684e-14	4.0479124977e-05	100.0
-3.69418314147e-05	2.63171841683e-05	-4.7524857923e-05	-0.0036211618455	0.00229434909213	-0.00444858228351	1.91220989002e-14	2.0247720425e-05	100.0
3.82718462342e-05	-4.46106888886e-05	-2.48572708395e-05	0.00320607709214	-0.00454669716295	-0.00209790704475	1.91192876936e-14	2.0244743736e-05	100.0
4.54554893681e-05	-5.17469166919e-05	1.98347357854e-05	0.00425661279997	-0.00558739269369	0.00189434968684	1.91192826646e-14	2.0244738411e-05	100.0
-7.38963997567e-05	4.81441916131e-05	3.13522351973e-05	-0.00857433979991	0.00532825664863	0.00360813031805	1.91192826646e-14	2.0244738411e-05	100.0
-3.98715944217e-05	2.62810979107e-05	0.000110610399209	-0.00503564371758	0.00307788118056	0.0135337494308	1.91174319955e-14	2.0242778803e-05	100.0
2.9306501027e-05	-4.45364522972e-05	4.98500106051e-05	0.00271139070362	-0.00498166812792	0.00492077784489	1.91173867345e-14	2.0242730878e-05	100.0
2.79252204343e-05	-4.48353710144e-05	4.57403394218e-05	0.00255858594175	-0.00495753099454	0.00428454944248	1.91167631395e-14	2.0242070575e-05	100.0
6.55409266911e-06	-9.69521620671e-06	0.000146841608121	0.000733873497484	-0.00145219151113	0.0185821954107	1.91167631395e-14	2.0242070575e-05	100.0
-2.73517213143e-05	-7.23680341194e-07	5.79823665331e-05	-0.00280542018983	-0.000435997849535	0.00525468673963	1.91167631395e-14	2.0242070575e-05	100.0
9.25999285296e-05	-8.16899016598e-05	1.2722863901e-06	0.0111787520077	-0.0103626792552	0.000122227176387	1.91167631395e-14	2.0242070575e-05	100.0
-7.5254459327e-05	5.15631175291e-05	-6.90889990321e-06	-0.00866966221965	0.00565188730066	-0.000780514481456	1.9116451342e-14	2.0241740423e-05	100.0
5.04822371145e-05	-6.03771425331e-05	-3.47561627941e-05	0.00529980893889	-0.007077670543	-0.00376728720986	1.9116451342e-14	2.0241740423e-05	100.0
4.23471615134e-05	-3.76852567207e-05	-0.000110518106953	0.00511196411367	-0.00491719553575	-0.0135992901762	1.9116451342e-14	2.0241740423e-05	100.0
8.77398755449e-05	-6.32563428538e-05	-7.40463434551e-05	0.0107614186951	-0.00809220015665	-0.00922197726526	1.91162049214e-14	2.0241479497e-05	100.0
4.01890109396e-05	-5.46912212782e-06	0.000193263240183	0.00518568467399	-0.000871309070922	0.0251150434638	1.91159031818e-14	2.0241159996e-05	100.0
3.40330192574e-05	-3.76367705319e-05	-5.02182114267e-05	0.0032491986201	-0.00415264648348	-0.00489067246738	1.91159031818e-14	2.0241159996e-05	100.0
2.47111556375e-05	6.35660107875e-06	-0.000184817657869	0.00317714628863	0.000655812527352	-0.0239503454218	1.91159031818e-14	2.0241159996e-05	100.0
4.62058963357e-05	-5.10351637592e-05	3.94962710977e-05	0.00471660029628	-0.00591427458542	0.0040151908422	1.9115827747e-14	2.024108012e-05	100.0
-0.000114400895614	5.2485681721e-05	3.32854626286e-05	-0.0143353370802	0.00628737985272	0.00413121453853	1.9115827747e-14	2.024108012e-05	100.0
0.000107231980408	-8.65492824157e-05	2.75379968921e-05	0.0133044762586	-0.0111677391974	0.0033889723831	1.9115827747e-14	2.024108012e-05	100.0
5.69645433456e-05	-4.37005655275e-05	0.000130186982354	0.00714926881687	-0.00579903741549	0.0164621419037	1.91156014423e-14	2.0240840494e-05	100.0
-5.58556363403e-05	4.19773836273e-05	4.34453499284e-05	-0.0061141790204	0.00437099239738	0.00481267797996	1.91156014423e-14	2.0240840494e-05	100.0
0.000148008923733	-7.78215245012e-05	-0.000120541055154	0.0191882430565	-0.0103178442623	-0.015696301491	1.91156014423e-14	2.0240840494e-05	100.0
-4.21525894312e-05	2.99830129407e-05	-3.94509006337e-05	-0.00407407850626	0.00259482914017	-0.00365145756966	1.91156014423e-14	2.0240840494e-05	100.0
-3.47881017962e-05	1.78755427473e-05	7.45079865365e-05	-0.00397828274624	0.00169623646103	0.00818425746804	1.91155209784e-14	2.0240755294e-05	100.0
1.6662317068e-05	-3.28774329299e-05	5.79716121127e-05	0.00143416900826	-0.00373699523445	0.00550934721833	1.91155209784e-14	2.0240755294e-05	100.0
-3.72004026478e-05	5.85699701319e-06	7.65642370804e-05	-0.00422629842534	0.000286185263947	0.00846686518723	1.91155209784e-14	2.0240755294e-05	100.0
4.0079430045e-05	-4.93845201635e-05	3.36609906661e-05	0.0037778220941	-0.00542485616974	0.00320730061554	1.91155209784e-14	2.0240755294e-05	100.0
0.000111678977507	-9.16843634526e-05	-9.07657178372e-06	0.0139195106081	-0.0118444495637	-0.00106510811765	1.91155209784e-14	2.0240755294e-05	100.0
5.55217688149e-05	-5.39395539024e-05	0.000204750636006	0.00718568015977	-0.00726971361346	0.0267488324832	1.91152946738e-14	2.0240515668e-05	100.0
7.21099478256e-05	-5.95565515332e-05	2.11654614206e-05	0.00813913001462	-0.00716337698683	0.0023674886072	1.91152946738e-14	2.0240515668e-05	100.0
8.99419058509e-05	-7.7789883643e-05	-0.000126208807382	0.0114335941393	-0.0102317523907	-0.0162302248161	1.91152946738e-14	2.0240515668e-05	100.0
-7.77718962212e-05	7.39483758508e-05	-7.3149014647e-05	-0.00972778076238	0.00906471614979	-0.00907292582045	1.91152946738e-14	2.0240515668e-05	100.0
6.96370279955e-05	-6.5444953035e-05	-6.84177757351e-06	0.00779727672772	-0.00785638338894	-0.000785721796431	1.91149929343e-14	2.0240196166e-05	100.0
0.000177391832383	-0.000109122549135	-2.25018136719e-05	0.0230322775418	-0.0144210158176	-0.00287536804121	1.91149929343e-14	2.0240196166e-05	100.0
-5.90838358036e-05	5.83708267981e-05	-6.34244903093e-05	-0.00704317659341	0.00677992773054	-0.00756943540716	1.91149929343e-14	2.0240196166e-05	100.0
5.47905863048e-05	-2.38919802393e-05	-0.000220144771232	0.00711766981483	-0.00330153942066	-0.0288269636861	1.91149929343e-14	2.0240196166e-05	100.0
8.23079289724e-05	-8.18315468911e-05	-8.38329569687e-05	0.0102116441947	-0.0106065254768	-0.0105094231794	1.91149074414e-14	2.0240105641e-05	100.0
-2.47184030167e-05	6.08404509236e-05	0.000189791014759	-0.0032822382982	0.00781736023546	0.0246713706074	1.91143894552e-14	2.0239557163e-05	100.0
-0.00016733346851	9.58046093968e-05	3.2267042232e-05	-0.0217983663741	0.0122770388729	0.00418558379645	1.91143894552e-14	2.0239557163e-05	100.0
-0.000137105657714	9.18532186702e-05	-2.70693676859e-05	-0.0176545843151	0.0116299877598	-0.00346670079366	1.91140877157e-14	2.0239237662e-05	100.0
-2.26238367603e-05	1.79136727679e-05	-0.000143987002945	-0.0029203640298	0.00207904004833	-0.0182012708095	1.91137859762e-14	2.0238918161e-05	100.0
-2.79665560247e-05	5.16868435922e-06	-0.000145534605413	-0.00365965295469	0.000471318327863	-0.0184071614794	1.91137859762e-14	2.0238918161e-05	100.0
-6.17517013195e-05	2.91089875045e-05	-1.07019539617e-05	-0.00622611847926	0.00247797536742	-0.00103156005659	1.91136904253e-14	2.0238816985e-05	100.0
-5.42802292393e-05	2.67051218049e-05	-2.82838467807e-05	-0.00534229189878	0.00220719309706	-0.00270382413244	1.91136904253e-14	2.0238816985e-05	100.0
-3.12708262545e-05	-5.630938555e-06	-0.000113081479214	-0.00393486551974	-0.000981109580218	-0.0137791341835	1.91136904253e-14	2.0238816985e-05	100.0
-1.72694435757e-05	-4.80321854661e-06	-0.000147077946591	-0.00229876087811	-0.00084833931314	-0.0186215113822	1.91136904253e-14	2.0238816985e-05	100.0
-0.000183040202209	0.000114644027871	0.000150711992708	-0.0242012348804	0.0149683827062	0.0198078844039	1.91131875261e-14	2.0238284483e-05	100.0
7.49950417844e-05	-7.21192391477e-05	1.21950100103e-05	0.00866292134698	-0.00886566360645	0.00142353816717	1.91131875261e-14	2.0238284483e-05	100.0
-0.000170817820751	9.20334449052e-05	3.48499227162e-06	-0.0222629802133	0.0117537682234	0.000435620784184	1.91130869462e-14	2.0238177982e-05	100.0
5.43180543879e-05	-5.2241481179e-05	0.000131582907931	0.00674751880275	-0.00686836937032	0.0166971712211	1.91130869462e-14	2.0238177982e-05	100.0
-0.000111054752178	7.80685536188e-05	-9.32337894165e-05	-0.0142925493314	0.00982598515676	-0.0119663867439	1.91130869462e-14	2.0238177982e-05	100.0
0.000227904994834	-0.000169533226678	0.000141192420702	0.0300480581548	-0.022658475303	0.0186983714659	1.91130869462e-14	2.0238177982e-05	100.0
0.000111678600363	-7.80145991075e-05	-7.61504492056e-05	0.014083296068	-0.0101909041954	-0.00966244278628	1.91130869462e-14	2.0238177982e-05	100.0
3.53471532506e-05	-5.49198323269e-05	-0.00017233832252	0.0044046396699	-0.00733929495855	-0.0222697044176	1.91130869462e-14	2.0238177982e-05	100.0
3.45443667274e-05	-3.8650135793e-05	-4.72555045966e-05	0.00325992404038	-0.00434375919522	-0.00449001948297	1.91130869462e-14	2.0238177982e-05	100.0
7.23423128976e-05	-7.45523597416e-05	0.000104653425358	0.00899866591842	-0.00971837527053	0.0131996015999	1.91127852067e-14	2.0237858481e-05	100.0
0.000232971422594	-0.000189430933565	0.000142108609799	0.0307693259518	-0.025327469852	0.0187980321479	1.91127852067e-14	2.0237858481e-05	100.0
-2.63690165565e-05	-1.03940467877e-06	-6.3139571661e-05	-0.0026629755062	-0.000557767935213	-0.00613875221462	1.91127852067e-14	2.0237858481e-05	100.0
-2.37043483681e-05	1.17738888258e-05	-0.000139854374578	-0.00307743186977	0.00129035956528	-0.0176195306151	1.9112589076e-14	2.0237650805e-05	100.0
-1.98254817687e-05	9.96821953429e-06	-0.000180670560908	-0.00267329550449	0.00112540711695	-0.0233376624561	1.9112589076e-14	2.0237650805e-05	100.0
3.33424510473e-05	-5.49409981234e-05	6.76129446808e-05	0.00357974995233	-0.00670980510557	0.00761132091859	1.91124834672e-14	2.023753898e-05	100.0
-0.000172898145715	8.23347493876e-05	8.14179158033e-05	-0.0226297784204	0.0105420557743	0.0105994906352	1.91124834672e-14	2.023753898e-05	100.0
0.000124436003219	-8.82206308836e-05	0.000217033799045	0.016337848655	-0.0118527947815	0.0285548592446	1.91124834672e-14	2.023753898e-05	100.0
0.000129142866437	-0.000106571384923	4.38923482445e-05	0.0164403019186	-0.0139720239314	0.00563341507494	1.91124834672e-14	2.023753898e-05	100.0
0.00012876789013	-0.000115910304544	3.70759751455e-05	0.0164327967512	-0.015195662266	0.0047729764141	1.91124834672e-14	2.023753898e-05	100.0
6.14593340913e-05	-6.20347890901e-05	-6.60283727862e-05	0.00719329994259	-0.00778989086726	-0.00782696589138	1.91124834672e-14	2.023753898e-05	100.0
6.02410872811e-05	-5.74781540056e-05	-7.86812056477e-05	0.00716169830071	-0.00730230010769	-0.0094518593937	1.91124834672e-14	2.023753898e-05	100.0
-9.01323106466e-07	-2.53409030494e-05	6.63712838768e-05	-0.000404319708047	-0.00287945610476	0.00655917232483	1.91122923655e-14	2.0237336629e-05	100.0
-8.52000714272e-05	5.05177206536e-05	0.000182605138283	-0.0111851710807	0.00642236488327	0.0237954548999	1.91122923655e-14	2.0237336629e-05	100.0
-4.40695016296e-05	1.67824534731e-05	5.37931144477e-05	-0.00456408252486	0.00135626299545	0.00540927932097	1.91122923655e-14	2.0237336629e-05	100.0
-3.45220261942e-05	3.23138802216e-05	-0.000132729396589	-0.00439761531546	0.00388764297228	-0.0167263997763	1.91122923655e-14	2.0237336629e-05	100.0
3.79649490419e-05	-2.06761585972e-05	-0.000145789138034	0.00471321786282	-0.00281767531641	-0.0185113663997	1.91122923655e-14	2.0237336629e-05	100.0
2.51357954716e-05	-2.39945284883e-05	-0.000178578821309	0.00317895504722	-0.00333805378732	-0.0230628800229	1.91121867567e-14	2.0237224803e-05	100.0
-8.15269931847e-05	4.30482624236e-05	-0.000151002756264	-0.0106121670476	0.0053862325514	-0.0194350751075	1.9111995655e-14	2.0237022452e-05	100.0
2.61934745085e-06	-8.13493452618e-07	-0.000179565547072	0.000260323549743	-0.000273756507184	-0.0231665152021	1.9111995655e-14	2.0237022452e-05	100.0
-4.32158833114e-05	1.07827622569e-06	6.93211487401e-05	-0.00482576104594	-0.000325276980709	0.00747992952873	1.91118850171e-14	2.0236905302e-05	100.0
-9.72107861693e-05	3.24590620848e-05	8.99135541907e-05	-0.0122547395521	0.00377313613532	0.0112855471769	1.91118850171e-14	2.0236905302e-05	100.0
6.91468927438e-05	-7.22400632137e-05	-1.23819924464e-06	0.0078006283355	-0.00879692306619	-0.000150406855297	1.91118850171e-14	2.0236905302e-05	100.0
-9.43079749396e-05	5.18742887114e-05	-0.000173409235657	-0.0123532640741	0.00657838399255	-0.0225722538783	1.91118850171e-14	2.0236905302e-05	100.0
0.00017741393364	-0.000133826512251	-8.06838681829e-05	0.0231296111591	-0.0177853626507	-0.0105733986851	1.91118850171e-14	2.0236905302e-05	100.0
4.5950038206e-05	-5.31139297633e-05	-0.000274139175739	0.00597921720354	-0.00722485590341	-0.0361660755186	1.91118850171e-14	2.0236905302e-05	100.0
-0.000142621895787	4.89371346433e-05	5.38979115403e-05	-0.0183081073071	0.00598790087922	0.0069016508059	1.91115883066e-14	2.0236591125e-05	100.0
-9.99115333665e-05	8.08373843519e-05	-9.4278847767e-05	-0.012850887518	0.0101780711715	-0.0120106860573	1.91115883066e-14	2.0236591125e-05	100.0
-3.39216643235e-05	2.86831613012e-05	0.000135593492903	-0.0044602704342	0.00351817914586	0.0170478759387	1.91114022339e-14	2.02363941e-05	100.0
5.38313652789e-05	-5.15590699267e-05	5.5785450491e-05	0.00600046736193	-0.00622568171069	0.00626837829909	1.91114022339e-14	2.02363941e-05	100.0
9.7276657655e-05	-5.58608543758e-05	0.000160730010297	0.0125232545264	-0.00743049379767	0.0208818888292	1.91114022339e-14	2.02363941e-05	100.0
-8.57514336132e-05	4.47643063632e-05	0.000140728370193	-0.0110816990091	0.00556988446814	0.0180813566411	1.91114022339e-14	2.02363941e-05	100.0
0.000220904120074	-0.000150106624105	-2.91847658959e-05	0.0289896372536	-0.019988335069	-0.00385570748045	1.91114022339e-14	2.02363941e-05	100.0
-0.000124465276009	6.26933310703e-05	0.000111385700285	-0.016126766363	0.00789731051561	0.0143644865285	1.91114022339e-14	2.02363941e-05	100.0
0.000127815595359	-7.11313242977e-05	-0.000235871293167	0.0167819752097	-0.0095703625929	-0.0311087316288	1.91114022339e-14	2.02363941e-05	100.0
-0.000236123542713	0.000126466744657	-6.51629677721e-05	-0.0312252333391	0.0165133675642	-0.0085611749636	1.91114022339e-14	2.02363941e-05	100.0
4.59655863384e-05	-1.62404414737e-05	-0.0002152772007	0.00595193368926	-0.00229844058314	-0.0281689231541	1.91114022339e-14	2.02363941e-05	100.0
-7.5055356961e-05	2.60777560392e-05	9.89362891045e-06	-0.00820585410385	0.00240044272156	0.00101105186145	1.91112915961e-14	2.0236276949e-05	100.0
8.28630223879e-05	-8.33500543935e-05	0.000167352836955	0.0107224197534	-0.0111339585855	0.0217229423498	1.91112915961e-14	2.0236276949e-05	100.0
-6.78532606347e-05	2.59957522677e-05	7.41587269531e-05	-0.00818763128937	0.00283141572229	0.00873368814527	1.91112915961e-14	2.0236276949e-05	100.0
-6.79405302525e-05	1.89096611821e-05	-0.000112184943372	-0.00854680081311	0.00207900815955	-0.0139919746412	1.91112915961e-14	2.0236276949e-05	100.0
0.000213839873571	-0.00014414914796	5.58925343721e-05	0.0280330445057	-0.019186748911	0.00739387240884	1.91112915961e-14	2.0236276949e-05	100.0
1.53193848327e-05	-3.67924528688e-05	6.12659966129e-05	0.00138899886999	-0.00427027668539	0.00605674939385	1.91109999145e-14	2.0235968098e-05	100.0
-9.7902082105e-05	2.29157740786e-05	9.48587681469e-05	-0.0124250241929	0.00259007615232	0.0118445631313	1.91109999145e-14	2.0235968098e-05	100.0
-5.29464925633e-05	2.81237467085e-06	-0.00015197233818	-0.00686257197668	8.95680735904e-05	-0.0194081360123	1.91109999145e-14	2.0235968098e-05	100.0
0.000188707456295	-0.000121363986399	-2.53852659756e-05	0.0245742580584	-0.0160990808312	-0.00328268279325	1.91109999145e-14	2.0235968098e-05	100.0
3.4600135441e-05	-2.0023480891e-05	-0.000151334950037	0.0043885556064	-0.00278040479738	-0.0192798556154	1.91109999145e-14	2.0235968098e-05	100.0
-5.72735839515e-05	5.6530332279e-05	0.000180722001754	-0.00749550492647	0.00719442812768	0.0234750520163	1.91108138418e-14	2.0235771072e-05	100.0
0.000102804157051	-9.23120872602e-05	6.24150418172e-05	0.0129187750762	-0.0120008043483	0.00784999347333	1.91108138418e-14	2.0235771072e-05	100.0
0.000104538980915	-9.9771588654e-05	6.82520309027e-05	0.0131697178248	-0.0130108617837	0.00870736525507	1.91108138418e-14	2.0235771072e-05	100.0
-0.000210161838112	0.000121947443882	0.00015005918619	-0.0277977735016	0.0159388183852	0.0198160347789	1.91108138418e-14	2.0235771072e-05	100.0
0.000140406193188	-0.000105631291749	-5.25144464145e-05	0.0180260718611	-0.013892397758	-0.00675681453147	1.91108138418e-14	2.0235771072e-05	100.0
-6.56272820459e-05	2.33328899219e-05	-0.000195221016572	-0.00863154199006	0.00285353912194	-0.0254341945516	1.91108138418e-14	2.0235771072e-05	100.0
9.98769465373e-06	-1.41087781619e-05	-0.000190717280009	0.00119839429275	-0.00200591020466	-0.0247125508438	1.91108138418e-14	2.0235771072e-05	100.0
