# x[AU] y[AU] z[AU] vx[AU/yr/2pi] vy[AU/yr/2pi] vz[AU/yr/2pi] m[MSUN] m[mtot] wf[%]
4.96647788485e-08	1.98267965547e-07	2.57703306494e-08	-2.98329782687e-06	3.74546961346e-05	1.50054718441e-05	9.4286125329e-10	0.997058945899	12.7830255622
-2.3535955583e-06	-3.30588899224e-05	6.60501501429e-05	-0.000399090456896	-0.00395142114516	0.006654273587	2.01633366357e-14	2.132236859e-05	100.0
7.2285776859e-06	-5.62864485651e-05	0.000111625802559	0.000724131081864	-0.00734351288595	0.0137770217833	2.01602639215e-14	2.131911925e-05	100.0
1.37253118236e-05	-4.94582621442e-05	0.000119503149713	0.00158597026495	-0.00651856532517	0.0148621819414	2.0159962182e-14	2.1318800166e-05	100.0
3.95130958665e-05	-6.66803531937e-05	-6.48509629309e-05	0.00444085758851	-0.00827513698188	-0.00751717216591	2.0159962182e-14	2.1318800166e-05	100.0
-6.20974251928e-06	-1.84401994607e-05	-8.07455957994e-05	-0.000725510238812	-0.00251036343051	-0.00882622160263	2.01587552239e-14	2.1317523829e-05	100.0
-6.64577449303e-05	1.47490997577e-05	8.2235989379e-05	-0.00811224299812	0.00151497574785	0.00981305723651	2.01583126726e-14	2.1317055839e-05	100.0
-9.27776383785e-05	2.72100164986e-05	7.03028614431e-05	-0.0115462693293	0.00310120417924	0.0085980033815	2.01583126726e-14	2.1317055839e-05	100.0
-5.73030794141e-05	1.74860722439e-05	6.96155271413e-05	-0.00671425406603	0.00171184438762	0.00794648650065	2.01583126726e-14	2.1317055839e-05	100.0
3.74561167394e-05	-8.57394614775e-05	8.24491012692e-05	0.00441707888991	-0.0109991714276	0.0100899049865	2.01581618028e-14	2.1316896297e-05	100.0
3.65164448213e-05	-5.84915761598e-05	5.93956693643e-06	0.00315871114566	-0.00618012834385	0.000433082529764	2.01581618028e-14	2.1316896297e-05	100.0
5.01913181208e-05	-9.20168449764e-05	9.56154167975e-05	0.00614291065877	-0.0119752807093	0.0120159419357	2.01578650923e-14	2.1316582531e-05	100.0
2.48499177943e-05	-5.02782247234e-05	2.79206389654e-05	0.00178769718429	-0.00502785844284	0.00236568899462	2.01578650923e-14	2.1316582531e-05	100.0
0.000130700108227	-0.00011602159052	0.000120515171771	0.0170357229998	-0.0154471593598	0.0157644321581	2.01576387876e-14	2.1316343218e-05	100.0
3.7380073155e-05	-0.000111528290208	0.00018652587098	0.00477274581345	-0.0149445763351	0.0244520363258	2.01575683817e-14	2.1316268765e-05	100.0
-9.01059169955e-05	1.75673790349e-05	0.000158498196606	-0.011818959453	0.00205802232048	0.0205923113469	2.01575683817e-14	2.1316268765e-05	100.0
5.09299386392e-05	-7.1241063246e-05	1.11103292328e-05	0.00537666620808	-0.00840164825444	0.00116766065074	2.01575683817e-14	2.1316268765e-05	100.0
5.9207956234e-05	-9.08652707114e-05	-6.5560023864e-05	0.00713266701585	-0.011651078035	-0.00802455945851	2.01575683817e-14	2.1316268765e-05	100.0
5.15582234667e-05	-8.21835538198e-05	-7.70972513448e-05	0.00619899695624	-0.0105417913153	-0.00940331238752	2.01575683817e-14	2.1316268765e-05	100.0
5.84638737903e-06	-2.83682111887e-05	-8.62424142578e-05	0.000556841045526	-0.00362954517637	-0.00976419904717	2.01572716712e-14	2.1315954998e-05	100.0
3.24312986849e-05	-5.52628252796e-05	3.03311509279e-06	0.00245963163736	-0.00558321702225	0.000292442720705	2.01569749606e-14	2.1315641232e-05	100.0
-2.21378386283e-05	5.57818016717e-06	-0.000108651444435	-0.00274504516999	0.00040132648146	-0.0131768188656	2.01569749606e-14	2.1315641232e-05	100.0
0.000100183951315	-0.000110625090033	-4.44015386891e-05	0.0125971435908	-0.0144514477758	-0.00564964152275	2.01569749606e-14	2.1315641232e-05	100.0
2.79497380132e-05	-3.48443791092e-05	-9.17808687968e-05	0.00324328863158	-0.00447084433358	-0.0108011251512	2.01569749606e-14	2.1315641232e-05	100.0
7.80160217214e-05	-0.000101766741196	0.000141449120927	0.0100265252849	-0.013505328991	0.0183991232243	2.01566329892e-14	2.1315279604e-05	100.0
7.54296485585e-05	-8.69318503275e-05	6.99473680811e-05	0.00928259029296	-0.0111928334136	0.00873725881299	2.01566329892e-14	2.1315279604e-05	100.0
5.51881658112e-05	-6.6386914614e-05	8.40010915343e-06	0.00586016527328	-0.00777485989685	0.000893455382341	2.01566329892e-14	2.1315279604e-05	100.0
9.07216547301e-05	-9.10654722908e-05	-5.09367068993e-05	0.0112734468455	-0.011767490984	-0.00636534791654	2.01566329892e-14	2.1315279604e-05	100.0
1.65629496363e-05	-9.72503583636e-05	0.000154470522775	0.00197987597318	-0.012956456681	0.0199784554667	2.01563865686e-14	2.1315019018e-05	100.0
-8.66217863688e-05	2.5517295693e-05	0.000140490286958	-0.0112457101556	0.00305853596739	0.0181098038835	2.01563865686e-14	2.1315019018e-05	100.0
4.67601984084e-05	-5.68703416398e-05	1.56327221822e-05	0.00457873195054	-0.00628707672841	0.00149646114293	2.01562960467e-14	2.1314923293e-05	100.0
2.06759278239e-05	-4.4098582599e-05	-5.25393448438e-05	0.0018272122715	-0.00490182212944	-0.0051506778882	2.01562960467e-14	2.1314923293e-05	100.0
-7.69488067787e-05	4.9560859039e-05	-0.000105167753534	-0.00976021478698	0.00607777894828	-0.0133191572563	2.01562960467e-14	2.1314923293e-05	100.0
-5.13179283059e-05	9.26545694611e-06	7.71897089509e-05	-0.00604033475241	0.000716681099409	0.00886406640125	2.0156094887e-14	2.131471057e-05	100.0
-5.03687245216e-05	5.28684920627e-06	-0.000143270100829	-0.00651754479751	0.000414875956644	-0.0182839927946	2.0156094887e-14	2.131471057e-05	100.0
7.16256532587e-05	-8.50419641033e-05	-1.63171166386e-05	0.00841447707467	-0.0106495162706	-0.0019510067986	2.0156094887e-14	2.131471057e-05	100.0
-6.36780855304e-05	4.62216350577e-05	-9.8090517648e-05	-0.00796739836033	0.00558923391899	-0.012187674576	2.01559641332e-14	2.13145723e-05	100.0
3.92480691712e-05	-6.39439721424e-05	-3.31451294139e-05	0.00394046512359	-0.00740959105809	-0.00342539364816	2.01558032055e-14	2.1314402122e-05	100.0
9.97113090661e-05	-9.04973844992e-05	-0.000155311042652	0.01297433372	-0.0121150617639	-0.0202601005005	2.01558032055e-14	2.1314402122e-05	100.0
-9.29767526096e-05	3.32787119476e-05	0.000165690230329	-0.0122051465287	0.00415701787224	0.0215971642498	2.01556271908e-14	2.131421599e-05	100.0
-2.85260377393e-05	-6.0601128401e-06	8.76723830134e-05	-0.00337992862892	-0.00103397743149	0.0100296189465	2.01556271908e-14	2.131421599e-05	100.0
-7.99571887314e-05	2.86671535594e-05	4.4027192283e-05	-0.00940699887616	0.00304145404202	0.00509697798076	4.03094087414e-14	4.2626480248e-05	100.0
-4.7596600386e-05	2.14960490597e-05	-4.97034806546e-05	-0.00499149884428	0.00193936704802	-0.0050131579473	2.01556271908e-14	2.131421599e-05	100.0
-6.57375477163e-05	2.20156402079e-05	0.000111436574184	-0.0082826342519	0.00247985827802	0.0139708567312	2.01552198424e-14	2.1313785226e-05	100.0
7.92681922778e-05	-9.15131443445e-05	-1.74004590702e-05	0.00951845902324	-0.0116096560313	-0.00217934883118	2.01552198424e-14	2.1313785226e-05	100.0
-2.05313909438e-05	-3.12559208505e-05	-0.000129253148982	-0.00264572936216	-0.00428103583774	-0.0161887522925	2.01552198424e-14	2.1313785226e-05	100.0
-2.07122026504e-05	-3.41113169467e-05	-0.000105299123753	-0.00264551065212	-0.00453089164632	-0.0127092624045	2.01546415083e-14	2.1313173648e-05	100.0
7.7366040859e-05	-8.92924844351e-05	-2.52566000266e-05	0.00929309754496	-0.0113417606263	-0.00298496458625	2.01546415083e-14	2.1313173648e-05	100.0
2.24447068169e-05	-4.84060618057e-05	-0.000164535768837	0.00277594840891	-0.00650450762242	-0.0212481469677	2.01546415083e-14	2.1313173648e-05	100.0
-8.45056976469e-06	-5.76299688048e-06	6.60588312752e-05	-0.000929753160137	-0.000891584937915	0.00632962806234	2.01542995368e-14	2.1312812019e-05	100.0
-6.91915288137e-05	2.18164031134e-05	5.86942470338e-05	-0.00811162824111	0.00226022655389	0.00668700761127	2.01542995368e-14	2.1312812019e-05	100.0
5.86186034953e-05	-6.48493999775e-05	-6.66157534026e-06	0.00629961740862	-0.00761875819774	-0.000766449074017	2.01542995368e-14	2.1312812019e-05	100.0
-5.85281077313e-05	1.59559198392e-05	3.68869759388e-05	-0.00602498728727	0.00125678721609	0.00366305693495	2.01542995368e-14	2.1312812019e-05	100.0
0.000194002020765	-0.000163928418695	-9.23649735611e-05	0.0255781755354	-0.0219344959485	-0.0122525075153	2.01542995368e-14	2.1312812019e-05	100.0
3.76563179017e-06	-3.47360641123e-05	-8.06271155703e-05	0.000256093272905	-0.00433087413087	-0.00896757580506	2.01540682032e-14	2.1312567388e-05	100.0
6.2912554631e-05	-8.08409378985e-05	-2.66796445386e-06	0.00712128015874	-0.00992981270106	-0.000400837748481	2.01537815506e-14	2.1312264258e-05	100.0
5.33337383137e-05	-9.35000986949e-05	0.000163412421932	0.0068282348236	-0.0124672046408	0.0212845643121	2.01536407389e-14	2.1312115352e-05	100.0
0.000115560709448	-0.000108525604736	8.21414255263e-05	0.0148196637725	-0.0143043716884	0.0106508247976	2.01536407389e-14	2.1312115352e-05	100.0
0.000174003394334	-0.000128118475793	-0.000175527156363	0.0229748800275	-0.0171880389164	-0.023236028012	2.01536407389e-14	2.1312115352e-05	100.0
-0.000150114163363	6.37503265894e-05	4.1957440306e-05	-0.0194436598876	0.00801044579903	0.00546195143669	2.01534948981e-14	2.1311961128e-05	100.0
-0.000187351216243	7.40926529778e-05	-4.23365149628e-05	-0.024609499052	0.00949101673398	-0.00555451079963	2.01534948981e-14	2.1311961128e-05	100.0
7.31569506089e-05	-8.31902380346e-05	5.77615941374e-05	0.00886552020354	-0.010642304675	0.0070768233301	2.01534948981e-14	2.1311961128e-05	100.0
-7.08841775981e-05	3.35694415656e-05	1.24725206614e-05	-0.00774132102306	0.00333554898766	0.00138291667151	2.01534948981e-14	2.1311961128e-05	100.0
2.73533094118e-05	-5.21661514865e-05	2.02763297747e-05	0.00195185597697	-0.00519092050732	0.00163052060781	2.01534948981e-14	2.1311961128e-05	100.0
-5.57477769181e-05	1.17244731479e-06	-0.000166106428599	-0.00726116162709	-0.000118469917671	-0.0215078094745	2.01534948981e-14	2.1311961128e-05	100.0
-0.00013557848049	8.18823706961e-05	1.41743734264e-05	-0.0174526285975	0.0103449839127	0.00184353283462	2.01533138544e-14	2.1311769678e-05	100.0
8.78829644666e-05	-0.000109085245235	0.000146557254508	0.0113757643182	-0.014550558123	0.019087149284	2.01532082455e-14	2.1311657998e-05	100.0
-5.75181673465e-05	1.40431841715e-05	6.72154240361e-05	-0.006651538524	0.00127078614861	0.00763263372011	2.01532082455e-14	2.1311657998e-05	100.0
0.00014231726724	-0.000124060469726	2.46177891896e-05	0.0183826372772	-0.0163975350717	0.00317197434788	2.01532082455e-14	2.1311657998e-05	100.0
-7.36618173938e-05	2.90165308416e-05	0.000161605560118	-0.00964226195621	0.00358349633728	0.0209529215865	2.01529819409e-14	2.1311418685e-05	100.0
4.68252264603e-05	-8.61511812547e-05	0.000153894034248	0.00592013526814	-0.0114504653537	0.0199691256118	2.01529819409e-14	2.1311418685e-05	100.0
0.000163134887755	-0.000112706990274	3.12021856705e-05	0.0212171922051	-0.014937461671	0.00402467600674	2.01529819409e-14	2.1311418685e-05	100.0
-0.000169376099629	7.14732196385e-05	4.08238851337e-05	-0.0221325251786	0.0091100627669	0.00528626168328	2.01529819409e-14	2.1311418685e-05	100.0
4.81254569227e-05	-4.67385699662e-05	0.000207702967179	0.00624143006967	-0.00634993469974	0.0272456903247	2.0152926622e-14	2.1311360187e-05	100.0
4.19527971851e-05	-7.96367096821e-05	7.83600214104e-05	0.00490361813329	-0.0101343624295	0.00957072505609	2.01526399694e-14	2.1311057057e-05	100.0
6.68450748811e-05	-6.8850935764e-05	-4.12102779228e-05	0.00773013646156	-0.00855686286302	-0.0048161563962	2.01523583459e-14	2.1310759245e-05	100.0
1.84272631375e-05	-8.60684024896e-05	-0.000185104632235	0.00224892784721	-0.0115382464405	-0.0241755031098	2.01523583459e-14	2.1310759245e-05	100.0
-2.32065761669e-05	-2.50568274372e-05	7.12335146626e-05	-0.00279598542711	-0.00304804144327	0.00748884280894	2.01523281719e-14	2.1310727336e-05	100.0
-8.17455040956e-05	3.94667325048e-05	5.21636366593e-05	-0.00987209141436	0.00451651076278	0.00614465439924	2.01523281719e-14	2.1310727336e-05	100.0
0.000116533282048	-0.000100671376889	-2.60745924193e-05	0.0147519218478	-0.0131173402649	-0.00332572923654	2.01523281719e-14	2.1310727336e-05	100.0
5.55199263327e-05	-4.62322614716e-05	-9.51710369832e-05	0.0067391832593	-0.00593815077624	-0.0116437218835	2.01523281719e-14	2.1310727336e-05	100.0
7.21590607372e-07	-3.30038862632e-05	7.22679896473e-05	-2.59724246752e-05	-0.00409199208481	0.00760878777787	2.01517950987e-14	2.1310163621e-05	100.0
-6.0244122956e-06	-1.8946010771e-05	0.000101562771321	-0.000803135106867	-0.00260013775584	0.0120369237457	2.01517950987e-14	2.1310163621e-05	100.0
0.000136721926337	-0.000152866942999	0.000144304249064	0.0179255491185	-0.0204571090583	0.0190075363991	2.01517950987e-14	2.1310163621e-05	100.0
-6.25397952365e-05	2.085216794e-05	1.93158825763e-05	-0.00630095013536	0.00169741272845	0.00184951592996	2.01517950987e-14	2.1310163621e-05	100.0
0.000108453918883	-0.000118603077891	9.31923484122e-05	0.0139184242687	-0.0156806195554	0.0120902072564	2.01517950987e-14	2.1310163621e-05	100.0
0.000130768934046	-0.000125006484654	-0.000148162195994	0.0170773298438	-0.0166899238924	-0.0195089417639	2.01517950987e-14	2.1310163621e-05	100.0
0.000106096529147	-0.000123501156999	-0.000175836380558	0.0138647585962	-0.0165218434847	-0.023151119226	2.01517950987e-14	2.1310163621e-05	100.0
-6.95584455334e-05	4.17532005441e-05	-1.93847078707e-05	-0.00776810294642	0.00440774486617	-0.00203572250575	2.01516744029e-14	2.1310035987e-05	100.0
-3.89795271357e-05	2.86613187289e-05	-5.65256840952e-05	-0.00416941658881	0.00281308663835	-0.00582010584877	2.01516744029e-14	2.1310035987e-05	100.0
-7.93573828454e-05	2.14627284017e-05	2.02980576915e-05	-0.00892715199631	0.00198339539366	0.00221606745509	2.01512318516e-14	2.1309567997e-05	100.0
7.47254539566e-05	-8.39407808162e-05	0.00013941001691	0.00958775210275	-0.011178755225	0.0179960874157	2.01512318516e-14	2.1309567997e-05	100.0
-0.000161200738073	7.21163183441e-05	0.000105820098701	-0.0212009007698	0.00925924015735	0.0138013586809	2.01512318516e-14	2.1309567997e-05	100.0
-0.00022676013642	7.20929309724e-05	4.84450774118e-05	-0.0299948597667	0.00928901297814	0.0064007825294	2.01512318516e-14	2.1309567997e-05	100.0
8.12354834874e-05	-0.000104620892147	0.000101215588117	0.0103036881397	-0.0137859086429	0.0129460462262	2.01512318516e-14	2.1309567997e-05	100.0
-0.000231862547586	0.000107897501792	9.41035177247e-05	-0.0307887885009	0.0141169622975	0.0124517062346	2.01512318516e-14	2.1309567997e-05	100.0
-9.54987782055e-05	5.35403792662e-05	-5.20997563082e-05	-0.0118839212484	0.00641926742322	-0.00638850142735	2.01512318516e-14	2.1309567997e-05	100.0
9.99972891726e-05	-9.97034689478e-05	3.91979151499e-05	0.0125085724467	-0.0129536316948	0.00491225273973	2.01512318516e-14	2.1309567997e-05	100.0
-0.000142923457366	6.74689014741e-05	-0.000190397040584	-0.0189469554074	0.00872193700464	-0.0251364317434	2.01512318516e-14	2.1309567997e-05	100.0
0.000125687540404	-0.000122889942183	1.8446038614e-05	0.0160904580069	-0.0161693552688	0.00238308572273	2.01512318516e-14	2.1309567997e-05	100.0
-3.83651282037e-05	1.88361600397e-06	0.00017426912551	-0.0050685333858	3.79345086716e-05	0.0225897078664	2.01510256629e-14	2.1309349956e-05	100.0
4.32784560763e-05	-6.91204558234e-05	-5.03157965991e-05	0.00474912975776	-0.0083566180139	-0.00574630786448	2.01510256629e-14	2.1309349956e-05	100.0
-6.88420677568e-05	1.55593994868e-05	7.50584117104e-05	-0.00830570635765	0.0014956758501	0.00888774076077	2.01509502281e-14	2.1309270185e-05	100.0
3.96603254167e-05	-5.42522036285e-05	0.00014494652965	0.00504535081859	-0.00727296014052	0.0185265575444	2.01509502281e-14	2.1309270185e-05	100.0
-7.99279484865e-05	4.36037394007e-06	0.000227101566059	-0.0106335176916	0.00036030586636	0.0299362710082	2.01509502281e-14	2.1309270185e-05	100.0
8.834931204e-05	-9.96554588327e-05	-3.06023470834e-05	0.0109093502534	-0.0128360974693	-0.00381418989319	2.01509502281e-14	2.1309270185e-05	100.0
9.32979597216e-05	-9.32318028642e-05	-3.3739544972e-05	0.0114895849569	-0.0120254443081	-0.00422664888217	2.01509502281e-14	2.1309270185e-05	100.0
-9.64472570598e-06	-1.91764462133e-05	-0.000173088738749	-0.00135866601489	-0.00269905612771	-0.0223753364561	2.01509502281e-14	2.1309270185e-05	100.0
-6.21779850935e-05	2.36231031061e-05	2.31200502976e-05	-0.0063473844969	0.00194647600497	0.00242689742586	2.01506736335e-14	2.1308977691e-05	100.0
-0.000112429163599	3.55676894805e-05	-0.000124064407462	-0.0145914429071	0.00435136923382	-0.0160356105691	2.01506736335e-14	2.1308977691e-05	100.0
0.000147958046491	-0.000163701814347	0.000257924905578	0.0196204511641	-0.0220340593485	0.0342984352281	2.01503920099e-14	2.130867988e-05	100.0
-7.22040386434e-05	5.0874117461e-07	9.86574386851e-05	-0.00908445522605	-0.00024307652337	0.0121510308011	2.01503920099e-14	2.130867988e-05	100.0
-7.75459561872e-05	9.90087302559e-06	-6.84795393348e-05	-0.00932525843431	0.000800398247242	-0.00815152475581	2.01503920099e-14	2.130867988e-05	100.0
4.85901102314e-05	-8.63367711891e-05	-5.82482011089e-05	0.00568827145349	-0.0109152277981	-0.00691526671924	2.01503920099e-14	2.130867988e-05	100.0
-0.000151412632854	7.88447992061e-05	-4.77588067983e-05	-0.019675973894	0.0100453034762	-0.00618331513721	2.0150376923e-14	2.1308663925e-05	100.0
1.75912081929e-06	-3.55156989464e-05	5.86338398371e-05	-1.68464929501e-06	-0.00406445174771	0.00552492377199	2.01501154154e-14	2.1308387386e-05	100.0
-2.96194564025e-05	-8.75961715343e-06	7.18671033798e-05	-0.00329722212658	-0.00138382473955	0.00760212436274	2.01501154154e-14	2.1308387386e-05	100.0
-8.5468813501e-05	2.54586568644e-05	8.55619237567e-05	-0.0106852743432	0.0028596206168	0.0105711011967	2.01501154154e-14	2.1308387386e-05	100.0
-1.00014984879e-05	-2.50172357346e-05	0.000146769373603	-0.00137863813269	-0.00347452624953	0.018646849448	2.01501154154e-14	2.1308387386e-05	100.0
-4.01309608653e-05	-9.62244354391e-06	0.000185670310761	-0.00531524462004	-0.00149724660896	0.0241542941572	2.01501154154e-14	2.1308387386e-05	100.0
-0.000186018665772	6.09183948458e-05	-3.75730333861e-05	-0.0243725619015	0.00772447965239	-0.00494020198083	2.01501154154e-14	2.1308387386e-05	100.0
2.90905076378e-05	-7.51571651481e-05	7.17853497229e-05	0.00333014648377	-0.00945207163866	0.00843692013307	2.01501154154e-14	2.1308387386e-05	100.0
-0.000190923664377	7.06404396436e-05	-6.77110516988e-05	-0.0251354777755	0.00905493994788	-0.00886319390622	2.01501154154e-14	2.1308387386e-05	100.0
-1.55588046408e-05	-7.55680684164e-06	-6.42061491093e-05	-0.00152137456124	-0.00127479143773	-0.00613489241917	2.01501154154e-14	2.1308387386e-05	100.0
3.79937585235e-05	-5.19275068358e-05	2.77513989242e-06	0.00302532192501	-0.00531750214144	0.000316165487058	2.01501154154e-14	2.1308387386e-05	100.0
-6.02829824262e-05	3.66857954583e-05	-0.000202195586224	-0.00797472771211	0.00464402348717	-0.0265199644408	2.01501154154e-14	2.1308387386e-05	100.0
0.000108167951832	-0.000115759622166	-1.14785733344e-05	0.0136435860446	-0.0151156181081	-0.00145280160593	2.01501154154e-14	2.1308387386e-05	100.0
-7.47588166374e-06	-1.0659499945e-05	-0.000230285407057	-0.00103687066713	-0.00160486090776	-0.0303088761305	2.01501154154e-14	2.1308387386e-05	100.0
9.7982607342e-05	-0.000108586448918	-6.60374608708e-05	0.012403401955	-0.0142187693281	-0.00842576478912	2.01501154154e-14	2.1308387386e-05	100.0
4.05810279558e-05	-6.52041193679e-05	-4.70997286407e-05	0.00436768693566	-0.00782897132477	-0.00517556327882	2.01501154154e-14	2.1308387386e-05	100.0
-3.77599489382e-05	-1.86025143679e-05	-0.000159288347378	-0.00494664573036	-0.00266132576602	-0.0204723552448	2.01501154154e-14	2.1308387386e-05	100.0
0.000194814668522	-0.000144607847463	-8.30783574649e-05	0.0256301857607	-0.0193342352953	-0.0109366946368	2.01501154154e-14	2.1308387386e-05	100.0
6.18344308139e-05	-7.61048005946e-05	-0.000165032522445	0.00795641757098	-0.0101743093383	-0.0214799367996	2.01501154154e-14	2.1308387386e-05	100.0
-5.55282971986e-05	1.04146968303e-05	4.68305785084e-05	-0.0058919818087	0.000760843920717	0.00468646028657	2.0149733212e-14	2.1307983212e-05	100.0
9.53012917449e-06	-4.71277655458e-05	0.00020797961008	0.00118108695895	-0.00642451233301	0.0272560957633	2.0149733212e-14	2.1307983212e-05	100.0
0.000147725476349	-0.000100516964464	3.08617819866e-06	0.0190236158611	-0.013225496608	0.000403233071989	2.0149733212e-14	2.1307983212e-05	100.0
-9.61916191365e-05	4.23261585788e-05	4.86834727762e-05	-0.0118347933015	0.00495751688684	0.00592778944513	2.0149733212e-14	2.1307983212e-05	100.0
0.000151341381191	-0.000116188830828	-7.22252518866e-05	0.0196767866946	-0.0154144979247	-0.00941372557041	2.0149733212e-14	2.1307983212e-05	100.0
