# x[AU] y[AU] z[AU] vx[AU/yr/2pi] vy[AU/yr/2pi] vz[AU/yr/2pi] m[MSUN] m[mtot] wf[%]
1.4108192278e-08	7.41685232935e-08	1.39948222123e-07	3.52957168508e-06	9.78230026333e-06	3.79783407473e-05	9.3813411098e-10	0.997362265246	14.7745903289
-2.80494402238e-05	-8.51177615926e-06	0.000122331056842	-0.00350742502812	-0.00115462396381	0.0152596599373	2.06858992089e-14	2.1991882666e-05	100.0
-3.29745441484e-05	-9.37755376889e-07	9.51653926382e-05	-0.00392360721219	-0.000192994880233	0.011285135008	2.06858992089e-14	2.1991882666e-05	100.0
-6.11135089659e-05	2.7907090332e-06	0.000128872350641	-0.00779988386663	0.000282414880344	0.0163771291016	2.06830729154e-14	2.1988877937e-05	100.0
5.14242042885e-05	-5.22070722628e-05	-1.96957847837e-05	0.00528940721177	-0.00563050816835	-0.00206709851098	2.06830729154e-14	2.1988877937e-05	100.0
5.37822654263e-05	-6.43231000313e-05	-0.00012525780023	0.00684052232198	-0.00832540546529	-0.0160123755777	2.06827611178e-14	2.1988546454e-05	100.0
0.0001488699706	-0.000134010077952	-1.52648418705e-07	0.0194716297687	-0.0176616842436	-1.16218628424e-05	2.06821425518e-14	2.1987888836e-05	100.0
2.09589419042e-05	-3.40710348894e-05	0.000146461110131	0.0027067923337	-0.00444473632113	0.018752724731	2.06815290148e-14	2.1987236564e-05	100.0
-3.57628847106e-05	-2.19073224122e-05	0.000211760263397	-0.00473502316135	-0.00292164980101	0.0278939793229	2.06815290148e-14	2.1987236564e-05	100.0
6.40076970354e-05	-6.35166890688e-05	-1.68642649624e-05	0.00727136591963	-0.00741535610551	-0.0019657534322	2.06815290148e-14	2.1987236564e-05	100.0
6.72267617309e-05	-6.84256053318e-05	-1.91464467174e-05	0.00776365002234	-0.00816166106073	-0.00220544429596	2.06812222462e-14	2.1986910428e-05	100.0
2.5177907829e-05	-4.93601474924e-05	-0.000133189642384	0.00319708093342	-0.00637758519781	-0.0169409098511	2.06812222462e-14	2.1986910428e-05	100.0
-5.66252394366e-05	2.86889016803e-05	-0.000116150771215	-0.00709599773081	0.00358943132974	-0.0146325378997	2.06803019407e-14	2.1985932019e-05	100.0
0.00010221556731	-0.000116266682578	-0.000104759860837	0.0132918863598	-0.0152698239618	-0.0136993129142	2.06797386936e-14	2.1985333212e-05	100.0
-1.99346687239e-06	-8.0416197742e-05	0.000200225891016	-0.000324153327224	-0.0106919954038	0.0263492088974	2.06796934326e-14	2.1985285094e-05	100.0
-9.20843124607e-05	9.49689174353e-06	0.000237589312673	-0.0122426410813	0.00123490829635	0.0315160640252	2.06796934326e-14	2.1985285094e-05	100.0
6.56549153811e-05	-5.97154976692e-05	-0.000147233813449	0.00852102250805	-0.00781012519418	-0.0190755233269	2.06796934326e-14	2.1985285094e-05	100.0
0.000144889920716	-0.000109881287455	-1.55552333868e-05	0.0188743846817	-0.0143727059322	-0.00204193718241	2.06793816351e-14	2.1984953611e-05	100.0
-9.11651524195e-05	4.9046323656e-05	-4.14244206479e-06	-0.0108618602136	0.00589891139504	-0.000451613506747	2.06793816351e-14	2.1984953611e-05	100.0
-6.98854574004e-05	4.42353807948e-05	-2.53468094456e-05	-0.00778957633284	0.00504531427576	-0.00286734046537	2.06793816351e-14	2.1984953611e-05	100.0
-0.00012055700131	4.79284164624e-05	5.59848700367e-05	-0.015320480594	0.00605795519495	0.00707251561146	2.06790849246e-14	2.1984638168e-05	100.0
9.14790044e-06	-4.56344635947e-05	0.000156489654201	0.00113155197307	-0.00595581522858	0.0201961016588	2.06790849246e-14	2.1984638168e-05	100.0
6.3786584457e-05	-7.55823290939e-05	-0.000154400533048	0.00831895655962	-0.00994989352363	-0.0200864636855	2.06790849246e-14	2.1984638168e-05	100.0
-6.48315168319e-05	2.26997358359e-05	0.000185102849716	-0.00851694083723	0.0029904409956	0.0242770718066	2.06790296057e-14	2.1984579357e-05	100.0
-0.000166985109401	9.94470400507e-05	4.35681285837e-05	-0.0218726278638	0.0130994285241	0.00573178022844	2.06786775762e-14	2.1984205102e-05	100.0
-8.3540206973e-05	-8.02009541771e-06	0.000153883141206	-0.0108406208523	-0.00116059061981	0.0200074236351	2.06784814455e-14	2.1983996589e-05	100.0
-3.60021985714e-05	2.19948670934e-05	-8.81318816859e-05	-0.00420232021768	0.00256243388604	-0.0103610683633	2.06784814455e-14	2.1983996589e-05	100.0
0.000143601652627	-9.65045466386e-05	1.24041859554e-08	0.0186005806448	-0.0125671607335	4.96620988238e-05	2.06784814455e-14	2.1983996589e-05	100.0
-9.72572617305e-05	3.80286875654e-05	-7.49511123155e-05	-0.0121648281753	0.00471321469722	-0.00939421919009	2.06778779665e-14	2.198335501e-05	100.0
0.000120411064387	-0.000113345469629	4.21248577016e-05	0.0155692051654	-0.0147724229878	0.00539383699976	2.06778779665e-14	2.198335501e-05	100.0
5.16293846855e-05	-5.59413038297e-05	-5.99992754095e-05	0.00599032059198	-0.00668971397206	-0.0069341900304	2.06778779665e-14	2.198335501e-05	100.0
-9.1808188945e-05	3.46310445621e-05	-6.81094971628e-05	-0.0113570538765	0.00425343665528	-0.00838102206011	2.06772795164e-14	2.1982718777e-05	100.0
-4.84910313292e-07	-2.67198057225e-06	0.000138904392775	-4.99233728154e-05	-0.000326612126701	0.0176010970819	2.06772744874e-14	2.1982713431e-05	100.0
3.80029844917e-05	-3.02715619775e-05	-6.1330813127e-05	0.00408233833595	-0.00327917175267	-0.00654972118414	2.06772744874e-14	2.1982713431e-05	100.0
-5.01398316728e-06	-8.67369122988e-07	-9.51548345334e-05	-0.00058336075096	-9.73648081899e-05	-0.0110965889387	2.06772744874e-14	2.1982713431e-05	100.0
3.12084541381e-05	-3.01066651626e-05	-0.000228163285435	0.00419924176127	-0.00404660621352	-0.0301505207393	2.06769777769e-14	2.1982397988e-05	100.0
7.18887170498e-05	-6.37182394763e-05	-5.40930298569e-05	0.00868044397266	-0.0078429814348	-0.00646869157865	2.06769777769e-14	2.1982397988e-05	100.0
6.73005939984e-05	-9.80502818213e-05	-0.00010489826038	0.00861645122922	-0.0127480483005	-0.0134235288788	2.06769777769e-14	2.1982397988e-05	100.0
-0.000176115188577	1.13410539673e-05	0.000198885375352	-0.0234193056583	0.00143090062748	0.0264216896875	2.06766810663e-14	2.1982082545e-05	100.0
8.24682507396e-05	-8.39950747508e-05	0.000110143761425	0.0105951932278	-0.0109126315889	0.0141606920938	2.06766810663e-14	2.1982082545e-05	100.0
8.93741657046e-05	-7.71120213946e-05	7.33290322761e-05	0.0112773400266	-0.00983316164275	0.00926817339267	2.06766810663e-14	2.1982082545e-05	100.0
0.000150693735402	-0.000143939109034	-1.21947417471e-05	0.0197367985452	-0.0189983341856	-0.00162845554839	2.06766810663e-14	2.1982082545e-05	100.0
-3.09078959337e-05	-3.61858810374e-06	-9.50582332252e-05	-0.00368624502995	-0.000502467685094	-0.0112356351744	2.06766810663e-14	2.1982082545e-05	100.0
1.49082988886e-05	-2.46542448461e-05	9.74640822277e-05	0.00168969404295	-0.00296765818219	0.011585281307	2.06763843558e-14	2.1981767102e-05	100.0
1.85216543807e-05	-2.98832507139e-05	0.000121980752945	0.00222686292402	-0.00371309958071	0.015272046718	2.0676233486e-14	2.1981606707e-05	100.0
-5.93528512863e-05	3.71732876623e-05	3.26390404098e-05	-0.0062868284714	0.00403375499173	0.00341024764501	2.0676233486e-14	2.1981606707e-05	100.0
3.2747688868e-06	-3.02990880678e-05	-0.000155156112346	0.000407802101343	-0.0039428414067	-0.0199633856041	2.0676233486e-14	2.1981606707e-05	100.0
-9.25424875115e-05	4.05370856224e-05	3.83461157379e-05	-0.0111689904687	0.00486632996647	0.00462531750862	2.06760876453e-14	2.1981451659e-05	100.0
-0.000196304332666	7.99972601549e-05	9.74660616877e-05	-0.0259694053142	0.0105681439226	0.0128503509182	2.06760876453e-14	2.1981451659e-05	100.0
4.67424487934e-05	-8.26605241715e-05	0.000171943620438	0.00609756714515	-0.0109278629214	0.0224912986222	2.06760876453e-14	2.1981451659e-05	100.0
-9.57581079929e-05	1.00969211997e-05	0.000260153651111	-0.0127234068373	0.0013032010021	0.0346203686077	2.06760876453e-14	2.1981451659e-05	100.0
-4.85986201099e-05	2.65443617026e-05	-6.59863095037e-05	-0.00542725282425	0.00295370079555	-0.00740721427139	2.06760876453e-14	2.1981451659e-05	100.0
-0.000138054869834	4.90693633168e-05	-0.000160945484026	-0.0181967838643	0.00645114261028	-0.0212144678113	2.06760876453e-14	2.1981451659e-05	100.0
0.00019073571231	-0.000134241715039	7.77042333932e-06	0.0251969233316	-0.017785150387	0.00101081093409	2.06760876453e-14	2.1981451659e-05	100.0
-5.87547748987e-05	3.48481929703e-05	1.38655271903e-05	-0.00580853604381	0.0035686290989	0.00130311774204	2.06758864856e-14	2.1981237799e-05	100.0
-0.000149490735385	6.57645447069e-05	3.30682446024e-06	-0.0193050911506	0.00848085947701	0.000457348474537	2.06757909347e-14	2.1981136216e-05	100.0
7.6469524469e-06	-1.91588146609e-05	-9.98376466731e-05	0.000940023579912	-0.00238426834176	-0.0118490239944	2.06754942242e-14	2.1980820773e-05	100.0
-0.000173659737063	0.000106185891034	-1.47225746536e-05	-0.0227682317624	0.0139991550959	-0.00195853782735	2.06751975137e-14	2.198050533e-05	100.0
-7.36875543844e-05	1.7429175769e-05	6.49608601929e-05	-0.00877307975271	0.00197674618756	0.00760825625832	2.06749008031e-14	2.1980189886e-05	100.0
-0.00024134508593	0.000120017012054	7.44150622593e-05	-0.0321142534876	0.0159828160957	0.00992723607394	2.06749008031e-14	2.1980189886e-05	100.0
-9.93596679047e-05	2.72344695973e-05	-0.000230517671198	-0.01318070312	0.00360064282247	-0.0305774628986	2.06749008031e-14	2.1980189886e-05	100.0
8.53017237029e-05	-7.23590361571e-05	-2.76012488512e-05	0.0103439619562	-0.00895756126326	-0.00339810630421	2.06749008031e-14	2.1980189886e-05	100.0
4.09863089615e-06	-5.33692292166e-05	-0.000223029883927	0.000540130372207	-0.00710620428617	-0.0294417097922	2.06749008031e-14	2.1980189886e-05	100.0
-4.44345473956e-05	1.45699524131e-05	0.000157848472325	-0.00575581847163	0.00189886038037	0.0203902686437	2.06745085417e-14	2.197977286e-05	100.0
0.000133095633125	-0.000105445916831	4.93839276825e-05	0.0172726073967	-0.0137593646892	0.00643335273033	2.06745085417e-14	2.197977286e-05	100.0
5.18564020009e-05	-5.27293610376e-05	-3.76493639638e-05	0.00566485748828	-0.00591995954654	-0.0041059265667	2.06745085417e-14	2.197977286e-05	100.0
-0.000226269144799	0.000117639016108	1.14296392228e-05	-0.0300435020946	0.0156430787597	0.00150786329166	2.06745085417e-14	2.197977286e-05	100.0
-2.99064962607e-05	-5.48659416313e-06	-0.000105945066924	-0.00365251167432	-0.000761781554963	-0.0128317612442	2.0674312411e-14	2.1979564347e-05	100.0
6.49674734983e-05	-6.2154793615e-05	-3.01260673973e-05	0.00742778156564	-0.00733829946794	-0.00348783717291	2.0674312411e-14	2.1979564347e-05	100.0
2.14423079653e-06	-5.23192483942e-05	-0.000213786063266	0.000248352931791	-0.00694384303495	-0.0281747882664	2.0674312411e-14	2.1979564347e-05	100.0
5.44386061947e-05	-5.29646539254e-05	-3.22025069425e-05	0.00590329635198	-0.00597937054808	-0.00341956902651	2.0674312411e-14	2.1979564347e-05	100.0
6.68818295487e-05	-9.83168182219e-05	-0.000113889503041	0.00862857333405	-0.0128461431654	-0.0146026158581	2.0674312411e-14	2.1979564347e-05	100.0
-0.000234155376458	0.000111496008573	-8.93578522706e-06	-0.0310790592557	0.0147992910074	-0.00119404673213	2.06740207295e-14	2.197925425e-05	100.0
-0.000154920070724	7.43132256962e-05	-4.089631045e-05	-0.0201378428041	0.00965660622373	-0.00528577311129	2.06740207295e-14	2.197925425e-05	100.0
-6.26753003985e-05	1.3895731788e-05	-0.000114274050272	-0.00783527175431	0.00166880291364	-0.0143648173632	2.06740207295e-14	2.197925425e-05	100.0
3.33846151882e-05	-4.42940338014e-05	-4.31183397826e-05	0.00326215530718	-0.00466660875027	-0.00417619349334	2.06740207295e-14	2.197925425e-05	100.0
9.32306575404e-05	-5.97310163479e-05	1.6076572275e-05	0.0113423329632	-0.00727155538096	0.00194695861967	2.06738245988e-14	2.1979045737e-05	100.0
3.257824236e-05	-3.63400620488e-05	-4.19154158369e-05	0.00295733040434	-0.00353563189141	-0.00389650252903	2.06738245988e-14	2.1979045737e-05	100.0
5.6949251283e-05	-4.32839803434e-05	-0.000195722959057	0.007501594784	-0.00572731359081	-0.0257042597702	2.0673724019e-14	2.1978938807e-05	100.0
-0.000242591925087	0.000102322891926	8.18554166159e-05	-0.0322532669865	0.013606201572	0.0108976797171	2.06734323374e-14	2.1978628711e-05	100.0
1.04717580796e-05	-1.83810569571e-05	8.33102587201e-05	0.00113313739365	-0.00205107971723	0.00934362275047	2.06731456849e-14	2.1978323961e-05	100.0
8.56986510638e-05	-4.82149865011e-05	0.000119065637236	0.0110426325847	-0.00620299339267	0.0152557539629	2.06731456849e-14	2.1978323961e-05	100.0
5.88431236575e-05	-4.54145006604e-05	7.14862613349e-05	0.00699550433433	-0.00542653596109	0.0085347587449	2.06731456849e-14	2.1978323961e-05	100.0
1.38762074078e-05	-3.57850198238e-05	0.00015382504227	0.00170079561415	-0.00460431534873	0.0198275732549	2.06731456849e-14	2.1978323961e-05	100.0
5.95431067208e-05	-4.18950503324e-05	4.10490743776e-05	0.00658545152854	-0.00465177050886	0.00451053258641	2.06731456849e-14	2.1978323961e-05	100.0
-0.000106848691891	4.06230597927e-05	0.000241803325286	-0.0141737931988	0.00539514515847	0.0321601317337	2.06731456849e-14	2.1978323961e-05	100.0
0.000140280282586	-0.000110943465862	-1.86389992234e-05	0.0182416601247	-0.014489384507	-0.00239401741873	2.06731456849e-14	2.1978323961e-05	100.0
4.97518461538e-05	-4.62989323437e-05	-2.13196658467e-05	0.00495592766295	-0.00478291470564	-0.00213019295098	2.06731456849e-14	2.1978323961e-05	100.0
-5.51465308557e-05	2.80639758825e-05	4.03994630453e-05	-0.00572296016459	0.00293961226284	0.00414420512609	2.06731456849e-14	2.1978323961e-05	100.0
6.91007643466e-05	-6.41440195973e-05	-3.84452852008e-05	0.00816897933545	-0.00768487948429	-0.00453215150259	2.06731456849e-14	2.1978323961e-05	100.0
5.39533337201e-05	-4.81820051026e-05	-9.87748129092e-05	0.00669872437284	-0.00604347730197	-0.0122398862018	2.06731456849e-14	2.1978323961e-05	100.0
-1.68776843807e-05	-1.7169944237e-05	-0.000152255667126	-0.00215978920957	-0.00226870278595	-0.019561901509	2.06731456849e-14	2.1978323961e-05	100.0
2.30990401971e-05	-3.87908424528e-05	-9.53515361031e-05	0.00274484358276	-0.00476410322102	-0.0114220725488	2.06731456849e-14	2.1978323961e-05	100.0
-0.000198441417876	9.70671301808e-05	-0.000155493126989	-0.0263632250855	0.012916833794	-0.0206890648739	2.06731456849e-14	2.1978323961e-05	100.0
-4.94755209808e-05	2.641800634e-05	-0.000105914974096	-0.00611343852758	0.00329090733908	-0.0130897830668	2.06731456849e-14	2.1978323961e-05	100.0
2.84331165049e-05	-3.04167598764e-05	-0.000203180608339	0.00371526914429	-0.003988969432	-0.0267109887183	2.06731456849e-14	2.1978323961e-05	100.0
-0.000151120129219	4.9839128864e-05	-1.72492611548e-05	-0.0194724500299	0.00637431395836	-0.00219572545357	2.06731406559e-14	2.1978318614e-05	100.0
8.47541187964e-05	-8.96904762896e-05	8.28371529489e-05	0.0107652439097	-0.011546076748	0.0105400985037	2.06731406559e-14	2.1978318614e-05	100.0
-0.000125456836419	5.53242325875e-05	1.77808086903e-05	-0.0158986321018	0.00700221834292	0.00225980910691	2.06731406559e-14	2.1978318614e-05	100.0
-8.65651214179e-05	4.14878816387e-05	-4.25755632089e-05	-0.0103719956303	0.00494656097674	-0.00509079252745	2.06731406559e-14	2.1978318614e-05	100.0
-3.11214803975e-05	4.30503387646e-06	-0.000108132032189	-0.00376803688691	0.000441923424373	-0.013186327639	2.06731406559e-14	2.1978318614e-05	100.0
0.000182027581927	-0.00014102316733	-0.000118385846417	0.0241468747137	-0.0187614516335	-0.0157019665534	2.06731406559e-14	2.1978318614e-05	100.0
0.000112880500003	-0.000117253122955	-0.0001520149913	0.0148610580311	-0.0155326109452	-0.0200467350706	2.06731406559e-14	2.1978318614e-05	100.0
3.85325349012e-05	-4.10787321607e-05	-3.19787913532e-05	0.00354659786098	-0.00409432659072	-0.00283871594848	2.06731406559e-14	2.1978318614e-05	100.0
6.08262482081e-05	-7.02107354059e-05	-7.37215911122e-05	0.00748326898409	-0.00881818418985	-0.00895602502355	2.06731406559e-14	2.1978318614e-05	100.0
1.49677119428e-05	-2.88183099186e-05	-6.62370521541e-05	0.00159667116581	-0.00320685651456	-0.00677117800911	2.06725572928e-14	2.1977698421e-05	100.0
-6.98897942737e-05	4.31387729204e-05	-5.03376289453e-05	-0.00809726295825	0.00509274349271	-0.00591237614943	2.06724667709e-14	2.1977602184e-05	100.0
-7.37748169099e-05	3.09587764741e-05	-5.99525625695e-05	-0.00872270797299	0.00367515337056	-0.00706051782734	2.06724667709e-14	2.1977602184e-05	100.0
6.4909104969e-06	-1.04800139685e-05	-0.000150156669469	0.000875492274561	-0.00135129035333	-0.0192113650601	2.06724667709e-14	2.1977602184e-05	100.0
-4.51138021331e-05	2.45651942866e-05	-5.78399607161e-05	-0.00481683373256	0.00270470165321	-0.00611381872367	2.06724667709e-14	2.1977602184e-05	100.0
-0.000133535105797	2.04667204765e-05	8.92275481699e-05	-0.0172698909422	0.00256453165446	0.0114348340186	2.06722706402e-14	2.1977393671e-05	100.0
-0.000141455537128	3.04789157263e-05	-0.000186298467074	-0.0187485841691	0.00399875706216	-0.024612383282	2.06722706402e-14	2.1977393671e-05	100.0
0.000128674020746	-0.000139150933697	-1.35571425055e-05	0.0167186336311	-0.0182747958123	-0.00176824382858	2.06722706402e-14	2.1977393671e-05	100.0
-3.88776569886e-05	-2.44449157638e-05	-0.000169151280834	-0.00508335432974	-0.00324869588652	-0.0219746605182	2.06722706402e-14	2.1977393671e-05	100.0
-0.000123182439428	7.16040742617e-05	-2.40865880626e-05	-0.0156516449058	0.00916220132217	-0.00302059577466	2.06721298285e-14	2.1977243969e-05	100.0
6.80183400832e-05	-5.76851067841e-05	0.000122376847941	0.00872297270359	-0.00745756403966	0.015626643665	2.06719789587e-14	2.1977083574e-05	100.0
-4.88778694509e-05	2.15159319403e-05	4.81783316907e-05	-0.00505028555711	0.00221110454422	0.00482900204017	2.06719789587e-14	2.1977083574e-05	100.0
0.000146464764495	-0.000132777269302	0.000131490370264	0.0193044528116	-0.0176031448011	0.01744758394	2.06719789587e-14	2.1977083574e-05	100.0
-5.49996348411e-07	-3.63930252037e-06	-0.000109361086474	-1.31387369028e-05	-0.000515540775908	-0.0132420603268	2.06719789587e-14	2.1977083574e-05	100.0
-4.803860202e-05	1.39603215168e-05	-0.00014596824829	-0.00616016371195	0.00179800563915	-0.0187178581932	2.0671792886e-14	2.1976885754e-05	100.0
-5.31689808263e-05	5.31488927944e-06	-0.00018588942648	-0.0069867553609	0.000706232012948	-0.0243149736504	2.0671792886e-14	2.1976885754e-05	100.0
