# x[AU] y[AU] z[AU] vx[AU/yr/2pi] vy[AU/yr/2pi] vz[AU/yr/2pi] m[MSUN] m[mtot] wf[%]
-9.92339802877e-09	1.00573334278e-07	9.56738033359e-08	-1.39004921452e-06	1.84565791436e-05	-1.34042027875e-05	9.43109536915e-10	0.996663462919	19.7746837255
7.80951751073e-05	-6.0439793013e-05	-8.13554183696e-05	0.00980056003867	-0.00768363127347	-0.0102345669256	2.22423923921e-14	2.3505413696e-05	100.0
-1.0907643501e-05	1.11405751031e-06	-8.59458874103e-05	-0.00128756247931	0.000154761058481	-0.00973100947529	2.22413413328e-14	2.3504302953e-05	100.0
0.000105826787553	-9.61959381017e-05	-7.53129183944e-05	0.0136832781416	-0.0125863429879	-0.00974773513572	2.22413413328e-14	2.3504302953e-05	100.0
4.76573896529e-05	-1.79733621857e-05	5.66511046183e-05	0.00511820587008	-0.00186945685199	0.00598739238435	2.2239254301e-14	2.350209741e-05	100.0
-1.15566934543e-05	2.54446358494e-07	7.42691984185e-05	-0.00127498835189	-2.00573964125e-05	0.00782755202609	2.2239254301e-14	2.350209741e-05	100.0
7.15095765665e-05	-6.38192294504e-05	-4.83741663864e-05	0.00862338337617	-0.00786585763724	-0.00582337575068	2.2239254301e-14	2.350209741e-05	100.0
7.40670108682e-05	-4.30158558467e-05	1.60884777426e-05	0.00841724252725	-0.00489785092612	0.00183230640752	2.22389123296e-14	2.350173602e-05	100.0
5.63723962443e-05	-2.86548066255e-05	9.08832490622e-05	0.0069116144625	-0.00349185733302	0.0110916308435	2.22382233577e-14	2.3501007925e-05	100.0
-6.93757427592e-05	4.53759345553e-05	8.16211531612e-05	-0.00859564725057	0.0056728191742	0.0100481022197	2.22382233577e-14	2.3501007925e-05	100.0
-6.93502965948e-05	5.02162983895e-05	8.80880450326e-05	-0.00864978880284	0.00631776067396	0.0109886274777	2.22382233577e-14	2.3501007925e-05	100.0
-0.000116749786687	8.3705217577e-05	8.6172882212e-05	-0.0152027000843	0.0109672897174	0.0111974881579	2.22382233577e-14	2.3501007925e-05	100.0
2.04322401636e-05	-1.46837005201e-05	-9.5447593727e-05	0.00243220495555	-0.00175425331962	-0.0113209371408	2.22382233577e-14	2.3501007925e-05	100.0
-7.2067246643e-05	6.51685898388e-05	-3.2985017377e-05	-0.00859086020761	0.00791272755133	-0.00385989730659	2.22382233577e-14	2.3501007925e-05	100.0
2.8603377187e-05	-1.07041002971e-05	-0.000108864391738	0.00355298423297	-0.00129831992756	-0.0133704112669	2.22382233577e-14	2.3501007925e-05	100.0
-6.11354578852e-06	-1.359851223e-05	0.000113408952598	-0.000792431273339	-0.00176351071177	0.0139495245617	2.22382233577e-14	2.3501007925e-05	100.0
-2.36892249496e-05	-3.03306144016e-06	0.000122498392626	-0.00295326138717	-0.000459045220638	0.0153450371008	2.22382233577e-14	2.3501007925e-05	100.0
-9.93044754948e-05	6.95694997683e-05	-6.82011245833e-06	-0.0123418440228	0.00873005915023	-0.000906873128839	2.22382233577e-14	2.3501007925e-05	100.0
-9.57674680459e-05	7.81492878227e-05	-1.20262633203e-05	-0.0119426936517	0.00986392417826	-0.00152070200026	2.22382233577e-14	2.3501007925e-05	100.0
0.000132920770603	-0.000110619388956	-4.95021564481e-05	0.0173768057169	-0.0145894791408	-0.0064393203396	2.22382233577e-14	2.3501007925e-05	100.0
0.000131475494751	-0.000118508541151	-5.09248406856e-05	0.0171871618494	-0.0156307806959	-0.00664982104733	2.22382233577e-14	2.3501007925e-05	100.0
5.06814326095e-05	-5.30452179584e-05	-0.000108372051876	0.00642278051799	-0.00680615442411	-0.0136559659721	2.22382233577e-14	2.3501007925e-05	100.0
-7.30141335427e-05	6.16450401623e-05	-3.34836409627e-05	-0.00862102643479	0.0075003074412	-0.00395502911815	2.22375394147e-14	2.3500285145e-05	100.0
-0.000129085351453	0.000123167745796	-9.73555764989e-05	-0.0170115336501	0.0163746974621	-0.01282709125	2.22375394147e-14	2.3500285145e-05	100.0
-5.09125678344e-05	1.03995510379e-05	-0.000149156960514	-0.0066277301254	0.00133809447978	-0.0192948065126	2.22375394147e-14	2.3500285145e-05	100.0
-2.00215517219e-05	1.07404256577e-05	-0.000135448141763	-0.00256327299181	0.0013931405575	-0.0172287095956	2.22375394147e-14	2.3500285145e-05	100.0
-7.15830446108e-06	-1.92644544258e-06	-0.000103688940701	-0.000845970401387	-0.000301086135488	-0.0124822625529	2.22375394147e-14	2.3500285145e-05	100.0
2.99750730249e-06	-1.2691127337e-05	-8.9092306245e-05	0.000339752428084	-0.00153681470329	-0.0102366440668	2.22375394147e-14	2.3500285145e-05	100.0
8.61341935932e-05	-6.21644650882e-05	-6.98540498678e-05	0.0107966994494	-0.00789394633476	-0.00874359013839	2.22375394147e-14	2.3500285145e-05	100.0
0.000122133280992	-8.23120886105e-05	-0.000123264040455	0.0160700158559	-0.0108930930779	-0.016188510121	2.22375394147e-14	2.3500285145e-05	100.0
1.98091819084e-05	-2.2195979115e-05	-6.01946341553e-05	0.00192339798651	-0.00232238378081	-0.00585581844549	2.22375394147e-14	2.3500285145e-05	100.0
-2.26095559915e-05	-6.99489994813e-06	-0.000114808335604	-0.0027989755628	-0.000958718423811	-0.0142260128953	2.22371974433e-14	2.3499923755e-05	100.0
-4.62575438335e-05	2.32229039273e-05	-0.000171226495492	-0.00603643592167	0.00304942351539	-0.0224166193535	2.22368554718e-14	2.3499562365e-05	100.0
-2.39211188211e-05	2.19809583807e-05	-0.000147732966536	-0.00307034387817	0.00287693192211	-0.0190263246066	2.22368554718e-14	2.3499562365e-05	100.0
0.000106951987907	-8.51988541706e-05	-9.92482092661e-05	0.0138978465047	-0.0111886107984	-0.0128846358509	2.22368554718e-14	2.3499562365e-05	100.0
9.01940711714e-05	-7.14515965233e-05	-0.00012750416332	0.0117435284251	-0.00939961121899	-0.0166133387617	2.22368554718e-14	2.3499562365e-05	100.0
5.5774768482e-06	-8.48014690559e-06	9.37827948042e-05	0.000673756089821	-0.00102549926413	0.0109519075253	2.22365135003e-14	2.3499200975e-05	100.0
-8.171104293e-05	7.50769152826e-05	1.38601284764e-05	-0.0099089733412	0.00930554292057	0.00168928949258	2.22365135003e-14	2.3499200975e-05	100.0
9.63981841554e-05	-5.21376175102e-05	-0.000106761270152	0.0124411091504	-0.00672240310826	-0.0137814092492	2.22365135003e-14	2.3499200975e-05	100.0
-0.000113946482883	4.50334515797e-05	0.000117825483027	-0.0148570141316	0.00584212141146	0.0153738334464	2.22365135003e-14	2.3499200975e-05	100.0
-9.07051499698e-05	6.16283369426e-05	-0.000115499285111	-0.0117425989795	0.00801891793041	-0.0149735100801	2.22365135003e-14	2.3499200975e-05	100.0
8.95846542286e-05	-6.14395672545e-05	2.55975971949e-05	0.0109090368215	-0.00758362811656	0.00315536249412	2.22365135003e-14	2.3499200975e-05	100.0
-0.000129349646111	0.00011480466592	-4.29577200373e-05	-0.0168570505465	0.0151169179404	-0.00563991257177	2.22361765579e-14	2.3498844899e-05	100.0
-6.63922319999e-05	5.66624379721e-05	-2.84880615985e-05	-0.00762917817411	0.00666615895975	-0.00325230320712	2.22361765579e-14	2.3498844899e-05	100.0
-4.38321087688e-05	2.53025875167e-05	4.94654089151e-05	-0.00445296814089	0.00256492135926	0.00502559578712	2.22361765579e-14	2.3498844899e-05	100.0
-6.73690750132e-05	1.76722421277e-06	-0.000162926534629	-0.00883066287253	0.000163011703358	-0.021317817077	2.22361765579e-14	2.3498844899e-05	100.0
-9.68783454884e-05	9.94816686585e-05	-9.90199890659e-05	-0.012567376464	0.0130827164648	-0.0128872487593	2.22358345864e-14	2.3498483509e-05	100.0
-4.6602581818e-05	3.89794470464e-05	-3.95744930673e-05	-0.00478758576171	0.00411048172988	-0.00402970555533	2.22358345864e-14	2.3498483509e-05	100.0
2.3610549753e-05	-2.78021113452e-05	-0.000137535323409	0.00303589709134	-0.00364200483023	-0.0175716324838	2.22358345864e-14	2.3498483509e-05	100.0
-8.00586181538e-05	4.61413330364e-05	0.000127184504599	-0.010374073969	0.00601602378995	0.0164269097604	2.22354976439e-14	2.3498127433e-05	100.0
7.21616966838e-05	-4.83836984359e-05	2.23105437957e-05	0.00823106132631	-0.00560139205702	0.00253580785709	2.22354976439e-14	2.3498127433e-05	100.0
5.78395048273e-05	-5.79923603044e-05	-3.47186892474e-05	0.00652017191905	-0.00677362862075	-0.00393097191765	2.22354976439e-14	2.3498127433e-05	100.0
-9.59545729016e-05	3.63666314042e-05	-0.000217424235932	-0.0127872800587	0.00484821302435	-0.0289634898963	2.22354976439e-14	2.3498127433e-05	100.0
-1.75926926773e-05	1.92909524794e-05	-0.000179387858667	-0.00234093080594	0.00257753593482	-0.0234966457367	2.22354976439e-14	2.3498127433e-05	100.0
-0.000170917712153	9.43445535351e-05	3.96522812199e-05	-0.0225514433029	0.0124472339947	0.00524649421066	2.22354976439e-14	2.3498127433e-05	100.0
5.56458175571e-05	-4.04602712022e-05	0.000168756177303	0.0072634721958	-0.00533344247503	0.0221364025072	2.22354976439e-14	2.3498127433e-05	100.0
0.000114736192204	-9.75276905863e-05	-7.26682542615e-05	0.0148685843374	-0.0127886827766	-0.00942338844609	2.22354976439e-14	2.3498127433e-05	100.0
4.8581611569e-05	-5.76358045476e-05	-0.000127300073998	0.00620156509644	-0.00748283482247	-0.0163477768175	2.22354976439e-14	2.3498127433e-05	100.0
4.95722157488e-05	-7.35118978067e-06	0.000179888567304	0.00649870379217	-0.000915540329454	0.0236337966764	2.22351607014e-14	2.3497771358e-05	100.0
6.78375792818e-05	-1.56073623754e-05	3.12177464662e-05	0.00730093708672	-0.00151383004374	0.00321605147016	2.22351607014e-14	2.3497771358e-05	100.0
5.07732241466e-05	-3.64280073005e-05	-0.000147406008159	0.00658433779762	-0.00474180249455	-0.0191074253787	2.22351607014e-14	2.3497771358e-05	100.0
-7.90142829419e-05	1.56603157868e-05	0.000172816179268	-0.0104158645337	0.00200291743185	0.0227336046755	2.22351607014e-14	2.3497771358e-05	100.0
0.000143803865291	-9.90039181687e-05	-4.76543389464e-05	0.0187942239195	-0.0130376877132	-0.0062486076075	2.22351607014e-14	2.3497771358e-05	100.0
-7.83741192581e-05	3.26113397542e-05	-0.000156122114424	-0.0102505050957	0.00427207033242	-0.0204192188478	2.2234823759e-14	2.3497415282e-05	100.0
-1.81639626559e-05	3.45785992066e-05	-0.000158438812452	-0.00237036501237	0.00458644952807	-0.020549129381	2.2234823759e-14	2.3497415282e-05	100.0
-9.68445917125e-07	-3.11199820807e-06	-7.68851525772e-05	-0.000103103346364	-0.000415996010599	-0.00822835303205	2.2234823759e-14	2.3497415282e-05	100.0
0.000112115057417	-0.000100385605609	-7.49891001022e-05	0.0145457575566	-0.0131720828378	-0.00968345921737	2.2234823759e-14	2.3497415282e-05	100.0
7.76362183342e-05	-6.36890752329e-05	-0.000168903747973	0.0102019109091	-0.00844804905846	-0.0222523072162	2.2234823759e-14	2.3497415282e-05	100.0
-0.000137695419959	0.000101913085873	0.000135065357879	-0.0182432599859	0.0135830945316	0.0178671738075	2.2234149874e-14	2.3496703131e-05	100.0
-0.000177354922379	0.000104429755049	0.000103997900393	-0.023567828219	0.013928464699	0.0137963821531	2.2234149874e-14	2.3496703131e-05	100.0
8.68232386211e-05	-3.92693579228e-05	-0.000150867963363	0.0113669461825	-0.00512554680924	-0.0197522118409	2.2234149874e-14	2.3496703131e-05	100.0
-4.65424620238e-05	2.58854361327e-05	6.87599129711e-05	-0.00531241692753	0.00295914862174	0.00775953564843	2.2234149874e-14	2.3496703131e-05	100.0
-0.000109753397399	8.17988013916e-05	-1.45991534384e-05	-0.0139171659561	0.0104414330168	-0.00184583147234	2.2234149874e-14	2.3496703131e-05	100.0
-0.000127170609053	7.96026627604e-05	-6.13537875015e-05	-0.0164898680635	0.0103458840715	-0.00796388849192	2.2234149874e-14	2.3496703131e-05	100.0
0.000138002254139	-0.000103941769513	-2.08102585554e-05	0.0179763138241	-0.0136356239091	-0.00274221484878	2.2234149874e-14	2.3496703131e-05	100.0
4.80153185449e-05	-2.17458354553e-05	4.70505439841e-05	0.00491929924528	-0.00220357186039	0.00472466997336	2.22334810181e-14	2.3495996295e-05	100.0
0.000136015119064	-4.90183828739e-05	0.000111464158567	0.0178538999977	-0.00639295384951	0.0146152686969	2.22334810181e-14	2.3495996295e-05	100.0
5.16063910541e-06	-1.38901973904e-05	0.000106648090841	0.00060106289238	-0.00173571347014	0.0129446332477	2.22334810181e-14	2.3495996295e-05	100.0
-2.23410275217e-05	2.1348047895e-06	0.000109752208659	-0.00276801389389	0.000242319430794	0.0134599509211	2.22334810181e-14	2.3495996295e-05	100.0
-1.28414898341e-05	2.41277354785e-05	0.000143646075218	-0.00163412252538	0.00317315553933	0.0184119220497	2.22331491046e-14	2.3495645534e-05	100.0
0.000143032855761	-9.91874983686e-05	-4.96541923086e-06	0.0186648009119	-0.0130091284922	-0.000685617264755	2.22331491046e-14	2.3495645534e-05	100.0
0.000135931904898	-0.000104769750891	-4.42088897713e-05	0.0177601003115	-0.0137936088327	-0.0057867170992	2.22331491046e-14	2.3495645534e-05	100.0
-7.68979706741e-05	7.26648923954e-05	-1.68007278482e-05	-0.009236468387	0.00892330259203	-0.00202347159771	2.22331491046e-14	2.3495645534e-05	100.0
3.49746194382e-05	-1.18785598016e-05	-5.2342712547e-05	0.00333225123456	-0.0010380675256	-0.00492323839044	2.22331491046e-14	2.3495645534e-05	100.0
-0.000165498158625	0.000106448702221	-0.000154131367326	-0.0220755205553	0.0142321066604	-0.0205292341847	2.22331491046e-14	2.3495645534e-05	100.0
4.36360034401e-05	-2.12122444554e-05	-0.000144020690416	0.00563660046696	-0.00271252487789	-0.0185558130782	2.22331491046e-14	2.3495645534e-05	100.0
-5.21537508475e-05	2.49740556454e-05	8.39388423662e-05	-0.00625902068699	0.00294580272906	0.0100319256093	2.22331491046e-14	2.3495645534e-05	100.0
-0.000123327382032	7.34910192542e-05	0.000105124384722	-0.0161367688306	0.00961759768388	0.0137575716673	2.22331491046e-14	2.3495645534e-05	100.0
-4.48926628851e-05	8.09735961765e-06	-0.000131570815473	-0.00571804136702	0.000960357434101	-0.0167943605869	4.44633260748e-14	4.6988150162e-05	100.0
0.000146512397031	-0.000127166871895	-5.24611499173e-05	0.0192502120982	-0.0168592998761	-0.0069190050873	2.22331491046e-14	2.3495645534e-05	100.0
3.7675725315e-05	-3.56397622282e-05	-0.000173616304594	0.00495407171422	-0.00471910902979	-0.0227492666606	2.22331491046e-14	2.3495645534e-05	100.0
-3.55462618132e-05	3.05398250411e-05	0.000118332976894	-0.00444279569936	0.00389005222303	0.0148695478981	2.22328171911e-14	2.3495294773e-05	100.0
-5.35018928294e-05	4.09703023587e-05	1.35423864853e-05	-0.00525083513532	0.00416374608656	0.00132940288995	2.22328171911e-14	2.3495294773e-05	100.0
-0.000134863685891	5.89819196939e-05	5.31766931379e-05	-0.0174482251891	0.00759647463243	0.00688389101909	2.22328171911e-14	2.3495294773e-05	100.0
-0.000115523837981	6.77570750143e-05	9.78482945413e-05	-0.0150069255708	0.00886386319783	0.0127044811909	2.22321533641e-14	2.3494593251e-05	100.0
0.000160904894196	-8.3538717754e-05	-2.80319015964e-05	0.0211070261364	-0.0109576922113	-0.00366686284981	2.22321533641e-14	2.3494593251e-05	100.0
-0.000148527189378	9.37526422427e-05	-1.72169527765e-06	-0.0193843175904	0.0122971824625	-0.000233034603707	2.22321533641e-14	2.3494593251e-05	100.0
-5.64008138032e-05	2.56799642383e-05	4.46811131811e-05	-0.00597380645335	0.0026541789549	0.00483993980811	2.22321533641e-14	2.3494593251e-05	100.0
-0.000108708983978	7.40104490338e-05	-5.1408467374e-05	-0.013848828741	0.00947353059877	-0.00660252485823	2.22321533641e-14	2.3494593251e-05	100.0
0.0001289768688	-0.000100037676038	0.000131795427266	0.017040490835	-0.0133002473868	0.0174196855495	2.22321533641e-14	2.3494593251e-05	100.0
-4.66028218763e-05	3.47460936367e-05	-0.000112397651914	-0.00580182813644	0.00437859281565	-0.0141412658995	2.22321533641e-14	2.3494593251e-05	100.0
0.000151774186456	-4.28713972812e-05	0.000109209172788	0.0199719878566	-0.00558137567978	0.0143870869662	2.22314895372e-14	2.3493891729e-05	100.0
7.60627299289e-05	-4.50249493698e-05	-9.23406606682e-05	0.00958697542699	-0.00570142166239	-0.0116014109052	2.22314895372e-14	2.3493891729e-05	100.0
-9.28946613877e-05	7.23626011877e-05	-0.000133753508331	-0.0121445508689	0.0095316957245	-0.0174836271845	2.22314895372e-14	2.3493891729e-05	100.0
1.57530715242e-05	9.74975957863e-06	-0.000198799368205	0.00205835627052	0.00134858098886	-0.0262146029175	2.22314895372e-14	2.3493891729e-05	100.0
-7.41858196983e-05	5.74698568815e-05	-6.39160159764e-05	-0.00910060976392	0.0071782336645	-0.00777030462053	2.22314895372e-14	2.3493891729e-05	100.0
7.45293324553e-06	-2.667632922e-05	0.000205445375621	0.000935750938953	-0.0035560752873	0.0271681856367	2.22314895372e-14	2.3493891729e-05	100.0
-2.41376415179e-05	-4.15990048841e-06	-7.39428091004e-05	-0.00265905979745	-0.000600885028456	-0.00794171405488	2.22314895372e-14	2.3493891729e-05	100.0
0.000140561592298	-0.000110948665922	-4.65237021258e-05	0.0183770027393	-0.014635030073	-0.00604556109064	2.22314895372e-14	2.3493891729e-05	100.0
7.08995755178e-05	-4.36376105171e-05	-0.000205570414212	0.0094266494938	-0.00582206345275	-0.0272628438058	2.22314895372e-14	2.3493891729e-05	100.0
4.35034251467e-05	-2.8093836347e-05	-8.02089699663e-05	0.00520811167377	-0.00343327258376	-0.00931547654144	2.22314895372e-14	2.3493891729e-05	100.0
-3.49432669766e-05	2.30408203364e-05	0.000195388582667	-0.00461986402642	0.00306586797009	0.0257788123977	2.22308307392e-14	2.3493195521e-05	100.0
6.76078475427e-05	-4.92204951925e-05	2.01974651074e-05	0.00761570772776	-0.00561867004351	0.00218211711742	2.22308307392e-14	2.3493195521e-05	100.0
7.58732202597e-05	-4.42965422823e-05	1.55388881561e-05	0.0086436879871	-0.00502879077296	0.00184083737138	2.22308307392e-14	2.3493195521e-05	100.0
9.30636961399e-05	-6.47268819515e-05	-7.9853491277e-05	0.0118408459142	-0.0082783932075	-0.0101493370037	2.22308307392e-14	2.3493195521e-05	100.0
-0.000122847164896	0.000108614061096	-0.000173329693114	-0.0163321905267	0.0145289808753	-0.0230363079182	2.22308307392e-14	2.3493195521e-05	100.0
3.73945485282e-06	1.759502853e-05	-0.000137236595882	0.000468877963327	0.0023332012149	-0.0174608354356	2.22308307392e-14	2.3493195521e-05	100.0
-0.000161989296376	7.73467774899e-05	0.000105954941369	-0.0214374389622	0.0102274993476	0.0140164211126	2.22308307392e-14	2.3493195521e-05	100.0
0.000112856364379	-9.52097169789e-05	5.55651861253e-05	0.0145292417967	-0.0123962198919	0.00720945251006	2.22308307392e-14	2.3493195521e-05	100.0
9.82073476397e-05	-8.47953900322e-05	-4.7125622657e-05	0.0124222545773	-0.0109105780511	-0.00593314120828	2.22308307392e-14	2.3493195521e-05	100.0
7.44541108833e-05	-6.92557252755e-05	-0.000188697442022	0.00985675335703	-0.00923525235185	-0.0249577361465	2.22308307392e-14	2.3493195521e-05	100.0
1.19289946805e-05	-1.39811487905e-05	0.000137983417407	0.00148252260617	-0.00177151263947	0.0175868777696	2.22301769702e-14	2.3492504628e-05	100.0
-6.99780001949e-05	5.29629030201e-05	3.38191663419e-06	-0.00785361948206	0.00614613364379	0.000351700979091	2.22301769702e-14	2.3492504628e-05	100.0
-0.000104496664938	7.8464544108e-05	-1.33809626637e-05	-0.0131219488346	0.0100015421573	-0.0017006479237	2.22301769702e-14	2.3492504628e-05	100.0
7.63531783477e-05	-5.968522985e-05	-0.000179071091157	0.0100756577351	-0.00790214877883	-0.0236365304898	2.22301769702e-14	2.3492504628e-05	100.0
-7.10472602536e-05	5.76530745688e-05	-1.20750890046e-05	-0.0081198575026	0.0068118998844	-0.00138016417558	2.22301769702e-14	2.3492504628e-05	100.0
-9.75813792716e-05	6.00500076563e-05	0.000110809436935	-0.0126681771888	0.0078007317342	0.014308857278	2.22301769702e-14	2.3492504628e-05	100.0
-2.5137223258e-05	1.91113920775e-05	-6.08362330354e-05	-0.00239926379085	0.00187371524139	-0.0060948638452	2.22301769702e-14	2.3492504628e-05	100.0
-6.99299125519e-05	2.35948607208e-05	-0.000128904073392	-0.0090037466077	0.00298291444512	-0.0165608284526	2.22301769702e-14	2.3492504628e-05	100.0
0.00016770606005	-0.000111000161034	-3.63427332519e-06	0.0220891028514	-0.0146905638946	-0.000443493839684	2.22301769702e-14	2.3492504628e-05	100.0
2.30641458281e-05	-1.34995577507e-05	-9.03559896324e-05	0.0027712838336	-0.00164429448016	-0.0105545401342	2.22301769702e-14	2.3492504628e-05	100.0
-7.80167610166e-05	5.10167452871e-05	9.46275183314e-05	-0.00986146778602	0.00652990639815	0.0119230104221	2.22295232013e-14	2.3491813736e-05	100.0
0.000180784374212	-8.41122138846e-05	1.80015774877e-06	0.0238431824906	-0.0110811466242	0.000219553235141	2.22295232013e-14	2.3491813736e-05	100.0
-0.000127239526625	8.48039148728e-05	6.3122512215e-05	-0.0165094685945	0.011073481256	0.00819560851253	2.22295232013e-14	2.3491813736e-05	100.0
0.000165443999966	-0.000119324097813	-8.14911513577e-05	0.021920353432	-0.0158681050921	-0.0107726281664	2.22295232013e-14	2.3491813736e-05	100.0
-3.58478370548e-05	5.71549591849e-05	-0.000167168688752	-0.00466373360136	0.00757793831489	-0.0218640377533	2.22295232013e-14	2.3491813736e-05	100.0
-0.000111719049541	7.13607024154e-05	-5.62400971139e-06	-0.0141085821225	0.0090384139251	-0.000739198602017	2.22295232013e-14	2.3491813736e-05	100.0
9.50166337896e-05	-6.04862850337e-05	0.00010836717305	0.0123023615286	-0.00787772382707	0.0139611650583	2.22295232013e-14	2.3491813736e-05	100.0
-4.83907768013e-05	3.54784899836e-05	5.11803042201e-05	-0.00520161407823	0.003897575404	0.00555764444395	2.22295232013e-14	2.3491813736e-05	100.0
-0.0001424289549	7.71249456962e-05	-6.77871514651e-05	-0.0186222674039	0.0100848598054	-0.00882702647465	2.22295232013e-14	2.3491813736e-05	100.0
0.000197001948912	-0.000127413359307	6.71827186375e-05	0.0262348826297	-0.0170228705251	0.0089043511981	2.22295232013e-14	2.3491813736e-05	100.0
8.32836806547e-05	-8.62854724375e-05	-0.000124048101	0.0108052752484	-0.0113584224182	-0.0161550872807	2.22295232013e-14	2.3491813736e-05	100.0
