# x[AU] y[AU] z[AU] vx[AU/yr/2pi] vy[AU/yr/2pi] vz[AU/yr/2pi] m[MSUN] m[mtot] wf[%]
-1.01562999075e-05	1.06328819049e-05	3.36071046358e-07	-0.00125349843863	0.00132954920893	0.000140340214715	6.36024205766e-07	0.985221935911	18.7787267863
0.000383211307927	-0.000456374163807	0.000250483253483	0.034569438116	-0.0514953306737	0.0247227150663	7.74933491579e-11	0.0001200396884	0.0
0.000232324659086	-0.00047590885312	4.49808472801e-05	0.0122714591479	-0.0462375713374	0.00357790198844	8.3388972426e-11	0.000129172198326	0.0
0.000244727847707	-0.000470081596268	-9.7583994135e-06	0.0125777688914	-0.0466132188938	-0.000577982060272	3.96983359065e-11	6.1493998184e-05	0.0
0.000287083858975	-0.000421574093126	0.000130376172025	0.0185068074676	-0.042810379525	0.00969290648878	3.91395394449e-11	6.0628404506e-05	0.0
0.000289854240887	-0.000566993333275	3.71068872005e-05	0.0218049093086	-0.0621675623711	0.00255479621621	3.87219118217e-11	5.9981485895e-05	0.0
0.000424169084126	-0.000589482624514	-0.000110612632677	0.0406839200112	-0.0691464766657	-0.0121085876567	3.87219118217e-11	5.9981485895e-05	0.0
0.000473119465229	-0.000589832452441	7.45088423909e-05	0.0470848637137	-0.0699600277309	0.00855597932785	3.86159157543e-11	5.981729458e-05	0.0
0.000104346935254	-0.00028714913475	-0.00081189556958	0.00848457103302	-0.0370845278783	-0.0929568891095	2.66629217439e-11	4.1301722701e-05	100.0
0.00047588460714	-0.000581516386978	-0.000104677204694	0.0483459326657	-0.0679682471283	-0.0104172490961	1.60372497448e-11	2.4842215276e-05	100.0
0.000361709646139	-0.000378392391651	0.000253806157409	0.0307479632625	-0.0412896467982	0.0222833622297	1.60022278435e-11	2.4787965225e-05	100.0
0.000592038811018	-0.000834673782559	-1.53628848335e-05	0.0678738516724	-0.103885399792	-0.00275929052247	1.59672964641e-11	2.4733855396e-05	100.0
0.000554203243482	-0.000446193114378	-0.000593220653254	0.0634349139303	-0.0561485289178	-0.0691579529578	1.59672964641e-11	2.4733855396e-05	100.0
0.000318329155577	-0.000579657818586	7.8019423715e-05	0.0275371373339	-0.0634022427265	0.00747587189683	1.58977253869e-11	2.4626087561e-05	100.0
0.000612009995126	-0.000690858339737	0.000434950767478	0.0708299855328	-0.0865486518638	0.0522367494094	1.5828521426e-11	2.4518888402e-05	100.0
0.00070445089069	-0.000689317934523	2.68950660579e-05	0.0810964183219	-0.0858611684477	0.00309580784243	1.5828521426e-11	2.4518888402e-05	100.0
0.00060229549937	-0.000537649741775	-0.000317920759249	0.0671734359581	-0.0652566636564	-0.0366586496444	1.5828521426e-11	2.4518888402e-05	100.0
0.00068228419945	-0.000555924857245	0.000481593367298	0.0796587876778	-0.0697641384489	0.0578551735701	1.57940527139e-11	2.4465495259e-05	100.0
0.00063019860665	-0.000845256661932	0.000237828403877	0.073420638705	-0.106234522256	0.0288469438922	1.57940527139e-11	2.4465495259e-05	100.0
0.000773484400938	-0.000586772871821	-0.000391588526794	0.0915253043498	-0.0739326989589	-0.0474812044045	1.57768485318e-11	2.4438845428e-05	100.0
0.000482830833093	-0.000830536727753	-0.000123953042689	0.0536033852164	-0.102283755578	-0.0140909801888	1.57253767972e-11	2.4359114057e-05	100.0
0.000655647847887	-0.000578362640679	-0.000262400342728	0.0742408092285	-0.0710236589181	-0.0305157984581	1.56740961644e-11	2.4279678708e-05	100.0
0.000812444399384	-0.000746178921984	-0.000566149478985	0.0989862163142	-0.0959669770165	-0.0702676243509	1.56740961644e-11	2.4279678708e-05	100.0
0.00076973828572	-0.0010459160639	-0.000168738833767	0.0936168472222	-0.134367132079	-0.0212904701417	1.56400146847e-11	2.4226885401e-05	100.0
0.000531091352191	-0.000386449038449	-0.000457971830096	0.0571960068127	-0.0468696819358	-0.0515919140499	1.56400146847e-11	2.4226885401e-05	100.0
0.000712549859709	-0.000824774061306	-0.000278545838667	0.0846329114073	-0.104599827921	-0.0338100906788	1.56230066332e-11	2.4200539383e-05	100.0
0.000205623483704	-0.000523684689036	0.000192187941456	0.0141823178582	-0.0547505043573	0.015986904464	1.55720931168e-11	2.4121672709e-05	100.0
0.000870934186699	-0.000902923578577	0.000323491922255	0.106606655418	-0.116301968086	0.0403269706983	1.55551605003e-11	2.4095443542e-05	100.0
0.0001660751058	-0.000354898204664	-0.000415244212303	0.0101987960975	-0.0381947735403	-0.0377915459355	1.55551605003e-11	2.4095443542e-05	100.0
0.000946576502442	-0.000662726472971	0.000324145560028	0.11553683518	-0.084922071538	0.0397654369356	1.54876362228e-11	2.3990846266e-05	100.0
0.000690592934823	-0.000870366243789	-5.3417967808e-05	0.0815086349922	-0.109834733865	-0.00650420999166	1.54876362228e-11	2.3990846266e-05	100.0
0.000323541048242	-0.000516883074058	-0.000324709205276	0.0299325779072	-0.0591211544726	-0.0327308555689	1.54876362228e-11	2.3990846266e-05	100.0
0.000476010947213	-0.000699710410851	-9.0236949021e-05	0.0506817265397	-0.0838155003704	-0.0102074156666	1.54708041861e-11	2.3964772901e-05	100.0
0.000443749293305	-0.000682520253211	-0.000266231970941	0.0473825076232	-0.0826992889057	-0.0290699750823	1.54708041861e-11	2.3964772901e-05	100.0
0.000842695972343	-0.000854925917472	4.11317302767e-05	0.101992233331	-0.108889036314	0.0051580097546	1.54539872364e-11	2.3938722905e-05	100.0
0.000195088398828	-0.000273811246018	0.000478385498351	0.0144996032695	-0.0306151869574	0.0448390526121	1.54204136849e-11	2.3886716395e-05	100.0
0.000308373756512	-0.000398517878029	0.000491720636716	0.0293973372861	-0.0465838265739	0.0518670052997	1.54204136849e-11	2.3886716395e-05	100.0
0.000334606935271	-0.000591588789405	0.00021047124025	0.0311974676535	-0.0670989778274	0.0215208092027	1.54204136849e-11	2.3886716395e-05	100.0
0.000513261830571	-0.000726146424757	3.83997671639e-05	0.0560147122444	-0.0881632186092	0.0050856276338	1.54204136849e-11	2.3886716395e-05	100.0
0.000480115163865	-0.00036914723182	0.000533881889838	0.0519468147671	-0.0456333175904	0.0597345762045	1.53201305526e-11	2.37313746e-05	100.0
0.000645925619281	-0.000621233887268	0.00023031427686	0.0733665623588	-0.076463312104	0.0266228417689	1.52868436537e-11	2.3679812123e-05	100.0
0.000560691023151	-0.000448649367547	0.000532727977063	0.0627443651476	-0.0556205790738	0.0620940448477	1.52702278636e-11	2.3654073731e-05	100.0
0.000594890874994	-0.000647776118073	8.99696618677e-05	0.0657201489587	-0.0787239218688	0.0103631786152	1.52370465735e-11	2.3602674846e-05	100.0
0.000403174108941	-0.000318411568274	-0.000733337021554	0.0443443011046	-0.040083883366	-0.0858068108507	1.52370465735e-11	2.3602674846e-05	100.0
0.000588329359022	-0.000700501509077	0.000138771913088	0.065621425638	-0.0861082906399	0.0158406580956	1.52039306603e-11	2.3551377232e-05	100.0
0.000375691679487	-0.000375017581403	-0.000667741206754	0.0402065037895	-0.0465124137467	-0.077071375798	1.52039306603e-11	2.3551377232e-05	100.0
0.000572749826733	-0.000683277758445	-0.000107128925967	0.0632862272579	-0.0833190095883	-0.0120780892082	1.51708801239e-11	2.3500180889e-05	100.0
0.000817240871397	-0.000538448675887	0.000790372799003	0.0999955493387	-0.0700243531865	0.0986898588639	1.51214250152e-11	2.3423573336e-05	100.0
0.000511076956365	-0.00073053567981	0.00031511232689	0.0569319309485	-0.0899414957835	0.0366510425565	1.51214250152e-11	2.3423573336e-05	100.0
0.000391420121262	-0.000596761012361	0.00023004849914	0.0380867850802	-0.0693333349092	0.0255083905669	1.51214250152e-11	2.3423573336e-05	100.0
0.000312669079487	-0.00062526833169	-0.00013671318168	0.028641681984	-0.0706728149237	-0.013383776135	1.51214250152e-11	2.3423573336e-05	100.0
0.000405639884733	-0.000583162839329	-0.000150165287199	0.0397231298058	-0.0671159424542	-0.0146628204162	1.51214250152e-11	2.3423573336e-05	100.0
0.000704215889618	-0.000786525304935	-0.000429835554143	0.0839772115559	-0.099755272571	-0.0526488151189	1.51214250152e-11	2.3423573336e-05	100.0
0.000960650899358	-0.000663615883846	0.000259601413665	0.116999271744	-0.0850069948033	0.0320006900884	1.50885354066e-11	2.3372626275e-05	100.0
0.000502740057389	-0.000406329183855	0.000605842789546	0.0557831984921	-0.0504990879653	0.0705136486029	1.50393166605e-11	2.3296384856e-05	100.0
0.000478913527958	-0.000741134191758	0.000228566196063	0.052135059205	-0.0902516867716	0.0271825272741	1.50393166605e-11	2.3296384856e-05	100.0
0.000406589729589	-0.000409006657018	-0.000374425390996	0.0394846103213	-0.0469459868685	-0.0393795091232	1.50393166605e-11	2.3296384856e-05	100.0
0.000355731423348	-0.000502787835435	0.000450878435324	0.0355483675725	-0.0594514901393	0.0496493301166	1.50229422621e-11	2.3271020386e-05	100.0
0.00087043800203	-0.000474594834751	0.000486808631241	0.104822780945	-0.0605870981226	0.0593450628257	1.50229422621e-11	2.3271020386e-05	100.0
0.000516038806748	-0.000640887973949	-0.000179311118825	0.0547530708263	-0.0776047424158	-0.0204091876807	1.50229422621e-11	2.3271020386e-05	100.0
0.000623462251371	-0.00049173408642	-0.000382442609974	0.0697754675505	-0.0605179100586	-0.0443038548238	1.50229422621e-11	2.3271020386e-05	100.0
0.000202986750459	-0.000478812906533	0.000454573548746	0.0167132608741	-0.0546424950619	0.0470706057365	1.49902336973e-11	2.3220353768e-05	100.0
0.000660838687739	-0.000654208093317	-0.000140302749784	0.0750579204454	-0.0806845436997	-0.0170218779301	1.49902336973e-11	2.3220353768e-05	100.0
0.000915083510677	-0.000955798367791	-0.00020285213982	0.112479011461	-0.123406219109	-0.0252751948817	1.49902336973e-11	2.3220353768e-05	100.0
0.000430593555226	-0.000449039749929	-0.000528846695276	0.045450427954	-0.0543990151173	-0.0601729844283	1.49902336973e-11	2.3220353768e-05	100.0
0.000379498682203	-0.000559358571646	-0.000496278550133	0.0397505479275	-0.0676794011064	-0.0561382932644	1.49902336973e-11	2.3220353768e-05	100.0
0.000994636491173	-0.000856837567542	0.000271609521177	0.122966649344	-0.110614359265	0.0340510745838	1.49249925822e-11	2.3119293184e-05	100.0
0.000466943809141	-0.000747263656875	-0.00030546345648	0.0514204732429	-0.0919903343646	-0.0355722359569	1.49249925822e-11	2.3119293184e-05	100.0
0.000219890186191	-0.000483843183277	-0.000289865805577	0.0163804789921	-0.0516013119737	-0.0266440146944	1.49249925822e-11	2.3119293184e-05	100.0
0.000172359833555	-0.000215770098692	-0.000463167932978	0.0110133311546	-0.0237041096343	-0.0405850595752	1.49249925822e-11	2.3119293184e-05	100.0
0.000513109538845	-0.000384768612766	0.000415392375354	0.0538311585437	-0.0466342684849	0.0457578421989	1.48924600321e-11	2.3068899218e-05	100.0
0.000203333130175	-0.000578826718762	0.000146601147151	0.0143967304293	-0.0613443784753	0.0142521695479	1.48762113585e-11	2.3043729501e-05	100.0
0.000812774521997	-0.00103367677472	0.000151970501777	0.0992975038526	-0.132928973799	0.0190618443589	1.48762113585e-11	2.3043729501e-05	100.0
0.000158962014036	-0.000267154009746	-0.000467827325613	0.0102189052923	-0.0289311440646	-0.0424268781655	1.48762113585e-11	2.3043729501e-05	100.0
0.000723127586107	-0.000622623405896	0.000607251764467	0.0863045579788	-0.0796699271648	0.0742849157733	2.91120509739e-11	4.5095502591e-05	100.0
0.000872238102918	-0.000900438947357	-7.73079215559e-05	0.105969754748	-0.115456280688	-0.00994385395976	1.48599828008e-11	2.3018590944e-05	100.0
0.000651221410279	-0.00054713345815	-0.000733866980902	0.0774245539499	-0.070385257711	-0.0896494696828	1.48599828008e-11	2.3018590944e-05	100.0
0.000946713983276	-0.000637657237457	0.000656016861977	0.116792417731	-0.0828814915317	0.0820534478947	1.48275558595e-11	2.2968360569e-05	100.0
0.000187801999504	-0.000518522456376	1.94006337852e-05	0.0104522633573	-0.0494506445285	-6.07886522457e-05	1.48275558595e-11	2.2968360569e-05	100.0
0.000182262764626	-0.000544993268637	6.65006533218e-05	0.011030352137	-0.0538294850016	0.00643606685824	1.48275558595e-11	2.2968360569e-05	100.0
0.000839375774685	-0.000552545640738	-0.00030230359111	0.0994107078334	-0.0697528069033	-0.0367253425887	1.48275558595e-11	2.2968360569e-05	100.0
0.000651792184733	-0.000780921585738	-0.000619758795985	0.0779440685783	-0.0997167962749	-0.0772019588941	1.48275558595e-11	2.2968360569e-05	100.0
0.000504025011962	-0.000740371270338	0.00041956243168	0.0569797917091	-0.0919721989442	0.0495121565961	1.47951842371e-11	2.2918215886e-05	100.0
0.00111857279209	-0.000807725453274	0.000257537620901	0.13882468095	-0.104932997532	0.0328440048153	1.47628679336e-11	2.2868156893e-05	100.0
0.000753485480526	-0.000326373640444	-0.000764833991718	0.0905004187005	-0.0427398667287	-0.0938476830355	1.47628679336e-11	2.2868156893e-05	100.0
0.000586920146558	-0.000946088759805	0.000380925690615	0.0692460039046	-0.12013365598	0.0470010389694	1.47306019201e-11	2.2818175801e-05	100.0
0.00124083892579	-0.00104640988423	0.000192157525615	0.156470041759	-0.136976964009	0.0249619096653	1.46983811674e-11	2.276826482e-05	100.0
0.000587899645961	-0.000867019072953	-0.000227090984551	0.0679588365139	-0.108852724579	-0.0271096225188	1.46983811674e-11	2.276826482e-05	100.0
0.000721502485864	-0.00048078884217	-0.000404130515683	0.0836452725045	-0.0603958822317	-0.0472111310985	1.46983811674e-11	2.276826482e-05	100.0
0.000494599413399	-0.000707600021542	-0.000533812189387	0.0563387622453	-0.0885310434126	-0.063710149131	1.46983811674e-11	2.276826482e-05	100.0
0.000282736730911	-0.000255017696726	0.000687029069191	0.0286944033039	-0.0321233369599	0.0765206158097	1.46822934216e-11	2.2743344384e-05	100.0
0.000976546030277	-0.00101047923298	0.000485877139487	0.121349034737	-0.13147164312	0.0613632631571	1.46822934216e-11	2.2743344384e-05	100.0
0.000375284165779	-0.000224350971561	-0.000714852394687	0.0404062435856	-0.029201494492	-0.0816655164105	1.46822934216e-11	2.2743344384e-05	100.0
0.000312653112856	-0.000506923404552	0.000520056125953	0.0312485347362	-0.0601653803049	0.0582050333461	1.46662157337e-11	2.2718439529e-05	100.0
0.000358902182489	-0.000533502168551	9.88545570789e-05	0.0305851197809	-0.0601482740506	0.0083773642232	1.46662157337e-11	2.2718439529e-05	100.0
0.000950007855627	-0.000995242132079	-0.000114631666713	0.117394378457	-0.128561474557	-0.0142733683729	1.46662157337e-11	2.2718439529e-05	100.0
0.000481775641496	-0.000368700164347	-0.000404646215396	0.0504223472386	-0.0440518537403	-0.0428077408373	1.46662157337e-11	2.2718439529e-05	100.0
0.000349602194585	-0.000477230546858	-0.000515619995426	0.0355968061977	-0.0572663791766	-0.056869247698	1.46662157337e-11	2.2718439529e-05	100.0
0.000103893624069	-0.000522168128721	0.000273155019853	0.00358619851086	-0.0547289823811	0.0242740300851	1.46501481038e-11	2.2693550254e-05	100.0
0.000619698372879	-0.000650010674089	0.000686991363641	0.0732099967178	-0.0828116173705	0.0844142990795	1.46501481038e-11	2.2693550254e-05	100.0
0.000964278250853	-0.000631666127391	0.000474159054371	0.118227936276	-0.0816710949288	0.0587717530516	1.46501481038e-11	2.2693550254e-05	100.0
0.000332936954991	-0.000685804995351	-5.22805712735e-05	0.0319138537261	-0.078903108927	-0.00550412278335	1.46501481038e-11	2.2693550254e-05	100.0
0.000449387377564	-8.0755048327e-05	-0.000557102692278	0.0469643244082	-0.0112579400028	-0.0602166243682	1.46501481038e-11	2.2693550254e-05	100.0
0.000366653839559	-0.000249012961011	0.000454159310658	0.0344294170972	-0.0295708566849	0.0451925207539	1.46340955609e-11	2.2668684349e-05	100.0
0.000845314149181	-0.000692125984384	0.000452361669002	0.102431015883	-0.0886951440535	0.0555196702131	1.46340955609e-11	2.2668684349e-05	100.0
0.000967174710395	-0.000684316826242	-0.000128202150447	0.117256148579	-0.08766700004	-0.0166136519868	1.46340955609e-11	2.2668684349e-05	100.0
0.000819037911213	-0.000521965468069	-0.000296760214088	0.0964018967736	-0.0660474748255	-0.0354250776368	1.46340955609e-11	2.2668684349e-05	100.0
0.000124025308303	-0.000188273406962	-0.000574078569736	0.00890715374814	-0.0236632702774	-0.055855086041	1.46340955609e-11	2.2668684349e-05	100.0
0.00107133196409	-0.000908531376309	0.00018827654081	0.133095174896	-0.117914149703	0.0237276590033	1.4602025678e-11	2.261900707e-05	100.0
0.000946515975382	-0.00105258975089	6.19940037764e-05	0.11677710249	-0.136143726326	0.00778174970836	2.82901175275e-11	4.3822301266e-05	100.0
0.00058343835067	-0.00045879227289	-0.000915128326489	0.0695736291046	-0.0597395442991	-0.113078166379	1.4602025678e-11	2.261900707e-05	100.0
0.000425339747473	-0.000464041125587	-0.000704332957528	0.0473431374703	-0.0583322695729	-0.0830431789643	1.4602025678e-11	2.261900707e-05	100.0
0.0010457932443	-0.000935732619823	0.000428473823384	0.130422099165	-0.12169776296	0.0543540101307	1.45860083381e-11	2.2594195695e-05	100.0
0.000316551139394	-0.000283258479093	-0.000757006096478	0.0341273874196	-0.0364450687936	-0.0871010593852	1.45860083381e-11	2.2594195695e-05	100.0
0.000119923265813	-0.000199656416948	0.000483636737451	0.00571865338331	-0.0219806943944	0.0422676920434	1.45700010561e-11	2.2569399901e-05	100.0
0.000306891788374	-0.000644723623128	6.10941917745e-05	0.0279581113058	-0.0723976085498	0.0050600928627	1.45380166661e-11	2.2519855053e-05	100.0
0.000319752747811	-0.000552452685598	-5.43708106515e-06	0.0269641726292	-0.0588451794916	-0.000570286603604	1.45380166661e-11	2.2519855053e-05	100.0
0.00107803218138	-0.000943998902452	-0.000594380586287	0.135056129834	-0.123236388334	-0.0759873665899	1.45380166661e-11	2.2519855053e-05	100.0
0.000139890623731	-0.000215790865638	0.000634989009941	0.0108038158519	-0.0266246207513	0.0662495354203	1.4506082566e-11	2.2470388106e-05	100.0
0.000399307363497	-0.00034735465698	0.000767889992501	0.0444283576501	-0.0444836486865	0.0903011078897	1.4506082566e-11	2.2470388106e-05	100.0
0.000723124138491	-0.000470804577729	0.000769972994475	0.0869025630647	-0.0610716189388	0.0948891204144	1.44901306029e-11	2.2445678002e-05	100.0
0.00120527807218	-0.000841944202017	-0.000267210511546	0.150948081263	-0.109814700628	-0.0338959303251	1.44901306029e-11	2.2445678002e-05	100.0
0.000878883325978	-0.000531850814451	-0.000407964052024	0.105528969884	-0.0681731477984	-0.0491469798406	1.44901306029e-11	2.2445678002e-05	100.0
0.000329848583299	-0.000391195650908	0.000816249242711	0.0359037292868	-0.0495872445758	0.0972747158386	1.44741886978e-11	2.2420983479e-05	100.0
0.000514156477302	-0.000252507120812	0.000939412119921	0.0604406282096	-0.0336334449737	0.114838961356	1.44423400906e-11	2.2371648963e-05	100.0
0.000883850437184	-0.000818719614704	0.000510088367073	0.108312318374	-0.105758746154	0.0634962749866	1.44423400906e-11	2.2371648963e-05	100.0
0.000904315859424	-0.00110796864551	0.000301367089532	0.112028676755	-0.143679239951	0.0384180531221	1.44423400906e-11	2.2371648963e-05	100.0
0.000535856240559	-0.000245170801291	0.000811379723335	0.0625980100138	-0.0329999140332	0.0970507252149	1.44423400906e-11	2.2371648963e-05	100.0
0.000526649474397	-0.000281071219365	0.00047199247096	0.0563312384117	-0.0347951972261	0.0515360016617	1.44423400906e-11	2.2371648963e-05	100.0
0.00101232456372	-0.000900497033344	-0.00036694690611	0.125714567164	-0.116688018587	-0.0460211077895	1.44423400906e-11	2.2371648963e-05	100.0
0.000473026208788	-0.000748008529041	-0.00033310979326	0.052311978795	-0.0917045782175	-0.0389860549693	1.44423400906e-11	2.2371648963e-05	100.0
0.000675444682048	-0.00067172304766	1.17216130711e-06	0.0774112396014	-0.0828235998658	3.99917232858e-05	1.44423400906e-11	2.2371648963e-05	100.0
0.000864869650247	-0.000712587531435	-0.000493447243016	0.1051481541	-0.0917096539236	-0.0607457540536	1.44423400906e-11	2.2371648963e-05	100.0
0.000291974736409	-0.000555263827435	-0.00031482234938	0.0264378132839	-0.0630895664254	-0.0322804920812	1.44423400906e-11	2.2371648963e-05	100.0
0.000267114790625	-0.000145504595969	-0.000592398899906	0.025104643001	-0.0189814224557	-0.0611479313919	1.44423400906e-11	2.2371648963e-05	100.0
0.000149347545687	-0.0003067138034	-0.000608109274773	0.0118430228642	-0.0363217027984	-0.0639208618328	1.44423400906e-11	2.2371648963e-05	100.0
0.000186627434544	-0.000584810364818	-0.000102369681302	0.0124340293167	-0.0610942990046	-0.0090278730877	1.44264283595e-11	2.234700118e-05	100.0
9.73220879674e-05	-0.000182291105905	0.000780091146779	0.00753383404138	-0.0242289569185	0.0875801596506	1.44105266863e-11	2.2322368977e-05	100.0
0.00053945834322	-0.000384913244551	0.000985148110267	0.0642388720497	-0.0502493470444	0.121976358214	1.44105266863e-11	2.2322368977e-05	100.0
0.0004020662831	-0.000420047499566	0.000429465925941	0.0406544927889	-0.0499423279803	0.0454909767868	1.44105266863e-11	2.2322368977e-05	100.0
0.000588229325566	-0.000579663045532	0.000389723796296	0.0668155786439	-0.07167965024	0.0446675331941	1.44105266863e-11	2.2322368977e-05	100.0
0.00131989762973	-0.00104101467188	-0.00010056398633	0.167136289259	-0.136406488361	-0.0124386825613	1.44105266863e-11	2.2322368977e-05	100.0
0.000933056313816	-0.000704418132604	-0.000694850454713	0.115322933529	-0.0917051783646	-0.0870896454548	1.44105266863e-11	2.2322368977e-05	100.0
0.000275801251227	-0.000166569805829	0.000764105168243	0.0285868806698	-0.0225810519543	0.0868595930668	1.43946401002e-11	2.2297760145e-05	100.0
0.000640185908027	-0.000431171879634	0.000872046489496	0.0765645452359	-0.0564158981661	0.107334278517	1.43946401002e-11	2.2297760145e-05	100.0
0.00111108409954	-0.000796017630283	-0.000535319404235	0.138571679641	-0.10395071425	-0.0680805748109	1.43946401002e-11	2.2297760145e-05	100.0
0.000783014120802	-0.000780141181582	-0.000437643955704	0.0941904997797	-0.0997586012337	-0.0536933255795	1.43946401002e-11	2.2297760145e-05	100.0
0.00132132405899	-0.000759381125536	0.000205834389219	0.166363287701	-0.0994366158261	0.0255947192341	1.4378758543e-11	2.2273159102e-05	100.0
0.000400879225161	-0.000174191791702	-0.000326132624206	0.0338186965256	-0.0198273098357	-0.0289630744889	1.4378758543e-11	2.2273159102e-05	100.0
0.00025620986459	-0.000122881186443	0.000594006241307	0.0240216942996	-0.0167245585816	0.0608861328595	1.43470306316e-11	2.2224011548e-05	100.0
0.000906303807104	-0.00032920749372	0.000728633806818	0.110768458898	-0.0434635709048	0.0901401557823	1.43470306316e-11	2.2224011548e-05	100.0
0.000974139618753	-0.00102398709777	0.000190806703695	0.120718915435	-0.132518238291	0.0240772191539	1.43470306316e-11	2.2224011548e-05	100.0
0.000444056918512	-0.000305604918774	-0.000803290803256	0.0503844504724	-0.0394149622204	-0.0955426217264	1.43470306316e-11	2.2224011548e-05	100.0
0.00121622139031	-0.000760684564677	0.000504123870441	0.152459550852	-0.0994884775884	0.0642830519604	1.43153379231e-11	2.2174918524e-05	100.0
0.00092963584227	-0.00111083062187	2.81030853302e-05	0.115297070387	-0.143857079198	0.00417866705949	1.43153379231e-11	2.2174918524e-05	100.0
0.00104329181177	-0.000680154956243	0.000450571563048	0.129063267623	-0.088073425383	0.0564654758383	1.43153379231e-11	2.2174918524e-05	100.0
0.000219769176888	-0.000780395802987	-0.000254297919268	0.0198881554103	-0.0931819149558	-0.028413951934	1.43153379231e-11	2.2174918524e-05	100.0
0.000702486846492	-0.000343941543481	-0.000905781576743	0.0849526864981	-0.0454237404473	-0.112080884799	1.43153379231e-11	2.2174918524e-05	100.0
0.000298262535611	-0.000528212630282	-0.000675794867848	0.031140818801	-0.0654298438488	-0.0787080169024	1.43153379231e-11	2.2174918524e-05	100.0
0.000700179749417	-0.000495982507323	0.000864858191193	0.0851059701496	-0.0645618518148	0.107164595822	1.42836854466e-11	2.212588782e-05	100.0
5.04619295975e-05	-0.000187678122092	0.000565259393288	-0.000244149021729	-0.0217455221102	0.0541365821968	1.42678692663e-11	2.2101388049e-05	100.0
0.00121225852094	-0.000653228711035	4.08604602198e-05	0.150809844077	-0.0848804860826	0.00566751276243	1.42678692663e-11	2.2101388049e-05	100.0
0.000849178916087	-0.00103330393579	-0.000305227719769	0.103936835359	-0.133356597186	-0.0382592887739	1.42678692663e-11	2.2101388049e-05	100.0
0.000858638794716	-0.000501835098071	-0.0005875191712	0.103586955563	-0.0648901157808	-0.0722432927175	1.42678692663e-11	2.2101388049e-05	100.0
0.000649139163824	-0.000610991562322	-0.000640879308264	0.0765323660473	-0.0779750823753	-0.078061653365	1.42678692663e-11	2.2101388049e-05	100.0
0.000337121552058	-8.23817744754e-05	0.000980083698945	0.0385891848328	-0.0130231398867	0.118333259831	1.4252068173e-11	2.2076911647e-05	100.0
0.000902726083587	-0.00053696991355	0.000928277336838	0.111707622799	-0.0706708004414	0.117107257686	1.4252068173e-11	2.2076911647e-05	100.0
0.00110071190565	-0.00107759001325	0.000392018333353	0.138117288209	-0.140654342311	0.0498785731074	1.4252068173e-11	2.2076911647e-05	100.0
0.000915546910722	-0.000641598175836	-0.000101538083978	0.109529671598	-0.0821221891796	-0.0120783864015	1.4252068173e-11	2.2076911647e-05	100.0
0.000946440677314	-0.000770158251791	-0.000159949381399	0.115429971126	-0.0986556416986	-0.0199455570296	1.4252068173e-11	2.2076911647e-05	100.0
0.000215435448634	-0.000501857392179	-0.000239544273219	0.0154590300803	-0.0522743968358	-0.0215457739195	1.4252068173e-11	2.2076911647e-05	100.0
0.000544501167509	-0.000392918816758	-0.000269559657028	0.0556964609669	-0.0469784329891	-0.0287994480765	1.4252068173e-11	2.2076911647e-05	100.0
0.000464242358057	-0.000269665778304	-0.000727467487276	0.0517893175836	-0.0352420319701	-0.0848901685441	1.4252068173e-11	2.2076911647e-05	100.0
0.000255474883233	3.09896051335e-05	-0.000796523252921	0.0274951170579	0.000443588945195	-0.0909707954861	1.4252068173e-11	2.2076911647e-05	100.0
0.00039232034959	-0.000625606747048	0.000433085242349	0.0414282123448	-0.0755489944705	0.0492527744078	1.42362721087e-11	2.2052443036e-05	100.0
0.00106032248225	-0.00108416767773	6.8848711588e-05	0.131894325022	-0.14115479647	0.00909868629659	1.42362721087e-11	2.2052443036e-05	100.0
0.000769468111821	-0.000644074592079	-0.000714436786633	0.0932396229808	-0.0833846125692	-0.0882170400391	1.42362721087e-11	2.2052443036e-05	100.0
0.000237867070484	-0.000376973443399	0.000690928688466	0.0235521571145	-0.0466445159694	0.0779055873134	1.42204810734e-11	2.2027982215e-05	100.0
1.19119965449e-05	-5.92836868767e-05	0.000655568688071	-0.00263509547255	-0.00987530797553	0.0668764457747	1.42204810734e-11	2.2027982215e-05	100.0
0.000664806458171	-0.000598639198686	0.000758759427917	0.0796598387535	-0.0772455306103	0.0931113859001	1.42204810734e-11	2.2027982215e-05	100.0
0.000653055190604	-0.000753582987796	0.000587828096152	0.0775223263229	-0.0959055362176	0.0723241374746	1.42204810734e-11	2.2027982215e-05	100.0
0.00065110716271	-0.000907599450077	0.000435199944453	0.0774005106267	-0.115765294457	0.0535147268876	1.42204810734e-11	2.2027982215e-05	100.0
-3.52800569293e-05	3.81964913916e-05	-0.000547328896427	-0.00716379928982	-0.000522935524347	-0.048644522685	1.42204810734e-11	2.2027982215e-05	100.0
4.59707402346e-05	-6.20051903032e-05	-0.000687775520858	0.00116364545249	-0.0100643062287	-0.0723862465703	1.42204810734e-11	2.2027982215e-05	100.0
0.00101689263482	-0.000892770826717	-1.03959335566e-05	0.12548625679	-0.115345487683	-0.000692874338835	1.41889342057e-11	2.1979115103e-05	100.0
0.000574151649259	-0.000927889982394	-0.000286951368707	0.0669414576801	-0.116841053104	-0.0355060771687	1.41889342057e-11	2.1979115103e-05	100.0
0.000661128042072	-0.00080424507359	-0.000778417071146	0.0798449631948	-0.104219785903	-0.0967851918004	1.41889342057e-11	2.1979115103e-05	100.0
0.00024513189541	-0.000611244592581	-0.000501000662852	0.0236698678012	-0.073351332162	-0.0559596240894	1.41889342057e-11	2.1979115103e-05	100.0
0.000924382373579	-0.000953466109528	0.00046173176523	0.114505703397	-0.123615485199	0.0578986129854	1.41574225409e-11	2.1930302521e-05	100.0
0.000131310100987	-9.58928767895e-05	0.000653124184153	0.0104632577564	-0.0143145168072	0.0676450835109	1.41574225409e-11	2.1930302521e-05	100.0
0.00102878832352	-0.000663488907814	0.000637428884835	0.127507971425	-0.0864897638362	0.0801615166738	1.41574225409e-11	2.1930302521e-05	100.0
0.000825103969545	-0.00107338679741	7.86474962441e-05	0.100957224729	-0.13830873437	0.00997991940203	1.41574225409e-11	2.1930302521e-05	100.0
0.000276624366265	-0.000457355155891	0.000211339940455	0.021589987329	-0.0476784685735	0.0177860847365	1.41574225409e-11	2.1930302521e-05	100.0
0.000298402756577	-0.00042747257799	-0.000787526906625	0.0318276972681	-0.0540263071287	-0.0930278105627	1.41574225409e-11	2.1930302521e-05	100.0
0.00019203022895	-0.000208312590702	-0.000669225743666	0.0177138996457	-0.0268553913696	-0.0717588444759	1.41574225409e-11	2.1930302521e-05	100.0
0.000451693019325	-0.000662029809018	0.000593896546831	0.0509035059804	-0.0827546787876	0.0708506249428	1.41259410502e-11	2.188153668e-05	100.0
0.000166897562934	-0.000455062570159	0.000323378914791	0.00985471978212	-0.047071845405	0.0299462015521	1.41259410502e-11	2.188153668e-05	100.0
0.00106471173991	-0.000846717829654	0.000361790212814	0.131993153339	-0.109920826994	0.0459787731634	1.41259410502e-11	2.188153668e-05	100.0
0.000367052783553	-0.000683369340697	-0.00017769037851	0.0367022128599	-0.0800973681645	-0.0189910795142	1.41259410502e-11	2.188153668e-05	100.0
0.000638699241666	-0.000574137400092	-0.000356756751438	0.0729907159253	-0.0712235353596	-0.0410056022616	1.41259410502e-11	2.188153668e-05	100.0
0.000178336664079	-0.000486687509423	-0.000385588251705	0.0128357312425	-0.0535491185686	-0.0382665080469	1.41259410502e-11	2.188153668e-05	100.0
0.000658692537935	-0.000954427307902	0.000382717062142	0.0785558439992	-0.12165596387	0.0479386042232	1.41102103627e-11	2.185716934e-05	100.0
0.000337503980015	-0.000531424452347	0.000168455043812	0.0295671136657	-0.0588536451712	0.0159954842112	1.41102103627e-11	2.185716934e-05	100.0
0.000773913099286	-0.000952997649919	-0.000394407333025	0.0939411935449	-0.122515320741	-0.0487698251423	1.41102103627e-11	2.185716934e-05	100.0
0.000680932516508	-0.00079259270453	-0.00063393393362	0.0816471883451	-0.101505157621	-0.0785132647571	1.41102103627e-11	2.185716934e-05	100.0
7.89561351491e-05	-0.000261900046783	-0.000540199464376	0.00288693345207	-0.030206672399	-0.0515816839293	1.41102103627e-11	2.185716934e-05	100.0
0.000477593895419	-0.000593280424485	0.000878975256297	0.0562650137298	-0.0767056434636	0.108266931877	1.40787791619e-11	2.18084814e-05	100.0
0.000205415127222	-0.000729201483614	6.32516684999e-05	0.0168279755597	-0.0834670295855	0.00625577230703	1.40630685904e-11	2.178414522e-05	100.0
0.000663666495168	-0.000213904954464	0.000685123813129	0.07764266271	-0.0285171145226	0.081488375964	1.40316826505e-11	2.173552739e-05	100.0
0.000745528188858	-0.000112687127986	0.000727782329725	0.08835764743	-0.0158168864272	0.0883466180142	1.40316826505e-11	2.173552739e-05	100.0
0.00133954955617	-0.00102676517247	0.000100722585693	0.169436929453	-0.134686953225	0.0128375561359	1.40316826505e-11	2.173552739e-05	100.0
0.000708693885908	-0.000512910789331	-0.000872931303761	0.0857899208398	-0.0669651994038	-0.108246136517	1.40316826505e-11	2.173552739e-05	100.0
9.32141150923e-05	-3.09285794935e-05	0.000632314020837	0.00615192375176	-0.00747858147089	0.0636106568751	1.4015997224e-11	2.171123016e-05	100.0
0.0008827623354	-0.000648781743797	0.000721611758275	0.108065521329	-0.0843449816723	0.0901565447031	1.4015997224e-11	2.171123016e-05	100.0
0.000354014454345	-0.000668944266999	0.000120891477107	0.0344179950422	-0.0769890962429	0.0138555995954	1.4015997224e-11	2.171123016e-05	100.0
0.000214622970793	-3.32866833472e-05	-0.000701758152832	0.0200268698291	-0.00683039358474	-0.076613724961	1.4015997224e-11	2.171123016e-05	100.0
0.00052091203012	-0.000630090987966	0.00062755519186	0.0598462990969	-0.0796445745876	0.075101422548	1.40003218555e-11	2.1686948511e-05	100.0
0.000911721969249	-0.000661863475668	-2.79594121549e-05	0.109129668895	-0.084650471575	-0.00373487165711	1.40003218555e-11	2.1686948511e-05	100.0
0.000859627280377	-0.000501848032788	-0.000879097699885	0.105720546966	-0.0659946792344	-0.110240985397	1.40003218555e-11	2.1686948511e-05	100.0
0.00113366843108	-0.000897913766362	0.000532256123756	0.142092545804	-0.117234750608	0.0677075806899	1.39689862055e-11	2.1638408582e-05	100.0
0.000884715851641	-0.00100787765571	0.00036368426905	0.108761494637	-0.130137644114	0.0461066300738	1.39689862055e-11	2.1638408582e-05	100.0
0.000868567857631	-0.000892300107317	0.000113613356397	0.105527658373	-0.114607888759	0.0136808773408	1.39689862055e-11	2.1638408582e-05	100.0
0.00148306940361	-0.000853085069345	-0.000323728950689	0.188803697493	-0.11225832198	-0.041602868331	1.39689862055e-11	2.1638408582e-05	100.0
0.000782268891345	-0.000920224131305	-0.000636930141433	0.0958213366244	-0.118898670318	-0.0803227603657	1.39689862055e-11	2.1638408582e-05	100.0
0.000851383929557	-0.000834863071484	-0.000340012670368	0.103364568244	-0.106962353376	-0.0425140398012	1.39689862055e-11	2.1638408582e-05	100.0
0.000405268181494	-0.000228903635552	-0.000928029531773	0.0465554800622	-0.0308112542594	-0.112023892825	1.39689862055e-11	2.1638408582e-05	100.0
0.000454106634848	-0.000362334060895	-0.000910893307855	0.052908233482	-0.0473340813059	-0.110536347976	1.39689862055e-11	2.1638408582e-05	100.0
-1.3367655023e-05	-4.95125352336e-05	0.00055101669903	-0.00529373360504	-0.00906689339017	0.0490126309013	1.39376807294e-11	2.1589915393e-05	100.0
0.000943824247426	-0.000808869729187	0.000850012430692	0.117701026529	-0.105916440109	0.107772285144	1.39376807294e-11	2.1589915393e-05	100.0
0.000366922241086	-0.000684763387277	0.000183638591074	0.0367924403995	-0.0802787544167	0.0198978022028	1.39376807294e-11	2.1589915393e-05	100.0
0.000408193965083	-6.35042355399e-05	0.000655410352829	0.043619091342	-0.0103361551249	0.0728920577495	1.39376807294e-11	2.1589915393e-05	100.0
0.00113574675037	-0.000332827357061	0.000776708417682	0.141674245839	-0.0443766801598	0.0982339269159	1.39376807294e-11	2.1589915393e-05	100.0
0.000122363897884	-0.000554455777852	-2.02129349138e-05	0.00443246820376	-0.053961263752	-0.000363787098701	1.39376807294e-11	2.1589915393e-05	100.0
5.73662064957e-05	3.40987896046e-05	-0.000895581903493	0.00373695659834	0.000955500879085	-0.104306440083	1.39376807294e-11	2.1589915393e-05	100.0
0.000844558473518	-0.000801714689312	0.000663086449258	0.103415486202	-0.103837606704	0.0831764728965	1.39220405639e-11	2.1565688274e-05	100.0
0.000220388637504	-0.00065369512131	2.09244325367e-05	0.0173022272043	-0.0718863622423	0.00267860717325	1.39220405639e-11	2.1565688274e-05	100.0
0.000171811575417	-6.77135175561e-05	-0.000703804616184	0.0158065930253	-0.0107746151887	-0.0759415191601	1.39220405639e-11	2.1565688274e-05	100.0
0.000761265501421	-0.000322247309787	0.000833878304125	0.0920886272865	-0.0423605837962	0.103154428119	1.39064003983e-11	2.1541461155e-05	100.0
0.00141756126225	-0.00105007333584	0.000359402528909	0.179965169131	-0.138256427232	0.0463070379016	1.38907702907e-11	2.1517249616e-05	100.0
0.00102612251319	-0.00117758010235	-6.15150484752e-05	0.128023130196	-0.153336844482	-0.00779079882139	1.38907702907e-11	2.1517249616e-05	100.0
0.000851029624916	-0.00053434630461	-0.00110699840556	0.105804649745	-0.0708130793397	-0.140475891774	1.38907702907e-11	2.1517249616e-05	100.0
0.000667613908571	-0.000649854411491	-0.000905223626756	0.0809829213095	-0.0846300166081	-0.112978323074	1.38907702907e-11	2.1517249616e-05	100.0
0.000915772008044	-0.000889381729282	0.000611644717594	0.112662999195	-0.115614768633	0.0771155397985	1.38751502411e-11	2.1493053657e-05	100.0
0.00108785201941	-0.000963883189081	-0.00033128457575	0.135349934587	-0.125435249308	-0.0417489765926	1.38751502411e-11	2.1493053657e-05	100.0
0.00117808447143	-0.000939100078582	-0.000411742181167	0.14757809958	-0.122796924798	-0.0519652553724	1.38751502411e-11	2.1493053657e-05	100.0
0.00111033759914	-0.000913521125405	-0.000628545871268	0.139098514973	-0.119474615994	-0.0801189274	1.38751502411e-11	2.1493053657e-05	100.0
0.0010129225366	-0.000854138086472	-0.000689238021621	0.126028776611	-0.111479044698	-0.0873263315933	1.38751502411e-11	2.1493053657e-05	100.0
0.000641187368585	-0.00015224639817	-0.00098923684246	0.0773342164488	-0.0215484954059	-0.12232222512	1.38751502411e-11	2.1493053657e-05	100.0
7.0927027954e-05	-0.000527394636721	8.59355239272e-05	-0.0014280601058	-0.0496526665246	0.00496541770632	1.38595301916e-11	2.1468857698e-05	100.0
0.000721537295517	-0.000537595020275	0.000267651024755	0.0826043836442	-0.0676360385632	0.030776087021	1.38595301916e-11	2.1468857698e-05	100.0
0.000786032570917	-0.0010120674237	-0.000238074082635	0.0953597414233	-0.129833942285	-0.0299194660641	1.38595301916e-11	2.1468857698e-05	100.0
0.000509060170534	-0.000630667977295	-0.00073279961805	0.0588865724429	-0.0802754172097	-0.0894255913103	1.38595301916e-11	2.1468857698e-05	100.0
0.000347849123965	-0.000534257724699	0.000563924439949	0.036398015332	-0.0651548769835	0.0639304996725	1.3843915171e-11	2.1444669529e-05	100.0
0.000980449516518	-0.000630923681041	0.000200473940141	0.11865157533	-0.0814281079395	0.0250443851871	1.3843915171e-11	2.1444669529e-05	100.0
0.000707917424456	-0.000975738895861	-0.000367884782039	0.0850854938941	-0.124758684752	-0.0458834455472	1.3843915171e-11	2.1444669529e-05	100.0
0.00110266783149	-0.000549546338583	-0.000752104391951	0.13750162013	-0.072335712159	-0.0953535150272	1.3843915171e-11	2.1444669529e-05	100.0
0.000583699960557	-0.000697083105876	-0.000628367280671	0.0683643903932	-0.0885156346714	-0.0765319510887	1.3843915171e-11	2.1444669529e-05	100.0
0.000595987389779	-0.00102181043055	0.000162025359757	0.0703008109367	-0.129632930315	0.0196773043062	1.37815254945e-11	2.1348025915e-05	100.0
0.00129855063712	-0.00105922260329	-0.000239574523877	0.163800919784	-0.138879192926	-0.0304210308361	1.37815254945e-11	2.1348025915e-05	100.0
0.00137939334427	-0.000935039127265	-0.000547291690483	0.174938934282	-0.12307639779	-0.0698350877643	1.37815254945e-11	2.1348025915e-05	100.0
0.000366135937869	5.13855293583e-05	0.000817339544994	0.0408900662419	0.0031860819967	0.0952387244483	1.37503608302e-11	2.1299750849e-05	100.0
0.0010754024999	-0.000666820777724	0.000758562371102	0.133899784985	-0.0874766036452	0.0962728881894	1.37503608302e-11	2.1299750849e-05	100.0
0.000475081198512	-0.00100845144061	-7.34977061341e-05	0.054156366661	-0.126739096483	-0.00846054308231	1.37503608302e-11	2.1299750849e-05	100.0
0.00140037612293	-0.000895083773275	-0.000195251562615	0.177271640558	-0.117455246547	-0.0251017887849	1.37503608302e-11	2.1299750849e-05	100.0
0.00113341827057	-0.00113292811266	-0.000276082310756	0.142076690247	-0.147951302729	-0.0351902132148	1.37503608302e-11	2.1299750849e-05	100.0
0.000988130156922	-0.000692566420065	-0.00077552611068	0.122585028948	-0.0907271446115	-0.0978241464984	1.37503608302e-11	2.1299750849e-05	100.0
0.000898558772869	-0.000759828442331	-0.000912539668788	0.111544524566	-0.0993635914728	-0.116026490868	1.37503608302e-11	2.1299750849e-05	100.0
0.00068648895034	-0.000182517507517	-0.000752634551168	0.0814551212854	-0.0247069758321	-0.0907738365761	1.37503608302e-11	2.1299750849e-05	100.0
8.09571208222e-05	-0.000433095731703	-0.000464076045756	0.0024032920643	-0.0476750104232	-0.0457684195647	1.37503608302e-11	2.1299750849e-05	100.0
0.000169516987016	-0.000516400695896	0.000609148158343	0.0148717701833	-0.0622064378901	0.0681844360618	1.37347860415e-11	2.1275625001e-05	100.0
0.00105132532144	-0.00108176972595	0.000241262912621	0.13084271041	-0.140777397632	0.0305564358252	1.37347860415e-11	2.1275625001e-05	100.0
0.00143296826403	-0.000841027918521	1.06398678033e-05	0.181506991572	-0.110393333061	0.00114359625546	1.37347860415e-11	2.1275625001e-05	100.0
0.00074269761107	-0.000447793252782	-0.000273448455667	0.0845028028652	-0.0559985267858	-0.0318581148612	1.37347860415e-11	2.1275625001e-05	100.0
0.000685716535804	-0.000389335424933	-0.00114449473431	0.0842088246439	-0.0519606482712	-0.144263212473	1.37347860415e-11	2.1275625001e-05	100.0
0.000682163977351	-0.000927041592979	0.000532092195815	0.0822105289916	-0.1189244394	0.0660632218345	1.37192162819e-11	2.1251506943e-05	100.0
0.000998597132974	-0.000523396265238	0.000419700545738	0.121592303743	-0.0679003305366	0.0520565684872	1.37192162819e-11	2.1251506943e-05	100.0
0.000953391438345	-0.00038366238674	-0.000708901944752	0.117651978806	-0.050086138068	-0.0881016248552	1.37192162819e-11	2.1251506943e-05	100.0
2.58400207063e-05	-0.000209209048555	-0.000658293726777	-0.00109828900048	-0.026455987618	-0.0683978942706	1.37192162819e-11	2.1251506943e-05	100.0
0.000759279079699	-0.000968325081114	0.000546882542767	0.0922169488234	-0.12490272736	0.0684293873183	1.37036515512e-11	2.1227396674e-05	100.0
0.000234123221047	-0.000146010252979	-0.00101675922891	0.0256965054243	-0.0206847269685	-0.123030117185	1.37036515512e-11	2.1227396674e-05	100.0
0.000486892517034	-0.000279046963086	0.000993933563922	0.0576813822692	-0.0377432212569	0.121715546213	1.36880918495e-11	2.1203294196e-05	100.0
0.000655929870946	-0.000375695945323	0.0010008468561	0.0793677810304	-0.0498451462196	0.124539285635	1.36880918495e-11	2.1203294196e-05	100.0
-3.58344641399e-05	1.13325723125e-05	0.000549821578202	-0.00704693979841	-0.0040853307643	0.0487827208795	1.36880918495e-11	2.1203294196e-05	100.0
0.00122003841803	-0.000958521319114	0.000741462707865	0.154060943734	-0.126130336244	0.0949253763521	1.36880918495e-11	2.1203294196e-05	100.0
0.000902387753972	-0.00121434183635	0.000125366954397	0.111982211008	-0.157791498	0.0157621739138	1.36880918495e-11	2.1203294196e-05	100.0
0.000638437000848	-0.000964671306047	4.23948603414e-05	0.0753369072677	-0.121871766744	0.0056045251944	1.36880918495e-11	2.1203294196e-05	100.0
0.000920875163366	-0.001010906691	-0.000409883445874	0.113538363991	-0.130939874011	-0.0515623075076	1.36880918495e-11	2.1203294196e-05	100.0
0.000232219893401	-0.00056518059625	-0.000250314042485	0.0184722401201	-0.0617226047221	-0.0248697780979	1.36880918495e-11	2.1203294196e-05	100.0
0.000825893140737	-0.000815882801466	-0.00068413355338	0.101041501084	-0.105615955295	-0.0857733519208	1.36880918495e-11	2.1203294196e-05	100.0
0.000351084323722	-0.000699143593492	-0.000515560224755	0.0374783604667	-0.0857917480185	-0.0607805582121	1.36880918495e-11	2.1203294196e-05	100.0
0.000522472269293	-0.000522060692766	-0.000915214308328	0.0617934952043	-0.0678660321448	-0.1124614873	1.36880918495e-11	2.1203294196e-05	100.0
0.000156355692521	-0.000449865570821	-0.000562156525514	0.0121051114116	-0.0529718351883	-0.0601179490501	1.36880918495e-11	2.1203294196e-05	100.0
0.000450179319003	-0.000180519802532	-0.00101078477235	0.0528115507198	-0.0253639927035	-0.123672453702	1.36880918495e-11	2.1203294196e-05	100.0
0.000308023148126	-0.000414549837974	-0.000950082486435	0.0340815903023	-0.0535338410306	-0.115733265144	1.36880918495e-11	2.1203294196e-05	100.0
0.000363480995081	-0.000321858366838	0.000952576827084	0.041444510068	-0.0423321814862	0.115488616394	1.36725371768e-11	2.1179199509e-05	100.0
0.000521559180047	-0.000777686171639	0.000708971255498	0.0611003557061	-0.0990507710296	0.0877446937791	1.36569875331e-11	2.1155112611e-05	100.0
-5.05658500018e-05	-0.000129810925872	-0.000599578356392	-0.00925246539747	-0.0173214478189	-0.0577799032154	1.36569875331e-11	2.1155112611e-05	100.0
0.000218781589289	-0.00028748290283	0.000834545813024	0.0226734055199	-0.0375679170638	0.0970781893585	1.36258983037e-11	2.1106954395e-05	100.0
0.000438588751504	-0.000553245943513	0.000998436536971	0.0514261217576	-0.0721217709124	0.123478419038	1.36258983037e-11	2.1106954395e-05	100.0
0.000757756029478	-0.000880614909581	0.000754403801484	0.0928016536363	-0.114172558059	0.09495754423	1.36258983037e-11	2.1106954395e-05	100.0
0.00117797099842	-0.00116182711129	-9.14166027431e-05	0.147948693545	-0.151783203754	-0.0116187609735	1.36258983037e-11	2.1106954395e-05	100.0
0.000923018929908	-0.000750956710241	-0.000927197132559	0.11475576026	-0.0987552978611	-0.117240908327	1.36258983037e-11	2.1106954395e-05	100.0
7.12379732287e-05	-0.000191912308228	-0.000906250463697	0.0055326878031	-0.0265858557394	-0.105851839271	1.36258983037e-11	2.1106954395e-05	100.0
0.000326458468068	-0.00017980401685	0.00115721130943	0.037861927082	-0.0254092448351	0.143147939927	1.35948291903e-11	2.105882734e-05	100.0
0.000712988900383	-0.000532236231936	0.000933103739557	0.0864192568682	-0.069674297247	0.116172283026	1.35948291903e-11	2.105882734e-05	100.0
0.000929644396536	-0.0011917555747	0.000460216702423	0.115668948045	-0.155130966403	0.058563905551	1.35948291903e-11	2.105882734e-05	100.0
0.00160164105137	-0.000819192804126	-0.000328752710375	0.204053091589	-0.108190804864	-0.04195501402	1.35948291903e-11	2.105882734e-05	100.0
0.000913087488417	-0.00089781939169	-0.000645214963952	0.112971894129	-0.116470515722	-0.0816910151924	1.35948291903e-11	2.105882734e-05	100.0
0.000181431508056	0.000163775791569	-0.000858303053641	0.0190268549209	0.0158842853291	-0.0999468203643	1.35948291903e-11	2.105882734e-05	100.0
0.000289582248392	-0.000299613715498	-0.000954853857355	0.0321339439532	-0.0396129017969	-0.11499099808	1.35948291903e-11	2.105882734e-05	100.0
-5.75464846987e-05	-3.12283358977e-05	0.000781531572762	-0.0092025302433	-0.00757788918018	0.0864696387473	1.35637701348e-11	2.1010715865e-05	100.0
0.00052929570785	-0.000417487267117	0.00105611133381	0.0634130960755	-0.0553404449993	0.130949998488	1.35637701348e-11	2.1010715865e-05	100.0
0.000959242137061	-0.00100282179331	0.000808139866726	0.119878494243	-0.131235411835	0.103047688032	1.35637701348e-11	2.1010715865e-05	100.0
0.000790785134551	-0.00097187709905	0.000372826681536	0.0962644117697	-0.124849736438	0.0464412914298	1.35637701348e-11	2.1010715865e-05	100.0
0.00019064210085	-6.96728752036e-05	-0.00101558441353	0.0203597830536	-0.0117097627541	-0.122257787597	1.35637701348e-11	2.1010715865e-05	100.0
0.000569602535706	-0.00112895459086	0.000452514334517	0.068017178786	-0.145252276018	0.0568180964203	1.35327311953e-11	2.096263555e-05	100.0
0.00143763021541	-0.00111842955456	7.42936717949e-05	0.182769245727	-0.146998990834	0.00945771584555	1.35327311953e-11	2.096263555e-05	100.0
0.000117720940362	-0.000528257094611	-0.000117239317585	0.00381865410619	-0.0509017534579	-0.00883794231272	1.35327311953e-11	2.096263555e-05	100.0
0.00108077339439	-0.000647232326222	-0.000963651159642	0.135753285247	-0.085625861591	-0.122483974964	1.35327311953e-11	2.096263555e-05	100.0
0.000624376498856	-0.000790649716714	0.000795214148125	0.0752589921417	-0.102050028128	0.098943210739	1.35172167546e-11	2.0938603183e-05	100.0
0.000270910142279	-0.000777576684318	0.000328240040378	0.0266662917126	-0.0938499060832	0.0372131830197	1.35172167546e-11	2.0938603183e-05	100.0
0.000465284039187	-0.00035030824277	0.0011400390604	0.0558071223894	-0.0472383667478	0.141743206648	1.35172167546e-11	2.0938603183e-05	100.0
0.000697459929221	-0.00058551635115	0.00110019692352	0.0855416303518	-0.077250234076	0.13847595402	1.35172167546e-11	2.0938603183e-05	100.0
-5.667134427e-05	-2.21328450379e-06	-0.000872612571617	-0.00973769150529	-0.00382821243127	-0.100483849357	1.35172167546e-11	2.0938603183e-05	100.0
0.000224165132198	-0.000591422842377	0.000400614768068	0.0196846377683	-0.068536820045	0.0428936316487	1.35017023138e-11	2.0914570815e-05	100.0
0.00102596142493	-0.00109527930106	0.000612154042771	0.128364000685	-0.143144097897	0.0780016475186	1.35017023138e-11	2.0914570815e-05	100.0
0.00129774834502	-0.00106318267062	0.000457125663414	0.164150247206	-0.139721354115	0.0582092375784	1.35017023138e-11	2.0914570815e-05	100.0
0.000594518412153	-0.000943966885152	-0.000478740609916	0.0703744413829	-0.120312942508	-0.0594347709243	1.35017023138e-11	2.0914570815e-05	100.0
0.000513980302722	-0.00081488820402	-0.00051488981522	0.0593309728946	-0.102725800873	-0.062269159622	1.35017023138e-11	2.0914570815e-05	100.0
0.000916846312639	-0.000515437387659	-0.00114312303404	0.114714583861	-0.0690270221532	-0.145003066138	1.35017023138e-11	2.0914570815e-05	100.0
0.000319732113861	-0.000235814251352	-0.00104333956452	0.0364791631019	-0.0323414789657	-0.127148851167	1.35017023138e-11	2.0914570815e-05	100.0
9.50073181423e-05	-0.00022963741754	0.000865134072794	0.00783467824999	-0.030670302847	0.100201168618	1.34861929021e-11	2.0890546238e-05	100.0
0.000573463248411	-0.000641600196974	0.000895548528753	0.0685667558005	-0.0833489453236	0.110832839628	1.34861929021e-11	2.0890546238e-05	100.0
0.000210633541858	-1.1712093723e-05	0.000634353483996	0.019988243302	-0.00543586094967	0.0658701634993	1.34861929021e-11	2.0890546238e-05	100.0
0.00159190959126	-0.000748567194145	0.000286145461528	0.202918670592	-0.0988077290175	0.0364919190379	1.34861929021e-11	2.0890546238e-05	100.0
0.000914257400523	-0.000466640433967	-0.000720973845853	0.111625312746	-0.0612536291313	-0.0896820318484	1.34861929021e-11	2.0890546238e-05	100.0
0.000131005808641	0.000122698185209	0.000744241318603	0.0120859217896	0.0104365865796	0.0823410078604	1.34706885193e-11	2.0866529451e-05	100.0
0.00152065373541	-0.000910746955705	0.000571622929283	0.193890425983	-0.120417984194	0.0735625575567	1.34706885193e-11	2.0866529451e-05	100.0
0.000936652574427	-0.00119215934255	-0.000137974411209	0.116505763218	-0.154836630915	-0.0174738450835	1.34706885193e-11	2.0866529451e-05	100.0
0.0010954170093	-0.000613592217058	-7.75562151567e-07	0.134022042928	-0.0797108320569	-6.58103567943e-05	1.34706885193e-11	2.0866529451e-05	100.0
0.00101491698351	-0.00121372178829	-0.000394418174403	0.126848257999	-0.158477633196	-0.0504475222361	1.34706885193e-11	2.0866529451e-05	100.0
0.00119513732116	-0.000758979389872	-0.000838183571218	0.150539499152	-0.100001265691	-0.106895632808	1.34706885193e-11	2.0866529451e-05	100.0
0.000640435009093	-0.000799741040432	-0.000713276310356	0.0765180288881	-0.102841173134	-0.0884291120099	1.34706885193e-11	2.0866529451e-05	100.0
0.000863753893925	-0.000243399969944	-0.000862668804283	0.105700457364	-0.0330733872843	-0.107019795718	1.34706885193e-11	2.0866529451e-05	100.0
0.000472744024337	-0.000649053757454	-0.000752919877957	0.0546801148242	-0.0827642825507	-0.091382281001	1.34706885193e-11	2.0866529451e-05	100.0
0.000380506692486	-0.000619829098022	0.00028485245801	0.0383064705278	-0.073097439621	0.030904670894	1.34551841365e-11	2.0842512664e-05	100.0
0.000971690412302	-0.00117027485753	-0.000131474108481	0.120447752135	-0.152075567596	-0.0164337840691	1.34396847828e-11	2.0818503667e-05	100.0
0.000379557408072	-0.000865141559999	-0.000186827566049	0.0408272701224	-0.106064079053	-0.021381709165	1.34396847828e-11	2.0818503667e-05	100.0
0.000764019779327	-0.000832603184572	-0.000961617189382	0.094181947324	-0.10871708635	-0.12191303187	1.34396847828e-11	2.0818503667e-05	100.0
0.000119118127655	-0.000557342333129	-0.000304214968108	0.0063540472409	-0.0607900324372	-0.0283734289346	1.34396847828e-11	2.0818503667e-05	100.0
0.00033366350816	-0.000688542193936	0.00058310354396	0.0358484584144	-0.0855281551485	0.0684959919522	1.34086911042e-11	2.0770493462e-05	100.0
0.000233167255749	-4.08664697385e-05	0.00107528782707	0.0261394194435	-0.00835192496855	0.131047726514	1.34086911042e-11	2.0770493462e-05	100.0
0.000810697467768	-0.00068735488058	0.000800428320334	0.0990241547613	-0.0894945591087	0.0999677597992	1.34086911042e-11	2.0770493462e-05	100.0
0.000861931621397	-0.00118467157708	0.000245932287624	0.106464368184	-0.15340348193	0.0310925704438	1.34086911042e-11	2.0770493462e-05	100.0
0.00066691976182	-0.000320161694387	0.00117402457373	0.0815657295182	-0.0435703163659	0.147602941839	1.34086911042e-11	2.0770493462e-05	100.0
0.000847848520681	-0.000693338174231	0.00121134700021	0.105666209382	-0.0919680288221	0.154088488608	1.34086911042e-11	2.0770493462e-05	100.0
0.00119145658829	-0.00108192112864	0.000370741679975	0.149902398528	-0.141560121023	0.0472430529872	1.34086911042e-11	2.0770493462e-05	100.0
0.00106289149589	-0.000450039197222	0.00105982182011	0.133570563277	-0.0604715327433	0.134503222633	1.34086911042e-11	2.0770493462e-05	100.0
0.00146042904587	-0.00105917553578	-2.54810014539e-05	0.185508318874	-0.139405663038	-0.0030309492116	1.34086911042e-11	2.0770493462e-05	100.0
0.000987213449957	-0.000676655733777	9.02106901245e-05	0.120391933976	-0.0864554735489	0.011005336816	1.34086911042e-11	2.0770493462e-05	100.0
0.000245086050533	-0.000752110709688	-0.000336306120599	0.0233340578743	-0.0901637337639	-0.0376172632101	1.34086911042e-11	2.0770493462e-05	100.0
0.001490110768	-0.00100762949663	-0.000587875512161	0.189551466754	-0.133006509879	-0.0756355734674	1.34086911042e-11	2.0770493462e-05	100.0
0.000122455481988	0.000139401562244	-0.000527159705543	0.00851894949395	0.0101269125464	-0.0483983253811	1.34086911042e-11	2.0770493462e-05	100.0
0.000440215458535	-0.000452126211968	-0.00111286441145	0.0521931091774	-0.0598329519611	-0.138619566951	1.34086911042e-11	2.0770493462e-05	100.0
0.000312202939677	3.00587445962e-05	-0.000864090218231	0.0348813974159	-9.24870931262e-05	-0.101192891505	1.34086911042e-11	2.0770493462e-05	100.0
0.000242561161935	-0.000386601947477	-0.00076783784724	0.0249634952257	-0.0488287847341	-0.0888476065873	1.34086911042e-11	2.0770493462e-05	100.0
0.00026976511171	-0.000405668004812	0.00095458873433	0.0297842354886	-0.052950092866	0.115313173279	1.33777074836e-11	2.0722498838e-05	100.0
0.000355296654339	-0.000456958791052	0.000884898346885	0.0401242930792	-0.0590617857001	0.10655979765	1.33777074836e-11	2.0722498838e-05	100.0
0.000157216950809	-0.00018645630638	0.00105585720419	0.0162435947323	-0.026221940967	0.127860272504	1.33777074836e-11	2.0722498838e-05	100.0
0.000897805082596	-0.000857277999679	0.000955417726009	0.111923819941	-0.112787720269	0.120795179069	1.33777074836e-11	2.0722498838e-05	100.0
0.000173955587424	-0.000621979353694	7.97706778991e-05	0.0116505129948	-0.066256450435	0.0071923057113	1.33777074836e-11	2.0722498838e-05	100.0
0.00133097437015	-0.00115325642285	0.000204280785816	0.16824918402	-0.151335977281	0.0261621936039	1.33777074836e-11	2.0722498838e-05	100.0
0.00122228615671	-0.00128430286916	5.21918995081e-05	0.154340809168	-0.168355184104	0.00681046480844	1.33777074836e-11	2.0722498838e-05	100.0
0.000979524343524	-0.000588714827523	-0.00119021556535	0.122898134479	-0.0781984125683	-0.152107147369	1.33777074836e-11	2.0722498838e-05	100.0
0.000721476246988	-0.00074634669242	-0.00102553700338	0.0885742791036	-0.0978119721033	-0.129542315813	1.33777074836e-11	2.0722498838e-05	100.0
0.000388243017426	0.000241505019042	-0.000820562187922	0.044806253794	0.0256209222872	-0.0966031965177	1.33777074836e-11	2.0722498838e-05	100.0
0.000403032861202	-0.000489020673728	2.97987713177e-05	0.0354073294136	-0.0545017170297	0.00298824220081	1.33703148652e-11	2.0711047435e-05	100.0
0.00081779046565	-0.000385921749593	-0.000140113777549	0.0937520768778	-0.0487105391372	-0.0160084385446	1.33703148652e-11	2.0711047435e-05	100.0
0.000615210766152	-0.000130065101829	0.00107455200504	0.0744107335444	-0.0191847467553	0.133445852795	1.33622232168e-11	2.0698513211e-05	100.0
0.00121581137779	-0.00060113746488	0.00105604664218	0.153872311388	-0.0800806135333	0.134991554754	1.33622232168e-11	2.0698513211e-05	100.0
0.00091648078618	-0.00124403206048	-1.57976588065e-05	0.113745543913	-0.161621714545	-0.00201536921633	1.33622232168e-11	2.0698513211e-05	100.0
0.000405483226801	-0.000572776992721	-0.00086012801852	0.0464464314046	-0.0733231993758	-0.10479770949	1.33622232168e-11	2.0698513211e-05	100.0
0.000748675509658	-0.000513473172944	0.00050502878544	0.0879858442329	-0.0659269636541	0.0603728584324	1.33312496543e-11	2.0650534167e-05	100.0
2.64145820426e-05	-0.000298549396452	0.000599590999794	-0.0020159283005	-0.03538609128	0.0608570423003	1.33157704165e-11	2.0626556331e-05	100.0
0.000172187674594	-0.000404907240555	0.000821564203119	0.0165821986857	-0.0511448945203	0.0963530834203	1.33157704165e-11	2.0626556331e-05	100.0
0.000123440880192	-0.00054631094407	0.000271268508556	0.00594166248411	-0.0576209186452	0.0256122499115	1.33157704165e-11	2.0626556331e-05	100.0
0.000556937167629	-0.000317039474787	0.00144388076026	0.068586661396	-0.0437198849231	0.183295981918	1.33157704165e-11	2.0626556331e-05	100.0
0.000918352890634	-0.000872086650696	0.00113512814711	0.114773221394	-0.115042369096	0.144768061384	1.33157704165e-11	2.0626556331e-05	100.0
0.000233715542945	-0.00067739961121	-9.27047885181e-06	0.0195444815592	-0.0753814405372	-0.00081186615226	1.33157704165e-11	2.0626556331e-05	100.0
0.000259490925862	-1.39026615103e-05	-0.000805027126499	0.027225592537	-0.00488925060541	-0.0923701267435	1.33157704165e-11	2.0626556331e-05	100.0
0.000140721942221	-0.000296394631705	0.000946219591881	0.0136580281656	-0.039177309224	0.112797071006	1.32848119408e-11	2.0578600657e-05	100.0
0.000475201937884	-0.000604713689237	0.000902605159406	0.055855130777	-0.0782170872343	0.110746195745	1.32848119408e-11	2.0578600657e-05	100.0
0.00103605013918	-0.000551490815912	0.000617950745358	0.12787944922	-0.0722894847168	0.0776115597029	1.32848119408e-11	2.0578600657e-05	100.0
0.000284237774749	-0.00072174288708	-0.000212977033075	0.0271566390239	-0.0844977089256	-0.0231027354073	1.32848119408e-11	2.0578600657e-05	100.0
0.000260683684016	-0.000496951014898	-5.75917334531e-05	0.0176234476048	-0.0501043160219	-0.00173739847755	1.32848119408e-11	2.0578600657e-05	100.0
0.000103517135101	-0.000456674965488	-0.000259497247363	0.00264917374213	-0.0443223119034	-0.0203310799241	1.32848119408e-11	2.0578600657e-05	100.0
0.00092060047991	-0.000605833604275	-0.000191631708438	0.110158799084	-0.0776754575631	-0.0233001618462	1.32838262584e-11	2.0577073803e-05	100.0
0.000131768070286	-0.00050582252905	0.000328600345533	0.00725311780523	-0.0541348168494	0.0306009963997	1.3269332703e-11	2.055462282e-05	100.0
0.00124449637905	-0.00107394871236	0.000719625532277	0.15747780517	-0.141209472577	0.0926838917455	1.3269332703e-11	2.055462282e-05	100.0
0.00110248126279	-0.00115706912405	0.000193368989803	0.138503735069	-0.150757176668	0.0246370810679	1.3269332703e-11	2.055462282e-05	100.0
0.000823275746464	-0.000640839647539	-2.62065533524e-05	0.0972701288946	-0.0806884202799	-0.00313534950271	1.3269332703e-11	2.055462282e-05	100.0
0.00126925495498	-0.00125983074912	-0.000627940691552	0.160818514449	-0.165756600059	-0.0806340187191	1.3269332703e-11	2.055462282e-05	100.0
0.000458331188146	-0.00077398957885	-0.00041327625226	0.051148510571	-0.0958020643931	-0.0488065236254	1.3269332703e-11	2.055462282e-05	100.0
0.000502272665516	-0.000358353652871	-0.00113142862039	0.0601441254185	-0.0482471598618	-0.140878119921	1.3269332703e-11	2.055462282e-05	100.0
0.000366239910265	-0.000530427462869	-0.00087644904621	0.0416480596308	-0.0684280756761	-0.106100105711	1.3269332703e-11	2.055462282e-05	100.0
0.000682947623265	-0.000402867157166	0.000347437109437	0.0767413887865	-0.0503634733418	0.0395344551202	1.32669238158e-11	2.0550891376e-05	100.0
4.98883519236e-05	-0.000138684746333	0.000701924357136	0.00196040814275	-0.0193165865263	0.0745758939464	1.32538584942e-11	2.0530652773e-05	100.0
0.00074175898394	-0.000795062480659	0.00104024638487	0.091505251144	-0.104265223182	0.131988832978	1.32538584942e-11	2.0530652773e-05	100.0
0.00077109522609	-0.00116441702736	-0.000295579152043	0.0946314353431	-0.150531072981	-0.0372197951189	1.32538584942e-11	2.0530652773e-05	100.0
0.000442911667913	-0.000737200780091	-0.000649036604503	0.05080452725	-0.0932312445741	-0.0783832052348	1.32538584942e-11	2.0530652773e-05	100.0
2.37480543939e-05	5.09219272397e-05	-0.00097621245815	0.000150357279062	0.00249437047049	-0.115885182299	1.32538584942e-11	2.0530652773e-05	100.0
0.00115075880448	-0.000934859303983	-7.82353418617e-05	0.143616743017	-0.121768862467	-0.0100448974974	1.3250147098e-11	2.0524903701e-05	100.0
0.000227853413471	-0.000487999521085	0.000655790096483	0.0224113857789	-0.0601300296792	0.0741204645187	1.32229100766e-11	2.048271268e-05	100.0
0.000452891883815	2.24477782978e-05	0.0012006119307	0.0545942837122	-0.000123845117622	0.149761660267	1.32229100766e-11	2.048271268e-05	100.0
0.00107006499204	-0.000686339549417	0.000870931832788	0.133596854713	-0.0904624395529	0.110431855201	1.32229100766e-11	2.048271268e-05	100.0
0.00137022447005	-0.00121677646719	-0.000384362153445	0.173772379722	-0.159999670481	-0.0493866513446	1.32229100766e-11	2.048271268e-05	100.0
0.000797706439347	-0.00108836300877	-0.000528865131909	0.0980664163791	-0.141061295952	-0.0669145352028	1.32229100766e-11	2.048271268e-05	100.0
0.00141058155589	-0.000870110631394	-0.000754427105492	0.179167785643	-0.114897670621	-0.0968690829587	1.32229100766e-11	2.048271268e-05	100.0
0.000670385304889	-0.000995582274354	-0.00062015188517	0.0812016497159	-0.12854454022	-0.0774604392688	1.32229100766e-11	2.048271268e-05	100.0
0.000573544640271	-0.000128849034955	-0.000773654088514	0.0668778268089	-0.0185278086754	-0.0919887069249	1.32229100766e-11	2.048271268e-05	100.0
0.000430310936424	-0.000302067907775	0.000303123691613	0.0383031109411	-0.0347809869359	0.0300302023356	1.32169507209e-11	2.0473481446e-05	100.0
0.000693677378257	-0.000708001178522	0.000388250626043	0.0814791922491	-0.0893347318671	0.0470559331699	1.32169507209e-11	2.0473481446e-05	100.0
0.000250872176405	-0.000488386546253	-6.54526636662e-05	0.0142436737311	-0.0505757039415	-0.00415500505784	1.32169507209e-11	2.0473481446e-05	100.0
0.0011842321602	-0.00053969257402	-0.000251157438085	0.146653707866	-0.0705586525555	-0.0308185707913	1.32169507209e-11	2.0473481446e-05	100.0
0.000603636084461	-0.000488473737013	6.48413924604e-06	0.0636263998721	-0.058936296933	0.00109362549987	1.31842220401e-11	2.0422783668e-05	100.0
0.000244314822778	-0.000777154492547	0.000112285586809	0.0222084748307	-0.0912102545908	0.0127966290344	1.31764975081e-11	2.041081812e-05	100.0
0.00122633464508	-0.00125637674474	-0.000491917033589	0.15508085719	-0.16495845331	-0.0631584010398	1.31764975081e-11	2.041081812e-05	100.0
0.000999571512484	-0.00107992787661	-0.000730015026811	0.124784099293	-0.141366779758	-0.0929229015934	1.31764975081e-11	2.041081812e-05	100.0
0.00108341866687	-0.000640214415632	0.000151758114542	0.132930531491	-0.0832941211965	0.0181347558786	1.31680286854e-11	2.0397699641e-05	100.0
0.00072422691642	-0.000964772334223	0.000643266186903	0.0881313146383	-0.124650779157	0.0806769799478	1.31610283283e-11	2.0386855863e-05	100.0
0.000139148324288	0.000202168273963	0.000565636306553	0.0117189321158	0.017256329456	0.0557648133325	1.31610283283e-11	2.0386855863e-05	100.0
0.00137938921413	-0.00131419204612	0.000295542370918	0.174979156695	-0.17276906574	0.0380137552881	1.31610283283e-11	2.0386855863e-05	100.0
0.0012870291966	-0.000591595730594	-0.000912974636744	0.16281308642	-0.0787217841972	-0.11648470569	1.31610283283e-11	2.0386855863e-05	100.0
7.60636702832e-05	-0.000241508297023	-0.000750115503081	0.00524005896214	-0.0315617086709	-0.0828870346607	1.31610283283e-11	2.0386855863e-05	100.0
3.23844354457e-05	-6.72516332748e-05	0.00088830844101	0.00055863274502	-0.0115864179616	0.102741424588	1.31455591485e-11	2.0362893606e-05	100.0
0.000958113826215	-0.000946587364963	0.000918379037597	0.119870473714	-0.124429181437	0.11675213536	1.31455591485e-11	2.0362893606e-05	100.0
0.000382807261441	-0.00089458616285	0.000239166434332	0.0413626252908	-0.110206248757	0.0285891943312	1.31455591485e-11	2.0362893606e-05	100.0
0.00122618728496	-0.000611751631155	0.000457907730193	0.152863288702	-0.0801400583418	0.0581560263942	1.31455591485e-11	2.0362893606e-05	100.0
0.00129085040306	-0.00126698545443	-0.000133885091053	0.163139220221	-0.16623333624	-0.0167226022289	1.31455591485e-11	2.0362893606e-05	100.0
0.000490738777621	-0.000991690510672	-0.000318158172488	0.0565325461327	-0.125400918767	-0.0386169087069	1.31455591485e-11	2.0362893606e-05	100.0
0.00101988346456	-0.000704848341535	-0.000649802369246	0.126350358761	-0.0919338858329	-0.0823873905306	1.31455591485e-11	2.0362893606e-05	100.0
0.00111255731195	-0.00105955262049	-0.000881888592015	0.140090569232	-0.139463246722	-0.112862592627	1.31455591485e-11	2.0362893606e-05	100.0
0.000415118784582	-0.000818512993581	-0.000579128257151	0.047002923155	-0.103055466718	-0.0699769618533	1.31455591485e-11	2.0362893606e-05	100.0
0.000367622579985	0.000100205617312	-0.00112520668297	0.0437110546443	0.00911115673912	-0.138688370463	1.31455591485e-11	2.0362893606e-05	100.0
0.000558955335231	-6.07402322432e-05	0.000457562648203	0.0594898245762	-0.00955083595599	0.0488413827764	1.31359588025e-11	2.0348022362e-05	100.0
0.000648430438135	-0.000442693994474	0.000188120023121	0.0704602975772	-0.054190382365	0.020510897959	1.31359588025e-11	2.0348022362e-05	100.0
0.000331816301447	-0.000534701793145	-3.35628997793e-06	0.025357703687	-0.0601438271797	-0.000801179450784	1.31359588025e-11	2.0348022362e-05	100.0
0.00127292442378	-0.000786089914514	1.49973259994e-05	0.158850005062	-0.103045562373	0.00224790509152	1.31359588025e-11	2.0348022362e-05	100.0
0.000205010363948	-0.000536472851508	0.000595874348611	0.0188824500329	-0.06449157692	0.067207840944	1.31300849397e-11	2.0338923559e-05	100.0
3.17897370226e-05	-3.92777826028e-05	0.00080946943184	0.000395402086477	-0.00870246898446	0.0909016949503	1.31300849397e-11	2.0338923559e-05	100.0
0.00111458206965	-0.000978753340438	0.000919108027585	0.140502275905	-0.128850121532	0.117871182653	1.31300849397e-11	2.0338923559e-05	100.0
0.000373734142033	-0.000118563315828	0.00120910815925	0.0443947621656	-0.0183672767918	0.150109350141	1.31300849397e-11	2.0338923559e-05	100.0
0.00106224056964	-0.0010056360361	0.000962340963186	0.133505180726	-0.132450923437	0.122948119227	1.31300849397e-11	2.0338923559e-05	100.0
0.00042669148966	-0.000932386547464	8.5052607704e-05	0.0470170359023	-0.115543507106	0.0106181276243	1.31300849397e-11	2.0338923559e-05	100.0
0.00114668002571	-0.00126273425027	0.000145437967728	0.144174287209	-0.165104677328	0.0185740495834	1.31300849397e-11	2.0338923559e-05	100.0
0.00129252391859	-0.00137353453427	-0.000426959000139	0.163642136712	-0.180505967465	-0.0546351720013	1.31300849397e-11	2.0338923559e-05	100.0
0.00103648575688	-0.00116661994093	-0.000642779402682	0.129816914155	-0.152706335766	-0.0821632663301	1.31300849397e-11	2.0338923559e-05	100.0
0.000563056332933	-0.000677756425981	-0.00102753309048	0.067794531014	-0.0887707157291	-0.128444241558	1.31300849397e-11	2.0338923559e-05	100.0
0.000448699926161	-2.12018018489e-05	-0.00077538202006	0.0505696988819	-0.00575571298535	-0.0903020790248	1.31300849397e-11	2.0338923559e-05	100.0
0.000326453615914	-0.000202017183604	-0.00126531818029	0.0382102107883	-0.0287485283933	-0.157992332973	1.31300849397e-11	2.0338923559e-05	100.0
0.00113098377469	-0.000445822449751	0.000450612243327	0.139670487089	-0.0587428916614	0.0558200940116	1.31200822743e-11	2.0323429109e-05	100.0
0.000525524188721	-0.000364481816238	-0.000369787828765	0.0545674592579	-0.0439042346614	-0.0398567797558	1.31200822743e-11	2.0323429109e-05	100.0
0.000376237553661	-0.000408886385146	-0.000211186154497	0.0313538608073	-0.0458071145686	-0.0190333645943	1.31200822743e-11	2.0323429109e-05	100.0
0.00067133005236	-0.0010521160716	0.000436178403734	0.0810083720988	-0.135161938046	0.0542390377105	1.31146207888e-11	2.0314969093e-05	100.0
0.000805933938002	-0.000415680121923	-1.84731222441e-06	0.0918785028435	-0.0524674600761	-0.000812569545508	1.3104306326e-11	2.0298991658e-05	100.0
0.000419855332366	-0.000606174630933	0.000713574581914	0.0471822695337	-0.0767794477874	0.0851906254086	1.3099151609e-11	2.0291006836e-05	100.0
0.000578930614706	-0.000897427153286	0.000613369816673	0.0686887183448	-0.114987169832	0.0755710033219	1.3099151609e-11	2.0291006836e-05	100.0
0.000621016163427	-0.000961537948414	0.000668116325756	0.0747610952967	-0.123608439541	0.0839927875274	1.3099151609e-11	2.0291006836e-05	100.0
0.000773039556705	-0.00103617260596	0.000734594550817	0.0948247860855	-0.134520197218	0.0933815318211	1.3099151609e-11	2.0291006836e-05	100.0
0.000683661692853	-0.0010338411546	0.000481248034709	0.0822467672598	-0.132878889024	0.0602543061902	1.3099151609e-11	2.0291006836e-05	100.0
0.00126033704482	-0.00114122091004	0.000436664188577	0.158715256957	-0.1497097246	0.0558084116452	1.3099151609e-11	2.0291006836e-05	100.0
0.000951826745753	-0.0012149157242	-0.000196575781349	0.118293618707	-0.157882434275	-0.0252891824024	1.3099151609e-11	2.0291006836e-05	100.0
0.00114805188267	-0.000699572524597	-0.00117129099719	0.145134750763	-0.0931152295554	-0.149778219429	1.3099151609e-11	2.0291006836e-05	100.0
0.000465066763086	-0.000699263358499	-0.000739595247728	0.0536919383678	-0.0891325875781	-0.089696882355	1.3099151609e-11	2.0291006836e-05	100.0
0.000160078512327	-0.000338650596923	-0.000798089886717	0.015278221074	-0.0432941225798	-0.0916779025788	1.3099151609e-11	2.0291006836e-05	100.0
-6.04224330153e-05	-0.000161395932489	-0.000637706864473	-0.0102251994457	-0.0212788055354	-0.0640703558748	1.3099151609e-11	2.0291006836e-05	100.0
0.00060724860136	-0.000308793921122	0.000341715663464	0.0646504509511	-0.0389090769757	0.0371486589162	1.30886309575e-11	2.0274710009e-05	100.0
0.0010687998983	-0.000309183094021	0.00065170265398	0.131861642964	-0.0417432702083	0.080908490608	1.30886309575e-11	2.0274710009e-05	100.0
0.000643328564743	-0.000535201834253	0.000118293906659	0.0702788117644	-0.06600912518	0.0131702536064	1.30886309575e-11	2.0274710009e-05	100.0
0.00129767615623	-0.000492402731438	0.000219783370546	0.161665610697	-0.0649673516047	0.0275188602434	1.30886309575e-11	2.0274710009e-05	100.0
0.00108618492957	-0.000382136792399	-0.00063349222244	0.134097109535	-0.0504790604697	-0.0795009497287	1.30730561688e-11	2.025058416e-05	100.0
0.000280407882985	-0.000826368643227	0.000214641283186	0.0278564361898	-0.0995209055896	0.0245830668169	1.30682132494e-11	2.0243082323e-05	100.0
0.00165182230979	-0.000897467193963	0.000103534285732	0.210637152036	-0.118624991024	0.0133090418821	1.3057571902e-11	2.0226598534e-05	100.0
0.000302455085626	-0.000549179719381	0.000637657045001	0.0315165591298	-0.0677694185899	0.073453515597	1.30372748897e-11	2.0195157809e-05	100.0
-2.6329114784e-05	0.000100418894886	0.000593473102468	-0.00540292804987	0.00466411548316	0.0572689737528	1.30372748897e-11	2.0195157809e-05	100.0
0.00116535461236	-0.00122009806186	0.000357826247563	0.146369907945	-0.159709745377	0.0457605804272	1.30372748897e-11	2.0195157809e-05	100.0
0.000417003048807	-0.000432170682728	0.000385148040493	0.0419026131766	-0.0504196245177	0.0403682511566	1.30372748897e-11	2.0195157809e-05	100.0
0.00114249464608	-0.000703825266478	0.000590337737447	0.142651213939	-0.0921599645711	0.0748155867223	1.30372748897e-11	2.0195157809e-05	100.0
0.00109818184404	-0.000542982990071	-8.93803552112e-05	0.134233934485	-0.0705234530148	-0.0105700249514	1.30372748897e-11	2.0195157809e-05	100.0
0.000648156847897	-0.0010247856102	-0.000563864698243	0.0781883694962	-0.132015475531	-0.0705814891049	1.30372748897e-11	2.0195157809e-05	100.0
0.000385263526301	-0.000538556225179	3.14398851835e-05	0.0348387797226	-0.0596149702377	0.0032451953321	1.30372748897e-11	2.0195157809e-05	100.0
0.00072654517221	-0.000727921942675	-0.00116579759079	0.0896981396258	-0.0961726342501	-0.147687887554	1.30372748897e-11	2.0195157809e-05	100.0
0.00109932251656	-0.000395048809301	-0.000163566676889	0.133779462494	-0.0517817715045	-0.0199143573975	1.3026890021e-11	2.0179071314e-05	100.0
0.00142117646645	-0.000609390944232	-0.000261056952183	0.178854409725	-0.0804211832285	-0.0332854509034	1.3026890021e-11	2.0179071314e-05	100.0
0.000812795957396	-8.60081181289e-05	-0.000843787042418	0.098903105892	-0.012872192305	-0.104145007987	1.3026890021e-11	2.0179071314e-05	100.0
0.00131194787407	-0.0013536405092	-0.000133041702124	0.165959382933	-0.177710131069	-0.017054691108	1.30063315011e-11	2.0147225506e-05	100.0
0.00109733891192	-0.00122517265247	-0.000306284887857	0.13776960888	-0.159962434314	-0.0388746939835	1.30063315011e-11	2.0147225506e-05	100.0
0.00127927149601	-0.00107491800483	-0.000769615173072	0.161951544737	-0.141650613443	-0.0983749527771	1.30063315011e-11	2.0147225506e-05	100.0
0.000802702271016	-0.000994773289711	-0.000759524260796	0.098827864044	-0.129603667284	-0.0957343388047	1.30063315011e-11	2.0147225506e-05	100.0
0.000696568773823	-0.000101880553057	0.000735264416568	0.0823962102675	-0.015424303512	0.0883267931113	1.29965651984e-11	2.0132097189e-05	100.0
0.000320776897335	0.000109364006509	0.00063119938667	0.0323056526345	0.00970656157372	0.0682667794088	1.29965651984e-11	2.0132097189e-05	100.0
0.00111323841062	-0.000348333642338	0.000771860682974	0.138671413276	-0.0470541260746	0.0965124678109	1.29965651984e-11	2.0132097189e-05	100.0
0.000292971116674	1.70336056849e-05	0.000742262074857	0.0309615010389	-0.000981522093657	0.0837528550338	1.29965651984e-11	2.0132097189e-05	100.0
0.000420031434665	-0.000365667430011	0.000114934397432	0.0343702636987	-0.040284680281	0.0107373815185	1.29965651984e-11	2.0132097189e-05	100.0
0.0016718723933	-0.000779918148661	0.000523522736691	0.213038743909	-0.103446463935	0.0675645029462	1.29965651984e-11	2.0132097189e-05	100.0
0.000233894131843	-0.0005612617585	0.000149317284681	0.0171575898692	-0.0600412519951	0.0136060989281	1.29965651984e-11	2.0132097189e-05	100.0
0.00165304067546	-0.00101824541925	-0.000236690058397	0.210981893109	-0.134496841831	-0.0305581594511	1.29965651984e-11	2.0132097189e-05	100.0
0.00124365832301	-0.000758393278254	-0.000415191817012	0.156045807194	-0.0994558920627	-0.0528828538641	1.29965651984e-11	2.0132097189e-05	100.0
0.000379618685609	-0.000769458790231	0.000580611655765	0.042007271658	-0.0965194758899	0.0694200034184	1.29908572923e-11	2.0123255459e-05	100.0
0.000995189175443	-0.00109398179395	0.000459923904732	0.123908824187	-0.142480308168	0.0581586042646	1.29908572923e-11	2.0123255459e-05	100.0
0.000360855189211	9.63007411709e-05	0.000841833963149	0.0406182893997	0.00800298814008	0.0986903167388	1.29908572923e-11	2.0123255459e-05	100.0
0.00136955692264	-0.00115160668921	0.000609947867874	0.173782674333	-0.151735445314	0.078172512257	1.29908572923e-11	2.0123255459e-05	100.0
0.00147932451541	-0.00126421262719	-0.00030324685749	0.188005604259	-0.166404543017	-0.0390904819482	1.29908572923e-11	2.0123255459e-05	100.0
0.00142934210901	-0.00132499989514	-0.000680816526154	0.18198367458	-0.174596147153	-0.0877305773018	1.29908572923e-11	2.0123255459e-05	100.0
0.00077407542165	-0.000173778034763	-0.000932342740156	0.094345543286	-0.0244664829425	-0.115422847542	1.29908572923e-11	2.0123255459e-05	100.0
0.000299484285574	-0.000438269448798	-0.000935037003571	0.033705300353	-0.0571887800965	-0.112602359689	1.29908572923e-11	2.0123255459e-05	100.0
0.00110772342056	-0.000786973953433	-0.000624994911007	0.138037554012	-0.103450135079	-0.0798220345313	1.29815335409e-11	2.0108812668e-05	100.0
0.00123929111018	-0.000365469653553	-0.000859453920556	0.156389693747	-0.0491643092008	-0.109071152232	1.29815335409e-11	2.0108812668e-05	100.0
0.000345937998241	2.8620586347e-05	-0.000613727919752	0.0347042344151	0.000325211615733	-0.0658402654664	1.29815335409e-11	2.0108812668e-05	100.0
0.00126691852854	-0.00118152306054	-6.44731907498e-05	0.159585234282	-0.154752656788	-0.00833082497198	1.29753881125e-11	2.0099293202e-05	100.0
0.000844963046322	-0.00124006206761	-0.000273259468044	0.104313180203	-0.16101687626	-0.0346696499413	1.29753881125e-11	2.0099293202e-05	100.0
0.000956182862902	-0.000991089013341	-0.00091399314977	0.119293049784	-0.130167761399	-0.11624450797	1.29753881125e-11	2.0099293202e-05	100.0
0.000452739735907	-0.000758081492667	-0.000650694605134	0.051625426213	-0.09578537301	-0.0785985958265	1.29753881125e-11	2.0099293202e-05	100.0
0.000567749997541	-5.65552354891e-05	0.000932703485398	0.0675996283174	-0.00994194305745	0.113678911256	1.29665873762e-11	2.0085660579e-05	100.0
0.00102877046652	-0.000805319825852	-8.35744901481e-05	0.12655200577	-0.10386550872	-0.0112412843662	1.29665873762e-11	2.0085660579e-05	100.0
0.00118365679051	-0.000353456983315	0.00119065923984	0.149801430381	-0.0480578318193	0.152262292534	1.29599139037e-11	2.0075323155e-05	100.0
0.00021385491166	-0.00061898452576	0.000317672763386	0.0179482926969	-0.0705549741732	0.0329851049623	1.29444396948e-11	2.0051353109e-05	100.0
0.0010042314611	-0.00122908438248	0.000260955196176	0.12547019546	-0.160196996099	0.0328493017014	1.29444396948e-11	2.0051353109e-05	100.0
0.00039432109879	-0.000840498260314	5.57070474433e-05	0.0418245883241	-0.102044050599	0.00606752589134	1.29444396948e-11	2.0051353109e-05	100.0
0.000892111822418	-0.00117587472193	-1.13141353896e-06	0.109933989979	-0.152384099491	-0.000382124184394	1.29444396948e-11	2.0051353109e-05	100.0
0.000299387449584	-0.000832875628356	7.22559030915e-06	0.0297457416352	-0.0997832483936	0.00149494301765	1.29444396948e-11	2.0051353109e-05	100.0
0.00133667866557	-0.000843979127505	0.000103047511164	0.168406542695	-0.11046169424	0.0127028557263	1.29444396948e-11	2.0051353109e-05	100.0
0.000923528228467	-0.000847631961582	-0.000279039025373	0.112715222421	-0.109135399465	-0.0350866337553	1.29444396948e-11	2.0051353109e-05	100.0
0.00042842440103	-0.000623926448687	-0.000783410034993	0.0490538015626	-0.0797727044967	-0.0945402225645	1.29444396948e-11	2.0051353109e-05	100.0
0.000219566687456	-0.000416458760539	-0.000802504504631	0.0224593457993	-0.052919663148	-0.0935599608453	1.29444396948e-11	2.0051353109e-05	100.0
1.48219577259e-05	-0.000371775012223	-0.00040992636214	-0.00464296754204	-0.0386700443418	-0.03438841186	1.29444396948e-11	2.0051353109e-05	100.0
0.00101556394994	-0.000269075220775	0.00088752877002	0.126055003876	-0.0366245702189	0.111533707006	1.29369414676e-11	2.0039738114e-05	100.0
0.00139235606747	-0.000687537312321	0.000780394913669	0.176560561719	-0.0911400271815	0.0999731381118	1.29369414676e-11	2.0039738114e-05	100.0
0.0005439761663	-0.000270790900736	0.000478911998284	0.0582530845225	-0.0334776884101	0.0531164638489	1.29369414676e-11	2.0039738114e-05	100.0
0.00124143068341	-0.000659997467685	0.000521890724458	0.155463176133	-0.0867835605351	0.0660561415535	1.29369414676e-11	2.0039738114e-05	100.0
0.00180374050799	-0.000889160689036	-0.000213027604436	0.230941076635	-0.117841385074	-0.0270141987137	1.29369414676e-11	2.0039738114e-05	100.0
0.00123753456111	-0.000434679261468	-0.000386249121372	0.1538481628	-0.0573057177575	-0.0483891475314	1.29369414676e-11	2.0039738114e-05	100.0
0.00120081245033	-0.000697295225874	-0.000507209655645	0.149758321301	-0.0918047219368	-0.0641148829066	1.29369414676e-11	2.0039738114e-05	100.0
0.000939294419048	-0.000371093122357	-0.000908204464103	0.116175531225	-0.0495103599016	-0.114274154907	1.29369414676e-11	2.0039738114e-05	100.0
0.000510195197417	-5.74594729603e-05	-0.000529611604652	0.0543638487266	-0.00908736406677	-0.0576425373855	1.29369414676e-11	2.0039738114e-05	100.0
0.000819262234526	-0.000340125973818	-0.000320582189423	0.0947613158812	-0.0440497625102	-0.0373585726284	1.29369414676e-11	2.0039738114e-05	100.0
0.00127098855291	-0.000553820741848	-0.000680229947952	0.159569041826	-0.0734387441883	-0.086409386106	1.29369414676e-11	2.0039738114e-05	100.0
0.000725146772226	-0.00087781172376	0.000894189155127	0.0887119735693	-0.114335408587	0.113057697721	1.2928960457e-11	2.0027375272e-05	100.0
0.00107435958231	-0.00121345747363	-0.000230951498222	0.134247879411	-0.158333654267	-0.0296514728722	1.2928960457e-11	2.0027375272e-05	100.0
0.000820931253335	-0.00096717760569	-0.000872932043477	0.101662121633	-0.126450493435	-0.110405294698	1.2928960457e-11	2.0027375272e-05	100.0
6.59534685309e-05	-0.000172184746978	-0.000872673324487	0.00471273414883	-0.0246136847711	-0.100766804783	1.2928960457e-11	2.0027375272e-05	100.0
0.000893805078671	-0.000212281326348	0.000673068072619	0.108485354612	-0.0294154455137	0.081890110411	1.29222417235e-11	2.0016967738e-05	100.0
0.00179043103827	-0.00113609480172	6.0086385765e-05	0.229560792815	-0.150300556131	0.00759920181182	1.29222417235e-11	2.0016967738e-05	100.0
0.000812621486397	-0.000319847509855	0.000990984813663	0.0999075553753	-0.0433380759703	0.123690641701	1.29134862482e-11	2.0003405225e-05	100.0
0.0013239287202	-0.000629707754557	0.00106555080152	0.167980842894	-0.0839337029233	0.136567146345	1.29134862482e-11	2.0003405225e-05	100.0
0.000228565433231	-0.000716706136981	-9.54849033757e-05	0.0195926950428	-0.0819769877776	-0.00959472636598	1.29134862482e-11	2.0003405225e-05	100.0
0.000390476976361	9.33982377464e-05	0.000710530284774	0.0431223402316	0.00754740995186	0.0805546713971	1.29134862482e-11	2.0003405225e-05	100.0
0.00195149713104	-0.00105752593663	0.00022774955589	0.250823552794	-0.140162202999	0.029173076591	1.29134862482e-11	2.0003405225e-05	100.0
0.000709491992322	-0.00115077262647	-0.00052332101267	0.0864859500474	-0.148939142902	-0.0667369000821	1.29134862482e-11	2.0003405225e-05	100.0
0.00111977668536	-0.000792668120309	-0.000640569096503	0.13952725303	-0.103921725558	-0.080919916393	1.29134862482e-11	2.0003405225e-05	100.0
0.00054588726421	-0.000860819653364	-0.000671838378713	0.0644805285355	-0.11013554711	-0.0830213642855	1.29134862482e-11	2.0003405225e-05	100.0
0.000420134243455	-0.000291432349451	-0.000583023135215	0.0441112112322	-0.0366317253609	-0.0647048522131	1.29134862482e-11	2.0003405225e-05	100.0
0.000545803437468	-0.000172304180229	-0.000379471509891	0.055910641525	-0.0224872039362	-0.0392944915581	1.29076123854e-11	1.9994306423e-05	100.0
0.000194366143034	3.57532907853e-05	0.000878317686844	0.0204021052061	0.000145501399683	0.102265333734	1.285155421e-11	1.9907470507e-05	100.0
0.00108104730237	-0.00113118308969	0.000810662731177	0.135778560997	-0.148531684428	0.103706749955	1.285155421e-11	1.9907470507e-05	100.0
0.000859852287791	-0.00127375300309	6.33063870835e-05	0.106503435223	-0.165435495687	0.00796244985992	1.285155421e-11	1.9907470507e-05	100.0
0.000938480167753	-0.00114061978511	-0.000571764527328	0.116730075454	-0.148589046252	-0.0730368471843	1.285155421e-11	1.9907470507e-05	100.0
0.000880951170183	-0.00105851067779	-0.000757191520908	0.109487672994	-0.138230553826	-0.0962464387855	1.285155421e-11	1.9907470507e-05	100.0
0.000729322834406	-0.00016129341843	-0.00117820843088	0.0899829135654	-0.0234690473506	-0.147955768988	1.285155421e-11	1.9907470507e-05	100.0
0.000149031709106	-0.000430082186344	-0.000545777640036	0.011382688358	-0.0506672420489	-0.0570974742469	1.285155421e-11	1.9907470507e-05	100.0
0.000438583358393	4.70254685557e-05	0.000465179586283	0.0437992587778	0.00130914578648	0.046719560969	1.28498694977e-11	1.9904860834e-05	100.0
0.000989188072916	-0.000340143519389	0.000477523998709	0.119770584068	-0.0451660417218	0.0582252143373	1.28498694977e-11	1.9904860834e-05	100.0
0.0010803484981	-0.000456413386812	0.000638804266236	0.133315792833	-0.0606155723627	0.079605256184	1.28498694977e-11	1.9904860834e-05	100.0
0.000778886265859	-0.000468211610648	0.000211381190601	0.0889530999043	-0.0595395894681	0.0243752196705	1.28498694977e-11	1.9904860834e-05	100.0
0.00146736728159	-0.000787531783967	0.000573994414942	0.185912669069	-0.104147617385	0.0735405587268	1.28498694977e-11	1.9904860834e-05	100.0
0.000318984938166	-0.000457673584735	0.000265792351087	0.0272386712479	-0.04982074614	0.0252111947072	1.28498694977e-11	1.9904860834e-05	100.0
0.000702455437489	-0.000300616160942	-0.00025130793754	0.0767615475055	-0.0377190656859	-0.028798190609	1.28498694977e-11	1.9904860834e-05	100.0
0.00146976750044	-0.000793337470678	-0.000684647669387	0.186499206076	-0.104914886989	-0.0878610189013	1.28498694977e-11	1.9904860834e-05	100.0
0.000195627384421	0.000232949011861	-0.000631898627037	0.019012485937	0.0221829365382	-0.0673326573385	1.28498694977e-11	1.9904860834e-05	100.0
0.00120274791217	-0.000367470861769	-0.000648999889254	0.150252279878	-0.0490717290857	-0.081453919081	1.28498694977e-11	1.9904860834e-05	100.0
0.000389081884258	4.88536644693e-05	-0.000442329580297	0.0366998358433	0.00160808863829	-0.0420492581592	1.28498694977e-11	1.9904860834e-05	100.0
0.000467478130175	-0.000286748538266	-5.79400500264e-05	0.0391950798807	-0.0320460720763	-0.0032620528736	1.28498694977e-11	1.9904860834e-05	100.0
0.00135138839326	-0.000672253011353	-0.000784980970187	0.170831911883	-0.0891969048587	-0.10017114289	1.28498694977e-11	1.9904860834e-05	100.0
0.000553560339492	0.000176213640666	-0.000819641040252	0.0654266397284	0.0188032483981	-0.0980623857896	1.28498694977e-11	1.9904860834e-05	100.0
0.00136204272365	-0.000674680292358	0.00122470506099	0.173528060608	-0.0902797920649	0.157231093488	1.28214255181e-11	1.9860800195e-05	100.0
0.000469609622779	-0.00011338538632	0.000531989259537	0.049058810388	-0.016149141002	0.0569576276263	1.28214255181e-11	1.9860800195e-05	100.0
0.00162517760796	-0.000826294873327	0.000313889238505	0.207044600103	-0.109309318075	0.0399114869918	1.28214255181e-11	1.9860800195e-05	100.0
0.00108818506004	-0.000761952394821	0.000332803873825	0.134823039468	-0.0990340767424	0.0415847890984	1.28214255181e-11	1.9860800195e-05	100.0
0.000699010760786	-0.000255359182228	-0.000425677379003	0.0786624369719	-0.0333621524289	-0.0483918017299	1.28214255181e-11	1.9860800195e-05	100.0
0.000799843649178	-0.000142583075462	-0.000618085791297	0.0949253641013	-0.0205749307742	-0.0736889489634	1.28214255181e-11	1.9860800195e-05	100.0
0.000611401461933	-0.000741828274632	0.000726255383727	0.0727711722597	-0.0952702566455	0.0893661288256	1.28205806474e-11	1.9859491464e-05	100.0
0.000193704515247	-0.000680187480971	0.000244251924496	0.0155747757051	-0.0778123079069	0.0254690935879	1.28205806474e-11	1.9859491464e-05	100.0
0.000755882575072	-0.000984527457449	0.000861156121389	0.0926783371109	-0.128315754221	0.109271177613	1.28205806474e-11	1.9859491464e-05	100.0
0.000646970755681	-0.00108456560458	0.00027048811293	0.0774473799473	-0.138877598747	0.0335458719724	1.28205806474e-11	1.9859491464e-05	100.0
0.000119822556278	-0.000203702433192	-0.000990622068527	0.0114053328391	-0.0286124142736	-0.11827278873	1.28205806474e-11	1.9859491464e-05	100.0
6.21076586353e-05	-0.000321480404721	-0.000531046147203	0.0014433967111	-0.0365159008554	-0.0512095645185	1.28205806474e-11	1.9859491464e-05	100.0
0.000370268708036	-0.000864399244688	0.000217375043273	0.0395331477182	-0.10604960635	0.0252030366926	1.27895970269e-11	1.9811496839e-05	100.0
0.000678952554169	-0.000246731599075	0.00086939256215	0.0810036665247	-0.033256981848	0.106773235897	1.27895970269e-11	1.9811496839e-05	100.0
0.0012992161867	-0.000572562045764	0.000672526552144	0.163964544034	-0.0759834005444	0.0851539344727	1.27895970269e-11	1.9811496839e-05	100.0
0.000770749434604	-0.000482662586855	-0.000680846435002	0.0932040939483	-0.0622477372769	-0.0834191792795	1.27895970269e-11	1.9811496839e-05	100.0
0.000847289315997	-6.67001312827e-05	0.00101588493913	0.104911646093	-0.0114421925175	0.126634092687	1.2779267477e-11	1.9795496035e-05	100.0
0.00144118834387	-0.000826821341448	-0.000219734157099	0.18220647568	-0.108999842148	-0.0282744377721	1.2779267477e-11	1.9795496035e-05	100.0
0.000854717051263	-0.000284579224449	-0.00055681076349	0.101805018757	-0.0382463563011	-0.0667072997206	1.2779267477e-11	1.9795496035e-05	100.0
0.000520198127158	-1.00492274861e-05	-0.000639365714669	0.0575588389225	-0.0045477841577	-0.0724985508491	1.2779267477e-11	1.9795496035e-05	100.0
0.000607150583234	0.000106916478063	0.000901940883909	0.0726152601032	0.0104954304061	0.109709469352	1.27740976731e-11	1.9787487842e-05	100.0
0.00146233846449	-0.000773496556659	0.00100701441555	0.186432623191	-0.102719186598	0.129938715166	1.27740976731e-11	1.9787487842e-05	100.0
0.0012766826379	-0.00131936938665	9.78341297207e-05	0.161509972086	-0.173035402764	0.0126947642375	1.27740976731e-11	1.9787487842e-05	100.0
0.000523539597746	-0.000959446852608	-0.000142944878386	0.0600774443557	-0.120477581787	-0.0170724751423	1.27740976731e-11	1.9787487842e-05	100.0
0.00070179584909	-0.000176700340822	-0.000730158451112	0.0826845538531	-0.0238939268205	-0.0883382489139	1.27740976731e-11	1.9787487842e-05	100.0
0.000705840147162	-0.000934577867625	-0.000993761344559	0.0866957380893	-0.122372752927	-0.125549896621	1.27740976731e-11	1.9787487842e-05	100.0
0.000206712146846	-0.000572625484675	-0.000610395641748	0.019322511606	-0.0694270315236	-0.0698396819299	1.27740976731e-11	1.9787487842e-05	100.0
0.000570486757496	0.000175983147038	0.00102309182433	0.0687415920501	0.0191538796101	0.126149088013	1.27653472268e-11	1.977393312e-05	100.0
0.000623311333929	-0.000301224129582	0.000140487385092	0.0643676790383	-0.0369927977368	0.0135923580947	1.27653472268e-11	1.977393312e-05	100.0
0.00126239508234	-0.000996708892595	0.00116335728701	0.160368512757	-0.13206040298	0.149533394599	1.27653472268e-11	1.977393312e-05	100.0
0.000546148946036	-0.000490812823314	0.000111851876987	0.0554651706024	-0.0592013247823	0.0115446110535	1.27653472268e-11	1.977393312e-05	100.0
0.00174965651179	-0.00119254210749	0.000655228020963	0.224265459794	-0.1577684592	0.0846395809801	1.27653472268e-11	1.977393312e-05	100.0
0.00179074106053	-0.000924438096698	-0.000540614149965	0.229779534238	-0.122505905745	-0.0699861541091	1.27653472268e-11	1.977393312e-05	100.0
0.000607910433955	-0.000319124175796	-0.000654906419748	0.0701690869774	-0.0406374252106	-0.0776374226273	1.27653472268e-11	1.977393312e-05	100.0
0.000271652914776	-5.51604449421e-05	-0.000522021359005	0.0231896458981	-0.00849333010386	-0.0505591449467	1.27653472268e-11	1.977393312e-05	100.0
0.00111331824217	-0.000364356606287	-0.00115806723558	0.140404052214	-0.0494581636754	-0.147792054252	1.27653472268e-11	1.977393312e-05	100.0
0.000626518783539	-6.04528895858e-05	-0.00103115315391	0.0756524274981	-0.0101531751799	-0.127721730317	1.27653472268e-11	1.977393312e-05	100.0
0.000130767391511	-0.000527860148179	0.000361266485192	0.00772423411378	-0.0581540041935	0.034849703773	1.27585983193e-11	1.9763478845e-05	100.0
0.000429519847678	-0.000717131983283	0.000839657345671	0.0497309635532	-0.0919318540135	0.103477744308	1.27585983193e-11	1.9763478845e-05	100.0
-2.75726805616e-05	1.23592925437e-06	0.000796745244249	-0.00595737980689	-0.00427929510977	0.0887798007898	1.27585983193e-11	1.9763478845e-05	100.0
0.000987831262026	-0.0011398483149	0.000701324600204	0.123358832604	-0.149136854135	0.0893830937882	1.27585983193e-11	1.9763478845e-05	100.0
0.00106683810199	-0.0012040607721	0.000484097774902	0.133562204661	-0.157423257446	0.0619288568722	1.27585983193e-11	1.9763478845e-05	100.0
0.000954343781512	-0.00120394693011	0.000229173015542	0.118375746388	-0.15650221936	0.0291063632555	1.27585983193e-11	1.9763478845e-05	100.0
0.000583142175967	-0.00105541202085	-0.000123138395973	0.0685475854497	-0.1340501597	-0.0155675455081	1.27585983193e-11	1.9763478845e-05	100.0
0.00123404874358	-0.000646159949929	0.000187496164523	0.153139750689	-0.0845934072109	0.0240569363855	1.27585983193e-11	1.9763478845e-05	100.0
0.00137548787364	-0.000910512170144	-0.00047323886995	0.173999383862	-0.119830675066	-0.0607914852605	1.27585983193e-11	1.9763478845e-05	100.0
0.000139191202733	-0.000455119417759	-0.000556356935239	0.0105340929774	-0.0527716620323	-0.0595265675905	1.27585983193e-11	1.9763478845e-05	100.0
0.000518665528232	-0.000600057490758	-0.00111611938531	0.0625174246046	-0.0792666896402	-0.139496525536	1.27585983193e-11	1.9763478845e-05	100.0
0.000362728866167	-0.000559663494047	-0.000908831872832	0.0412289751998	-0.0722414590021	-0.11046178157	1.27585983193e-11	1.9763478845e-05	100.0
0.000523959803226	-0.000292566568229	-0.00106005216403	0.0628538624743	-0.0402153776258	-0.130573132903	1.27585983193e-11	1.9763478845e-05	100.0
-9.05815268131e-05	8.55530859504e-06	-0.000591040007116	-0.0125022513859	-0.00370687142101	-0.0558836902354	1.27585983193e-11	1.9763478845e-05	100.0
0.00138708057567	-0.00140935923087	7.09165227711e-05	0.175917957599	-0.18520907384	0.00885286561662	1.27430939365e-11	1.9739462058e-05	100.0
0.0014391972682	-0.000892338413811	-0.000943443258113	0.183106563829	-0.118252818131	-0.120990668239	1.27430939365e-11	1.9739462058e-05	100.0
0.00068782124925	1.78139910009e-05	0.000563228164042	0.078887426415	-0.000648059890712	0.0651318904871	1.2737692799e-11	1.9731095522e-05	100.0
0.00164450812454	-0.000884730716892	2.09480367591e-05	0.209717251476	-0.116931101045	0.00297122663425	1.2737692799e-11	1.9731095522e-05	100.0
0.00138470656976	-0.00114836816103	-3.40859035522e-05	0.174856604821	-0.150821989233	-0.00428851124873	1.2737692799e-11	1.9731095522e-05	100.0
0.00137675434106	-0.00051719213075	0.000549251234323	0.173298982282	-0.0687230356549	0.0694883355663	1.27239586215e-11	1.970982084e-05	100.0
7.95235410059e-05	-0.000377112715683	0.000420545352642	0.00158323559811	-0.0396173313307	0.037189275375	1.2712080142e-11	1.9691420694e-05	100.0
0.00197868213809	-0.00116986898771	-0.000362462930791	0.254433193663	-0.154894960557	-0.0468674212327	1.2712080142e-11	1.9691420694e-05	100.0
0.000778758209491	-0.00107645565199	-0.000589695136102	0.0954589287325	-0.139686876279	-0.0743488483334	1.2712080142e-11	1.9691420694e-05	100.0
0.000857081684519	-0.000178926731108	0.00137911111919	0.10751502607	-0.0258899844946	0.175695306987	1.27102847918e-11	1.9688639638e-05	100.0
0.00187235298497	-0.000975557602706	0.000305472741037	0.240780778662	-0.129292620102	0.0395451931024	1.27102847918e-11	1.9688639638e-05	100.0
0.000385819264124	-0.000517845927756	0.00103810086215	0.0450973608347	-0.0681395367192	0.127834083367	1.26965707303e-11	1.9667396116e-05	100.0
0.00048364827069	-0.000641416101927	0.00110936464479	0.057896079663	-0.08432035004	0.138990716042	1.26965707303e-11	1.9667396116e-05	100.0
0.000588402835061	-0.00022751124463	0.000857253361093	0.0692771569052	-0.0310200783269	0.103824565596	1.26965707303e-11	1.9667396116e-05	100.0
0.00136645001693	-0.000777238546351	0.000655048295931	0.172795743471	-0.102701615902	0.0837376516887	1.26965707303e-11	1.9667396116e-05	100.0
0.00085254566374	-0.000279693029474	-0.000683873202481	0.10296595517	-0.0366384037163	-0.0839469846187	1.26965707303e-11	1.9667396116e-05	100.0
-7.71395048339e-05	0.000200659687304	-0.000534050034617	-0.0100669554872	0.0142519321333	-0.0497920919656	1.26965707303e-11	1.9667396116e-05	100.0
4.06627261453e-05	0.000166364329756	-0.000570624384188	0.0014617345028	0.0116813204013	-0.054917479459	1.26965707303e-11	1.9667396116e-05	100.0
0.000380834191733	0.000166966359669	0.000417409704308	0.0360719908308	0.0131490939591	0.0393315923059	1.26831131473e-11	1.9646549888e-05	100.0
0.00029548107663	0.000251384089493	0.000714607321881	0.0319900772155	0.0257535023815	0.080770181193	1.26831131473e-11	1.9646549888e-05	100.0
0.000466969751796	-0.000433530878705	0.000191896062729	0.0437923694532	-0.0509760676646	0.0191095463461	1.26831131473e-11	1.9646549888e-05	100.0
0.00122745974639	-0.00107271114274	0.000894176895126	0.155009154423	-0.141403932393	0.114487973471	1.26831131473e-11	1.9646549888e-05	100.0
0.00106893415034	-0.000509853572481	0.000964267516944	0.133772154078	-0.0677649255461	0.122667033647	1.26831131473e-11	1.9646549888e-05	100.0
0.000995532416024	-0.000513711855606	-0.000443825401607	0.121204704077	-0.0668427737908	-0.0546135290214	1.26831131473e-11	1.9646549888e-05	100.0
0.00168439987682	-0.00128172077044	-0.000986401089865	0.216189280323	-0.169640708165	-0.12777049321	1.26831131473e-11	1.9646549888e-05	100.0
0.000318533858083	0.000160588101445	-0.000758030323756	0.0350476687743	0.0156382375971	-0.0866021954741	1.26831131473e-11	1.9646549888e-05	100.0
0.0012012639077	-0.000501912088766	-0.000436011783876	0.149042826747	-0.0662970745283	-0.0543102044108	1.26831131473e-11	1.9646549888e-05	100.0
0.0012496814836	-0.000901299446236	-0.00108402579429	0.158552374857	-0.119554961554	-0.139209531127	1.26831131473e-11	1.9646549888e-05	100.0
0.000657713666556	4.479572515e-05	-0.00103287248734	0.0803294459595	0.00260108959699	-0.127876167861	1.26831131473e-11	1.9646549888e-05	100.0
0.000840624967131	-0.000463171082214	0.00103021055205	0.103763194478	-0.0619976220241	0.129245422998	1.26655317908e-11	1.9619315801e-05	100.0
5.41617506893e-05	0.00010064789965	0.000638285711028	0.00238533341843	0.00590278428327	0.0648369553724	1.26655317908e-11	1.9619315801e-05	100.0
0.00105322148566	-0.0012658641495	0.000489905302543	0.131539442273	-0.165506265377	0.062263863553	1.26655317908e-11	1.9619315801e-05	100.0
0.000750944191614	-0.000319798934037	-0.00104953887823	0.0917423900609	-0.043457489883	-0.13106648335	1.26655317908e-11	1.9619315801e-05	100.0
0.000921466653068	-0.00051277097559	0.00130069445587	0.115777246521	-0.0690510227581	0.165797316368	1.26561627784e-11	1.96048029e-05	100.0
0.000684803578959	-0.000473532368827	-0.000108890172586	0.0748548719927	-0.0588136648195	-0.0131324747374	1.26561627784e-11	1.96048029e-05	100.0
0.00171056694586	-0.00147615261365	-4.62465291907e-05	0.219029977375	-0.194688392109	-0.00600687915335	1.26561627784e-11	1.96048029e-05	100.0
0.00100658661481	-0.000855159283026	-0.000333624784647	0.124100588358	-0.111000537519	-0.04184707134	1.26561627784e-11	1.96048029e-05	100.0
0.000587639291413	-0.000269375703079	-0.000313999756649	0.0608123068845	-0.0336924595278	-0.0334807073036	1.26561627784e-11	1.96048029e-05	100.0
0.00114654574311	-0.000363484751344	-0.000908488943887	0.143390525088	-0.0488800259369	-0.114990969167	1.26561627784e-11	1.96048029e-05	100.0
0.000579649655963	0.000300705803863	-0.00112984007031	0.0707985077876	0.0354915559155	-0.141139159376	1.26561627784e-11	1.96048029e-05	100.0
0.00117343682626	-0.000471503863785	-0.00118294690394	0.148331254603	-0.0636379954792	-0.150934896547	1.26561627784e-11	1.96048029e-05	100.0
0.000960459248301	-0.000267242811204	-0.00130330220008	0.120728719588	-0.0372974083734	-0.165916999428	1.26561627784e-11	1.96048029e-05	100.0
