# x[AU] y[AU] z[AU] vx[AU/yr/2pi] vy[AU/yr/2pi] vz[AU/yr/2pi] m[MSUN] m[mtot] wf[%]
-3.67770738398e-08	2.39163975544e-07	7.92889267969e-08	-3.09808250632e-06	3.59580442459e-05	1.11585129861e-05	9.44211576851e-10	0.99848688895	12.9077551638
-1.99666940052e-05	-1.3664066895e-05	-4.30222740182e-06	-0.0099196898542	-0.00192500882774	-0.00365594054693	2.01587552239e-14	2.1317523829e-05	100.0
5.48006039414e-06	-6.05003208766e-05	-1.72156043067e-05	-0.000297852969797	-0.00606981618802	-0.00105320560895	2.01583126726e-14	2.1317055839e-05	100.0
-2.58845980847e-05	-1.13480286521e-05	3.90810089812e-06	-0.00941589666995	0.00307656024045	-0.00452611517247	2.01578650923e-14	2.1316582531e-05	100.0
1.64914417428e-05	-9.51914501882e-05	-4.82235319884e-05	0.00164381695122	-0.0118435802047	-0.00562098215188	2.01575683817e-14	2.1316268765e-05	100.0
-2.10341557482e-05	-2.90941753478e-05	5.3799524567e-05	-0.00251015859987	-0.0034983031493	0.00487225010121	2.01572716712e-14	2.1315954998e-05	100.0
1.95435679767e-05	-9.7266104343e-05	-4.95341422269e-05	0.00197590969665	-0.0121542639197	-0.0058154595474	2.01569749606e-14	2.1315641232e-05	100.0
3.19407725962e-06	-5.25337257284e-05	0.000120053994191	0.000171703094111	-0.006846366188	0.0151168345116	2.01563865686e-14	2.1315019018e-05	100.0
3.65775929122e-05	-0.000170054594855	-7.05318778043e-05	0.00449528893427	-0.0224525808021	-0.0092101362001	2.01563865686e-14	2.1315019018e-05	100.0
4.1881566692e-08	-4.47685312221e-05	7.00739128769e-05	-0.000273452746816	-0.00546802872483	0.00768232258062	2.0156094887e-14	2.131471057e-05	100.0
2.47383436133e-05	-0.000117400956463	2.14306867758e-05	0.00264476408034	-0.0147560590826	0.0025492071448	2.0156094887e-14	2.131471057e-05	100.0
8.49653369097e-06	-7.14958086833e-05	-1.39707291395e-05	0.000148677080543	-0.00774382786406	-0.000967992429547	2.0156094887e-14	2.131471057e-05	100.0
-5.48920208328e-05	5.10057815763e-05	-1.13459413791e-06	-0.00605517585457	0.00515263471464	-0.000125792536117	2.01558032055e-14	2.1314402122e-05	100.0
-2.84574041267e-05	-1.11928327085e-06	-5.96494068054e-05	-0.00323183635737	-0.000513713729817	-0.00580288973962	2.01558032055e-14	2.1314402122e-05	100.0
1.6518480615e-05	-9.55159885107e-05	-3.0138055703e-05	0.00151218330391	-0.0115544707743	-0.00349915238867	2.01556271908e-14	2.131421599e-05	100.0
-4.62127663653e-05	3.11669018522e-05	3.96909968906e-05	-0.00504174269184	0.00292148719724	0.00380200745471	2.01552198424e-14	2.1313785226e-05	100.0
2.34791807688e-05	-0.000115785518938	2.38582058902e-05	0.0024640708585	-0.0145488494227	0.00279531244238	2.01552198424e-14	2.1313785226e-05	100.0
4.14544346446e-05	-0.000140806696128	2.38082413662e-05	0.00499959129692	-0.0182159880932	0.00298695060485	2.01552198424e-14	2.1313785226e-05	100.0
1.76180763113e-05	-9.26282698087e-05	-3.82004852914e-05	0.00167556669338	-0.0113347757916	-0.00430375505431	2.01552198424e-14	2.1313785226e-05	100.0
-3.98475679668e-07	-6.41152307517e-05	-4.84675994864e-05	-0.000514007462758	-0.00755772925633	-0.00490558026661	2.01552198424e-14	2.1313785226e-05	100.0
-4.13503507794e-06	-5.70286894852e-05	-1.41167137475e-05	-0.00130860725529	-0.00548666997804	-0.000172131246675	2.01546415083e-14	2.1313173648e-05	100.0
1.63788456623e-05	-9.46011120866e-05	1.84329198143e-05	0.00142314824683	-0.0113340130178	0.00197174563901	2.01542995368e-14	2.1312812019e-05	100.0
4.17835144354e-05	-0.000126892424659	-5.70831603922e-05	0.00508052670237	-0.0164094710903	-0.00722793790714	2.01542995368e-14	2.1312812019e-05	100.0
1.83745787446e-05	-9.39753477855e-05	-6.38707324094e-05	0.00194676565661	-0.0118398560007	-0.00769274973356	2.01542995368e-14	2.1312812019e-05	100.0
4.37272375188e-05	-0.000164250349888	7.21651258971e-05	0.00545279419345	-0.0216822134023	0.00934279049365	2.01537815506e-14	2.1312264258e-05	100.0
-4.14921693093e-05	1.91403211055e-05	-7.42090507977e-05	-0.00502032373896	0.00193455723507	-0.00842611866334	2.01537815506e-14	2.1312264258e-05	100.0
1.87040606468e-05	-9.38448141562e-05	1.98694385641e-06	0.00161829180469	-0.0111233207585	0.000164412259186	2.01537815506e-14	2.1312264258e-05	100.0
2.70619194248e-06	-6.94067366428e-05	-3.03128742895e-05	-0.000293153480496	-0.00778126298818	-0.00270289230273	2.01537815506e-14	2.1312264258e-05	100.0
-5.58748894519e-05	8.38074783641e-05	9.26435812699e-05	-0.00725044846669	0.0105131288859	0.0117571567345	2.01534948981e-14	2.1311961128e-05	100.0
2.18868247748e-05	-0.000102124045266	-0.000175099032289	0.00271007033657	-0.013679041144	-0.0230170851734	2.01534948981e-14	2.1311961128e-05	100.0
-1.77412831271e-06	-4.43248915207e-05	5.69405088825e-05	-0.0006272290697	-0.00509487509198	0.00571531641604	2.01532082455e-14	2.1311657998e-05	100.0
1.75999033434e-05	-0.000110539680215	-3.52829125662e-05	0.00174641843236	-0.0138157944431	-0.0042420017341	2.01532082455e-14	2.1311657998e-05	100.0
3.99603225329e-05	-0.000117842644996	1.22182216287e-07	0.0046297213685	-0.0148689342379	3.2605568384e-05	2.01529819409e-14	2.1311418685e-05	100.0
-2.13413156314e-05	-1.39850188463e-05	5.89300533507e-06	-0.00821958073984	0.00607548776762	-0.000172967574641	2.01529819409e-14	2.1311418685e-05	100.0
2.85852527218e-05	-0.000110830618253	4.07428661904e-05	0.00316037032062	-0.0140060779814	0.00487723319722	2.0152926622e-14	2.1311360187e-05	100.0
7.15185256577e-05	-0.000193449427305	0.000141414646746	0.0092998031734	-0.0258887955441	0.0187824087059	2.0152926622e-14	2.1311360187e-05	100.0
7.77159155247e-07	-6.08956448389e-05	1.73680155369e-06	-0.00113372723405	-0.00560253032206	-3.91870903565e-05	2.0152926622e-14	2.1311360187e-05	100.0
5.04449784097e-05	-0.000147325068083	-6.22198361878e-06	0.00621277189802	-0.019125217872	-0.000844149802818	2.0152926622e-14	2.1311360187e-05	100.0
1.94545923137e-05	-0.000107831822582	3.67498918393e-05	0.00200096015385	-0.0134876133108	0.00432118245484	4.03030319794e-14	4.2619736937e-05	100.0
1.75468454492e-05	-0.000107436283884	7.07910074819e-05	0.00190588888369	-0.0137705952668	0.00875664468514	2.01523281719e-14	2.1310727336e-05	100.0
2.57087320756e-05	-0.000104209158587	-5.37305354567e-05	0.00286996678774	-0.0131435078502	-0.00651894791535	2.01523281719e-14	2.1310727336e-05	100.0
1.42551175937e-05	6.36201992112e-06	6.71961858278e-08	-0.0022249701708	-0.0131708006213	0.00222715066725	2.01523281719e-14	2.1310727336e-05	100.0
-2.07754243423e-05	1.89245371024e-05	-9.01855791655e-05	-0.00265160629497	0.00210559159699	-0.0105700039263	2.01523281719e-14	2.1310727336e-05	100.0
1.23887656016e-05	-6.41614082519e-05	4.63878673983e-05	0.000985052007645	-0.00758600755787	0.00470726654449	2.01517950987e-14	2.1310163621e-05	100.0
1.78723451035e-05	-8.7944254129e-05	4.71356496674e-05	0.00177055719799	-0.0108515141468	0.00530629440787	2.01517950987e-14	2.1310163621e-05	100.0
1.85899306487e-06	-4.23143351919e-05	0.000164723787997	6.38727530553e-05	-0.00567471351463	0.0214036955004	2.01512318516e-14	2.1309567997e-05	100.0
1.30995178964e-05	-4.74791159885e-05	-0.000227227794907	0.00158527794333	-0.00645810708061	-0.0301303341206	2.01512318516e-14	2.1309567997e-05	100.0
7.4534310347e-05	-0.000193122967284	-8.65968421434e-05	0.00964877411201	-0.0257407482447	-0.0114081588781	2.01512318516e-14	2.1309567997e-05	100.0
1.05585864138e-05	-8.39319491731e-05	1.7186948217e-05	0.000581069735079	-0.00962708541542	0.00176591988427	2.01510256629e-14	2.1309349956e-05	100.0
-1.77019511722e-05	-2.2274422289e-05	9.06150718093e-05	-0.00232055118578	-0.00298109615455	0.0106001086266	2.01509502281e-14	2.1309270185e-05	100.0
1.60707850149e-05	-9.31859924461e-05	8.15309023045e-05	0.00173857351212	-0.0119537140011	0.0100267641018	2.01509502281e-14	2.1309270185e-05	100.0
1.0957234162e-05	-8.49063014705e-05	9.51847234614e-07	0.000553229915702	-0.00965495569726	0.000296555889483	2.01509502281e-14	2.1309270185e-05	100.0
2.19702246564e-05	-0.000112768384183	-7.26972926093e-05	0.00247298910144	-0.0145421965991	-0.00903983452975	2.01509502281e-14	2.1309270185e-05	100.0
-2.15574171618e-05	1.21338341803e-05	-6.43712111733e-05	-0.00255272699361	0.00113705488039	-0.00649721973695	2.01506736335e-14	2.1308977691e-05	100.0
-4.72980631375e-05	5.24380687412e-05	-0.00015742354776	-0.0063242421387	0.00668190530704	-0.0205017526426	2.01503920099e-14	2.130867988e-05	100.0
0.000131768495031	-0.000255387102385	-1.87976673394e-05	0.0174013224977	-0.0342530062048	-0.00251667183021	2.01503920099e-14	2.130867988e-05	100.0
3.35754173418e-05	-0.000124268386642	5.63599555873e-05	0.0039845225111	-0.015992491709	0.00708868351104	2.0150376923e-14	2.1308663925e-05	100.0
-3.6816367754e-05	-4.12294060205e-07	0.000211779227584	-0.00498208335506	-0.000311246529631	0.027992421297	2.01501154154e-14	2.1308387386e-05	100.0
-2.81944565933e-06	-4.10278538677e-05	4.82718766865e-05	-0.000767202672183	-0.00453591476367	0.00426586933393	2.01501154154e-14	2.1308387386e-05	100.0
-2.61133222801e-05	-1.56153554176e-05	0.000161138878316	-0.00356628234423	-0.00222707289741	0.02086607819	2.01501154154e-14	2.1308387386e-05	100.0
4.61253513376e-06	-6.17228975753e-05	1.69343361296e-05	-0.000335401514974	-0.00638791475782	0.000817331506905	2.01501154154e-14	2.1308387386e-05	100.0
2.05090533204e-06	-7.76729162763e-05	6.85572948198e-05	-0.000103877435112	-0.00970491146154	0.00798839168482	2.01501154154e-14	2.1308387386e-05	100.0
4.42186610588e-05	-0.000141652779975	3.06939900877e-05	0.0053742190709	-0.0183728553249	0.00380516269351	2.01501154154e-14	2.1308387386e-05	100.0
6.93787320931e-05	-0.000201620640273	8.88495247346e-05	0.00896332619721	-0.0268950384146	0.011728242757	2.01501154154e-14	2.1308387386e-05	100.0
5.22147389609e-05	-0.000153528130618	3.13581304543e-05	0.00646100888881	-0.0200514955993	0.00401652952512	2.01501154154e-14	2.1308387386e-05	100.0
5.72291661468e-05	-0.00017310478855	3.79455968614e-05	0.00722338073697	-0.0228076005059	0.0049465457702	2.01501154154e-14	2.1308387386e-05	100.0
1.95051964961e-05	-0.000112774355932	-0.000121596475678	0.00231468059232	-0.0148737033945	-0.0156879230446	2.01501154154e-14	2.1308387386e-05	100.0
4.21661442144e-05	-0.000148266770752	-8.87142358103e-05	0.00526683715588	-0.0195519416707	-0.0114705531856	2.01501154154e-14	2.1308387386e-05	100.0
2.21056492083e-05	-9.13220571795e-05	-5.34291205022e-05	0.00237799241777	-0.0114484365105	-0.00617965261452	2.01501154154e-14	2.1308387386e-05	100.0
4.92803374427e-05	-0.00015324795903	-4.00134890483e-05	0.00614065839254	-0.0200224147755	-0.00515021451272	2.0149733212e-14	2.1307983212e-05	100.0
-4.03197160092e-06	-6.24185513096e-05	-5.01035196532e-05	-0.00091928089342	-0.00720422788573	-0.00516911223724	2.0149733212e-14	2.1307983212e-05	100.0
