# x[AU] y[AU] z[AU] vx[AU/yr/2pi] vy[AU/yr/2pi] vz[AU/yr/2pi] m[MSUN] m[mtot] wf[%]
-8.4980444565e-08	2.31089008118e-07	-7.15514015513e-08	-1.19110588634e-05	3.38941873882e-05	-8.61434713887e-06	9.45149067449e-10	0.998473500884	19.8738608708
-1.76389706287e-05	5.5330348234e-05	-7.85826484628e-05	-0.00224320909567	0.00658614160517	-0.00931532091025	2.22411602891e-14	2.3495985917e-05	100.0
-4.74874095036e-05	9.56988479716e-05	-3.16178005908e-05	-0.00595183816879	0.011682513357	-0.00386137692817	2.22394152288e-14	2.3494142402e-05	100.0
1.30545656042e-05	-7.94235645695e-05	1.01855352544e-05	0.000722502475967	-0.00898769848608	0.00100915145771	2.22366643701e-14	2.3491236342e-05	100.0
-1.33980298008e-05	7.38300367886e-05	0.000106122210693	-0.00179414819814	0.00929645260092	0.0134580724059	4.44719306804e-14	4.6980995747e-05	100.0
-3.08757414854e-05	5.96591855588e-05	-1.91849588318e-05	-0.00317762148475	0.00601008161656	-0.00194008030611	2.22363073117e-14	2.3490859139e-05	100.0
-2.30184618844e-05	3.44035995106e-05	-5.73162021577e-05	-0.00262130934754	0.00352532725699	-0.00589949743977	2.22363073117e-14	2.3490859139e-05	100.0
-5.61328956128e-05	0.000136468631368	-5.08534922195e-05	-0.00738766830216	0.0176204424063	-0.00664836132478	2.22356233687e-14	2.3490136608e-05	100.0
-2.54195653495e-05	-1.39182156962e-05	-5.50407451795e-06	-0.00696636130285	0.00603301228947	0.00391005275484	2.22356082817e-14	2.349012067e-05	100.0
9.9270732929e-06	-6.10777823845e-05	2.66752530997e-05	0.000364735035452	-0.00660714506434	0.0021839982503	2.22349444548e-14	2.3489419391e-05	100.0
-2.30322560774e-05	5.16996113769e-05	-7.52116184699e-05	-0.00291696777732	0.00612523519181	-0.00877714017083	2.22349444548e-14	2.3489419391e-05	100.0
2.17308744556e-05	-9.61312213049e-05	-1.55029482228e-05	0.00204541747823	-0.0117266720385	-0.00163855539079	2.22345622514e-14	2.3489015624e-05	100.0
1.37223906142e-05	-7.18461668519e-05	2.91060952554e-05	0.000919333449186	-0.00832457621896	0.00274483101392	2.22328373071e-14	2.348719336e-05	100.0
1.35171380745e-05	-7.09659005929e-05	3.45812360095e-05	0.000993740496613	-0.00831640350912	0.00338317978066	2.22328373071e-14	2.348719336e-05	100.0
6.14766170037e-06	-7.01518442602e-05	-3.6480059901e-06	-0.00038489451523	-0.00737275842544	-0.000271277332731	2.22328373071e-14	2.348719336e-05	100.0
2.27655268204e-05	-9.75772934848e-05	-8.44069997582e-06	0.00216491125171	-0.0118759291655	-0.000929877124067	2.22328373071e-14	2.348719336e-05	100.0
4.29934674926e-06	-6.59756099189e-05	-1.77715922838e-05	-0.000455050936871	-0.00701282062691	-0.0012524706876	2.22324953356e-14	2.3486832095e-05	100.0
-2.5441830633e-05	-1.24532996217e-05	3.05977000647e-06	-0.0108103936008	0.00179095268547	-0.00645907896204	2.2232238857e-14	2.3486561146e-05	100.0
1.17114925386e-05	-7.4100727919e-05	2.32949085331e-05	0.000650666431211	-0.00846328926165	0.00211027489963	2.22321533641e-14	2.3486470829e-05	100.0
1.46979711677e-06	-6.00937044915e-05	1.10678432223e-06	-0.0011456123311	-0.00556410954623	0.000108043066665	2.22321533641e-14	2.3486470829e-05	100.0
4.02777701113e-06	7.68733158379e-06	0.000124589771578	0.000338001530258	0.000875584997868	0.0157370159839	2.22319069435e-14	2.3486210506e-05	100.0
-3.54298254654e-05	6.47146931624e-05	3.75955062521e-05	-0.00412327036863	0.00724276575502	0.0040289114458	2.22315700011e-14	2.3485854553e-05	100.0
8.20713887942e-06	-3.88693027073e-05	-4.58633591193e-05	0.000356539243054	-0.00415308996731	-0.00406536017992	2.22315700011e-14	2.3485854553e-05	100.0
2.07483413626e-05	-8.22151962488e-05	-1.83063766408e-05	0.00177676769847	-0.00968356101398	-0.0017948741026	2.22314744502e-14	2.3485753612e-05	100.0
3.62962555837e-05	-8.15154834487e-05	6.77167173142e-05	0.0042352906054	-0.0103515704057	0.00822018853953	2.22312380876e-14	2.3485503914e-05	100.0
-5.29395722629e-05	9.34222340973e-05	8.57334913725e-05	-0.00693229900597	0.0118720933626	0.0108811819261	2.22312380876e-14	2.3485503914e-05	100.0
-2.22912840737e-05	-1.85909814383e-05	-6.55752655074e-06	-0.00634269394971	0.00519995485066	0.000269463698955	2.22312380876e-14	2.3485503914e-05	100.0
7.3953328682e-06	-6.16838004968e-05	1.37469481242e-05	-0.000151692309251	-0.0063548976607	0.000657658154907	2.22311324787e-14	2.3485392347e-05	100.0
5.46323936869e-05	-0.000111927888429	8.44499910252e-05	0.00684570159594	-0.0146767355309	0.01084482104	2.22309011451e-14	2.3485147961e-05	100.0
4.22790398961e-05	-8.02893097529e-05	0.000143720768687	0.00534981338868	-0.0107064293229	0.0188206934837	2.22307955363e-14	2.3485036394e-05	100.0
8.17720219864e-05	-0.00016954528441	-3.84192651968e-05	0.0105537248287	-0.0225804001941	-0.00504416937569	2.22307955363e-14	2.3485036394e-05	100.0
1.8759561275e-05	-3.87536401098e-05	-0.000106882669266	0.00215941864941	-0.00507565188456	-0.0132710946601	2.22302373181e-14	2.3484446682e-05	100.0
3.55829314421e-05	-9.81729082726e-05	3.01135103917e-05	0.00396588597859	-0.0122515110034	0.00353131777511	2.22299054047e-14	2.3484096042e-05	100.0
9.35941941117e-06	3.98176804618e-06	-8.30138710992e-05	0.00093497968325	0.000380333465366	-0.00942292227129	2.22299054047e-14	2.3484096042e-05	100.0
3.82681849562e-05	-0.00010256885661	1.70315928641e-05	0.00432459396261	-0.0127656170753	0.00210429674966	2.22289096642e-14	2.3483044123e-05	100.0
-2.36312411912e-05	-1.24505725401e-05	-7.26453118828e-06	-0.00908159116697	0.000123020589368	0.00130178286341	2.22287889684e-14	2.3482916617e-05	100.0
5.92375745573e-06	-2.64918254054e-05	-0.000105075294217	0.000511860674109	-0.00349683672492	-0.0129136930769	2.22284570549e-14	2.3482565978e-05	100.0
1.28563008912e-05	-1.25612749888e-05	0.00013902042833	0.00148042335627	-0.0017527806963	0.0178372454968	2.22282508662e-14	2.3482348156e-05	100.0
0.000139203424852	-0.000238103680964	-3.25918284497e-05	0.0185060004251	-0.0321549586415	-0.00436543001118	2.22281251414e-14	2.3482215338e-05	100.0
5.68169699036e-05	-7.0913763066e-05	0.000150795277309	0.00732441073997	-0.00949841866147	0.019783853298	2.22279239818e-14	2.3482002829e-05	100.0
5.84234273389e-06	-6.27123201961e-05	-1.16698369284e-05	-0.000401535443657	-0.00632163848165	-0.000686447792899	2.22279239818e-14	2.3482002829e-05	100.0
-1.73486206846e-05	4.92268200105e-05	-5.30447136311e-05	-0.00195479016528	0.00528036869497	-0.00552203384124	2.22279239818e-14	2.3482002829e-05	100.0
8.99272176071e-06	-5.81215012187e-05	-2.45209240528e-05	0.000123620744099	-0.00617315424579	-0.00177052878656	2.2227793228e-14	2.3481864698e-05	100.0
1.54928500216e-05	-1.14612020337e-05	8.81283311742e-05	0.00163268143238	-0.0014339473579	0.0103082902919	2.22275920683e-14	2.3481652189e-05	100.0
-2.32082106166e-05	3.37291368392e-05	0.000129679985064	-0.00318519172559	0.00422828831377	0.0165429002332	2.22269382993e-14	2.3480961535e-05	100.0
7.42497326334e-05	-0.000150580907266	7.48958074642e-05	0.00956129805201	-0.020036389416	0.00977929418626	2.22269382993e-14	2.3480961535e-05	100.0
5.06059709472e-05	-0.00010718264615	2.15515735893e-05	0.00601102280189	-0.0135848289888	0.00264305561798	2.22269382993e-14	2.3480961535e-05	100.0
-1.46522998693e-05	1.70876721369e-05	6.38628803023e-05	-0.00174999640609	0.00165329525503	0.00645672009962	2.22269382993e-14	2.3480961535e-05	100.0
0.000116108228872	-0.000156407851526	-9.08115159489e-05	0.0152772255263	-0.0209505213078	-0.0120573546541	2.22269382993e-14	2.3480961535e-05	100.0
1.94137390901e-05	-7.41596258228e-05	-2.1823823691e-05	0.00158967443578	-0.00847161885429	-0.00211229561765	2.22269382993e-14	2.3480961535e-05	100.0
-7.69469883772e-05	0.000144155274284	4.40682552402e-05	-0.0102030154555	0.0187541292783	0.00573238772329	2.22269382993e-14	2.3480961535e-05	100.0
5.60011003412e-05	-9.90284169934e-05	-0.000111327360998	0.00708331052943	-0.0130696902996	-0.0144585141233	2.22269382993e-14	2.3480961535e-05	100.0
-4.20384492692e-05	8.45056426261e-05	-6.13010318087e-05	-0.005337398872	0.0103598136118	-0.00750022453812	2.22269382993e-14	2.3480961535e-05	100.0
-2.78257068421e-05	5.2639866967e-05	-1.78077292052e-05	-0.00267659967923	0.00491352487296	-0.00141773403648	2.22269382993e-14	2.3480961535e-05	100.0
-1.47164291771e-05	2.95633956707e-05	-0.000101826250486	-0.00201046061532	0.00355363400558	-0.012443324984	2.22269382993e-14	2.3480961535e-05	100.0
2.21143640021e-06	-3.51871533303e-05	4.97929942936e-05	-0.000251507151663	-0.00386398767784	0.00447823726183	2.22268075455e-14	2.3480823405e-05	100.0
-9.4704953491e-06	4.85461946806e-06	-0.000111782694772	-0.00139433302362	0.000466098025922	-0.0138496211179	2.22268075455e-14	2.3480823405e-05	100.0
9.25357560855e-05	-0.000197579449431	-5.22383548832e-05	0.0121063706787	-0.026520571054	-0.00690712791978	2.22268075455e-14	2.3480823405e-05	100.0
-3.67367730589e-05	6.99746380013e-05	8.61852846813e-05	-0.00473963325428	0.00862992837742	0.0107148185415	2.2226480661e-14	2.3480478078e-05	100.0
-1.10365078585e-05	5.01672482969e-06	0.000109633308043	-0.0016044500027	0.000458358151308	0.0135241878266	2.2226480661e-14	2.3480478078e-05	100.0
5.54665048137e-05	-0.000144652425464	3.64241178635e-05	0.00691034085272	-0.0189981442415	0.00465225031932	2.2226480661e-14	2.3480478078e-05	100.0
5.11342359714e-05	-0.000144341433123	-8.17288309706e-05	0.00644264241827	-0.0191398469646	-0.01062754785	2.2226480661e-14	2.3480478078e-05	100.0
-2.70713360167e-05	2.46220129148e-05	5.78978123798e-05	-0.00312395978015	0.0025710387906	0.00575666971127	2.22262845303e-14	2.3480270881e-05	100.0
2.96795780189e-05	-3.10157935236e-05	0.000128030977837	0.00362949795767	-0.00412680871632	0.0163389659446	2.22262845303e-14	2.3480270881e-05	100.0
4.32212051304e-05	-9.08746468943e-05	-0.000129483357413	0.0054527507235	-0.0120629425722	-0.0168710122319	2.22262845303e-14	2.3480270881e-05	100.0
