# x[AU] y[AU] z[AU] vx[AU/yr/2pi] vy[AU/yr/2pi] vz[AU/yr/2pi] m[MSUN] m[mtot] wf[%]
5.34056275064e-05	9.54757135347e-05	4.43448971593e-08	0.00760616517967	0.0103678556335	5.33545187093e-07	5.0627024196e-08	0.683925930023	9.37309030073
-0.000118651200956	-0.000203985625697	-3.61017588857e-07	-0.0167832705784	-0.022026481455	-5.51516294082e-05	2.2971303039e-08	0.310321810239	9.64246629861
-1.91760535433e-05	-0.000514453588149	-0.000222793281923	-0.00416466634586	-0.0652985615687	-0.0269819860455	1.47243207089e-12	1.9891243649e-05	100.0
2.82214922642e-05	-0.000288757611996	-0.000231461869203	0.00116930118126	-0.0353364973384	-0.0246262211177	1.47147706528e-12	1.9878342376e-05	100.0
-0.000245259625176	-0.000287086780146	-0.000131629303959	-0.0293556675324	-0.0339653970816	-0.0118039496732	1.46957862075e-12	1.9852696084e-05	100.0
-6.65730998556e-05	-0.000397373433819	0.000142122469635	-0.0104225818929	-0.0477680109659	0.0131798048832	1.46769375449e-12	1.9827233222e-05	100.0
6.72081459446e-06	-0.000235051430528	0.000372246589216	-0.000536110475654	-0.0296802228965	0.044666294338	1.46489361167e-12	1.9789405791e-05	100.0
-8.43274700233e-05	-0.000506178613657	0.000145812619878	-0.0125644398175	-0.0629349678214	0.0166762255051	1.46396727132e-12	1.9776891759e-05	100.0
-3.19104201622e-05	-0.000462886763541	5.40528922983e-05	-0.00654904621736	-0.0551064378328	0.00519114306825	1.46258329268e-12	1.9758195442e-05	100.0
-6.89299418217e-05	-0.000413402505387	0.000134716085608	-0.0107002396137	-0.0494447338224	0.0132048348068	1.4621241457e-12	1.9751992776e-05	100.0
-0.000118059550723	-5.66510033956e-05	-9.87398202988e-05	-0.0130592229222	-0.00634880970878	-0.00205751872421	1.4621241457e-12	1.9751992776e-05	100.0
-9.33575630565e-06	-0.000138678114755	0.000397545705335	-0.00218648767505	-0.0179151966677	0.0474814159209	1.46120736043e-12	1.9739607825e-05	100.0
-9.96070959518e-05	-0.000553095425649	-5.33485645441e-05	-0.014557989214	-0.0686432132451	-0.00651728367165	1.46029409546e-12	1.972727043e-05	100.0
-0.00014069490846	-0.000416188770125	-6.54117987002e-05	-0.0186595148004	-0.0479395751971	-0.00503617323785	1.46029409546e-12	1.972727043e-05	100.0
7.80219435302e-05	-0.000351549025323	-0.000480999164749	0.00900639181432	-0.0457650739745	-0.0609453645401	1.46029409546e-12	1.972727043e-05	100.0
-7.1654332691e-05	-0.000354454481664	-0.000197356107937	-0.010807975691	-0.0430685983562	-0.0199567555904	1.45893023279e-12	1.9708845862e-05	100.0
-5.89313136828e-05	-0.000362696487812	-0.000116729363408	-0.0101090166958	-0.0418008785048	-0.00902113495291	1.4584771206e-12	1.9702724721e-05	100.0
-0.00011767878644	-3.89431916513e-05	0.00018233040698	-0.01331682386	-0.00459862199806	0.0147556125164	1.45802451131e-12	1.9696610373e-05	100.0
-6.64295663855e-05	-0.000388651163215	-3.72349859563e-05	-0.0114729587104	-0.0422299398961	-0.00217290012083	1.45667221532e-12	1.9678342061e-05	100.0
-0.000215590872792	-0.000175526421072	-0.00035842705572	-0.0283786574486	-0.0222751473408	-0.0425772351604	1.45667221532e-12	1.9678342061e-05	100.0
3.18644272709e-05	-0.000192049739415	0.000434579207216	0.00301149239187	-0.0249094620819	0.053338940345	1.45606169568e-12	1.9670094485e-05	100.0
-6.15808732791e-06	-9.68941313213e-05	2.32070064076e-05	-0.00606526048163	-0.00788197135507	-0.00730961563278	1.45606169568e-12	1.9670094485e-05	100.0
5.98235525768e-05	-6.60555549164e-05	0.000196293241084	0.00514816106865	-0.00621621919346	0.0166684930839	1.45606169568e-12	1.9670094485e-05	100.0
4.27255008283e-05	-0.000278076076988	-9.72878913777e-05	7.16387545446e-05	-0.0319640416149	-0.00614939931886	1.45606169568e-12	1.9670094485e-05	100.0
-9.75700853608e-05	-0.000352625929241	0.000198578436197	-0.0137084996295	-0.043036533967	0.0200583928089	1.45577454022e-12	1.9666215271e-05	100.0
7.88210977992e-05	-0.000222667879009	0.00032836736098	0.00830905033228	-0.0279153839129	0.0383095608828	1.45577454022e-12	1.9666215271e-05	100.0
0.000121945891466	3.76271381321e-05	0.000316701859761	0.0138507456905	0.0050936587305	0.0350549307354	1.45577454022e-12	1.9666215271e-05	100.0
-1.45719107511e-05	-0.000377930436472	1.34024658695e-05	-0.00637833808074	-0.0412436733925	0.000464954768714	1.45577454022e-12	1.9666215271e-05	100.0
-2.38338160157e-05	-0.000318008316912	-8.56927143282e-05	-0.00767724506029	-0.0353180938143	-0.00372165123907	1.45577454022e-12	1.9666215271e-05	100.0
-0.000111417315374	0.000232190271756	0.000130478107915	-0.0102048240771	0.023368131072	0.011242845977	1.45488038542e-12	1.9654136038e-05	100.0
-0.000175335323874	-0.000412753088116	-0.000160136240743	-0.0231061761335	-0.0499029618258	-0.0172344169388	1.45488038542e-12	1.9654136038e-05	100.0
-6.3231122057e-05	-0.000422747838335	-0.000253423108254	-0.00968826215847	-0.0532949550669	-0.029081853993	1.45488038542e-12	1.9654136038e-05	100.0
-8.76052341833e-05	-0.000425842297039	0.000155051795199	-0.0128278387552	-0.0517856023248	0.0158266119598	1.45443381092e-12	1.9648103214e-05	100.0
-0.000177121333733	-0.00060169082916	4.23712441383e-05	-0.0244265689366	-0.076262949536	0.00488792896783	1.45443381092e-12	1.9648103214e-05	100.0
-0.000129656285362	-0.000492612805665	8.41499207983e-06	-0.0178202201818	-0.0593303552359	0.000601533302138	1.45443381092e-12	1.9648103214e-05	100.0
-0.000144227942103	-0.000180094721943	0.000393799176488	-0.019350400546	-0.0231348191483	0.047211623483	1.45398874512e-12	1.9642090772e-05	100.0
-2.52307913284e-05	-0.000398823869209	0.000265487718683	-0.00513348269468	-0.0502115573894	0.0306193235153	1.45398874512e-12	1.9642090772e-05	100.0
-8.4982638914e-05	3.35405580141e-05	0.00041406977808	-0.0115505087777	0.00436947900106	0.049484464069	1.45354418221e-12	1.9636085124e-05	100.0
6.10427705292e-05	-7.36906539339e-05	-0.000453228489207	0.00686512243568	-0.00953911186007	-0.055541246403	1.45354418221e-12	1.9636085124e-05	100.0
1.91986342076e-05	-0.000406081029494	9.71921127952e-06	-0.00168629098695	-0.0465834867718	-0.000165750040593	1.45326507315e-12	1.963231461e-05	100.0
-3.91852279873e-05	-7.55542338211e-05	5.83359051019e-05	-0.0107947631092	-0.00518034215616	0.0121631905721	1.45326507315e-12	1.963231461e-05	100.0
2.44270199576e-05	-0.000181631170844	-0.000298012297892	0.00138098893941	-0.0224304202653	-0.0330869430731	1.45326507315e-12	1.963231461e-05	100.0
0.000100814990497	-0.000264992818297	-0.000214264210453	0.00988857251148	-0.0323336450427	-0.0227961549143	1.45326507315e-12	1.963231461e-05	100.0
1.77471967774e-05	-0.000400388114	7.62526919242e-05	-0.00160871924919	-0.0467431363688	0.00664774402395	1.4531001222e-12	1.963008627e-05	100.0
0.000182364968521	-0.000508384649234	0.000168344453321	0.0212391565815	-0.0647500940369	0.020187012192	1.45234426469e-12	1.9619875309e-05	100.0
1.29213235473e-05	-0.000372126531571	9.03968771328e-05	-0.00271180833257	-0.0429875120282	0.00753664079308	1.45234426469e-12	1.9619875309e-05	100.0
8.80902404983e-05	-0.000429386245315	1.97440369691e-05	0.00699693552287	-0.0514515339111	0.00194103118372	1.45234426469e-12	1.9619875309e-05	100.0
9.9431190527e-05	-0.000464060670725	-2.03592843845e-06	0.00904358585732	-0.0565875904447	-0.000353155677202	1.45234426469e-12	1.9619875309e-05	100.0
4.08309839025e-05	-0.000493634555983	-0.000257752047884	0.00351597207523	-0.0630168867423	-0.0310620278093	1.45177246828e-12	1.961215085e-05	100.0
-0.000125486298523	-0.000512193082324	1.78371342888e-05	-0.0174963379226	-0.0624413176819	0.000954721673169	1.45133142567e-12	1.9606192757e-05	100.0
-0.000174144337865	-0.000500821050583	5.99342337885e-05	-0.0233272194318	-0.0612931695764	0.00619181319398	1.45133142567e-12	1.9606192757e-05	100.0
2.31523847812e-05	0.000271378393456	0.00023453938455	0.00279312693973	0.03087541268	0.0243814182517	1.45097386433e-12	1.9601362423e-05	100.0
0.000147323719368	-0.000215722231413	0.000342348490425	0.0173010284485	-0.0277062796709	0.0406720486928	1.45097386433e-12	1.9601362423e-05	100.0
-0.000106014018046	-0.000243951009438	-0.000361914878077	-0.0146136590019	-0.0310885074913	-0.0430018817094	1.45097386433e-12	1.9601362423e-05	100.0
1.61628954348e-05	-0.000497458852534	0.000364490264473	0.000815667941574	-0.0644902077571	0.0457235444786	1.45045185494e-12	1.9594310542e-05	100.0
-8.19246018453e-05	-0.000463760854579	2.44772062026e-05	-0.0124644872527	-0.0545932427218	0.00163228340813	1.45045185494e-12	1.9594310542e-05	100.0
-0.000101260110128	-0.000197724769722	0.000328269657858	-0.0139920833253	-0.0247656057424	0.037627975875	1.45045185494e-12	1.9594310542e-05	100.0
-1.18465802802e-05	-0.000452378037571	9.19313402433e-05	-0.00444201526948	-0.0541056687528	0.00954525537424	1.45045185494e-12	1.9594310542e-05	100.0
-2.40246795525e-05	-0.000536565346341	-5.60917525406e-05	-0.0052970472908	-0.0662899214545	-0.00662035181348	1.45045185494e-12	1.9594310542e-05	100.0
9.95872897942e-06	-0.000255339414908	-0.000207027426995	-0.00140745118833	-0.0304274718924	-0.0206225077474	1.45045185494e-12	1.9594310542e-05	100.0
-0.000131539033035	0.000343403458376	-0.000274194578727	-0.0162539621136	0.0415541668697	-0.0320425577678	1.45045185494e-12	1.9594310542e-05	100.0
0.000104214028863	-0.000359026868689	7.39017158417e-05	0.00852047931786	-0.042582479527	0.00661133091914	1.44961603645e-12	1.9583019379e-05	100.0
-1.13620965796e-05	-0.000354817697783	8.81791929609e-05	-0.00537007115524	-0.0402189246035	0.00601467966754	1.44961603645e-12	1.9583019379e-05	100.0
-0.00018664485772	2.1374265454e-05	0.000228957633325	-0.022229615745	0.00232251326669	0.0229564291776	1.44957479871e-12	1.9582462294e-05	100.0
-8.399054236e-05	-0.00036659238103	0.00030874676497	-0.0122040383326	-0.0466480342253	0.0362022616379	1.44957479871e-12	1.9582462294e-05	100.0
-4.46231394602e-05	-0.000576704406241	5.5156435768e-05	-0.00772843282602	-0.0721992338373	0.00692405638177	1.44957479871e-12	1.9582462294e-05	100.0
3.10319000864e-05	-0.000200614228375	-0.00047120041722	0.00290703491634	-0.0259594598632	-0.0585092198419	1.44957479871e-12	1.9582462294e-05	100.0
-0.000171902971103	-0.000235690515005	-0.000207938030317	-0.0216254233281	-0.0287939669393	-0.0199508779754	1.44957479871e-12	1.9582462294e-05	100.0
-7.94857363769e-05	-0.000479023256465	4.72314658781e-05	-0.0120645432606	-0.0572945265032	0.00413946888508	1.44870075988e-12	1.957065481e-05	100.0
-0.000230777305943	-0.000397555366034	3.64452455084e-05	-0.0284720658196	-0.0461556242612	0.00315307710648	1.44870075988e-12	1.957065481e-05	100.0
-3.5127633187e-05	-0.000427839650528	-3.22452604701e-05	-0.00780541840506	-0.0491146623783	-0.0024471659583	1.44870075988e-12	1.957065481e-05	100.0
-0.00010207208859	-0.000149663040672	-0.00036689551705	-0.0140092223006	-0.0186763172127	-0.0429953458981	1.44870075988e-12	1.957065481e-05	100.0
-0.000143494293766	-0.000482264058702	-4.56941170046e-05	-0.0195522848966	-0.0580036142367	-0.0043057993615	1.44826474626e-12	1.9564764655e-05	100.0
0.000105615477754	-0.000540730838116	-8.89925557142e-05	0.0112591065007	-0.0682019118135	-0.0102474328503	1.44826474626e-12	1.9564764655e-05	100.0
-2.94815701491e-05	-0.000494124546099	-0.000443986110639	-0.00519553560933	-0.0646294864742	-0.0563515696251	1.44826474626e-12	1.9564764655e-05	100.0
-0.000125155406881	0.000245833701916	-9.1897124382e-05	-0.0111657528768	0.0242815165147	-0.00807832133842	1.44826474626e-12	1.9564764655e-05	100.0
-0.000158973345862	-0.000330967360975	-0.000370031573377	-0.0216519685855	-0.0424535839897	-0.0448920338651	1.44826474626e-12	1.9564764655e-05	100.0
-0.000253681119273	-0.000358941977575	0.000200931980464	-0.032697892489	-0.0446034356318	0.0221646295912	1.44782923554e-12	1.9558881293e-05	100.0
0.000114549193921	-0.000420140919352	0.000335778979881	0.0131703366925	-0.0541826400888	0.0411622377713	1.44782923554e-12	1.9558881293e-05	100.0
7.73536632764e-05	-0.000538421661887	-1.73235534943e-05	0.0075284145263	-0.0671669068647	-0.00183903160665	1.44782923554e-12	1.9558881293e-05	100.0
-9.42124624505e-05	-0.000482970339196	-0.000103417857431	-0.0137113171998	-0.0583831611099	-0.0117502178059	1.44782923554e-12	1.9558881293e-05	100.0
-8.01282801146e-05	0.000207093087917	-0.000274548517374	-0.00922639900946	0.0237486731437	-0.0296359464484	1.44782923554e-12	1.9558881293e-05	100.0
-0.0001687153212	0.00015645563877	-0.000226258752318	-0.0192073387793	0.0174011356128	-0.0232862613731	1.44782923554e-12	1.9558881293e-05	100.0
-2.70112095653e-05	7.64411752286e-05	0.000345190361991	-0.00396497340985	0.00921923240668	0.0388386983169	1.44782370365e-12	1.9558806562e-05	100.0
-7.54783075064e-05	0.00015102125356	0.000267568135253	-0.00865803934489	0.0170553845282	0.0277543095422	1.44782370365e-12	1.9558806562e-05	100.0
0.000197677563254	-0.00036308723697	0.000221228169841	0.0229854657905	-0.0457618564116	0.0258309899852	1.44782370365e-12	1.9558806562e-05	100.0
0.000213987701484	-0.000370513756798	0.000390415623449	0.0263027005649	-0.0479382430653	0.0488455067726	1.44782370365e-12	1.9558806562e-05	100.0
0.00016778405094	-0.00068803668888	0.000234052478435	0.0202741818366	-0.0897065125098	0.0297593447978	1.44782370365e-12	1.9558806562e-05	100.0
0.000196338044035	-0.000682264443688	3.1253046363e-05	0.0236912100456	-0.0883665690944	0.00369578759051	1.44782370365e-12	1.9558806562e-05	100.0
0.000131384382104	-0.000427459247139	-0.00017224385528	0.0141203858143	-0.0537730884476	-0.0192701540022	1.44782370365e-12	1.9558806562e-05	100.0
0.000172849182846	-0.000404082086758	-0.000208408970048	0.0197470372426	-0.0507841093175	-0.0244303549531	1.44782370365e-12	1.9558806562e-05	100.0
-4.88075722103e-05	-0.000360215251647	0.000596118761188	-0.00757262143204	-0.0474258379062	0.0767558782595	1.44739473062e-12	1.9553011519e-05	100.0
-0.000141024715483	-8.8803894716e-05	0.000497414225837	-0.0191198794012	-0.0115909157128	0.0619165381405	2.88961865153e-12	3.9036170012e-05	100.0
8.32905508059e-05	-0.000337116903643	0.000466566514218	0.00967817794134	-0.0439072891471	0.0586769508793	1.4469607286e-12	1.9547148539e-05	100.0
5.45997010163e-05	-0.000407887846448	7.3355945714e-05	0.00293253234215	-0.0483477459519	0.00693658294353	1.4469607286e-12	1.9547148539e-05	100.0
-4.23743068851e-05	-0.000297703175029	-0.000305946230731	-0.00678834426139	-0.0372965471529	-0.0353673271084	1.4469607286e-12	1.9547148539e-05	100.0
9.84143144759e-05	-0.000382179166919	-0.000288448908424	0.0106762963816	-0.048550847329	-0.0343159104058	1.4469607286e-12	1.9547148539e-05	100.0
-0.000236855558861	-0.000266104572069	0.000261481572384	-0.0305837132648	-0.0334343418496	0.0293231243046	1.44652722948e-12	1.9541292353e-05	100.0
0.000214480722539	-0.000220404525985	0.000313527583291	0.0255567998464	-0.0276743122152	0.0373640526906	1.44649353523e-12	1.9540837174e-05	100.0
0.000181636476133	-0.000570913156727	0.000180510625924	0.0215130773331	-0.0733021653693	0.0223778246678	1.44649353523e-12	1.9540837174e-05	100.0
0.000117720221829	-0.000544087269432	0.00017320398059	0.0130380601966	-0.0692612697223	0.0210396515248	1.44649353523e-12	1.9540837174e-05	100.0
0.00023064728678	-0.000519821549753	5.18194950592e-05	0.0273539629695	-0.0659284764488	0.00605027414851	1.44649353523e-12	1.9540837174e-05	100.0
9.83333868535e-05	-0.000551933182074	8.64627826618e-05	0.010008554134	-0.0695899653259	0.0103377168015	1.44649353523e-12	1.9540837174e-05	100.0
7.95729557533e-05	-0.000501031676402	-0.000347030073256	0.0086572415044	-0.0647856490951	-0.043398730235	1.44649353523e-12	1.9540837174e-05	100.0
0.000192606177723	-0.000395952651511	-0.00044185511835	0.0237046385741	-0.0515526296624	-0.0559077512448	1.44649353523e-12	1.9540837174e-05	100.0
-0.000126144183749	-1.1545126779e-05	0.000162951797789	-0.0134021186975	-0.00120761094101	0.0119320553459	1.4452317611e-12	1.9523791731e-05	100.0
-0.000103918999537	-0.000613943215985	0.000179657497171	-0.0151262230206	-0.0788168981315	0.0221384128171	1.4452317611e-12	1.9523791731e-05	100.0
5.48475834583e-05	-0.000414828023291	-0.000171118292909	0.00431372050034	-0.0509526053788	-0.0188537415307	1.4452317611e-12	1.9523791731e-05	100.0
-0.000127791547189	6.0741652365e-05	-0.000351862106497	-0.0161290404194	0.00700866985788	-0.04039900481	1.4452317611e-12	1.9523791731e-05	100.0
0.000135483108417	-0.000423652483772	0.000473531178048	0.0163297585652	-0.0553476310049	0.0601116959131	1.44517443059e-12	1.9523017247e-05	100.0
4.56366530329e-05	-0.000256096534628	0.000255487884488	0.00327212546478	-0.0313732520575	0.0278755931772	1.44517443059e-12	1.9523017247e-05	100.0
-5.33526479411e-05	-5.02777149608e-05	0.000106889117092	-0.00679518379932	-0.00258209692035	0.0150292834157	1.44517443059e-12	1.9523017247e-05	100.0
0.000106430179216	-0.000348681862629	-0.000507766402995	0.0127076091039	-0.0455374704392	-0.0645769760989	1.44517443059e-12	1.9523017247e-05	100.0
0.000155549827067	-0.000544071751089	-3.15413291354e-05	0.0173712411021	-0.0687169878737	-0.00322762758002	1.44517443059e-12	1.9523017247e-05	100.0
-4.20216940294e-05	0.000373392979369	0.000461838267936	-0.0055934590545	0.0471058926239	0.0581142427241	1.44437130055e-12	1.9512167677e-05	100.0
1.60212479161e-05	-0.000605651043929	-8.08790722781e-05	-7.15191941665e-06	-0.0767580945825	-0.00980487654033	1.44437130055e-12	1.9512167677e-05	100.0
-9.62830297557e-06	0.000345412567995	-0.000254847970814	-0.00113607114233	0.0414094418514	-0.0287767397215	1.44437130055e-12	1.9512167677e-05	100.0
-8.52054177132e-05	-0.000329949800328	-0.000465417766972	-0.0122549697992	-0.0429102694259	-0.0582082558913	1.44437130055e-12	1.9512167677e-05	100.0
-3.09926564871e-06	0.000219803388438	0.000344313374736	-0.000697238857129	0.0264746615827	0.0396673963817	1.44430089466e-12	1.9511216556e-05	100.0
2.76154868921e-05	8.61247473023e-06	0.000520183874977	0.00279440273044	0.000665304236713	0.0649922557321	1.44430089466e-12	1.9511216556e-05	100.0
0.000227468830444	-0.000382933831745	-0.000197501032841	0.0268270611965	-0.048558103529	-0.022908718399	1.44430089466e-12	1.9511216556e-05	100.0
4.65842676309e-05	-0.000320524126872	-8.29916632831e-05	0.000378906681568	-0.0367270837333	-0.00578242295177	1.44430089466e-12	1.9511216556e-05	100.0
-0.000127058181691	-0.000400030852057	0.000439526771847	-0.0178747729758	-0.0520121068825	0.0552196709449	1.44394182462e-12	1.950636584e-05	100.0
4.03415696945e-05	-0.000600058941073	9.95481891107e-05	0.00312502389982	-0.0762883099502	0.0119180438514	1.44394182462e-12	1.950636584e-05	100.0
5.36932611187e-05	-0.000599752926009	4.92277121876e-05	0.00472620934341	-0.0760663103278	0.00562935796509	1.44394182462e-12	1.950636584e-05	100.0
-2.22779008171e-05	-0.000408767074938	-0.00030198724523	-0.00453709839318	-0.0518240764152	-0.0360520901773	1.44394182462e-12	1.950636584e-05	100.0
-0.000111051130456	-0.000131112475674	-0.000531926025341	-0.015313070367	-0.017403957288	-0.0668119710201	1.44394182462e-12	1.950636584e-05	100.0
0.000190541960969	-0.000509976978456	0.0003115114044	0.0232227101924	-0.0663452998712	0.0386775532657	1.44386638974e-12	1.9505346782e-05	100.0
9.89810778236e-05	-0.0003646950869	0.00045660344435	0.011487162137	-0.0473898771152	0.0573269013518	1.44386638974e-12	1.9505346782e-05	100.0
3.11470609956e-05	-0.000190365662644	-0.000110708607332	-0.00128716268287	-0.0217551208783	-0.00577547001173	1.44386638974e-12	1.9505346782e-05	100.0
0.00015049821661	-0.00043682472407	-5.09093521175e-05	0.0156453799572	-0.0536668928781	-0.00512527719647	1.44386638974e-12	1.9505346782e-05	100.0
-8.89752164367e-05	-0.00061817463934	0.00035211408118	-0.0132831182296	-0.08035754572	0.0451406080346	1.44351335449e-12	1.9500577591e-05	100.0
4.70771608937e-05	-8.19861508564e-05	-0.000408672887381	0.00481828313812	-0.0101428887027	-0.048990957652	1.44351335449e-12	1.9500577591e-05	100.0
-1.82492865582e-06	0.000249511947198	0.000274962148068	-0.000314625965564	0.0291209028063	0.0297703964476	1.44343238772e-12	1.9499483802e-05	100.0
0.00010658671492	0.000229357057827	-0.000240437456434	0.0118395282426	0.0263081894609	-0.0244594788916	1.44343238772e-12	1.9499483802e-05	100.0
0.000105105938263	-0.000251560728458	-0.000150102661822	0.00917352254682	-0.0298157278562	-0.0140259339158	1.44343238772e-12	1.9499483802e-05	100.0
-0.000129808778568	-0.000369615022722	0.000222270211457	-0.0176197006951	-0.0456776151005	0.0240169443715	1.44265792293e-12	1.9489021473e-05	100.0
-9.08013098545e-05	-0.000418676650195	0.000324628025738	-0.0131822608669	-0.0532687346072	0.0393650240752	1.44265792293e-12	1.9489021473e-05	100.0
6.62770946632e-05	-0.000229688614966	0.000218044067568	0.00566726820684	-0.0274078005394	0.0225843301232	1.44265792293e-12	1.9489021473e-05	100.0
6.56018705091e-05	-0.000756705063316	0.000118337783527	0.00687368335952	-0.0986663762362	0.0152350913272	1.44265792293e-12	1.9489021473e-05	100.0
-4.92739987889e-05	-0.000642529798086	-1.43941790483e-05	-0.00836821900412	-0.0817817687666	-0.00179272249307	1.44265792293e-12	1.9489021473e-05	100.0
-0.000232818852916	-0.000612138891065	-6.47134125038e-05	-0.0316525303879	-0.0783151013092	-0.00774407031765	1.44265792293e-12	1.9489021473e-05	100.0
-1.66815808876e-05	-0.000355157857524	-5.36883845486e-05	-0.00702490816299	-0.0388952995049	-0.00233265767253	1.44265792293e-12	1.9489021473e-05	100.0
0.000119726546743	-0.000554126124651	-0.000276815578579	0.0137214478016	-0.07144401417	-0.0346202085284	1.44265792293e-12	1.9489021473e-05	100.0
-3.54559779927e-05	-0.000386771474997	-0.000208396631256	-0.00672925734276	-0.0475153451678	-0.0224146970404	1.44265792293e-12	1.9489021473e-05	100.0
-7.36190992055e-05	-6.35002018729e-05	-0.000111888072649	-0.0078043078357	-0.00657376779942	-0.00318613038918	1.44265792293e-12	1.9489021473e-05	100.0
-4.13790032528e-05	0.000286711305009	-0.000458279945973	-0.00557546006161	0.0358357804382	-0.0568602484699	1.44265792293e-12	1.9489021473e-05	100.0
-6.06017559868e-05	-6.25436514505e-05	-0.000142326394757	-0.00587654222704	-0.00632436759652	-0.0081228670384	1.44265792293e-12	1.9489021473e-05	100.0
-5.71190008422e-05	-4.39602766639e-05	-7.75815355305e-05	-0.0114510441715	8.70475990728e-05	-0.01086688941	1.44256890976e-12	1.9487818985e-05	100.0
8.74697519341e-05	-0.000389852605857	4.20656673244e-05	0.00635507752554	-0.0461397447095	0.003389229918	1.44256890976e-12	1.9487818985e-05	100.0
-3.46488361629e-05	-0.000593224304663	0.000107343088166	-0.006398844435	-0.0752479359515	0.0122613186615	1.44256890976e-12	1.9487818985e-05	100.0
7.97140754156e-05	-0.000642136670806	-1.70978185059e-05	0.00828018637847	-0.082224629854	-0.00251233882972	1.44256890976e-12	1.9487818985e-05	100.0
-5.93383640072e-05	-0.000187656964866	0.000466827887832	-0.00877500876897	-0.024205531012	0.057629931195	1.44180550876e-12	1.9477506119e-05	100.0
-9.96506956566e-05	-0.000597244488995	0.000238298496103	-0.0145444570307	-0.0770338667627	0.0293116300093	1.44180550876e-12	1.9477506119e-05	100.0
0.000113468677693	-0.000618240260401	0.000317054802559	0.0131871643802	-0.0804839996227	0.0401259391116	1.44180550876e-12	1.9477506119e-05	100.0
-8.37655149192e-05	8.40813086453e-05	-0.000186307706203	-0.00774495986976	0.00909108268755	-0.0141730441624	1.44180550876e-12	1.9477506119e-05	100.0
0.000160186356382	-0.000538002257475	0.000346857733196	0.0192625573203	-0.0698317199992	0.0437177345273	1.44170995791e-12	1.9476215312e-05	100.0
0.000205665632887	-0.000654147945215	0.000501571947488	0.0259181140602	-0.0864707902062	0.0650966533112	1.44170995791e-12	1.9476215312e-05	100.0
1.10252959871e-05	-0.000224898307801	-0.000201430883889	-0.00121046944884	-0.0269447931685	-0.0189820430863	1.44170995791e-12	1.9476215312e-05	100.0
0.000138645107981	-0.000529472107754	-0.000314770716666	0.0164310135846	-0.0684716572661	-0.0395972463615	1.44170995791e-12	1.9476215312e-05	100.0
0.000258207509674	-0.000650310964152	-9.23560755267e-05	0.0318412061126	-0.084310196167	-0.0117154177675	1.44170995791e-12	1.9476215312e-05	100.0
4.54901934543e-05	-7.40787804676e-05	0.000308228419484	0.00407533286127	-0.00870256192922	0.0337437809901	1.44128199068e-12	1.9470433856e-05	100.0
4.34542995056e-05	2.75693509881e-05	-0.000496199137104	0.00484674054105	0.0031851376111	-0.0613711831249	1.44128199068e-12	1.9470433856e-05	100.0
4.10776707292e-05	-0.000476853824611	0.000365138642451	0.00368144479785	-0.0613532755643	0.0455782137066	1.44095510619e-12	1.9466017938e-05	100.0
3.34783512517e-05	-3.35061064796e-06	-0.00034275134509	0.00319761273974	-0.000272199872022	-0.0385694236917	1.44095510619e-12	1.9466017938e-05	100.0
0.000192909870561	-0.000729531566387	0.000466376221978	0.0241848436165	-0.0963632233672	0.0607385794326	1.44085553214e-12	1.9464672782e-05	100.0
0.000195601463845	-0.000614619428637	2.25114594154e-05	0.0232484658727	-0.078825306905	0.0029441917675	1.44085553214e-12	1.9464672782e-05	100.0
0.00013120126046	0.000132256471382	0.00030475754549	0.015138727312	0.0158957795529	0.0332849911236	1.44043007941e-12	1.9458925295e-05	100.0
0.000121850765774	-0.000656738637036	0.000244650886385	0.0143339102182	-0.0855451441627	0.0307875546862	1.44010772101e-12	1.9454570521e-05	100.0
-6.03505080985e-05	0.000191800156906	-0.000353946742719	-0.00776726969954	0.0234203283712	-0.0407488741174	1.44010772101e-12	1.9454570521e-05	100.0
0.000149902908297	-0.00023909824532	0.000522088614654	0.0184666076218	-0.0313424616246	0.0661764900303	1.44000563247e-12	1.9453191396e-05	100.0
-5.39414155559e-05	-0.000223219836491	0.000381124550839	-0.0080402325536	-0.0286025735333	0.0454459689398	1.44000563247e-12	1.9453191396e-05	100.0
9.46270077025e-05	0.000112122219451	-0.000475374612514	0.0114726403739	0.01401527403	-0.0585945971414	1.44000563247e-12	1.9453191396e-05	100.0
3.87150624792e-05	-9.60322171684e-05	-0.000510058525325	0.00418857425172	-0.0129017143461	-0.0637082952416	1.44000563247e-12	1.9453191396e-05	100.0
0.000149161432964	-0.000631602927093	-0.000146629892941	0.0174709769554	-0.0814883361901	-0.0181216801567	1.44000563247e-12	1.9453191396e-05	100.0
3.94060911584e-05	-0.000304375170555	-0.000213680009491	0.00223263861103	-0.0376469087474	-0.022129544999	1.44000563247e-12	1.9453191396e-05	100.0
0.000252678001733	-0.000615180528188	-0.000175841426271	0.0311684551712	-0.0797385965006	-0.0220397978165	1.44000563247e-12	1.9453191396e-05	100.0
0.000164405282929	-0.000199036203374	-0.000294438915072	0.0189401287595	-0.0251670099814	-0.0337615007603	1.44000563247e-12	1.9453191396e-05	100.0
9.40119081521e-05	-0.000229425789588	-0.000298799932832	0.00996477929899	-0.0288899251945	-0.0339338332788	1.44000563247e-12	1.9453191396e-05	100.0
0.000103800231469	9.64175378801e-05	0.000360360262748	0.0119892106968	0.0117561404925	0.0413940696913	1.43958219133e-12	1.9447471084e-05	100.0
0.000199314830963	-0.000586822694563	0.000184277267811	0.0239619170065	-0.075766222296	0.0225144830275	1.43958219133e-12	1.9447471084e-05	100.0
8.28624836837e-05	-0.000393509955633	0.000213308131832	0.00802553801055	-0.049007600821	0.0241807044859	1.43958219133e-12	1.9447471084e-05	100.0
0.000108357067144	-0.000501895253366	1.31852358665e-06	0.0106034803795	-0.0621174294657	4.77449403222e-05	1.43958219133e-12	1.9447471084e-05	100.0
0.000216067056481	-0.000815025213323	-3.16878456118e-05	0.0268484568594	-0.106900030055	-0.00404742830847	1.43958219133e-12	1.9447471084e-05	100.0
8.76161193048e-05	-0.000429523719097	-3.47464813054e-05	0.00724232406533	-0.0516178977732	-0.00288595982693	1.43926285033e-12	1.9443157072e-05	100.0
4.36054101965e-05	-0.000519581204975	-0.000594039371939	0.00454957896769	-0.0685706631235	-0.0769551162539	1.43926285033e-12	1.9443157072e-05	100.0
0.000159196338414	-0.000256991978142	0.000336275109068	0.0185706877637	-0.0325108438612	0.0402814323345	1.43916025889e-12	1.9441771153e-05	100.0
0.000162942139851	-0.000330641712777	0.000430001588552	0.0198622555362	-0.0431358030197	0.053608684307	1.43916025889e-12	1.9441771153e-05	100.0
5.32163894055e-05	-0.000321504035866	6.49636824276e-05	0.000925708840759	-0.0366766859204	0.00385218494395	1.43916025889e-12	1.9441771153e-05	100.0
-1.47726697831e-05	-0.00042318780913	0.000429482235886	-0.00337768404184	-0.0548836493195	0.0537472006859	1.43916025889e-12	1.9441771153e-05	100.0
4.39135603419e-05	8.62412785866e-05	-0.000354716881321	0.00482052643365	0.0100149660712	-0.040283766173	1.43916025889e-12	1.9441771153e-05	100.0
-2.19021068299e-05	7.19210794422e-05	-0.000369531074382	-0.00337159631385	0.00868634753544	-0.0425655898619	1.43916025889e-12	1.9441771153e-05	100.0
0.000250674461565	-0.000797149003071	-9.20685731191e-05	0.0314286266332	-0.104597698877	-0.0117172892222	1.43916025889e-12	1.9441771153e-05	100.0
0.000197197573234	-0.000115991327375	-0.000198843092009	0.0215510645355	-0.0132956594826	-0.020248367318	1.43916025889e-12	1.9441771153e-05	100.0
0.000200317389979	-0.000256692505804	-0.000262574923555	0.0234554303619	-0.0323753497738	-0.030233938173	1.43916025889e-12	1.9441771153e-05	100.0
-6.52381263312e-05	6.684262997e-05	0.00034811786414	-0.00843757292591	0.00795395283183	0.039324937841	1.43884142079e-12	1.9437463934e-05	100.0
0.000139088334584	-0.000560934514979	-0.000130348203659	0.0158299845315	-0.0716103293244	-0.0152962547424	1.43884142079e-12	1.9437463934e-05	100.0
-2.45921987979e-05	-0.000313151316658	-0.000162878584882	-0.00630337782338	-0.0366770571838	-0.0145083496584	1.43884142079e-12	1.9437463934e-05	100.0
9.48095273725e-05	-0.000432465668116	0.000619931291963	0.0113049110716	-0.0568607074326	0.0803185600044	1.43842049415e-12	1.9431777591e-05	100.0
-9.89221673728e-05	0.000269520174982	0.000135450098321	-0.00962155824323	0.0282892227916	0.0122808487997	1.43842049415e-12	1.9431777591e-05	100.0
0.000130166096488	-0.00064428846892	-3.85015378558e-05	0.0149477478517	-0.0827699174548	-0.00471135851382	1.43842049415e-12	1.9431777591e-05	100.0
0.000131649159817	-0.0004058976156	-0.000448151579553	0.0158260237375	-0.0529189652936	-0.0564321186514	1.43842049415e-12	1.9431777591e-05	100.0
-5.14863443935e-05	0.00025308524263	0.000368540855167	-0.00671448497085	0.0308956101674	0.0436845042194	1.43831941141e-12	1.9430412053e-05	100.0
0.000151469615924	-0.000310921327759	-0.000144614360524	0.0155121036146	-0.0379690999204	-0.0146942367467	1.43831941141e-12	1.9430412053e-05	100.0
-3.42077772321e-05	-0.000408132878204	0.000328795005603	-0.00605644850483	-0.0517916323627	0.0397808330164	1.43800007041e-12	1.9426098041e-05	100.0
0.000109099625701	-0.000439581964545	0.000274557744344	0.0121353873855	-0.0561883972365	0.0329019134597	1.43800007041e-12	1.9426098041e-05	100.0
7.50975570603e-05	-0.000694233850282	0.000206831812273	0.0080920778332	-0.0902345102523	0.0261728397627	1.43800007041e-12	1.9426098041e-05	100.0
6.77261232502e-05	-0.000702638390427	2.66155122855e-05	0.00688810900892	-0.0907287764223	0.0036431383635	1.43800007041e-12	1.9426098041e-05	100.0
-3.13095619683e-05	-0.000188917648512	-0.00056977291003	-0.00513497257716	-0.0245250523002	-0.0724736688161	1.43800007041e-12	1.9426098041e-05	100.0
-8.29334127414e-05	0.00012040649007	-0.000235042723339	-0.00867725655349	0.0131183638249	-0.0222691878532	1.43800007041e-12	1.9426098041e-05	100.0
-6.9790955788e-05	-0.00018453312652	0.000444258959783	-0.010031328934	-0.0236666880122	0.0544187054261	1.43758014956e-12	1.9420425285e-05	100.0
-0.00014897801516	-0.000464367451602	0.000179282168854	-0.0204366377431	-0.057458911007	0.020280406836	1.43758014956e-12	1.9420425285e-05	100.0
-0.000158237848308	0.000178728095734	0.000677335828283	-0.021254290548	0.0227217884254	0.0874413375361	1.43758014956e-12	1.9420425285e-05	100.0
0.000138734479635	-8.4854491689e-05	0.000482649594156	0.0170026925239	-0.0112253373019	0.0599353040566	1.43758014956e-12	1.9420425285e-05	100.0
5.47462073636e-06	-0.000446131590595	0.000201158176632	-0.00166041297641	-0.055518267155	0.0227350673276	1.43758014956e-12	1.9420425285e-05	100.0
-7.41570144019e-05	0.00014652459175	-0.000290270280023	-0.00871771211589	0.0168283763958	-0.0309262994487	1.43758014956e-12	1.9420425285e-05	100.0
-0.000129309617346	0.000113175681972	0.000386521125972	-0.0164579120049	0.0132471059693	0.0458210484223	1.43748258711e-12	1.9419107304e-05	100.0
0.000195336633498	-0.000658300456164	-0.000548294969509	0.0246532236336	-0.0871491178704	-0.071432153924	1.43748258711e-12	1.9419107304e-05	100.0
7.62797777642e-05	-0.000217117906331	-0.000411860542157	0.00830133910676	-0.0277695325882	-0.0500031243829	1.43748258711e-12	1.9419107304e-05	100.0
0.000195697444349	-0.00049062355953	-0.000572592005743	0.0245412979622	-0.0645941523361	-0.0741869533695	1.43748258711e-12	1.9419107304e-05	100.0
-8.68296081837e-05	-0.000482731140484	-7.07364342653e-05	-0.0130694131782	-0.0580918219893	-0.00704632941025	1.43716123452e-12	1.9414766117e-05	100.0
-3.05561491625e-05	-0.000487139928617	1.93659533351e-05	-0.00666123956073	-0.0585193526412	0.00153548266926	1.43674282237e-12	1.9409113742e-05	100.0
4.1675935328e-05	-0.00079402812837	4.06551411483e-05	0.00373318531064	-0.103705024308	0.00522009612607	1.43674282237e-12	1.9409113742e-05	100.0
4.04288509215e-05	-0.000121962097178	-0.000482720841387	0.00419739233712	-0.0158143737633	-0.059736020779	1.43674282237e-12	1.9409113742e-05	100.0
2.40671654533e-05	-0.000193449146065	-0.000596473417345	0.00220116546334	-0.025498102256	-0.0761266407074	1.43674282237e-12	1.9409113742e-05	100.0
-0.000107033679591	0.000264727290527	0.000211836070084	-0.012002740758	0.0297344755659	0.0221560877502	1.43664978602e-12	1.9407856904e-05	100.0
1.03516732521e-05	-0.000269695734052	0.000467866207757	0.000230759830618	-0.0352282291986	0.0580045690721	1.43664978602e-12	1.9407856904e-05	100.0
0.0001335683298	-0.000146736596245	-0.000122199675386	0.0121050494154	-0.0162099173253	-0.00925337319985	1.43664978602e-12	1.9407856904e-05	100.0
0.000148957476538	-0.000238479371004	-0.000301812507342	0.0168377858754	-0.0300007454979	-0.0350558029243	1.43664978602e-12	1.9407856904e-05	100.0
0.000165595083915	-0.000697014597749	0.000115359168672	0.0199247069771	-0.0907223268465	0.0142174930658	1.43632491312e-12	1.9403468161e-05	100.0
-8.56336263682e-06	0.000126256669815	-0.000606053893132	-0.00177802466665	0.0159729574188	-0.0770885127918	1.43632491312e-12	1.9403468161e-05	100.0
2.71664481104e-05	6.49758638824e-05	-0.000701413684827	0.00280128637136	0.00825883599704	-0.0905770118605	1.43623539706e-12	1.9402258879e-05	100.0
-0.000163966088061	5.95739640932e-05	0.000392440977029	-0.0210997631358	0.00703942636704	0.0466036448025	1.43590750678e-12	1.9397829374e-05	100.0
-3.83273860568e-05	-0.000110324577394	0.000535475482506	-0.00577676341042	-0.0147207253205	0.0670839196149	1.43590750678e-12	1.9397829374e-05	100.0
4.4737482561e-05	-0.000718701958035	0.000227358194223	0.00433324983651	-0.0938579518892	0.0287871243378	1.43590750678e-12	1.9397829374e-05	100.0
5.40127098888e-05	-0.000590541513577	-9.60183019904e-05	0.00479141435679	-0.0749226334605	-0.0114574565863	1.43590750678e-12	1.9397829374e-05	100.0
-9.86426132802e-05	-0.000290283762455	-0.000343936509967	-0.013893048888	-0.0366555427749	-0.040606912873	1.43590750678e-12	1.9397829374e-05	100.0
9.75651095614e-05	-0.000162479967631	6.01094696303e-05	0.00582181844259	-0.0169963080487	0.00137402999398	1.43582151101e-12	1.9396667648e-05	100.0
0.000167071480483	-0.000106212841738	0.000305195919095	0.0190546377982	-0.0129644802117	0.0346758864563	1.43582151101e-12	1.9396667648e-05	100.0
2.10410503837e-05	-0.000383915070517	0.000448763386316	0.00142911787364	-0.0500287735213	0.0564348551137	1.43582151101e-12	1.9396667648e-05	100.0
7.77918444062e-05	-0.000790438199265	-0.000151865797238	0.00851533608415	-0.103405419643	-0.0196833941214	1.43582151101e-12	1.9396667648e-05	100.0
5.26695871033e-05	0.000288280033373	0.000671426428665	0.00647778419829	0.0371956772604	0.0868469786241	1.43540913366e-12	1.9391096797e-05	100.0
0.000189369995578	-0.000453584469635	-0.00020444098311	0.0220770823226	-0.0577737243619	-0.0241138795884	1.43540913366e-12	1.9391096797e-05	100.0
-0.000110543850328	-0.000314650827246	0.000240348964686	-0.0152447520142	-0.0385970608234	0.0256681373305	1.43507470568e-12	1.9386578974e-05	100.0
7.22834979495e-05	-0.000683911101082	0.000122819344828	0.00755405768673	-0.0884672986888	0.0153544557422	1.43507470568e-12	1.9386578974e-05	100.0
0.000140996820786	-0.000849002505555	8.85035158993e-05	0.0170441668567	-0.111508521749	0.0115839227388	1.43507470568e-12	1.9386578974e-05	100.0
-4.44836816324e-05	-0.000509270971649	-0.000262217010345	-0.00748407837604	-0.0647575972198	-0.0316876673841	1.43507470568e-12	1.9386578974e-05	100.0
-0.000104231885909	-0.000265224649712	-0.000548887432406	-0.0145859685754	-0.0348203073438	-0.0695303936821	1.43507470568e-12	1.9386578974e-05	100.0
5.74843373509e-05	5.02214924086e-05	0.000669869459044	0.00684559646789	0.0061297990561	0.0861756003331	1.4349977621e-12	1.9385539535e-05	100.0
1.76065836938e-05	-0.000573234331971	-0.000458414514679	0.000940151328657	-0.075342748377	-0.0586876731729	1.4349977621e-12	1.9385539535e-05	100.0
0.000117263446725	-0.000490385005139	-0.00031570342418	0.0132553562092	-0.0629480982505	-0.039160720497	1.4349977621e-12	1.9385539535e-05	100.0
3.96789720243e-05	-0.000335597924423	0.000488008332929	0.00398833485855	-0.043538980715	0.0614402903015	1.43424441908e-12	1.9375362543e-05	100.0
-8.08809036411e-05	-0.000344980223091	0.000191381024095	-0.0122276603794	-0.0409686143426	0.0192227358247	1.43424441908e-12	1.9375362543e-05	100.0
-5.66242393228e-05	0.000116390631708	0.000504739069318	-0.00781479263376	0.0143135542916	0.0625910196211	1.43424441908e-12	1.9375362543e-05	100.0
-8.79068429882e-05	-0.000101709801829	0.00065150746052	-0.0122552921488	-0.0138201874103	0.0835499478193	1.43424441908e-12	1.9375362543e-05	100.0
-2.02364822242e-05	-0.000660330299908	0.00014781093292	-0.00436300947387	-0.084980047858	0.0185861795608	1.43424441908e-12	1.9375362543e-05	100.0
6.08828435691e-05	-0.000177889048945	0.000360006993843	0.00630684017697	-0.0223613728278	0.0423884216774	1.43417753348e-12	1.9374458978e-05	100.0
7.04449968418e-05	0.000149314739919	-0.000314740628718	0.00795924928888	0.0175279985505	-0.0344654550859	1.43417753348e-12	1.9374458978e-05	100.0
4.59277111155e-05	4.68989000089e-05	-0.000373720953356	0.00495262195278	0.00575170455699	-0.0432970318522	1.43417753348e-12	1.9374458978e-05	100.0
0.000125946093276	-0.000949324081656	-0.000221345161372	0.015222914067	-0.125675350929	-0.0288874508837	1.43417753348e-12	1.9374458978e-05	100.0
-0.000138883154953	-0.00039598945406	0.000251278015918	-0.0190737985753	-0.0491777338835	0.0288839584991	1.43383003012e-12	1.9369764517e-05	100.0
-0.000127169599019	0.000217985825409	0.000257678193611	-0.0148910648595	0.0252444843094	0.027657071582	1.43383003012e-12	1.9369764517e-05	100.0
0.000159290505784	-0.000382585933297	0.00100981207656	0.020379725374	-0.0512519359037	0.133638195643	1.43383003012e-12	1.9369764517e-05	100.0
-7.61046912147e-05	-0.000210303641066	-0.000366098870597	-0.0109299545735	-0.026196772475	-0.0434815761963	1.43383003012e-12	1.9369764517e-05	100.0
-9.79350622803e-05	0.000269959407096	-0.000138451046576	-0.00976916011495	0.0287283644817	-0.0122446192914	1.43383003012e-12	1.9369764517e-05	100.0
-2.85167992802e-05	1.46309113723e-05	0.000558604187934	-0.00447314093359	0.00154552809608	0.0703438267081	1.43376917932e-12	1.9368942477e-05	100.0
0.000210286952547	-0.00088828786418	0.000231856511451	0.0263586822866	-0.117291274639	0.0301958711344	1.43376917932e-12	1.9368942477e-05	100.0
0.000142752463936	-0.000343197551554	-0.00059307437067	0.0176304565556	-0.0452258829163	-0.0763009791504	1.43376917932e-12	1.9368942477e-05	100.0
0.000270495749489	-0.000779545803054	-0.000394301413483	0.0344654734838	-0.103011520563	-0.0513758222094	1.43376917932e-12	1.9368942477e-05	100.0
-2.60851062528e-05	-0.000155389431475	0.000639870283468	-0.00432025899213	-0.0205736109572	0.0819583266851	1.43341614407e-12	1.9364173286e-05	100.0
0.000171464248749	-0.000197575839594	0.000507215176091	0.0213073212496	-0.0261366534406	0.0638269402762	1.43336132806e-12	1.9363432771e-05	100.0
-0.000129655346639	0.000387775712419	-0.000486547064857	-0.0170844891828	0.049380144349	-0.061735021185	1.43336132806e-12	1.9363432771e-05	100.0
-5.38802293728e-06	0.000310607455812	-0.000381027425707	-0.000859511590393	0.0384682404694	-0.0460572027078	1.43336132806e-12	1.9363432771e-05	100.0
-1.02114184323e-05	7.91162489387e-05	0.000446076511462	-0.00180383688002	0.00930076124459	0.0540809591237	1.43259038356e-12	1.9353017998e-05	100.0
0.000121365414408	-0.000566930507668	0.000276529268033	0.0141340073524	-0.0733533040503	0.0345308317212	1.43259038356e-12	1.9353017998e-05	100.0
9.39675579019e-05	-0.000811639508449	0.000108052709129	0.0107070722873	-0.106257304034	0.0137838541729	1.43259038356e-12	1.9353017998e-05	100.0
-0.00013095244875	-0.00051700389894	5.2231446968e-05	-0.0182661667683	-0.0630761207361	0.00638902106508	1.43259038356e-12	1.9353017998e-05	100.0
-7.52154323009e-05	0.000181082330893	0.000497799511133	-0.0101074715287	0.0225249363553	0.0619425499036	1.43259038356e-12	1.9353017998e-05	100.0
3.54589843965e-05	-6.24209082443e-05	0.000407563823607	0.00348579306918	-0.00819552373138	0.0485340384069	1.43259038356e-12	1.9353017998e-05	100.0
-2.39019976907e-05	-0.000649107589069	-0.000154927180551	-0.00498525682365	-0.0834703251586	-0.0189614880693	1.43259038356e-12	1.9353017998e-05	100.0
0.000113760370093	-0.000685425128381	-0.000273269792008	0.0132996794818	-0.089361638085	-0.0349456288638	1.43259038356e-12	1.9353017998e-05	100.0
1.8241706588e-06	0.000428431315373	8.5386501915e-05	0.000701537540708	0.0497792242551	0.00936062087435	1.43259038356e-12	1.9353017998e-05	100.0
2.85969775471e-05	-0.000549635147026	-0.000394630723243	0.00218827200864	-0.0714373624547	-0.050075084201	1.43259038356e-12	1.9353017998e-05	100.0
0.000174003663443	-0.00052869718766	-0.000467672223787	0.0214960079909	-0.0692878161689	-0.0601466584856	1.43259038356e-12	1.9353017998e-05	100.0
0.000182747837934	-0.000645433184538	-0.000396883647255	0.0227294939472	-0.0848680263844	-0.050912684844	1.43259038356e-12	1.9353017998e-05	100.0
-7.10528203126e-05	0.000483063235318	-0.000256415969415	-0.0089320630736	0.0600222495931	-0.0314041703149	1.43259038356e-12	1.9353017998e-05	100.0
-3.46062461162e-05	0.000148251363139	-0.00063225213388	-0.00500931735257	0.0186404643001	-0.0808802415485	1.43259038356e-12	1.9353017998e-05	100.0
-7.18821980733e-06	-0.000157974616707	-0.000660569648957	-0.0017388567671	-0.0211574131528	-0.0848942579736	1.43259038356e-12	1.9353017998e-05	100.0
0.000132314084147	1.18304618356e-05	0.000464806602705	0.0162703708784	0.00123367576623	0.0573347278021	1.43254914583e-12	1.9352460913e-05	100.0
-0.000117750266127	0.000240738063593	-6.33781169728e-05	-0.00996346285044	0.0228955687306	-0.00418038394394	1.43254914583e-12	1.9352460913e-05	100.0
-4.97595633278e-05	0.000311800920867	-0.000182535291266	-0.00508773540901	0.0345920280585	-0.0190206166702	1.43254914583e-12	1.9352460913e-05	100.0
0.000251343344327	-0.000646676041406	0.000187127235689	0.0310485680475	-0.0840189567884	0.0237665512675	1.43254914583e-12	1.9352460913e-05	100.0
0.000156717914956	-0.000772108311566	0.000150464946377	0.0189057960444	-0.101068308003	0.0191497740931	1.43254914583e-12	1.9352460913e-05	100.0
-5.17757697416e-05	0.0002680559313	-0.000145549509957	-0.00458678418109	0.0277007358223	-0.0125810172448	1.43254914583e-12	1.9352460913e-05	100.0
0.000119435757978	-0.000675272923654	-0.000295955633224	0.0140143761508	-0.0881957893224	-0.0376232580837	1.43254914583e-12	1.9352460913e-05	100.0
0.000248784709253	-0.000507604072395	-0.000645445873682	0.0318990903749	-0.0673972471578	-0.0840794178608	1.43254914583e-12	1.9352460913e-05	100.0
