# x[AU] y[AU] z[AU] vx[AU/yr/2pi] vy[AU/yr/2pi] vz[AU/yr/2pi] m[MSUN] m[mtot] wf[%]
1.19663735793e-05	6.68252670137e-05	-1.52989626889e-07	0.00190013624706	0.00818298552439	-2.14015833534e-05	6.04714979185e-07	0.938516564459	9.5241523289
-0.000200312504314	-0.00108216874871	-2.40456024615e-06	-0.0313131731675	-0.133066078699	-0.000396294543391	2.54767339864e-08	0.039539845509	8.1546951497
-0.000275737628107	-0.000428138621562	-1.60640827401e-05	-0.0342301226093	-0.0375414223749	-0.00276905567373	2.92162942866e-09	0.00453436363958	11.8266079569
-0.000236271099808	-0.000877897830612	1.4567575832e-05	-0.0320768384468	-0.111256616398	0.00281570960197	1.00087477307e-09	0.00155335585486	10.1132189371
-0.000249561805474	-0.000912080283239	5.73128238436e-05	-0.037981715095	-0.115414012479	0.00941316383519	4.85754529865e-10	0.00075389016019	6.7883979588
-0.00025486680538	-0.00078649996342	-5.85600136248e-06	-0.0342192536649	-0.0963281768178	-0.000970614233065	4.93146675585e-10	0.000765362757103	9.16245816105
-0.000277359871854	-0.000565876273211	5.96906132294e-05	-0.0371591447688	-0.0579400321336	0.00890049614785	1.77667870272e-10	0.00027574021639	0.0
-0.000265041126133	-0.000604384791001	-4.94171442925e-06	-0.0350130798771	-0.0643652833042	-0.000809586565026	1.53989348595e-10	0.000238991193166	7.13312924228
-0.000282812120373	-0.00051190278864	5.31443255415e-05	-0.0367674074929	-0.0497087302563	0.00758610789304	1.40346452297e-10	0.00021781744255	0.0
-0.000234278666568	-0.000658850902816	4.46984823648e-05	-0.0354147239946	-0.0739738549052	0.010860749793	1.17825202291e-10	0.00018286450289	9.2793826231
-0.000123703692231	-0.000535630645307	9.82100534719e-05	-0.0212745751758	-0.0544562227746	0.00207428734922	1.67779423376e-10	0.000260393364526	0.0
-0.000102757120981	-0.000966999411309	0.000127048809987	-0.0206203916307	-0.120565492885	0.00702136720635	9.93496658235e-11	0.00015419050339	0.0
7.33254029263e-05	-0.00150002734123	-5.88518873591e-05	0.00264797070311	-0.189294607407	-0.00675162178737	9.79542965194e-11	0.00015202489273	0.0
-0.000271612319392	-0.000719903215842	-1.08301234705e-05	-0.0358327984735	-0.0849740077281	-0.000978307679275	8.10954552998e-11	0.00012586000135	13.677814415
-0.000159410561031	-0.000628128892859	-5.93606648585e-05	-0.0253951494509	-0.0693189970056	0.000954804667178	1.47933511695e-10	0.000229592545143	7.52365326018
-0.000179667926671	-0.000540608585968	4.39189144802e-05	-0.0271105930375	-0.0548879851814	-0.00268442888329	6.88194440952e-11	0.00010680765395	0.0
-7.94339377786e-05	-0.000898033458039	0.000257227200841	-0.0158235804706	-0.110129351708	0.0249781926211	6.85269377964e-11	0.0001063536847	0.0
-0.000231587093385	-0.000521802105733	-3.1363856411e-05	-0.0343166850776	-0.0515243713101	-0.0108808436319	1.34193746951e-10	0.000208268454881	25.4002769597
-0.000269745613883	-0.000513387015789	6.52817778238e-05	-0.0392601432066	-0.0501758401374	0.0122480587934	1.01301377441e-10	0.000157219556318	0.0
-0.00011365637979	-0.00082260667023	-0.000149194351046	-0.0201921529561	-0.0992574895619	-0.010553589628	6.72873314659e-11	0.0001044298179	0.0
-1.14232191555e-05	-0.0010894780721	-0.000214164521434	-0.00883501535132	-0.135644402621	-0.0207522122103	6.72101565525e-11	0.00010431004257	0.0
-0.000193048882981	-0.000588723445814	-1.51392378976e-05	-0.0291433818952	-0.0630781084943	0.0062493823696	6.7063973809e-11	0.00010408316722	0.0
-9.17161286975e-05	-0.00091161181728	0.000157077945208	-0.0182261617676	-0.112289479308	0.0117143126013	6.6650022379e-11	0.00010344071534	0.0
-0.000158021324511	-0.000562880967149	7.44250165521e-05	-0.025304029679	-0.0582155903633	0.000853449697578	6.6465106338e-11	0.00010315372597	0.0
6.03713408248e-05	-0.0010124065445	-0.000304479886631	0.000600004995859	-0.1262954977	-0.0326812076563	6.59984661574e-11	0.00010242950125	0.0
-8.61795596333e-05	-0.00129217032586	5.79052078487e-05	-0.0189528242031	-0.158326889387	0.00209747027679	6.5787570343e-11	0.00010210219132	0.0
2.34813965992e-05	-0.00109062308371	-0.000266294646626	-0.0042223066579	-0.136050645969	-0.0275705221598	6.53741117543e-11	0.00010146050433	0.0
-4.41712058279e-05	-0.00135558319438	3.00382726247e-05	-0.0136504650174	-0.167835211978	0.00181905621343	7.78206510533e-11	0.00012077751103	14.2498292179
-5.29431147064e-05	-0.000694906328637	-0.000167389612658	-0.0138798247685	-0.0804187150813	-0.0124320494142	4.36837166264e-11	6.7797049951e-05	25.028665579
2.31655372037e-05	-0.0013401798985	0.000133831203949	-0.00497119544936	-0.167942389441	0.013050793773	4.35231861683e-11	6.7547906967e-05	25.237718609
-0.000272350152441	-0.000747462202281	7.43843868628e-05	-0.0386498522245	-0.0897591634416	0.0113729412648	3.5840042847e-11	5.5623682296e-05	0.0
-0.000260893459095	-0.00059802176785	5.42706805213e-05	-0.0385940062001	-0.0635719168829	0.0119122830648	4.6650042495e-11	7.2400782385e-05	23.2779167292
-0.00026846806736	-0.00057571198507	-6.36216516396e-05	-0.0374837583121	-0.0598644376127	-0.0101725052813	3.52246400499e-11	5.4668578257e-05	0.0
-0.000281733338969	-0.000679998477411	-1.102645268e-05	-0.037934958066	-0.0780497416818	-0.00213254507604	3.51886676691e-11	5.4612749187e-05	0.0
-0.000169192846745	-0.000682262440438	-5.37394617633e-05	-0.0267519740419	-0.0773682047776	0.000326041601648	6.9423541718e-11	0.000107745212383	0.0
-0.000142920463607	-0.000505528873547	8.26159679357e-05	-0.0212260880079	-0.0500971651303	0.000442847516155	3.46401705834e-11	5.3761482692e-05	0.0
-0.000158621656799	-0.000916873998461	-4.45067732759e-05	-0.0276163942641	-0.115570331795	0.0033381215123	3.46401705834e-11	5.3761482692e-05	0.0
-0.000168790899007	-0.00089929223391	2.97688105797e-05	-0.0295493253546	-0.112760927004	-0.0046269098867	3.45283660302e-11	5.3587962226e-05	0.0
-0.000109962368408	-0.000873804447338	0.000172593478779	-0.0199235515136	-0.107235666957	0.0136164885833	3.44158171861e-11	5.3413286621e-05	0.0
-0.000166723933959	-0.000452758437183	2.82091094924e-05	-0.0248639650938	-0.0406803310439	-0.00581160422588	3.41884162195e-11	5.3060360729e-05	0.0
-0.000265690831641	-0.000490565358709	7.59163059665e-05	-0.038359454752	-0.0476262700542	0.0148360723006	3.40735238651e-11	5.2882048e-05	0.0
-0.000119359914773	-0.000898883983514	0.000117069150671	-0.0215464689485	-0.110990552582	0.00718947051221	3.40163391955e-11	5.2793297496e-05	0.0
-0.000149895148	-0.000707189158609	-8.30110269678e-05	-0.0247551538703	-0.081248984435	-0.00174024202177	3.39578168139e-11	5.2702470864e-05	0.0
-0.000284315686206	-0.000432123004175	-7.44897468317e-05	-0.0436627165735	-0.0380748125662	-0.0114476138764	3.38412598631e-11	5.2521574685e-05	0.0
-0.000267105126497	-0.000578136960421	7.02758201023e-05	-0.03949438393	-0.0603153041615	0.0134643937501	3.37238429546e-11	5.2339343854e-05	0.0
-0.000137223604968	-0.000730568519248	-5.61891845383e-05	-0.0249637323761	-0.085375172049	0.000345095156145	3.37238429546e-11	5.2339343854e-05	0.0
-0.000182872886385	-0.000811325873838	2.25369648707e-05	-0.0298666665538	-0.099021501147	-0.00532854858039	3.34863135979e-11	5.1970698718e-05	0.0
-0.000128164113609	-0.000809891108029	0.000130501722048	-0.0226143936046	-0.0977484657308	0.00836068729898	3.34863135979e-11	5.1970698718e-05	0.0
-4.01537061129e-05	-0.000506193681639	0.000347859272144	-0.0105884928704	-0.0544956236396	0.0327560587153	3.34863135979e-11	5.1970698718e-05	0.0
-0.000226756327448	-0.000842823658385	4.86493474743e-05	-0.0366217664495	-0.105956913376	0.0131754028611	3.34863135979e-11	5.1970698718e-05	0.0
-0.000126086033536	-0.000859609627452	-0.000117374405136	-0.0227835977158	-0.104741381985	-0.00652781204205	3.34863135979e-11	5.1970698718e-05	0.0
-5.01383881121e-05	-0.00125063853312	-0.000125893472179	-0.013976890688	-0.15501608513	-0.00997346718808	3.34863135979e-11	5.1970698718e-05	0.0
-6.31953524383e-05	-0.0012070827226	0.000102456344033	-0.0172948803365	-0.149006633668	0.00580772717157	3.34463683133e-11	5.1908703708e-05	0.0
-0.000238638108056	-0.000878927084221	-3.99279566872e-05	-0.0387448325317	-0.111575201237	-0.00989963708218	3.3245027584e-11	5.1596223256e-05	0.0
-0.000127803268165	-0.000740577250208	0.000113752188359	-0.0224784528255	-0.087130262894	0.00592755034884	3.3245027584e-11	5.1596223256e-05	0.0
-5.99656809019e-06	-0.000576821221681	-0.000138311639064	-0.00872852441493	-0.0620909422049	-0.00843390499126	3.3245027584e-11	5.1596223256e-05	0.0
2.82531393169e-05	-0.000829902055952	-0.000247671699107	-0.00371013004173	-0.100537735908	-0.0242051010672	3.3245027584e-11	5.1596223256e-05	0.0
-0.000103249389436	-0.00127130549365	-6.59085494112e-06	-0.0224855008704	-0.153591106972	0.00186687289503	1.2054752649e-10	0.000187089545168	18.0163929735
-0.000108893481456	-0.000835308147404	-0.000101984248122	-0.0217667126219	-0.1017314886	-0.00499434628172	3.3245027584e-11	5.1596223256e-05	0.0
-3.05963983649e-05	-0.00118160209723	-0.000166872652059	-0.0118919206314	-0.147278082197	-0.0143195359492	6.57412985864e-11	0.000102030377639	0.0
3.05942408925e-05	-0.000400236590112	-0.000255440166502	-0.0043651401351	-0.0368161334256	-0.0181915866123	3.31229085679e-11	5.1406694762e-05	0.0
5.77815566462e-05	-0.00123762594797	0.000343313161241	0.001233574502	-0.156068201859	0.0390811693098	3.29170769486e-11	5.1087244458e-05	0.0
2.41402803208e-06	-0.00122381561444	-0.000188237002367	-0.00708727255122	-0.152607557282	-0.0181182759659	3.29170769486e-11	5.1087244458e-05	0.0
-0.00025972678188	-0.00054663392862	-3.95813355417e-06	-0.0328851492434	-0.055240594832	-0.000743715161518	3.28755575895e-11	5.1022806487e-05	0.0
2.61009047805e-05	-0.00148351662869	0.000108369198199	-0.0032468217486	-0.186820727049	0.0116733298735	3.28755575895e-11	5.1022806487e-05	0.0
-1.36049019627e-05	-0.00133956191376	-0.000178961565815	-0.00861394259912	-0.167302087007	-0.0184212147206	3.28755575895e-11	5.1022806487e-05	0.0
-2.3824138396e-05	-0.00128400833776	0.000158886808594	-0.0103765554735	-0.160188711952	0.0147028062276	3.28339175346e-11	5.0958181196e-05	0.0
6.91738403333e-05	-0.00117478024365	0.000296145095627	0.00201538250545	-0.147570016309	0.0328749647411	3.28339175346e-11	5.0958181196e-05	0.0
-0.00028689805125	-0.000377546001535	-8.71993947638e-05	-0.0345667873587	-0.0322891713548	-0.0104254925832	3.27502652793e-11	5.0828353046e-05	0.0
-0.00024557662037	-0.000920144108375	-9.97957535568e-05	-0.0349576582807	-0.117676123809	-0.0145419044052	3.27502652793e-11	5.0828353046e-05	0.0
-7.2323099449e-07	-0.000661004932432	0.000219029956748	-0.00744959518188	-0.0756691016247	0.0190101404087	3.27502652793e-11	5.0828353046e-05	0.0
-0.000267692297394	-0.000569410201151	-4.53707526233e-06	-0.0343071337699	-0.0591323176296	-0.000127991297047	3.27502652793e-11	5.0828353046e-05	0.0
0.000139775982381	-0.00150357998898	0.000163128208263	0.0113543906414	-0.190849990534	0.0185203594667	4.38395751507e-11	6.8038942101e-05	25.2952037817
4.34133057878e-05	-0.0014279980106	0.000149068862108	-0.00106293067567	-0.179659278676	0.0164610289779	3.27502652793e-11	5.0828353046e-05	0.0
-1.3833348626e-05	-0.0014039611263	2.47245614065e-05	-0.00981384296287	-0.174775765436	0.00169038705188	3.27502652793e-11	5.0828353046e-05	0.0
-0.000226024184374	-0.000579620948214	2.51122478563e-05	-0.0338930398904	-0.0614549448393	0.010509438632	3.27502652793e-11	5.0828353046e-05	0.0
-0.000175516097256	-0.000475790255924	-1.55356402208e-06	-0.0279504146631	-0.0443457095343	0.00886355923923	3.27502652793e-11	5.0828353046e-05	0.0
4.18285876866e-05	-0.00103223402771	-0.000321987150169	-0.00093478775158	-0.12835396802	-0.034220988952	3.27502652793e-11	5.0828353046e-05	0.0
2.04549224904e-05	-0.0012810779657	-0.000148490429791	-0.00604177285497	-0.160278847672	-0.0143006450289	3.27502652793e-11	5.0828353046e-05	0.0
-2.04528626467e-05	-0.00128318687822	-0.000147697686951	-0.010175544491	-0.159605664536	-0.013757637552	6.5289192193e-11	0.000101328709327	0.0
4.1273927187e-05	-0.000697226599295	0.000271068150685	-0.00208697108774	-0.0813197480415	0.0261321612352	3.26661151539e-11	5.0697752202e-05	0.0
0.000121148673669	-0.00151559238129	-7.12364735349e-05	0.00830858751277	-0.192008299268	-0.00752619430312	3.26661151539e-11	5.0697752202e-05	0.0
5.68977747308e-05	-0.000494588658072	0.00035852527302	-0.000377969016602	-0.0538126631271	0.0337200872892	3.26238464749e-11	5.0632151288e-05	0.0
0.000236646402916	-0.0016087908548	-0.000267124588392	0.0246557061087	-0.205780915041	-0.0325234986516	3.26238464749e-11	5.0632151288e-05	0.0
0.000104948807657	-0.00123900129215	0.000409284382996	0.00737898207427	-0.156633013418	0.0479244415596	3.25814520712e-11	5.0566355249e-05	0.0
0.000213296284892	-0.00122879310187	0.00042378820682	0.0212479265199	-0.156098121097	0.0501156432769	3.25389269137e-11	5.0500356281e-05	0.0
-4.97129425352e-05	-0.00140059197059	6.74727778261e-06	-0.0132539377985	-0.173482589658	0.000247812435486	3.25389269137e-11	5.0500356281e-05	0.0
-0.00013365380484	-0.000492273806475	7.02154252587e-05	-0.023177270973	-0.0481782762845	-0.00089102586446	3.24962710023e-11	5.0434154383e-05	0.0
0.000229784332124	-0.000890835095756	0.000477272632591	0.0228086375052	-0.110933257051	0.0551380894121	3.24962710023e-11	5.0434154383e-05	0.0
0.000312155237842	-0.00178317858665	0.000321430205357	0.0350573518636	-0.229543149994	0.040182631806	3.24962710023e-11	5.0434154383e-05	0.0
8.6705150296e-05	-0.00157569640956	-0.000130770134952	0.00500421272542	-0.199957397401	-0.0148596150299	3.24962710023e-11	5.0434154383e-05	0.0
0.000238208435088	-0.00157205160374	-0.000385020704623	0.0252117136822	-0.201377074187	-0.0471430446342	3.24962710023e-11	5.0434154383e-05	0.0
-6.36742435031e-05	-0.000978052931605	-0.000182341207975	-0.0156309200597	-0.121454427876	-0.0147506321797	3.24962710023e-11	5.0434154383e-05	0.0
0.000189841803103	-0.00134481906433	0.000647175672113	0.0194449677985	-0.171850741593	0.080281261344	3.24105568603e-11	5.0301126188e-05	0.0
0.000329975136397	-0.00209103079734	1.71007663026e-06	0.0379148103892	-0.270527212744	0.000140424006111	3.24105568603e-11	5.0301126188e-05	0.0
2.25036961285e-05	-0.00146088324277	-2.97254314235e-05	-0.00303219113742	-0.183191330376	-0.00305235679549	3.24105568603e-11	5.0301126188e-05	0.0
-3.93021881313e-05	-0.000917136020038	0.000203306350563	-0.0127890822725	-0.112864015986	0.017886827041	3.23674986296e-11	5.0234299891e-05	0.0
-3.94480407775e-05	-0.000556771120774	-0.000225159911972	-0.0115748316468	-0.0601018996325	-0.0177056270862	3.23674986296e-11	5.0234299891e-05	0.0
0.000230647891501	-0.00121743386686	-0.000494641200806	0.0236570750222	-0.15456889836	-0.0594207031345	3.23674986296e-11	5.0234299891e-05	0.0
-0.00032088333413	-0.000575131101635	0.000236456639018	-0.041766087658	-0.0632829305332	0.0215489231464	1.25651681946e-11	1.9501118529e-05	100.0
7.61571374692e-07	-0.0015171909622	0.000383267742166	-0.00447188676928	-0.19376513959	0.0472662250347	1.25360453012e-11	1.9455919851e-05	100.0
-2.85332556702e-05	-0.00151264845403	5.67603916731e-05	-0.00829949068207	-0.190714631902	0.0063620948038	1.25360453012e-11	1.9455919851e-05	100.0
-6.25104127187e-05	-0.000602058787371	-0.000454856049585	-0.0126318834789	-0.0700993576601	-0.0483305913994	1.25360453012e-11	1.9455919851e-05	100.0
-0.000187205947471	-0.000378770971377	-0.000348727314546	-0.0257845471364	-0.0369762904108	-0.0295325536515	1.24924439393e-11	1.9388250615e-05	100.0
-0.000157667258943	-0.000857150639511	0.000636618652608	-0.0245291232848	-0.106585230928	0.0753688063368	1.24489481863e-11	1.9320745285e-05	100.0
-0.000155282142134	-0.00165537288747	0.000203163736501	-0.0244446339095	-0.211861493652	0.0245156516667	1.24489481863e-11	1.9320745285e-05	100.0
-0.000104863314221	-0.00126058258361	-0.000536240854657	-0.0180935181254	-0.160047071665	-0.0652793048044	1.24489481863e-11	1.9320745285e-05	100.0
-0.000114419440156	-0.00134310693194	-0.000732615415027	-0.0192765964457	-0.172127216441	-0.0914654442033	1.24489481863e-11	1.9320745285e-05	100.0
-0.000256843509144	-0.000459657013694	-0.000171008997871	-0.0325108493376	-0.0446488753011	-0.0100430561589	1.24489481863e-11	1.9320745285e-05	100.0
2.27767720614e-05	-0.000495040657968	-0.00090153345438	-0.00174521916496	-0.0609152631289	-0.108640199272	1.24489481863e-11	1.9320745285e-05	100.0
4.25166743774e-05	-0.000899514581259	-0.000936481214101	0.00100094443996	-0.114564721506	-0.115990343898	1.24489481863e-11	1.9320745285e-05	100.0
-0.000149361994649	-0.000899302201097	-0.00026522666232	-0.0231073713142	-0.109425753629	-0.0271884958452	1.24344747469e-11	1.9298282533e-05	100.0
-0.000248817226421	-0.000598224872882	-2.62262083327e-07	-0.0305231773952	-0.0606244063513	0.00280228764123	1.24055530131e-11	1.9253396053e-05	100.0
-2.04463133605e-05	-0.00066645616599	-0.000285627325804	-0.00849941815347	-0.0765099224561	-0.0273418408315	1.24055530131e-11	1.9253396053e-05	100.0
-0.000294633898636	-0.00068781352775	-2.30093585416e-05	-0.0395880954777	-0.0819331363952	-0.00519576285101	1.23622533908e-11	1.9186195117e-05	100.0
-7.2494062464e-05	-0.00159197494707	-1.7888685294e-05	-0.0138440966466	-0.202007127737	-0.00154448290102	1.23334372658e-11	1.9141472543e-05	100.0
-6.34869975445e-05	-0.00129719628329	-0.000408115620458	-0.0129909367659	-0.164173899529	-0.0485621757557	1.23334372658e-11	1.9141472543e-05	100.0
-0.000149513925615	-0.000696811251806	-0.000106523393397	-0.0224464735719	-0.0793676851359	-0.00516116969295	1.22902885133e-11	1.9074505756e-05	100.0
-5.6832360902e-05	-0.000456452656522	0.000289221101213	-0.0119453622349	-0.045083358811	0.0242896282225	1.22759206827e-11	1.9052206909e-05	100.0
-9.62417170554e-05	-0.00153642537647	-6.97664903194e-05	-0.0166046418959	-0.194108339583	-0.00881034863254	1.22759206827e-11	1.9052206909e-05	100.0
-0.000200914286122	-0.000913123939939	0.000236492889614	-0.0289680690652	-0.111599537689	0.0227659690674	1.22759206827e-11	1.9052206909e-05	100.0
-0.000111249298838	-0.00114372424099	-0.000858965754183	-0.0189177635995	-0.14624975061	-0.107245158157	1.22759206827e-11	1.9052206909e-05	100.0
0.00014577664329	-0.00065321916481	0.000814635538392	0.013727883919	-0.0811362126592	0.0980706242273	1.22615679392e-11	1.9029931477e-05	100.0
-0.000274827507956	-0.000386017617696	-9.16676614836e-05	-0.0360331460512	-0.0327894012523	-0.0138412197754	1.22615679392e-11	1.9029931477e-05	100.0
1.82145518613e-05	-0.000824811894064	0.000788101698496	-0.00233442157126	-0.103358593836	0.0955811165515	1.22472252536e-11	1.9007671654e-05	100.0
-0.000169648243222	-0.000555480605447	0.000295436591057	-0.0245612022762	-0.0599372534946	0.0276773040148	1.22472252536e-11	1.9007671654e-05	100.0
-0.000126267998786	-0.0014666794607	0.000250100357551	-0.0207020237297	-0.185989541694	0.0293068929904	1.22472252536e-11	1.9007671654e-05	100.0
-0.000225060783616	-0.000347343089864	0.000232142080656	-0.0276763362474	-0.0285993063199	0.0150045369134	1.22185650274e-11	1.8963191035e-05	100.0
7.84670290097e-06	-0.000813763274038	0.000601152740766	-0.00402933190126	-0.100067779325	0.0707815913615	1.21899400041e-11	1.891876505e-05	100.0
-7.22583367759e-05	-0.00108543021047	-0.000342858152178	-0.0140162249615	-0.135136853524	-0.0384077926146	1.21613501838e-11	1.88743937e-05	100.0
-4.34778841782e-05	-0.00116557434865	0.000262828599705	-0.0112948997726	-0.145283313306	0.0277955223671	1.21470678461e-11	1.8852227537e-05	100.0
-0.000192624268234	-0.000729783366295	2.45196677388e-05	-0.0277520036582	-0.0851106819716	0.00690802109778	1.21470678461e-11	1.8852227537e-05	100.0
5.09873832389e-05	-0.00105917403435	-0.00048472303298	0.00146938047203	-0.132716146755	-0.0569237205443	1.21470678461e-11	1.8852227537e-05	100.0
0.000266696187107	-0.000669547008064	-0.0011573478476	0.0300522940179	-0.0853976205184	-0.145209297526	1.21470678461e-11	1.8852227537e-05	100.0
-0.000320218988906	-0.0013217401837	0.000524333796978	-0.0452880525978	-0.16810282204	0.064826230487	1.21327955664e-11	1.8830076985e-05	100.0
-0.000290478908588	-0.000650309584119	1.50852850408e-05	-0.0402669907903	-0.0738240468384	0.000795219424774	1.21327955664e-11	1.8830076985e-05	100.0
-0.000167896225284	-0.000584965939966	-6.88111246292e-06	-0.0262562467629	-0.0616127847961	-0.00893288953337	1.21185333447e-11	1.8807942042e-05	100.0
-0.000340295507368	-0.00131558877148	0.000176136365055	-0.0464934342549	-0.164441439818	0.0191120053698	1.2104276152e-11	1.8785814905e-05	100.0
-0.00025848428588	-0.000614755866716	2.38654267116e-05	-0.0311160792346	-0.0655942403784	0.00391159220244	1.2104276152e-11	1.8785814905e-05	100.0
-0.000181858283328	-0.00173159659678	-0.000359044053045	-0.0279005893674	-0.223009995836	-0.0448320756218	1.20757869115e-11	1.8741599655e-05	100.0
-0.000242453391243	-0.00175816708085	0.000142339303229	-0.0358481308194	-0.225864289895	0.0179071597713	1.20615548638e-11	1.8719511542e-05	100.0
-8.63104216897e-05	-0.000239203699709	0.000680943172208	-0.0149645367606	-0.0272992094697	0.0732945774381	1.2047332874e-11	1.8697439039e-05	100.0
-0.000107250035792	-0.00145075186274	0.000697323836909	-0.0182731964215	-0.186438112096	0.0877244172056	1.20189039815e-11	1.8653317449e-05	100.0
-0.000117118174818	-0.00122250024037	0.000214695482855	-0.0201912507054	-0.152001738847	0.0212960583902	1.20189039815e-11	1.8653317449e-05	100.0
-0.000132628410987	-0.000690690121968	-0.000551066660169	-0.0215330981484	-0.082691263935	-0.0626199892539	1.20189039815e-11	1.8653317449e-05	100.0
2.17699589002e-05	-0.000134319427014	0.000607658136133	-0.00310698482812	-0.014460454268	0.0607301475844	1.19905102918e-11	1.8609250494e-05	100.0
-0.000190605268408	-0.00150597758114	0.000410044506182	-0.0291013477576	-0.192180047479	0.0502658119208	1.19905102918e-11	1.8609250494e-05	100.0
-0.000162517723737	-0.00156576689149	-0.000124226535759	-0.0250765943245	-0.198873460016	-0.0139378622491	1.19905102918e-11	1.8609250494e-05	100.0
-0.000421832677876	-0.000560193409959	-0.000127788692837	-0.0520756284199	-0.0602590045931	-0.0111814424297	1.19905102918e-11	1.8609250494e-05	100.0
-3.93225236654e-05	-0.000455692250518	0.000971810974112	-0.00935327702744	-0.0564361019433	0.117916565618	1.1976323505e-11	1.8587232626e-05	100.0
-0.000336869023197	-0.00168350359923	-0.000107913887173	-0.0476371995534	-0.215679418598	-0.0136642743214	1.1976323505e-11	1.8587232626e-05	100.0
-0.000212665972157	-0.00069487085233	-6.6580551959e-05	-0.0287097113933	-0.0788969582077	-0.00264445839841	1.1976323505e-11	1.8587232626e-05	100.0
-0.000253372414591	-0.000548508875949	4.09698052327e-05	-0.0328868122744	-0.0562537632964	-0.00387084766238	1.19338033765e-11	1.8521241462e-05	100.0
-0.000179882886328	-0.000918880691127	-0.000370436904293	-0.0271695358677	-0.112581555762	-0.0411165529253	1.19338033765e-11	1.8521241462e-05	100.0
-3.80688601733e-05	-0.000507439024465	-0.000290865062627	-0.0101520448142	-0.0531058761829	-0.025564649739	1.19338033765e-11	1.8521241462e-05	100.0
-0.000211086620226	-0.000635288217254	-0.000965565494643	-0.0313343222853	-0.0798232409088	-0.118765320692	1.19338033765e-11	1.8521241462e-05	100.0
-9.55266931082e-05	-0.00144940996657	0.000566501238276	-0.0167929169225	-0.18556547865	0.0705698015179	1.19196467636e-11	1.8499270425e-05	100.0
-0.00027017129675	-0.00133544723982	-0.000404113393313	-0.0390529186993	-0.168850479426	-0.0491536717461	1.19196467636e-11	1.8499270425e-05	100.0
-0.000101915092512	-0.00108549584389	0.000610013811841	-0.0176571150523	-0.136672156104	0.0740227029964	1.19054951797e-11	1.8477307192e-05	100.0
-0.000305200664718	-0.00136022102372	-0.000381542347608	-0.0434675257268	-0.172159295321	-0.0454335389369	1.19054951797e-11	1.8477307192e-05	100.0
-0.000357927918495	-0.000327452097746	-5.38265309287e-05	-0.0384937549869	-0.024902609938	0.00135364304329	1.19054951797e-11	1.8477307192e-05	100.0
-0.000123023539258	-0.000264816544097	-0.000465462507556	-0.0185810821716	-0.0259632757285	-0.0414878531321	1.19054951797e-11	1.8477307192e-05	100.0
-0.0001656360776	-0.000856028456226	0.000265877852685	-0.0250081983383	-0.103989003612	0.0263622785151	1.18489491921e-11	1.838954792e-05	100.0
-0.0002041611866	-0.00166243791584	0.000372221993003	-0.0308473237408	-0.213488965971	0.0464331055607	1.18489491921e-11	1.838954792e-05	100.0
-0.00020179458809	-0.000837855618823	-0.000456759076765	-0.0297525443811	-0.101996318533	-0.0520473518138	1.18489491921e-11	1.838954792e-05	100.0
-0.000371719806571	-0.000571193588479	-0.000681350022718	-0.050369155228	-0.0689863930004	-0.0794266320036	1.18489491921e-11	1.838954792e-05	100.0
-8.54640979058e-05	-0.00174937445363	-0.000289312671287	-0.0155749676845	-0.224847442014	-0.0364897927744	1.18207114012e-11	1.8345722919e-05	100.0
-0.00020630222301	-0.00070342001706	2.38291003075e-05	-0.0295455008313	-0.0808880393376	0.00757960380348	1.18207114012e-11	1.8345722919e-05	100.0
-0.000226682471858	-0.000403193688378	-2.76710693837e-05	-0.0297987860714	-0.0328499008937	0.00565585698246	1.18207114012e-11	1.8345722919e-05	100.0
0.000283396380187	-0.00111439021264	0.00106913624694	0.0323826272604	-0.143243142397	0.13537110436	1.17924987553e-11	1.8301936944e-05	100.0
5.59364932177e-05	-0.00115100162244	0.000768727568259	0.00254198785371	-0.146572099277	0.0951386984829	1.17784024904e-11	1.8280059566e-05	100.0
5.15762109701e-05	-0.000740943225471	0.000487351009556	0.00101041785954	-0.0899880189298	0.0544543313535	1.17643112544e-11	1.8258189993e-05	100.0
-6.60108240297e-05	-0.00191062987356	0.000135481256372	-0.0129233571965	-0.246768034802	0.01705230054	1.17643112544e-11	1.8258189993e-05	100.0
-8.8968887015e-05	-0.00138018546249	9.25981047269e-05	-0.0162494915966	-0.171310661488	0.00910474820797	1.17643112544e-11	1.8258189993e-05	100.0
-0.000179515283001	-0.00177451540692	1.67302547382e-05	-0.0277029739899	-0.227768266973	0.00217624936863	1.17643112544e-11	1.8258189993e-05	100.0
-3.13308375485e-05	-0.0015205323381	-0.000760120922029	-0.00834087200402	-0.195912424794	-0.0963853260652	1.17643112544e-11	1.8258189993e-05	100.0
-1.2771768819e-05	-0.00167451370035	-0.000749182802974	-0.00596204600059	-0.216911913447	-0.0947591690341	1.17643112544e-11	1.8258189993e-05	100.0
-0.000349498362278	-0.00110178460722	-0.000523497400969	-0.0487658265746	-0.138607906645	-0.0628487739165	1.17643112544e-11	1.8258189993e-05	100.0
0.000433853019467	-0.000827355927333	-0.000867237998796	0.0508804143872	-0.105218832237	-0.107195270337	1.17643112544e-11	1.8258189993e-05	100.0
0.000282179797195	-0.0010276305158	-0.000911113677703	0.0320744327696	-0.131623007774	-0.113929595581	1.17643112544e-11	1.8258189993e-05	100.0
0.000193835773138	-0.000979826554844	0.00101202373284	0.0206031198199	-0.125485070828	0.126817461869	1.17361438694e-11	1.8214474262e-05	100.0
0.000397353731045	-0.000628956062775	0.00112620689286	0.046708702359	-0.0805340074117	0.140784257403	1.17079966004e-11	1.8170789751e-05	100.0
-9.47292926543e-05	-0.00122452867961	-2.10396469099e-05	-0.0190031128786	-0.14628209262	0.00152377339231	1.17079966004e-11	1.8170789751e-05	100.0
0.000165796686256	2.52332670314e-05	-0.000774563449786	0.0148950929851	0.00189583007633	-0.0865943402753	1.17079966004e-11	1.8170789751e-05	100.0
-0.000271437973174	-0.000318629543582	0.000306612149032	-0.0331006075326	-0.0280339166023	0.0236359563866	1.16798694474e-11	1.8127136459e-05	100.0
-0.000157136015954	-0.000904389272434	0.000451637842015	-0.0246212085792	-0.11130697011	0.0512191267351	1.16798694474e-11	1.8127136459e-05	100.0
0.00031133955539	6.34052887312e-05	0.00110668447462	0.035264520173	0.00607907365564	0.135279709434	1.16798694474e-11	1.8127136459e-05	100.0
0.000106745970576	-0.00131204382316	0.000695425836298	0.00919981393953	-0.167685683834	0.0866559351539	1.16798694474e-11	1.8127136459e-05	100.0
4.41292828114e-05	-0.00113972489723	-0.00107009617918	0.00138689537235	-0.146456000316	-0.135232558816	1.16798694474e-11	1.8127136459e-05	100.0
0.000241584944016	-0.000813033087776	0.00114203583113	0.0266973484622	-0.104251675025	0.14341578853	1.16517624103e-11	1.8083514388e-05	100.0
0.000126916209624	-0.00158106779143	0.000488073406228	0.0117781701874	-0.202889931803	0.060535366516	1.16517624103e-11	1.8083514388e-05	100.0
-0.000364446400981	-0.00153670266351	0.000108099618687	-0.0506863149777	-0.195220087961	0.0128730158137	1.16517624103e-11	1.8083514388e-05	100.0
-4.41238165838e-05	-0.00154307994238	0.000703063888997	-0.0103427290962	-0.198640642222	0.0882525870869	1.16236704602e-11	1.8039915732e-05	100.0
9.86175255167e-07	-0.00171570758594	-0.000477870277287	-0.00417829835039	-0.221085364075	-0.0603397887644	1.16236704602e-11	1.8039915732e-05	100.0
-0.000134796617175	-0.00140563545735	-0.000347357437929	-0.0216189190317	-0.178359888914	-0.0411688159853	1.16236704602e-11	1.8039915732e-05	100.0
0.000157508402564	-0.000375547458056	0.00066024295799	0.0135343088159	-0.0442226863796	0.0732722373054	1.16096295141e-11	1.8018124209e-05	100.0
0.000214089525935	-0.00151238941484	0.000810305307574	0.0234727085501	-0.195439396522	0.102494749917	1.16096295141e-11	1.8018124209e-05	100.0
4.82438128219e-05	0.000235298391176	-4.35657135901e-05	0.0764289290345	0.161523305954	-0.0441811076758	1.16096295141e-11	1.8018124209e-05	100.0
-7.97060932432e-05	0.000106057958644	0.000680878607385	-0.0132989836273	0.00962765623112	0.0708418888765	1.16096295141e-11	1.8018124209e-05	100.0
-0.000249254925257	-0.001720999988	0.000352493263054	-0.0367347750524	-0.221070973683	0.0446633460135	1.16096295141e-11	1.8018124209e-05	100.0
-0.000281814914288	-0.00086031713418	5.31279720969e-05	-0.0338003662142	-0.104484310692	0.00160286487229	1.16096295141e-11	1.8018124209e-05	100.0
-9.25342579492e-05	-0.000836283128594	0.00106431645781	-0.016182368781	-0.106549701103	0.13277063156	1.15955986261e-11	1.7996348296e-05	100.0
0.000366747436553	-0.00109445131848	0.00108366094298	0.0430976017567	-0.14101233799	0.136843499368	1.15955986261e-11	1.7996348296e-05	100.0
-0.000215048522118	-0.000574444317702	6.53476731243e-05	-0.0298204244156	-0.0603126167258	-0.000840879735127	1.15955986261e-11	1.7996348296e-05	100.0
0.000343620998952	-0.00151691268237	-0.000786294653992	0.0400429363914	-0.195593157672	-0.0995930393628	1.15955986261e-11	1.7996348296e-05	100.0
0.000165695745835	-0.000966033689743	-0.000971868909428	0.0167691417651	-0.12324822944	-0.121261511481	1.15955986261e-11	1.7996348296e-05	100.0
-1.71057645034e-05	-3.48291126506e-07	0.000585559911034	-0.0070386982294	-0.000762037777227	0.0552226948959	1.1581567738e-11	1.7974572383e-05	100.0
-0.000165325350222	-0.00185810258782	-0.00015327993865	-0.0259151718207	-0.239199549145	-0.0190699779216	1.15675368499e-11	1.7952796469e-05	100.0
-7.60381491245e-05	-0.00198730323218	-0.000669393187225	-0.0142485653512	-0.258025613171	-0.0856913876496	1.15675368499e-11	1.7952796469e-05	100.0
-0.000334890517075	-0.000483731522096	-2.07032283829e-05	-0.0378127476054	-0.0464524206413	0.00413053001856	1.15675368499e-11	1.7952796469e-05	100.0
0.000180765419999	-0.000572432190861	-0.0012202857374	0.0187843914487	-0.0734657084135	-0.152648446071	1.15675368499e-11	1.7952796469e-05	100.0
-0.000199731975771	-0.000148500960709	-0.000446945683666	-0.0251340496105	-0.0134079332725	-0.0358986700584	1.15675368499e-11	1.7952796469e-05	100.0
6.48715910988e-05	-0.00135699524719	-0.000848332862334	0.00417360680272	-0.174906363512	-0.106638072242	1.15535160199e-11	1.7931036166e-05	100.0
-0.000155891694466	-0.00175965285414	-0.000352555937683	-0.0247116659005	-0.226279160663	-0.0443111952382	1.15394951898e-11	1.7909275863e-05	100.0
-5.05001884469e-05	-0.0016103062854	-0.000554486994279	-0.0109829876098	-0.206888265018	-0.0698263167452	1.15394951898e-11	1.7909275863e-05	100.0
-0.00038239720523	-0.00135987993892	-0.000298480800001	-0.0527398551041	-0.1721917253	-0.0348833076038	1.15394951898e-11	1.7909275863e-05	100.0
0.000176762873885	-0.000465634548199	-0.00120357723487	0.0183918174716	-0.0601909220266	-0.149529773703	1.15394951898e-11	1.7909275863e-05	100.0
-5.39349288813e-05	-0.000364680709316	-0.000732115357174	-0.0115295473048	-0.0427557433294	-0.0829528853498	1.15394951898e-11	1.7909275863e-05	100.0
-0.000159364539405	-0.000739501169384	0.000407108067902	-0.0243153320741	-0.0883265584463	0.0439746154756	1.15114686166e-11	1.7865778672e-05	100.0
0.000119287964003	-0.00046032188769	0.00112939380968	0.0109400786572	-0.0585510447296	0.139660153618	1.15114686166e-11	1.7865778672e-05	100.0
0.000195174767992	-0.000292446980591	0.000869601272005	0.0195318341207	-0.037227631349	0.10208955972	1.15114686166e-11	1.7865778672e-05	100.0
5.58990607525e-06	-0.00164424867954	0.000381700311133	-0.00376779458742	-0.210920832688	0.0472993085247	1.15114686166e-11	1.7865778672e-05	100.0
-0.000233667395722	-0.00181283442372	0.000597407320504	-0.0348734976792	-0.234319014613	0.0759256669334	1.15114686166e-11	1.7865778672e-05	100.0
-0.000282366739729	-0.00184201801336	-0.000104524394684	-0.0412404690774	-0.23710124237	-0.0133173687661	1.15114686166e-11	1.7865778672e-05	100.0
-0.000300152403453	-0.0017996435617	-0.000185464802328	-0.0433627942981	-0.231643091474	-0.0235394395591	1.15114686166e-11	1.7865778672e-05	100.0
-0.000141379607357	-0.00136242527535	-0.000931334568855	-0.0225945823619	-0.175522487314	-0.117545008615	1.15114686166e-11	1.7865778672e-05	100.0
-0.000265719886393	-0.00119248156912	-0.000744377582976	-0.0384614122442	-0.152035849966	-0.0921475507437	1.15114686166e-11	1.7865778672e-05	100.0
-0.000327806138086	-0.00139236231455	0.000222674440352	-0.0456013040005	-0.175707839696	0.0253239448811	1.14834521014e-11	1.782229709e-05	100.0
-0.000292010446663	-0.000858936111716	0.000188261947314	-0.038664885593	-0.103476092273	0.0178935499071	1.14834521014e-11	1.782229709e-05	100.0
0.000287672208104	-6.38319177801e-05	0.00142890732007	0.033179510598	-0.010028979933	0.179646202239	1.14834521014e-11	1.782229709e-05	100.0
-2.2536390523e-05	-0.00180762108581	0.000368301723709	-0.00750831828232	-0.232673350974	0.0464644500481	1.14834521014e-11	1.782229709e-05	100.0
-0.000174265377923	-0.00131031611989	0.000230037772403	-0.0264034746237	-0.163591928835	0.0258093255048	1.14834521014e-11	1.782229709e-05	100.0
-4.52482605169e-05	-0.00166649143008	7.4671618197e-05	-0.010448216833	-0.212271903536	0.00934294904167	1.14834521014e-11	1.782229709e-05	100.0
4.91146475322e-05	0.00027399790691	-0.000895357808793	0.00197279832628	0.0308510941935	-0.104600305426	1.14834521014e-11	1.782229709e-05	100.0
-0.000108817426357	-0.000110186960709	-0.000694336391247	-0.0172801780569	-0.0135773393872	-0.0734534595436	1.14834521014e-11	1.782229709e-05	100.0
-0.000490625225276	-0.00165114391886	5.57048158193e-05	-0.0675058751964	-0.211158836834	0.00687756379395	1.14694513872e-11	1.7800568007e-05	100.0
-0.000146020479902	-0.00201039341685	1.11643538406e-05	-0.0235869873917	-0.259711494203	0.00105036963652	1.14694513872e-11	1.7800568007e-05	100.0
-0.00022131939017	-0.000798869629499	2.93272710987e-05	-0.0296229886488	-0.0963129595877	0.00891857910237	1.14694513872e-11	1.7800568007e-05	100.0
-0.00015943646373	-0.000135201261972	-0.000650669403565	-0.0227971320912	-0.0156604349058	-0.0673327330758	1.14694513872e-11	1.7800568007e-05	100.0
-0.000387593456161	-0.00168138680232	0.000309069104157	-0.054443987424	-0.215884868079	0.0383724355429	1.14554506731e-11	1.7778838924e-05	100.0
-0.000449384664531	-0.00147971592466	0.000186480384871	-0.0615844709005	-0.187912327777	0.0221254931393	1.14554506731e-11	1.7778838924e-05	100.0
-0.000140164068231	-0.00157468216424	-0.000576523070646	-0.0226680260893	-0.202399475074	-0.0718774234221	1.1441454988e-11	1.7757117646e-05	100.0
-0.000229730999132	-0.000842902790728	-0.000698356833631	-0.0333375619994	-0.105240210376	-0.0832830218986	1.1441454988e-11	1.7757117646e-05	100.0
-0.000288926797165	-0.00049041077207	0.000443863411179	-0.0386538768985	-0.0550303371782	0.0454790410486	1.14274593029e-11	1.7735396367e-05	100.0
-2.97770288946e-05	-0.00159442543229	0.00102141001342	-0.00810740885565	-0.206708949157	0.130316304225	1.14274593029e-11	1.7735396367e-05	100.0
-0.000344857438837	-0.00182279708544	0.00017648181318	-0.0491840716512	-0.234520456777	0.0222142317626	1.14274593029e-11	1.7735396367e-05	100.0
-0.00040212525676	-0.00135581455385	7.60809634371e-05	-0.0540092965371	-0.169466762804	0.00895298376801	1.14274593029e-11	1.7735396367e-05	100.0
-6.25428506604e-05	-0.00192368053531	-5.72023740349e-05	-0.0123615185939	-0.248114996822	-0.00722019460398	1.14274593029e-11	1.7735396367e-05	100.0
-0.000366026187898	-0.00136188191688	-8.21320244968e-05	-0.0492014586965	-0.170285908973	-0.00894816250882	1.14274593029e-11	1.7735396367e-05	100.0
1.06348526263e-05	-0.00170553741658	0.00065687882119	-0.00301071389572	-0.220566083098	0.0835166454536	1.13994779906e-11	1.7691969421e-05	100.0
-0.000193675382988	-0.000863602007605	-5.05040838666e-05	-0.0286879766729	-0.107396184617	-0.0107952148862	1.13994779906e-11	1.7691969421e-05	100.0
7.064150758e-05	-0.0014691881954	-0.00050933476997	0.00403046194663	-0.187607552589	-0.0626465082176	1.13994779906e-11	1.7691969421e-05	100.0
-0.000419769202891	-0.00130277885125	-0.000654758829305	-0.0585086609997	-0.166182937548	-0.0815150278868	1.13994779906e-11	1.7691969421e-05	100.0
-0.000163826829615	-0.000830572829403	-0.000893238457103	-0.0251939577284	-0.104828146557	-0.1094259312	1.13994779906e-11	1.7691969421e-05	100.0
-0.000223329032644	-0.000793291194619	-0.000587220283624	-0.0323594519382	-0.0976144800276	-0.068152966176	1.13994779906e-11	1.7691969421e-05	100.0
-0.000184389995425	-0.000796528514694	0.000767743604789	-0.0274341812399	-0.0998785314618	0.0920140335715	1.13854873345e-11	1.7670255948e-05	100.0
-0.00019236963844	-0.0012107924012	0.000840775101286	-0.0292471913107	-0.154622420101	0.105377236501	1.13854873345e-11	1.7670255948e-05	100.0
0.000272770302525	-0.0021159590071	0.000477001781804	0.031078617713	-0.274451202363	0.0612892641536	1.13854873345e-11	1.7670255948e-05	100.0
0.000193330517852	-0.000690904995214	-0.000559876039593	0.0189853396535	-0.0836519436586	-0.0644833565916	1.13854873345e-11	1.7670255948e-05	100.0
-5.72302085467e-05	-0.00141742130592	-0.00105509878277	-0.0117462549988	-0.183080842304	-0.134133595401	1.13854873345e-11	1.7670255948e-05	100.0
-0.000401305484892	-0.000923535491338	-0.000615434527338	-0.0551163997624	-0.115145961109	-0.0738691737889	1.13854873345e-11	1.7670255948e-05	100.0
-0.000108382564759	-0.000442282842753	0.00121981663834	-0.017890926536	-0.057112553006	0.15120956514	1.13715067363e-11	1.7648558084e-05	100.0
-0.000293746228435	-0.00179331920732	0.00027751208138	-0.0424879370147	-0.230682856858	0.0342766592824	1.13715067363e-11	1.7648558084e-05	100.0
-0.000430643189195	-0.00123423696464	0.000104065113381	-0.0564453231424	-0.153475776424	0.0107725170234	1.13715067363e-11	1.7648558084e-05	100.0
0.000251816351922	-0.00202170200916	-0.000414069266268	0.0282362727444	-0.261982652283	-0.052597421478	1.13715067363e-11	1.7648558084e-05	100.0
-0.000299053190862	-0.000746147610108	-8.94418869493e-05	-0.0380063165083	-0.0868866252504	-0.0051276101184	1.13715067363e-11	1.7648558084e-05	100.0
-0.000118982224638	-0.00050829631908	-0.000833494446589	-0.0192993694566	-0.0627303157021	-0.0982797217134	1.13715067363e-11	1.7648558084e-05	100.0
-0.000237811936718	-0.000792161036755	-0.000319154095326	-0.0335651877472	-0.0949050055426	-0.0338097847283	1.1343540511e-11	1.7605154553e-05	100.0
0.000359957124617	-0.00195417477523	-0.00072636266246	0.0423617002519	-0.253810114552	-0.092426665714	1.1343540511e-11	1.7605154553e-05	100.0
-0.000306081672231	-0.000547314159532	-7.5835742527e-05	-0.0374561592086	-0.0566161733437	-0.00139334773325	1.1343540511e-11	1.7605154553e-05	100.0
-1.14408421349e-05	-0.000909382242297	-0.000922043834812	-0.00575052362541	-0.115850166389	-0.114475627696	1.1343540511e-11	1.7605154553e-05	100.0
0.000309004575805	-0.00102329163125	-0.00112377324278	0.0353671954923	-0.131464189299	-0.141828738094	1.1343540511e-11	1.7605154553e-05	100.0
-0.000349111619521	-0.000792678408691	0.000271237718212	-0.0465341148818	-0.0950500999878	0.0275550325958	1.13016087746e-11	1.7540076573e-05	100.0
-0.000338665269291	-0.00229052862976	0.000238439305955	-0.0487055540715	-0.297789916958	0.030589693844	1.13016087746e-11	1.7540076573e-05	100.0
-0.000435626840643	-0.00117864114045	6.04893214814e-05	-0.0558676250016	-0.145753702312	0.00710025250723	1.13016087746e-11	1.7540076573e-05	100.0
-0.000184414783525	-0.00150838724819	-0.000852558910854	-0.0282460978702	-0.194236045493	-0.108030756055	1.13016087746e-11	1.7540076573e-05	100.0
0.000471335098388	-0.00105823558744	-0.00129409146477	0.0568836468697	-0.137348760337	-0.164730838031	1.13016087746e-11	1.7540076573e-05	100.0
0.000280812494706	-0.00144200406417	0.00139293395518	0.0322557658341	-0.187431677579	0.178575142928	1.12876382344e-11	1.751839432e-05	100.0
0.000450477606323	-0.000334544500452	0.00120405612812	0.0533825467052	-0.0435420916737	0.150101889462	1.12736626653e-11	1.7496704261e-05	100.0
9.34109793984e-05	-0.00187841968836	0.000428014810996	0.00752612024988	-0.242435759364	0.0542238696472	1.12736626653e-11	1.7496704261e-05	100.0
-0.000222369368309	-0.000675673303952	-3.25171928059e-07	-0.0275081126683	-0.0757228096821	0.00297531259425	1.12736626653e-11	1.7496704261e-05	100.0
0.000211346741201	-0.00190390514796	-0.00071867456794	0.0230949111873	-0.246982343193	-0.0916117572936	1.12736626653e-11	1.7496704261e-05	100.0
-0.000379576447615	-0.00116397744871	-0.000469227643225	-0.0524893723683	-0.146499818602	-0.0563777045208	1.12736626653e-11	1.7496704261e-05	100.0
0.000155592840654	-0.00042916489534	-0.000845153776778	0.0143591850314	-0.0535343976134	-0.0996202462669	1.12736626653e-11	1.7496704261e-05	100.0
-0.000154154532863	-0.000941984258202	-0.00107625890587	-0.0240638453507	-0.120535923764	-0.134552896535	1.12736626653e-11	1.7496704261e-05	100.0
-0.00025084120339	-0.000506814899191	-0.000361743864634	-0.0336865822268	-0.0549816072	-0.0350510876577	1.12736626653e-11	1.7496704261e-05	100.0
-0.000323128520532	-0.000747740522352	0.000461454122676	-0.044506522841	-0.0900732968533	0.0519539694592	1.12596921251e-11	1.7475022008e-05	100.0
-0.000377897351002	-0.000479393976087	0.000213190517644	-0.0467893482198	-0.0494628237346	0.018217822141	1.12596921251e-11	1.7475022008e-05	100.0
-0.000252331015404	-0.000409787845563	0.000882906723886	-0.0355758870812	-0.0510516096213	0.104497291604	1.12596921251e-11	1.7475022008e-05	100.0
-0.000267875328522	-0.000587457093031	0.000469803544964	-0.0366955608157	-0.068088195385	0.0502870581353	1.12596921251e-11	1.7475022008e-05	100.0
0.00049241453561	-0.000723696098971	0.00120557113872	0.0591989869218	-0.0936622220923	0.151811921056	1.12596921251e-11	1.7475022008e-05	100.0
0.000218422442493	-7.96961996866e-05	0.000554151296099	0.0179611092791	-0.00932898168144	0.0541940007053	1.12596921251e-11	1.7475022008e-05	100.0
0.000186641325404	-0.00196193477171	3.34431962393e-05	0.0195966234799	-0.253199845282	0.00436818138192	1.12596921251e-11	1.7475022008e-05	100.0
-0.000359836687214	-0.000926148228592	-1.14167444243e-05	-0.0433290874621	-0.113056113997	0.000545820094107	1.12596921251e-11	1.7475022008e-05	100.0
-0.00018948494938	-0.00185362617411	0.000288897540846	-0.0291516512828	-0.238662681897	0.0366504096355	1.12596921251e-11	1.7475022008e-05	100.0
-0.000186706853562	-0.000577517756053	-0.000128722465881	-0.026319390695	-0.0612654404682	-0.00744956968153	1.12596921251e-11	1.7475022008e-05	100.0
0.000142891925473	-0.00147194938343	-0.00127565649562	0.0143403275914	-0.191097849402	-0.16333413594	1.12596921251e-11	1.7475022008e-05	100.0
7.1187076642e-05	5.06166604563e-05	-0.000993107858386	0.00465239232593	0.00413713376814	-0.118105195477	1.12596921251e-11	1.7475022008e-05	100.0
8.76680554184e-05	-0.00156550317297	0.00106080855508	0.00695800516138	-0.202388116432	0.135283668258	1.12457215849e-11	1.7453339755e-05	100.0
-9.71598274092e-05	-0.00020290722535	0.000929098185018	-0.0162182822223	-0.0260869809144	0.109029481561	1.12317510448e-11	1.7431657501e-05	100.0
0.00030011717999	-0.00105627874034	0.00127418437253	0.0344156913758	-0.136431822027	0.162164588272	1.12317510448e-11	1.7431657501e-05	100.0
0.000206800091487	-0.00149412662723	0.000968007214958	0.022474070692	-0.193178166752	0.122866089767	1.12317510448e-11	1.7431657501e-05	100.0
-0.000224950307652	-0.00185211031657	0.000810846757995	-0.0338132850999	-0.240210988138	0.103937966321	1.12317510448e-11	1.7431657501e-05	100.0
0.000381523959619	-0.00187212956702	0.00113126364879	0.0454065965912	-0.243752462274	0.144970575248	1.12317510448e-11	1.7431657501e-05	100.0
0.000327089204472	-0.00185290790987	0.000830059043013	0.03779346219	-0.240046094517	0.106053154489	1.12317510448e-11	1.7431657501e-05	100.0
-0.000229175058686	-0.000780066658863	-3.40092254194e-05	-0.0350421772671	-0.0942809771223	-0.0101971688714	1.12317510448e-11	1.7431657501e-05	100.0
-0.000277729815823	-0.00214139849238	1.64176459438e-05	-0.0407590721589	-0.277129474988	0.00224616319226	1.12317510448e-11	1.7431657501e-05	100.0
-0.000196338670615	-0.000656209207067	5.79681129653e-05	-0.0270109945074	-0.0723868751402	0.0104448694192	1.12317510448e-11	1.7431657501e-05	100.0
-6.01721349788e-05	-0.000361949460093	-0.00126667118077	-0.0117574768824	-0.0469273444493	-0.15747045462	1.12317510448e-11	1.7431657501e-05	100.0
-4.46563485653e-05	-0.00172464423707	0.000470478795445	-0.0104290529393	-0.22164111114	0.0592336730612	1.12038149934e-11	1.73883008e-05	100.0
-0.000485171534183	-0.00101096091035	4.63508423406e-05	-0.0620334603006	-0.124253105603	0.0044236441699	1.12038149934e-11	1.73883008e-05	100.0
-0.000465165794375	-0.00144842471986	0.000366387623383	-0.0639356469494	-0.184822550107	0.0445650681356	1.11758839711e-11	1.7344951903e-05	100.0
-0.000238568685503	-0.00103450930181	0.000503055424558	-0.0345558089403	-0.129080412946	0.0599027975214	1.11758839711e-11	1.7344951903e-05	100.0
-0.000282591666667	-0.00201270219964	-0.000143260696023	-0.0413001401946	-0.260212116707	-0.0184119786481	1.11758839711e-11	1.7344951903e-05	100.0
-0.000423483489849	-0.00147221682427	-0.000110457083237	-0.0579731019393	-0.186114995938	-0.0127268383968	1.11758839711e-11	1.7344951903e-05	100.0
9.16597348401e-05	-0.00158010406682	-0.0011351248464	0.00754920057329	-0.204742892927	-0.144964423414	1.11758839711e-11	1.7344951903e-05	100.0
-0.000435065123557	-0.000700377574492	-0.00033362496451	-0.0570157940331	-0.0827615548945	-0.0354464617658	1.11758839711e-11	1.7344951903e-05	100.0
-0.000198373796707	-0.00172597196566	0.00062482249477	-0.0301063051415	-0.223204524329	0.0788071660156	1.1171468516e-11	1.7338099125e-05	100.0
0.000121629792676	-0.00197380194864	0.000452098789204	0.0112642777	-0.255200496569	0.0580937704235	1.1171468516e-11	1.7338099125e-05	100.0
0.000305981400295	-0.000160623599183	-0.000584360769835	0.0292246192673	-0.0183222536298	-0.0615651209444	1.1171468516e-11	1.7338099125e-05	100.0
0.000355387037832	-0.000474957661032	-0.000670102028397	0.0380859147916	-0.0582674881964	-0.0774456487772	1.1171468516e-11	1.7338099125e-05	100.0
-0.000143216595836	-0.00085335032419	-4.98571328342e-05	-0.0266910375522	-0.105196685921	0.00146171140825	1.1171468516e-11	1.7338099125e-05	100.0
3.12058785293e-05	-0.00138774760201	-0.000208914611918	-0.00290896020618	-0.174866404389	-0.0225648494074	1.1171468516e-11	1.7338099125e-05	100.0
-0.000248115685994	-0.00216066380155	-0.000789559055469	-0.0367848955559	-0.28105062766	-0.101771582791	1.11479479198e-11	1.7301595201e-05	100.0
0.000294882513685	-0.00116706134735	-0.00162932868021	0.0343539533957	-0.152276826465	-0.208928588396	1.11479479198e-11	1.7301595201e-05	100.0
5.89295535327e-05	-0.00124458419421	0.000271818248467	0.000421209345376	-0.156627738812	0.0299382696954	1.11437386533e-11	1.7295062427e-05	100.0
0.000393101064526	-0.0013220100729	0.000596968586358	0.0451279523307	-0.169572359784	0.0735307673546	1.11437386533e-11	1.7295062427e-05	100.0
0.000579616526775	-0.00220857252796	0.00107277523256	0.071350552365	-0.287933946648	0.138164864049	1.11437386533e-11	1.7295062427e-05	100.0
0.000397103904528	-0.00221047933926	0.000142032760698	0.0467899068438	-0.286527014464	0.0182124262052	1.11437386533e-11	1.7295062427e-05	100.0
-0.000212374100382	-0.000844547497025	3.94656604293e-05	-0.0329661997598	-0.105391162301	0.00630907899923	1.11437386533e-11	1.7295062427e-05	100.0
0.000148039385958	-0.000424449323128	-0.000593366651027	0.0117747058526	-0.049546353349	-0.0645986293018	1.11437386533e-11	1.7295062427e-05	100.0
5.77654460893e-05	-0.00156834665	-7.15259882172e-05	0.00146933726933	-0.198149717224	-0.00821827076249	1.11437386533e-11	1.7295062427e-05	100.0
0.000117582858477	-0.00146740628194	-0.000984367738464	0.0108237374805	-0.189449643295	-0.125235677985	1.11437386533e-11	1.7295062427e-05	100.0
-0.000338614895439	-0.000618338844772	0.000389894062429	-0.0450789153948	-0.0715231044104	0.0409972158645	1.11339824086e-11	1.7279920753e-05	100.0
-0.000135562786329	-0.000950711784028	0.0010297102714	-0.0216776758834	-0.121465168702	0.128155995291	1.11339824086e-11	1.7279920753e-05	100.0
-0.000482915402913	-0.00125927090111	0.000470186278901	-0.0659279528682	-0.159404081425	0.0572579866625	1.11339824086e-11	1.7279920753e-05	100.0
-0.000491619637424	-0.00112774080808	0.000227501893247	-0.0651950346778	-0.14065023351	0.0254950651817	1.11339824086e-11	1.7279920753e-05	100.0
0.000360016633512	-0.0020168361784	0.00123876544655	0.0426371738743	-0.262709606262	0.159699658717	1.11339824086e-11	1.7279920753e-05	100.0
-0.000184647091344	-0.000272251909759	0.000465343165476	-0.0252724736141	-0.0263054382157	0.042765905223	1.11339824086e-11	1.7279920753e-05	100.0
0.000186999747805	-0.00100495667824	0.000423846212451	0.0171996570436	-0.125705361546	0.048845906385	1.11300044758e-11	1.7273747009e-05	100.0
0.000355459588931	-0.00187744099723	0.000413992468129	0.0409843063087	-0.242403774906	0.0516641378892	1.11300044758e-11	1.7273747009e-05	100.0
0.000407453299628	-0.00250943459859	0.000226223078775	0.04858513254	-0.326631428534	0.0288335975621	1.11300044758e-11	1.7273747009e-05	100.0
7.98228340492e-05	-0.00156592816324	-4.95484649996e-05	0.00378793385583	-0.19800774158	-0.00542411972347	1.11300044758e-11	1.7273747009e-05	100.0
0.000511407150242	-0.00197154770766	-0.00105998925872	0.0623718897491	-0.256874486156	-0.136242727717	1.11300044758e-11	1.7273747009e-05	100.0
-3.33197648327e-05	-0.00134131112863	-7.36794093353e-05	-0.0125526182518	-0.166785731155	-0.00560461457135	1.11300044758e-11	1.7273747009e-05	100.0
0.000109019867506	-0.00130054482696	-0.000215870577474	0.00638561734993	-0.164008532313	-0.02326689238	2.19648724899e-11	3.4089442758e-05	100.0
-0.000315564953332	-0.00133203345547	-2.04556987595e-05	-0.0423084754002	-0.164950057201	-0.00247637661175	1.11200168974e-11	1.7258246305e-05	100.0
3.20643364231e-05	-0.00240760080905	-0.000644591738738	-0.000242509412042	-0.313592771545	-0.0831122941883	1.11200168974e-11	1.7258246305e-05	100.0
-0.000485086946635	-0.000836183001099	-0.00019518529488	-0.0631025616762	-0.100652128006	-0.0203463578767	1.11200168974e-11	1.7258246305e-05	100.0
0.00041392294081	-0.00026414325436	-0.00110624758792	0.0481264934154	-0.0346639102526	-0.136235755698	1.11200168974e-11	1.7258246305e-05	100.0
-9.83229129811e-05	-0.000552923417532	-0.00107100476244	-0.0167458631584	-0.070298550885	-0.131197400786	1.11200168974e-11	1.7258246305e-05	100.0
0.000424394014192	-0.00154835288722	0.000586510697455	0.0496348750963	-0.199501835226	0.0731562535733	1.11163557911e-11	1.7252564274e-05	100.0
9.87139870367e-05	-0.0015718664983	-6.30296328703e-05	0.00561884837104	-0.198905038355	-0.00810219770214	1.11163557911e-11	1.7252564274e-05	100.0
-7.86899730586e-05	-0.000869609721724	-0.00060863748433	-0.0145669059345	-0.107530098158	-0.0723307520347	1.11163557911e-11	1.7252564274e-05	100.0
-5.63292406193e-05	-0.00174558760702	-3.17584313919e-05	-0.0120105730621	-0.223387921558	-0.0024716640002	1.11060513862e-11	1.7236571856e-05	100.0
-0.000256978217384	-0.000250035941554	-0.000404978590113	-0.0319966298596	-0.0228411745246	-0.0340947770063	1.11060513862e-11	1.7236571856e-05	100.0
-0.000425713606785	-0.00060845397222	0.000744799737848	-0.057596157485	-0.0750520677936	0.0880023900067	1.10920858751e-11	1.7214897408e-05	100.0
-7.33259463833e-06	-0.00136869534962	0.0010390368958	-0.00537257473395	-0.176783743912	0.131624436838	1.10920858751e-11	1.7214897408e-05	100.0
0.000190929249817	-0.00205429485722	0.000442263831747	0.0203230702171	-0.266226523781	0.0559389747889	1.10920858751e-11	1.7214897408e-05	100.0
2.66847462362e-06	-0.00229878769591	0.000185934868931	-0.00418700345838	-0.298707820954	0.0234343649495	1.10920858751e-11	1.7214897408e-05	100.0
-0.000212053146683	-0.000805393682251	1.34832554044e-05	-0.0240146171412	-0.0965646399385	0.002196620304	1.10920858751e-11	1.7214897408e-05	100.0
-6.99285094637e-05	-0.00239978829378	0.000120492723865	-0.0136468907308	-0.312039957444	0.0155098523039	1.10920858751e-11	1.7214897408e-05	100.0
5.99709049656e-05	-0.0018992776222	-1.36701032029e-05	0.00294714368362	-0.244395063429	-0.00136419882116	1.10920858751e-11	1.7214897408e-05	100.0
-0.000423605282665	-0.00117168730698	-9.87020557439e-05	-0.0546575037005	-0.144978035044	-0.00940652524694	1.10920858751e-11	1.7214897408e-05	100.0
-0.000209160070217	-0.00027403225764	-0.00101771543965	-0.0301214238794	-0.0355275571821	-0.122124317407	1.10920858751e-11	1.7214897408e-05	100.0
-0.000221921195951	-0.00084117616464	-2.18307911229e-05	-0.0364191506945	-0.105241777474	-0.00986905002397	2.20993879717e-11	3.4298210544e-05	100.0
-0.000138730353052	-0.00072646660525	4.69954398128e-05	-0.0254113343977	-0.0849690613284	-0.0016887931321	1.10893098714e-11	1.7210589055e-05	100.0
0.000248813035519	-0.000498818766944	0.000391294231402	0.0218830920363	-0.0572000735469	0.0397069495611	1.10893098714e-11	1.7210589055e-05	100.0
-6.35584033731e-06	-0.00144040976988	7.87414326881e-05	-0.00820442723985	-0.180724199998	0.00765162407414	1.10893098714e-11	1.7210589055e-05	100.0
0.000260208904919	-0.00180699141662	0.000244952860308	0.0282566852652	-0.232343212871	0.0303731070587	1.10893098714e-11	1.7210589055e-05	100.0
0.000418763080276	-0.000810779605836	-0.000921072173589	0.0487620283134	-0.10372238943	-0.113732782831	1.10893098714e-11	1.7210589055e-05	100.0
-0.000291343878707	-0.000775407346557	6.79023029504e-05	-0.0413894464381	-0.0941829470163	0.00950012162421	1.10893098714e-11	1.7210589055e-05	100.0
0.000603218912193	-0.000533215260851	-0.00104026294179	0.0724813826862	-0.0687016559441	-0.129319665889	1.10893098714e-11	1.7210589055e-05	100.0
0.000659704840064	-0.000833390293903	-0.00106551747096	0.0805206669132	-0.107843987632	-0.133838339507	1.10893098714e-11	1.7210589055e-05	100.0
0.000183136950485	-0.00164026183342	-0.000264198871268	0.01800769373	-0.209697943674	-0.0319471924972	1.10893098714e-11	1.7210589055e-05	100.0
0.00036813294515	-0.00179235119247	-0.000347804185438	0.042410723443	-0.231034266771	-0.0430100067678	1.10893098714e-11	1.7210589055e-05	100.0
0.000108468557989	-0.000895009016395	-0.000283979230548	0.00614399507411	-0.110098899026	-0.0295366523667	1.10893098714e-11	1.7210589055e-05	100.0
0.000227827271174	-0.0010927169444	-0.000437401294496	0.0227900562747	-0.137906396351	-0.0511179319972	1.10893098714e-11	1.7210589055e-05	100.0
-3.07133325896e-05	-0.000864626075724	0.00127127841346	-0.00823458468098	-0.111531223342	0.159983460169	1.10781203639e-11	1.719322296e-05	100.0
-0.000235253289498	-0.00203616717835	-0.000320521740915	-0.0352279455775	-0.263351767645	-0.0409055458389	1.10781203639e-11	1.719322296e-05	100.0
0.000458970855773	-0.000483415215261	-0.00158200614703	0.0554525059648	-0.0636808391622	-0.201272287581	1.10781203639e-11	1.719322296e-05	100.0
-8.64827584675e-05	-0.00127706976835	4.08921922804e-05	-0.0196574243785	-0.157350149687	-0.000689678220446	1.10759126363e-11	1.7189796571e-05	100.0
0.000171184661681	-0.00184588179984	-0.000271294914681	0.0175286387081	-0.237882415142	-0.0337869873653	1.10641498237e-11	1.7171540707e-05	100.0
-0.000461270501125	-0.00125963891122	-0.000257014450962	-0.062092480693	-0.157919153231	-0.0298649833682	1.10641498237e-11	1.7171540707e-05	100.0
0.000151295725013	-0.00205387536689	-0.000695027669067	0.015139405342	-0.26640327281	-0.0888609140937	1.10641498237e-11	1.7171540707e-05	100.0
-0.000488876163416	-0.00105297808487	-0.000355384777011	-0.0655932364559	-0.131216626764	-0.0412681043391	1.10641498237e-11	1.7171540707e-05	100.0
-5.73196230065e-05	-0.00106186695377	-0.00128293885055	-0.0115842592192	-0.13716734774	-0.162500034064	1.10641498237e-11	1.7171540707e-05	100.0
-0.00027868115296	-0.000259435596318	-0.000293982854938	-0.0321374730186	-0.0214132998614	-0.019026364966	1.10641498237e-11	1.7171540707e-05	100.0
-0.00045732366067	-0.000776818000458	0.000291921141382	-0.0600043487841	-0.0929535689777	0.0312595051666	1.10501843126e-11	1.7149866258e-05	100.0
2.1695447724e-05	-0.000848677236487	0.000355414507434	-0.0037650404073	-0.103979680072	0.0377643428822	1.10100781002e-11	1.7087621489e-05	100.0
0.000158454759878	-0.000723789956724	0.000394369196633	0.0126335525168	-0.0872674013711	0.0424096129364	1.10100781002e-11	1.7087621489e-05	100.0
4.22214941152e-05	0.000214923002176	7.03773926175e-05	0.0696123036054	0.136962641981	0.0697792703743	1.10100781002e-11	1.7087621489e-05	100.0
0.00063388842612	-0.00234474772	0.000660053135288	0.0782753308691	-0.305511600149	0.0846462522717	1.10100781002e-11	1.7087621489e-05	100.0
0.000498615615583	-0.00215030617458	0.000488810469907	0.0601274101045	-0.278858794016	0.0629417825066	1.10100781002e-11	1.7087621489e-05	100.0
0.000516755530425	-0.000391474615715	-0.000674675727119	0.0584370484973	-0.04898679642	-0.0788799709897	1.10100781002e-11	1.7087621489e-05	100.0
0.000593262618477	-0.0013292417513	-0.00138181357724	0.0728553107669	-0.173086547962	-0.176724805975	1.10100781002e-11	1.7087621489e-05	100.0
4.68051567087e-05	-0.00149047615428	-9.67989007346e-05	-0.000643430918498	-0.188218996336	-0.00980789573978	1.10100781002e-11	1.7087621489e-05	100.0
0.000677280855843	-0.00172206874045	-0.00103048204369	0.0836929686837	-0.223777179997	-0.131923135002	1.10100781002e-11	1.7087621489e-05	100.0
5.36881131457e-05	-0.000695416362099	-0.000134419808249	-0.00213839570815	-0.0804126768651	-0.00950354340285	1.10100781002e-11	1.7087621489e-05	100.0
0.00041073508331	-0.00131662803019	-0.000720897858675	0.0477576603385	-0.1691626526	-0.089861364865	1.10100781002e-11	1.7087621489e-05	100.0
-0.000465280016228	-0.000796743867558	0.0004828316962	-0.0622640213863	-0.096860326047	0.0561905794091	1.10082726921e-11	1.7084819498e-05	100.0
-0.000446439292856	-0.000647677064531	0.000186045638817	-0.0568501672791	-0.0738360611777	0.0176812690255	1.10082726921e-11	1.7084819498e-05	100.0
-0.000295993172889	-0.00150901432008	0.000731541285634	-0.0426838784959	-0.193971969991	0.0920918161513	1.10082726921e-11	1.7084819498e-05	100.0
-0.000465142476998	-0.000937085313942	6.95239480571e-05	-0.0593511184932	-0.114451563554	0.00555643945465	1.10082726921e-11	1.7084819498e-05	100.0
0.000126732355469	-0.000653856672487	0.00120590754518	0.0122585416759	-0.0838219330926	0.151275781465	1.10082726921e-11	1.7084819498e-05	100.0
0.000294105791153	-0.00236446883572	0.000321801654915	0.033929638269	-0.307449820445	0.0416774528941	1.10082726921e-11	1.7084819498e-05	100.0
-0.000482119926504	-0.000921600948963	-0.000241564996513	-0.0630946054026	-0.112184647647	-0.0279628615602	1.10082726921e-11	1.7084819498e-05	100.0
0.000371539290546	-0.002043807129	-0.00101940777182	0.0440303004841	-0.265908855787	-0.131067507625	1.10082726921e-11	1.7084819498e-05	100.0
-0.000354908788725	-0.000421547202617	-1.45859449683e-05	-0.0384955810476	-0.0386618292172	0.00494884690357	1.10082726921e-11	1.7084819498e-05	100.0
0.000416754838764	-0.00142759246238	-0.00130563215329	0.0499271379905	-0.185531420059	-0.166983322644	1.10082726921e-11	1.7084819498e-05	100.0
0.000497211471406	-0.00211940172949	0.000832940464439	0.0603191825278	-0.275726783916	0.106812319407	1.09842592546e-11	1.7047550686e-05	100.0
0.000308992734079	-0.00181876898526	0.000122814616472	0.034344792544	-0.233751510398	0.0153226994914	1.09842592546e-11	1.7047550686e-05	100.0
-0.000245843324687	-0.000659476985042	-0.000125128996819	-0.0333358685294	-0.074952143128	-0.00767348169649	1.09842592546e-11	1.7047550686e-05	100.0
-0.000446746269812	-0.000568107033745	0.000419215501548	-0.0582187616426	-0.0655567894344	0.0455788811406	1.09803316117e-11	1.7041454992e-05	100.0
0.000194507038074	-0.00070257129502	0.00122861701059	0.0207278031007	-0.0906953042345	0.153763823775	1.09803316117e-11	1.7041454992e-05	100.0
-0.000140830624329	-0.00159354493125	0.000858006466398	-0.0227581916474	-0.205339508419	0.108857256614	1.09803316117e-11	1.7041454992e-05	100.0
0.000722094810672	-0.00111658649437	0.00123684198668	0.089421337484	-0.145130824149	0.157458925756	1.09803316117e-11	1.7041454992e-05	100.0
-2.73592862849e-05	-0.00231350407309	0.000471174707796	-0.00814817134819	-0.300919958621	0.0603528581544	1.09803316117e-11	1.7041454992e-05	100.0
0.000366125263881	-0.000789650044531	0.00131000197164	0.0429615778989	-0.101955272777	0.165830027278	1.09587220325e-11	1.7007916963e-05	100.0
8.25966015237e-05	-0.00240721836437	-0.000153039849758	0.00607249712501	-0.312627801464	-0.0193641170054	1.09587220325e-11	1.7007916963e-05	100.0
0.000141195102886	-0.00221568396983	0.000939267406498	0.0141292644703	-0.288621156854	0.121386638358	1.09523804734e-11	1.6998074875e-05	100.0
-0.000438316482602	-0.000669960089211	-5.64142410939e-05	-0.0543549170172	-0.0757644334845	-0.00691174858853	1.09523804734e-11	1.6998074875e-05	100.0
0.000198205474331	-0.00131261757324	0.000372933341678	0.0189920721383	-0.16667100466	0.0439069045217	1.09460540013e-11	1.6988256202e-05	100.0
3.21443022611e-05	-0.00139869226287	-4.84991382775e-05	-0.00431761881641	-0.175237522103	-0.00543837380157	1.09460540013e-11	1.6988256202e-05	100.0
0.000205394024074	-0.000870422093849	-0.00130504796423	0.0223115452206	-0.112507816398	-0.165581730435	1.09460540013e-11	1.6988256202e-05	100.0
-9.28513178898e-06	-0.00205574313726	0.000197223673465	-0.00560535431819	-0.266111817346	0.0251413970534	1.09383998753e-11	1.6976377012e-05	100.0
0.000104272761397	-0.00236776001478	-0.000372469812774	0.00924802416316	-0.308204249248	-0.0479844679527	1.09383998753e-11	1.6976377012e-05	100.0
-0.000291161912307	-0.000847711371804	-7.54965087347e-05	-0.0366786423148	-0.102053722293	-0.00307514987488	1.09383998753e-11	1.6976377012e-05	100.0
0.000349102683465	-0.000276533278184	-0.00130135877482	0.0405842523702	-0.0371066617387	-0.162494543692	1.09383998753e-11	1.6976377012e-05	100.0
-0.000259645451237	-0.000322126745251	-0.000636588478127	-0.0352700830934	-0.0372692544866	-0.068506552827	1.09383998753e-11	1.6976377012e-05	100.0
-0.000285511696117	-0.000732317667941	-8.71268106893e-05	-0.041673230999	-0.0870718047078	-0.0149588134948	1.0933451347e-11	1.6968696905e-05	100.0
0.000374200521405	-0.00046096184992	0.000495550539577	0.0384601510453	-0.0553784994779	0.054000192736	1.0933451347e-11	1.6968696905e-05	100.0
0.000360342519808	-0.000321017996876	0.000704945001132	0.0384427322636	-0.0398962981804	0.0806726356289	1.0933451347e-11	1.6968696905e-05	100.0
0.000315180948942	-0.00105152945502	0.000424955663096	0.0335898748824	-0.132514577702	0.0498883576105	1.0933451347e-11	1.6968696905e-05	100.0
0.000548296131377	-0.000643671740002	0.00132908285646	0.0663089692404	-0.0837255988513	0.167915283055	1.0933451347e-11	1.6968696905e-05	100.0
0.000530076559385	-0.000333610450459	0.00145672952008	0.0643877079674	-0.0443667904927	0.184373352427	1.0933451347e-11	1.6968696905e-05	100.0
0.000773178282009	-0.00114091445721	-0.00126682546786	0.0962596630879	-0.148472082045	-0.16165863321	1.0933451347e-11	1.6968696905e-05	100.0
0.000381258036877	-0.00174788089734	-0.000251352775932	0.0437306097313	-0.224575631804	-0.0311504094827	1.0933451347e-11	1.6968696905e-05	100.0
0.000514732020728	-0.00202224737387	-0.000746439303297	0.0622062284283	-0.262387980592	-0.0955955304953	1.0933451347e-11	1.6968696905e-05	100.0
7.52517100833e-05	-0.00143026835488	-0.000150423413273	0.0024387478849	-0.180578168777	-0.0160553470871	1.0933451347e-11	1.6968696905e-05	100.0
0.000241992887289	-0.00147279400749	-0.000282780540405	0.0247465598466	-0.187856650645	-0.0333973570351	1.0933451347e-11	1.6968696905e-05	100.0
-0.000452945991871	-0.00075641574369	0.000678391955414	-0.0613680980207	-0.0936125724464	0.0808660851664	1.09244192771e-11	1.6954679148e-05	100.0
-0.000258499494893	-0.0006239240861	0.000805337909398	-0.0366654659142	-0.0775454662477	0.095517463314	1.09244192771e-11	1.6954679148e-05	100.0
-0.000193298578922	-0.00103123813286	0.000904456824064	-0.0290549437087	-0.131479729264	0.111962430029	1.09244192771e-11	1.6954679148e-05	100.0
-0.000166365670103	-0.000593787133589	0.000861747992781	-0.0252102117819	-0.074212558289	0.102675649284	1.09244192771e-11	1.6954679148e-05	100.0
0.00023129174257	-0.00136960847117	0.00110766779697	0.0256311799974	-0.177308931023	0.140709664027	1.09244192771e-11	1.6954679148e-05	100.0
0.000240677400103	-0.00177098016342	0.000854152246634	0.0268496155194	-0.229241070743	0.109288851972	1.09244192771e-11	1.6954679148e-05	100.0
3.83705988203e-05	-0.00249167149169	0.000381044175016	0.000397869172075	-0.32425095662	0.0490349452467	1.09244192771e-11	1.6954679148e-05	100.0
0.00021416358493	-0.00249873949623	-2.04418809158e-05	0.0235670950538	-0.325362128688	-0.00254207290733	1.09244192771e-11	1.6954679148e-05	100.0
-0.000380722219518	-0.000843467194751	-0.000160716638957	-0.0489316051289	-0.100925020566	-0.0158345099178	1.09244192771e-11	1.6954679148e-05	100.0
-0.000308988910114	-0.000238705646878	-0.000416807974179	-0.037374744134	-0.023941358037	-0.0356097250298	1.09244192771e-11	1.6954679148e-05	100.0
0.000552441471903	-0.00196265286622	0.0011470378417	0.0676221884774	-0.25559204318	0.147091129101	1.09209140696e-11	1.6949239073e-05	100.0
0.000521221523696	-0.0022646915687	2.93198447089e-05	0.0630331534945	-0.293857971717	0.00388627767842	1.09209140696e-11	1.6949239073e-05	100.0
-0.000139295740551	-0.00194197417276	-0.00056259705137	-0.0225946554426	-0.251562662703	-0.0719520284546	1.09209140696e-11	1.6949239073e-05	100.0
0.000695291721154	-0.000918047536889	0.00159176314466	0.0862810622022	-0.119825250661	0.204029696379	1.09084371401e-11	1.69298749e-05	100.0
0.000229792835701	-0.0004582190953	0.00103003896251	0.0246235025803	-0.0585228448646	0.12601508692	1.09084371401e-11	1.69298749e-05	100.0
3.08010844061e-05	0.000178037678453	-0.000745336478442	-0.000815504769619	0.018413208059	-0.0818729722321	1.09084371401e-11	1.69298749e-05	100.0
0.000445688525692	-0.0021613913101	-0.000445035195317	0.0531900208004	-0.280247818922	-0.0571510590243	1.09084371401e-11	1.69298749e-05	100.0
0.000251553668992	-0.00239702455912	-0.000655909416096	0.0282388361629	-0.311814377241	-0.084360663355	1.09084371401e-11	1.69298749e-05	100.0
-0.000167803774208	-0.00198254453437	0.000686325818874	-0.0263553765113	-0.257034695343	0.0877364902506	1.08960255875e-11	1.6910612193e-05	100.0
0.000146091718457	-0.00136314746771	0.000194143938273	0.011430423656	-0.172399368693	0.0211819712805	1.08836794118e-11	1.689145095e-05	100.0
-0.000124721417422	-0.00125854635396	-1.55221221588e-06	-0.0256548131306	-0.151041777005	-0.00178867400981	1.08836794118e-11	1.689145095e-05	100.0
-0.000412178373492	-0.00125059368021	0.000664754144017	-0.0572751453242	-0.15925988733	0.082057074353	1.08824674247e-11	1.6889569949e-05	100.0
0.000114553435231	-0.00166043165372	-0.00132747567737	0.0106309686292	-0.215717194636	-0.170372182496	1.08824674247e-11	1.6889569949e-05	100.0
0.000417445799113	-0.000844803370052	0.000406950322709	0.0460413684729	-0.105770855485	0.0464369178051	1.08591580461e-11	1.6853393835e-05	100.0
0.00018491494156	-0.000872403490299	0.000222347883157	0.0149905479752	-0.10684118723	0.0224042791559	1.08591580461e-11	1.6853393835e-05	100.0
0.000633287274723	-0.00140100696761	0.000997610111104	0.0775956714189	-0.18164579092	0.126306903791	1.08591580461e-11	1.6853393835e-05	100.0
0.000426619108249	8.79861895655e-05	0.000846331168803	0.0480937766161	0.00887358259763	0.0997412698827	1.08591580461e-11	1.6853393835e-05	100.0
-0.000259758332068	-0.000514358326158	3.87876794024e-06	-0.0322767205672	-0.0489219150094	0.000473296290432	1.08591580461e-11	1.6853393835e-05	100.0
0.000189215194779	-0.00150764968782	0.000151247097189	0.017236919739	-0.191480014721	0.017594973698	1.08591580461e-11	1.6853393835e-05	100.0
0.000661780986412	-0.00251597775629	0.000807556472794	0.0819076781359	-0.32791136474	0.10422985251	1.08591580461e-11	1.6853393835e-05	100.0
-0.000124166207922	-0.00107392379202	0.000178597606837	-0.0212940011507	-0.132912800484	0.0138905310696	1.08591580461e-11	1.6853393835e-05	100.0
0.000146885710506	-0.00149655524215	-0.000138485421177	0.0117493255055	-0.18957937444	-0.0160138387482	1.08591580461e-11	1.6853393835e-05	100.0
0.000611187284071	-0.0024186065016	-0.00120331707596	0.0756353414681	-0.315823952516	-0.155499466929	1.08591580461e-11	1.6853393835e-05	100.0
0.000537312637579	-0.001628579316	-0.00144284840426	0.0657690195842	-0.212325697426	-0.185284366453	1.08591580461e-11	1.6853393835e-05	100.0
-8.72772286123e-05	-0.000634892126583	-2.47057122485e-05	-0.0195995122779	-0.0704427921973	0.00424755903366	1.08591580461e-11	1.6853393835e-05	100.0
0.000688954638109	-0.000900149885957	-0.0013245239788	0.0849984297879	-0.117233710618	-0.168446081038	1.08591580461e-11	1.6853393835e-05	100.0
0.000327598895129	-0.00135108646322	-0.000857910316367	0.0372497245458	-0.173786875332	-0.10770984654	1.08591580461e-11	1.6853393835e-05	100.0
-8.45525114349e-05	-0.000988797360469	0.000900900533406	-0.0154280802455	-0.125607270874	0.111948439528	1.08404954563e-11	1.6824429529e-05	100.0
-0.000405071824107	-0.00171900714533	-0.000742532833925	-0.0569750386292	-0.222257903592	-0.0940149505476	1.08404954563e-11	1.6824429529e-05	100.0
-0.000358266330478	-0.000800250812126	-0.000624169819263	-0.0492188640826	-0.098663206602	-0.0733945412935	1.08404954563e-11	1.6824429529e-05	100.0
-0.000175668129821	-0.000586320526426	1.04622676351e-05	-0.0294323343723	-0.0618889861462	-0.00449717058646	1.08348680141e-11	1.6815695749e-05	100.0
-9.67836095477e-05	-0.00124936038752	3.73493775931e-05	-0.022639573869	-0.153254407611	-0.002147215373	1.08348680141e-11	1.6815695749e-05	100.0
0.000481886480287	-0.00158564446747	0.00113678943567	0.0581915175228	-0.206000550217	0.14502710785	1.08348680141e-11	1.6815695749e-05	100.0
0.000425781067825	-1.56869831116e-05	-0.000990616621457	0.0489627643001	-0.00372728183112	-0.119771643866	1.08348680141e-11	1.6815695749e-05	100.0
0.000323529475971	-0.00187505878631	2.92945154553e-05	0.0364808456147	-0.241229419044	0.00412668137203	1.08348680141e-11	1.6815695749e-05	100.0
0.000225115355823	-0.00188305874517	-0.00116753511532	0.0251150620924	-0.245197572314	-0.150315899526	1.08348680141e-11	1.6815695749e-05	100.0
-7.91031872354e-05	-0.000855479280695	-7.54408222068e-05	-0.0194880216846	-0.104588604104	-0.00228377042139	1.08348680141e-11	1.6815695749e-05	100.0
7.01357371325e-05	-0.00103356265725	-0.000207964200021	0.000536451305832	-0.128978538214	-0.0203307747193	1.08348680141e-11	1.6815695749e-05	100.0
0.000175111565976	-0.00119844142	-0.000269892296455	0.0152100149409	-0.151399887399	-0.0296246568414	1.08348680141e-11	1.6815695749e-05	100.0
1.07293104019e-06	-0.00131491732128	-0.000124815543494	-0.00861387561097	-0.16410630612	-0.0119689203742	1.08348680141e-11	1.6815695749e-05	100.0
