# x[AU] y[AU] z[AU] vx[AU/yr/2pi] vy[AU/yr/2pi] vz[AU/yr/2pi] m[MSUN] m[mtot] wf[%]
1.32364348253e-05	6.72927966139e-05	-1.28761179912e-07	0.00201243780239	0.00821096833289	1.14121383662e-05	6.03238438553e-07	0.937323352186	10.0792764517
-0.000219940785639	-0.00104924320641	1.90285249255e-06	-0.033843037593	-0.129197162604	0.000214665074208	2.77838847808e-08	0.0431711282898	14.3946027579
-0.000275887317204	-0.000511451911591	1.81070909289e-05	-0.0356350549857	-0.0518899309601	0.00276227232782	3.06357465287e-09	0.00476024052823	15.3981985918
-0.000279124353073	-0.000575674404891	-4.75995979665e-05	-0.0394862618852	-0.0593019396741	-0.00873333528626	6.24384823508e-10	0.000970181007111	3.68765691269
-0.000267976650152	-0.000794418063221	-8.94788175557e-06	-0.0363150267805	-0.0969890090403	-0.000795774556862	2.96087791116e-10	0.000460066837897	3.82245149137
-0.000175531793201	-0.000824607392089	-2.11512185848e-05	-0.0290617343513	-0.101573611935	0.00574629897133	2.38808948589e-10	0.00037106588361	0.0
-0.000164052835098	-0.000718860590307	4.66932024133e-05	-0.0269964600235	-0.08439217749	-0.00209543337476	2.17972395862e-10	0.00033868965192	5.237228105
-0.000274886787004	-0.000374930872721	-8.19026542216e-05	-0.033772201033	-0.0300843002969	-0.0114285271169	2.86086895955e-10	0.00044452725689	15.7490409892
-0.000269774703252	-0.000738847221692	-1.71256911023e-05	-0.0365207749804	-0.0884830841294	-0.00190646301284	1.98442707207e-10	0.000308344050465	11.3743307514
-0.000108792900218	-0.00124472351821	-4.00768852117e-05	-0.0233457037118	-0.151503097294	-0.000782103201128	1.12142084115e-10	0.000174248501902	9.96799559373
-0.000149965419504	-0.000620272935784	4.09607068488e-05	-0.025475765355	-0.0688121259074	-0.00320338104421	8.13848235075e-11	0.000126457285734	14.2686506589
-0.000276118800847	-0.00060152757846	-7.90375658001e-05	-0.0422697543101	-0.0625353590773	-0.0150680198886	6.85145815627e-11	0.00010645925916	0.0
-0.000265342047774	-0.000368732431695	-3.6015486106e-05	-0.0295176178441	-0.0295916160414	-0.00548912867095	1.26225308906e-10	0.000196131284278	17.7123279311
-8.77992896861e-05	-0.00130117010474	2.34318690255e-05	-0.0197479707256	-0.159531057664	0.00196573934502	1.57034931379e-10	0.000244003861308	36.1639759271
-0.000301571483524	-0.000697852151648	9.29315402148e-05	-0.042652527539	-0.0808783921109	0.0134951640215	3.62964389707e-11	5.6398096798e-05	0.0
-0.00029222171342	-0.000438193247406	-7.53690242665e-05	-0.0375588998172	-0.0405420120438	-0.0106680821702	3.62603559521e-11	5.6342030318e-05	0.0
-0.000247309903743	-0.000852037473886	2.51281579037e-06	-0.0328897988963	-0.10799054328	-5.07150265754e-05	3.60058738628e-11	5.594661121e-05	0.0
-0.000277435973659	-0.000796838801797	9.36839546273e-05	-0.0398185149794	-0.0977157054176	0.0136739856909	3.58219787072e-11	5.5660871422e-05	0.0
-0.000243982032252	-0.00036949680477	-6.94890102069e-05	-0.0300322488992	-0.0265542299031	-0.0135562584658	3.57343183453e-11	5.5524663085e-05	0.0
-0.000221296508833	-0.000675068820794	6.66622358366e-06	-0.0345443646798	-0.0770828741562	0.0073501186526	4.69066417899e-11	7.2884431618e-05	24.027309243
-0.000197334045243	-0.000662500982583	-5.01426340061e-05	-0.0307335717367	-0.0748433204232	0.00180256133594	3.5486258279e-11	5.5139222639e-05	0.0
-0.000278955488676	-0.000419722514119	-7.8108256958e-05	-0.0376836351397	-0.0371556030755	-0.0137531677718	3.54485710119e-11	5.5080663447e-05	0.0
-0.000198993095401	-0.000664651252352	4.36963505183e-06	-0.0296802396319	-0.0754048889205	-0.00738634510679	3.53350163694e-11	5.4904220085e-05	0.0
-0.000231262317316	-0.000899648413493	-8.27735903263e-05	-0.0350355455784	-0.116880359552	-0.0149437609966	8.15880249639e-11	0.000126773024019	13.9918959704
-0.000169202448615	-0.000581726431705	-0.000103319983578	-0.0259075562288	-0.0624473883061	-0.00359398158959	3.49847068349e-11	5.4359902472e-05	0.0
-0.000183436904831	-0.000588107248422	-3.54759951587e-05	-0.0292861690838	-0.0629116725815	0.00452162769185	6.87115219239e-11	0.000106765268839	0.0
-0.000193344081481	-0.000539333548756	-3.28536619372e-06	-0.0304431800991	-0.0562652450005	0.0091899278684	3.45184387997e-11	5.3635406336e-05	0.0
-0.000242748142397	-0.000696975042038	-6.03134925509e-05	-0.0370490531434	-0.0805835658465	-0.0140034918075	3.43984420182e-11	5.3448953056e-05	0.0
-0.000205130378396	-0.000560163603311	-1.4667913288e-06	-0.0329545225465	-0.0583523192871	0.00884417287523	3.41557126836e-11	5.3071795602e-05	0.0
-3.92459063189e-05	-0.00111950051392	-0.000217556250471	-0.0123084370716	-0.13936387968	-0.0210183646484	3.41557126836e-11	5.3071795602e-05	0.0
-6.52462860135e-05	-0.000825120263694	0.000258280191457	-0.014642714281	-0.0997474695211	0.0250626919743	3.40739664164e-11	5.2944776698e-05	0.0
-0.0001318949237	-0.00046734858707	0.000142219187869	-0.0207583081177	-0.0442191044937	0.00678367783635	6.7305199475e-11	0.000104580098286	0.0
-0.000167961396746	-0.000753230726632	4.67332788414e-05	-0.0275744923439	-0.0885589349501	-0.00264413721708	3.3909166344e-11	5.2688707213e-05	0.0
-9.9152705233e-05	-0.000773381335367	0.000165347764499	-0.0190128623272	-0.0922124774442	0.0123540536755	3.3909166344e-11	5.2688707213e-05	0.0
-0.000135579471099	-0.000896767753259	-6.87818293994e-05	-0.0259126603436	-0.111658102167	0.000724730342333	3.3909166344e-11	5.2688707213e-05	0.0
-6.43750979916e-05	-0.00107766497161	-0.000170537843958	-0.0162765697512	-0.134123229062	-0.0139746670906	6.72268829804e-11	0.000104458408628	0.0
-0.000144068482072	-0.000749200683175	7.69291538653e-05	-0.0257241881873	-0.0885418679023	0.000300680618103	3.36585666367e-11	5.2299320624e-05	0.0
-0.000104177699402	-0.000912728528027	0.000126857909215	-0.0215432988738	-0.112893539993	0.00709252936162	3.36585666367e-11	5.2299320624e-05	0.0
-8.92634831266e-05	-0.000867908731471	-0.000105152405582	-0.0205789383696	-0.106959034873	-0.00507822576977	3.36585666367e-11	5.2299320624e-05	0.0
-6.6357811774e-05	-0.00115166387171	-0.000135481130535	-0.0172305008576	-0.142657316703	-0.00972958633722	3.36585666367e-11	5.2299320624e-05	0.0
-0.000255330195539	-0.000870663053629	5.67987261279e-06	-0.0335023390652	-0.11091319331	0.00157888414564	3.35740946557e-11	5.2168066455e-05	0.0
2.03027455637e-05	-0.00100167701692	-0.000252153077691	-0.00485364331367	-0.12485845235	-0.0255787258099	3.3531675107e-11	5.2102154154e-05	0.0
-0.000269507232831	-0.000670174515776	-7.84371400343e-06	-0.0356705572724	-0.075928380024	-0.000791032984313	4.44415857418e-11	6.9054180674e-05	25.1274629753
-0.000100863635835	-0.000922627341781	-0.000102321297472	-0.0222488134914	-0.114278815671	-0.00386477189174	3.32745427389e-11	5.1702616992e-05	0.0
7.78416670338e-05	-0.00121440109689	0.000446308242748	0.00419094263913	-0.154202657929	0.0530000982377	3.32312330586e-11	5.1635321588e-05	0.0
0.000111523670571	-0.00156513397219	-6.92561171394e-05	0.00794036180613	-0.199654417175	-0.00818414107055	3.32312330586e-11	5.1635321588e-05	0.0
-0.00033718170248	-0.000539375693527	-3.50659261863e-05	-0.0464690286962	-0.0565509876378	-0.003196597337	3.31442214366e-11	5.1500121276e-05	0.0
-0.000172060057864	-0.000775759427972	5.06261810122e-05	-0.0286607284119	-0.0916974845477	-0.00239454168121	3.31442214366e-11	5.1500121276e-05	0.0
2.33002000736e-06	-0.00103817425945	-0.000247400699247	-0.00717996809183	-0.129171815237	-0.0251389715111	3.31442214366e-11	5.1500121276e-05	0.0
-0.000229406185198	-0.000571787612623	1.3984141309e-05	-0.0365503806452	-0.0594523198248	0.0094630515578	3.31442214366e-11	5.1500121276e-05	0.0
-0.000110437579497	-0.000874488603266	-9.86552151641e-05	-0.0218834656114	-0.108250608225	-0.00309522000208	3.31442214366e-11	5.1500121276e-05	0.0
-8.73684141014e-06	-0.00108368903696	-0.000267459298677	-0.00813555809866	-0.13533888994	-0.0274360422266	3.31442214366e-11	5.1500121276e-05	0.0
-2.85677868422e-05	-0.00121356654069	-0.000135467850346	-0.0122996265908	-0.151219666528	-0.0117428368548	3.31442214366e-11	5.1500121276e-05	0.0
-9.11538540435e-05	-0.00121732943743	-0.00012169856947	-0.0193826593127	-0.15052315294	-0.00855809527909	3.31442214366e-11	5.1500121276e-05	0.0
0.00012133056604	-0.00162504450391	-7.81030349436e-05	0.00941540619775	-0.207409515992	-0.00934815916592	3.41328508854e-11	5.3036272506e-05	100.0
-0.000207313425137	-0.000783544723675	0.000203940764406	-0.0300908310469	-0.0938052084	0.0177089146623	1.27714071623e-11	1.9844455209e-05	100.0
-0.000239403054699	-0.00139258183726	-7.06465044626e-05	-0.0345029251799	-0.174126716024	-0.0067512274312	1.27714071623e-11	1.9844455209e-05	100.0
0.000194593133905	-0.00072363415825	0.000508242837436	0.0187097829689	-0.0886287724764	0.0580760715425	1.27564257947e-11	1.9821176875e-05	100.0
-0.000153548389984	-0.000770573967401	-4.67689737251e-05	-0.0235430017167	-0.092636468528	0.00131563830874	1.27414544851e-11	1.9797914169e-05	100.0
-8.26692733468e-05	-0.00112504380612	0.000132290980683	-0.0181438431712	-0.138977970249	0.0083634721376	1.27115571268e-11	1.9751459086e-05	100.0
-0.00012525776666	-0.0012554829623	0.000629788630808	-0.020617071697	-0.160862455972	0.0778909930424	1.26966210202e-11	1.9728251079e-05	100.0
-0.000267605199878	-0.000408313619179	-3.81232276162e-05	-0.0343314449348	-0.0389453654221	0.000531863061761	1.26966210202e-11	1.9728251079e-05	100.0
-5.03228630092e-05	-0.00143407197299	0.000233708772113	-0.0114944797845	-0.182306734736	0.0266040810252	1.26667890388e-11	1.968189758e-05	100.0
-0.000264166338699	-0.000590758969285	-8.58519599504e-05	-0.0352406147308	-0.0643421372863	-0.0012767960849	1.26221315886e-11	1.9612507985e-05	100.0
-1.23325918422e-06	-0.000367652524328	0.000353894883866	-0.00663509827881	-0.0350851068666	0.0298509168576	1.25775696893e-11	1.9543266858e-05	100.0
-0.000109731545905	-0.00150989058182	0.000208989887889	-0.0186486621373	-0.192384097903	0.0246506541502	1.25775696893e-11	1.9543266858e-05	100.0
-8.32258286414e-05	-0.00112857681416	-0.000646423067564	-0.0151633871333	-0.143160025968	-0.0800475865331	1.25775696893e-11	1.9543266858e-05	100.0
-1.22701426238e-05	-0.00113334418095	-0.000637837077049	-0.00630639768857	-0.144076689855	-0.0781020427262	1.25775696893e-11	1.9543266858e-05	100.0
-0.000184481286537	-0.000944278354959	-0.000561128260571	-0.0279783635664	-0.11805991081	-0.0665061462137	1.25775696893e-11	1.9543266858e-05	100.0
9.49043196107e-05	-0.00059071505965	-0.00065268513257	0.00657113894518	-0.0717403341227	-0.0755993017169	1.25775696893e-11	1.9543266858e-05	100.0
-2.37238403648e-05	-0.000749736470881	-0.000844659545612	-0.00767285825347	-0.0940844013402	-0.103325610179	1.25775696893e-11	1.9543266858e-05	100.0
-0.000240806393256	-0.000389637787151	3.28582762709e-05	-0.0276915816419	-0.0313572853108	0.00987194665678	1.25627391914e-11	1.9520222949e-05	100.0
-0.000246627423949	-0.000619172153458	5.1635643691e-05	-0.0328098151886	-0.0674163156515	-0.000674410899959	1.25479187516e-11	1.9497194668e-05	100.0
-3.67165315736e-05	-0.00114358689318	-0.000379556789474	-0.00978238549877	-0.143524431553	-0.0438518104378	1.24592023013e-11	1.9359345361e-05	100.0
-0.000256995652933	-0.000993294914926	-0.000248341653709	-0.0358615316149	-0.122827196968	-0.0242934749711	1.24592023013e-11	1.9359345361e-05	100.0
-0.000140880062894	-0.000916064542421	-0.000287935908402	-0.022854571053	-0.111972191766	-0.0300476161754	1.24149823734e-11	1.9290635597e-05	100.0
-0.000174634562589	-0.000370674058117	0.000227539710423	-0.0232917508371	-0.03162063337	0.0142623933225	1.24002574844e-11	1.9267755784e-05	100.0
-0.000207471841416	-0.00142967092118	3.71207981298e-05	-0.0304919019909	-0.179187874984	0.00424520332474	1.24002574844e-11	1.9267755784e-05	100.0
5.10794037565e-05	-0.000784907557845	-0.00069835776065	0.00167064485028	-0.0973779377326	-0.0840992309896	1.24002574844e-11	1.9267755784e-05	100.0
4.04934635831e-05	-0.000645386408625	0.000643557880667	-7.45905871032e-05	-0.0787734108077	0.0747098028917	1.23855426534e-11	1.92448916e-05	100.0
-0.000185846346187	-0.000737328510051	0.000119003766422	-0.0267043838212	-0.0864821277648	0.00773925053567	1.23855426534e-11	1.92448916e-05	100.0
3.30951383795e-05	-0.000894164707185	0.000562756454554	-0.000930673792595	-0.111731505912	0.0662221923409	1.23708429094e-11	1.9222050858e-05	100.0
-0.000186705532755	-0.000728720545619	0.000357538416307	-0.0279328536571	-0.0863960237985	0.0378111571195	1.23708429094e-11	1.9222050858e-05	100.0
-0.000138585425788	-0.00109626257221	0.000648203873807	-0.0224554707648	-0.139106103834	0.0789486057106	1.23121143392e-11	1.913079729e-05	100.0
-4.82923457961e-05	-0.00142199559101	7.77175087827e-05	-0.0112606713294	-0.17841158677	0.00849348780684	1.23121143392e-11	1.913079729e-05	100.0
-0.000184524710799	-0.000637653805162	-4.32435716941e-05	-0.026692878711	-0.0707883709462	0.00259923198939	1.2282800344e-11	1.9085248647e-05	100.0
-0.000249783039325	-0.00132763209731	0.00039240104723	-0.0364799314798	-0.168770733261	0.0467537496107	1.22681559189e-11	1.9062493861e-05	100.0
-0.000157130654093	-0.000878820267326	-0.000216255019404	-0.0248137448863	-0.107510918797	-0.0188922362117	1.22681559189e-11	1.9062493861e-05	100.0
0.000249175948137	-0.000886137553895	-0.000847633758667	0.0272919352961	-0.112987454368	-0.104752224917	1.22681559189e-11	1.9062493861e-05	100.0
-0.000346384094028	-0.00128943487449	0.000396781802978	-0.0484635932467	-0.163612086278	0.0477643649245	1.22535215517e-11	1.9039754703e-05	100.0
-0.000228501110464	-0.000596300127927	-3.66684719437e-05	-0.0328858685745	-0.0608454652959	-0.00658909103394	1.22535215517e-11	1.9039754703e-05	100.0
-0.000165552822504	-0.000882852686753	0.000142333352202	-0.0258745442438	-0.108560332099	0.00904437091322	1.22388922136e-11	1.9017023359e-05	100.0
-0.000296561294458	-0.00129360614857	6.20904363467e-05	-0.0402929353071	-0.159831684229	0.00468958252885	1.22242729335e-11	1.8994307644e-05	100.0
-0.000181927287452	-0.00122714892071	-8.40917702447e-05	-0.0276034631846	-0.148989626316	-0.00454135496171	1.21950595181e-11	1.8948915284e-05	100.0
-0.000148084962355	-0.0016340466483	0.000151963978054	-0.0236690315707	-0.208972774182	0.0191587018057	1.21804603539e-11	1.8926230825e-05	100.0
2.56083526682e-05	-0.000381321849369	0.000807692680147	-0.00148671268518	-0.0468585022776	0.0942129361192	1.21658712477e-11	1.8903561994e-05	100.0
-0.000148949366938	-0.000411912836009	0.000704246300479	-0.0227997882372	-0.0487649290785	0.0799402623948	1.21367181803e-11	1.8858263404e-05	100.0
-0.00012096524555	-0.00115060737552	0.000415333125741	-0.0202356516884	-0.14497915058	0.0483830098385	1.21367181803e-11	1.8858263404e-05	100.0
-0.000198495248328	-0.00142496742589	0.000416954633432	-0.0301131768105	-0.18172847976	0.0516006487598	1.21367181803e-11	1.8858263404e-05	100.0
6.09230890149e-05	-0.00102989102672	-0.000958305097855	0.00346958278776	-0.131985783293	-0.12049537163	1.21367181803e-11	1.8858263404e-05	100.0
1.3225964271e-05	-0.000166128828296	0.000555490520648	-0.00421897248222	-0.0168018274578	0.053473260576	1.21075852288e-11	1.881299607e-05	100.0
-0.000172099069315	-0.00157801405171	0.000399700436258	-0.0268396360284	-0.202749064034	0.0495195159255	1.21075852288e-11	1.881299607e-05	100.0
-4.5298987529e-05	-0.00156207623121	-0.000276641025667	-0.0105945638945	-0.199776474788	-0.0341017823189	1.21075852288e-11	1.881299607e-05	100.0
-0.000364475868526	-0.000571881486893	-0.000161696587644	-0.0454823147221	-0.0618992360782	-0.0144533527354	1.21075852288e-11	1.881299607e-05	100.0
-0.000123914201942	-0.000503526602341	0.000572961357551	-0.0200257003694	-0.0582905749852	0.0634212717888	1.20930313256e-11	1.8790381939e-05	100.0
0.00028693485273	-0.000651629778498	0.000941664909071	0.0322189292204	-0.0828644061597	0.116186035778	1.20930313256e-11	1.8790381939e-05	100.0
-0.000218250834375	-0.00138954221612	-4.02133091096e-05	-0.0318197093137	-0.173275988967	-0.00402965164654	1.20930313256e-11	1.8790381939e-05	100.0
-0.000213729256709	-0.000643333124881	6.01754046804e-05	-0.0315446480214	-0.0710964809976	0.0112239504216	1.20930313256e-11	1.8790381939e-05	100.0
-0.000105490876135	-0.00154923546335	-1.89034978143e-05	-0.0181945482268	-0.196640506408	-0.00189496399482	1.20639436351e-11	1.8745184932e-05	100.0
-9.20086997335e-05	-0.000115341190809	-0.000724424924452	-0.0154014231421	-0.0140845427211	-0.0788938575055	1.20639436351e-11	1.8745184932e-05	100.0
-0.000267328025786	-0.000424048770749	6.05871642878e-05	-0.0316410013452	-0.0385307586416	-0.0019965765416	1.20494098478e-11	1.8722602057e-05	100.0
-0.000263832120981	-0.000793476754345	-0.000320992315782	-0.0371684810661	-0.0952834487917	-0.0340923560628	1.20494098478e-11	1.8722602057e-05	100.0
-0.000156011003658	-0.00065133571958	-0.000568573555372	-0.0241463220566	-0.0783011906007	-0.0647481180997	1.20494098478e-11	1.8722602057e-05	100.0
-0.00020950553325	-0.00148637973796	0.000691299618611	-0.0315547768077	-0.191753302696	0.0874881578871	1.20348810895e-11	1.8700026997e-05	100.0
3.67720597784e-05	-0.00169860432419	-0.000276131017732	6.72593591372e-05	-0.218862313769	-0.0340819055726	1.20348810895e-11	1.8700026997e-05	100.0
-0.000395615942226	-0.00138699816334	0.000641965162904	-0.0557717995755	-0.178582364799	0.0801920296493	1.20203623892e-11	1.8677467564e-05	100.0
-8.93724026247e-05	-0.0014414246854	-0.000319319362752	-0.016273582686	-0.183873925937	-0.0377001182059	1.20203623892e-11	1.8677467564e-05	100.0
-0.000134261653405	-0.000327471849979	-0.000646244452141	-0.0209731367339	-0.0373002372185	-0.0703030769444	1.20203623892e-11	1.8677467564e-05	100.0
-0.000250020211117	-0.00102861838213	0.000505110252315	-0.0363140242773	-0.129081473771	0.0602134167831	1.19623328489e-11	1.8587300161e-05	100.0
-9.68841232778e-05	-0.0016871700589	0.000301279198836	-0.0170123852647	-0.217283411574	0.0374055950752	1.19623328489e-11	1.8587300161e-05	100.0
-5.36313495122e-05	-0.00122716271329	-0.000709858130955	-0.0113204080049	-0.156736488063	-0.0884775298266	1.19623328489e-11	1.8587300161e-05	100.0
-0.000269488599272	-0.000516646573767	-0.00033728122391	-0.0357723554264	-0.0561712038032	-0.0327813676527	1.19623328489e-11	1.8587300161e-05	100.0
-0.000332716008664	-0.000542444277618	-0.000628811340508	-0.0454434019706	-0.0646636704828	-0.0721044699886	1.19623328489e-11	1.8587300161e-05	100.0
-0.00013602565632	-0.00171701273399	-0.000163536222357	-0.0222730170012	-0.220778213446	-0.02003679598	1.19333507672e-11	1.8542267252e-05	100.0
-8.42485833657e-06	-0.000266213860041	-0.000489534503929	-0.00696214232966	-0.0267245991448	-0.0454873514835	1.19333507672e-11	1.8542267252e-05	100.0
-0.000279161647078	-0.000845119209909	7.40497784037e-05	-0.0361851700549	-0.103526196393	0.00182453658599	1.19188672698e-11	1.8519762518e-05	100.0
0.000241513002625	-0.00130189803216	0.00104594363073	0.0270627851799	-0.168895362516	0.133255650985	1.19043938304e-11	1.8497273413e-05	100.0
8.10813535597e-05	-0.00105599052266	0.00101184848455	0.00611772194811	-0.135393908185	0.127973584223	1.18899203911e-11	1.8474784308e-05	100.0
-0.000219918287173	-0.000190778590253	0.000513125647864	-0.0289097497949	-0.0188495962583	0.0483220403941	1.18754519807e-11	1.8452303017e-05	100.0
-0.000329999470721	-0.000346972312922	3.7714673983e-05	-0.0354453636309	-0.0274771135935	-0.00416619265065	1.18754519807e-11	1.8452303017e-05	100.0
6.99669394024e-05	-0.000602921443908	0.000681019007779	0.00374627101143	-0.0740456029752	0.0792989981822	1.18754519807e-11	1.8452303017e-05	100.0
-7.68143659414e-05	-0.00160766020956	0.000179810077671	-0.0147678742143	-0.205254101431	0.021791749901	1.18754519807e-11	1.8452303017e-05	100.0
-6.73132209495e-05	-0.00151358466561	0.000102973411305	-0.0133375664716	-0.191972916909	0.0115008525934	1.18754519807e-11	1.8452303017e-05	100.0
-0.000138266975681	-0.00154826287705	8.15274309984e-05	-0.0223989377793	-0.196351937887	0.010150444714	1.18754519807e-11	1.8452303017e-05	100.0
-9.63336918939e-05	-0.00157412966834	-0.000597914061447	-0.0169964542775	-0.20330089271	-0.075279618616	1.18754519807e-11	1.8452303017e-05	100.0
-0.000154313121504	-0.001505061732	-0.000943111530865	-0.024539637991	-0.195267835222	-0.120754072361	1.18754519807e-11	1.8452303017e-05	100.0
-0.000333182425256	-0.000453270564519	-0.000166847831745	-0.0409226032748	-0.0451590619684	-0.0110611864132	1.18754519807e-11	1.8452303017e-05	100.0
0.000248661221861	-0.000591972416704	-0.00101404714165	0.027252307632	-0.0748440454013	-0.125765019042	1.18754519807e-11	1.8452303017e-05	100.0
0.000145325283209	-0.000818696316912	-0.000653675227698	0.0133675421185	-0.102249871511	-0.0780929465496	1.18754519807e-11	1.8452303017e-05	100.0
-0.000142601731369	-0.000889117442365	0.000902104359631	-0.0228017443573	-0.113364088534	0.11154975777	1.18465352759e-11	1.8407371691e-05	100.0
3.59981426046e-05	-0.000846580803707	0.00119435003563	0.000353064530079	-0.109233935617	0.150705914102	1.1817633658e-11	1.8362463808e-05	100.0
-0.000269404118926	-0.000414669141061	0.00035313148197	-0.0349926720718	-0.0428774267718	0.0320155333563	2.33181742747e-11	3.6232222422e-05	100.0
-0.000232233444944	-0.000591299361369	0.000309284349085	-0.0320475227714	-0.066431733655	0.0298577028097	1.17887521562e-11	1.8317587182e-05	100.0
-0.000289047055735	-0.000473266903223	-2.52320069499e-05	-0.0292986664856	-0.0482503842736	-0.00717955468334	1.17887521562e-11	1.8317587182e-05	100.0
-0.000425704347007	-0.000987092583999	0.000665055179459	-0.0589411719398	-0.124457042101	0.0813612064131	1.17887521562e-11	1.8317587182e-05	100.0
0.000159499450202	-0.00153438722086	0.000621773243742	0.0161366410136	-0.198032296455	0.0782425163691	1.17887521562e-11	1.8317587182e-05	100.0
6.37786705757e-05	-0.00112923529118	-0.00105374056183	0.00392459262889	-0.145528669433	-0.13354809791	1.17887521562e-11	1.8317587182e-05	100.0
0.000324455186921	-0.00105281623383	0.00114347900729	0.0378309813341	-0.136491465621	0.145171760753	1.17598857413e-11	1.8272733998e-05	100.0
-7.00887475466e-05	-0.00166993414031	0.000434404118848	-0.0136727108718	-0.215500416427	0.0541214762603	1.17598857413e-11	1.8272733998e-05	100.0
-0.000404781991606	-0.00162259407179	0.000137253532379	-0.0566532597894	-0.208215108217	0.017037059854	1.17598857413e-11	1.8272733998e-05	100.0
5.59336503604e-05	-0.0016451055424	0.000976892186875	0.00303132513674	-0.213898595478	0.125388348184	1.17310344134e-11	1.8227904256e-05	100.0
-0.000173109334637	-0.00148793568109	-0.000284051291788	-0.0268654393984	-0.189744534318	-0.0336753034243	1.17310344134e-11	1.8227904256e-05	100.0
-0.000273727234261	-0.00130820761903	-0.000267543627564	-0.03909445074	-0.164859236282	-0.0302140006358	1.17310344134e-11	1.8227904256e-05	100.0
-0.0001713128963	-0.000440372335941	0.000781345318573	-0.0256562955952	-0.0539047585357	0.0908159669879	1.17166112639e-11	1.8205493292e-05	100.0
-4.24669836935e-05	-0.00148079698182	0.000929361956353	-0.00983580752419	-0.191947544714	0.118317515669	1.17166112639e-11	1.8205493292e-05	100.0
-5.37528410122e-05	9.60371243907e-05	0.000582075295909	-0.0104106338636	0.00809861983772	0.0549989272773	1.17166112639e-11	1.8205493292e-05	100.0
-0.000305059195966	-0.00177123628726	0.000249745067421	-0.0441812926763	-0.228875631671	0.0317147247404	1.17166112639e-11	1.8205493292e-05	100.0
-0.000286981677186	-0.0008746629504	7.21282257395e-05	-0.0349272749909	-0.107504908755	0.00390676544837	1.17166112639e-11	1.8205493292e-05	100.0
-0.000129328260579	-0.000924539136973	0.00100347052212	-0.0209666811673	-0.118212066581	0.125307252993	1.17021931435e-11	1.8183090142e-05	100.0
0.000136850009169	-0.000711223886023	0.000784198959458	0.0122599417074	-0.0886672558061	0.0948809892323	1.17021931435e-11	1.8183090142e-05	100.0
2.97463105362e-05	-0.00137514795951	-0.00101474829541	-0.000555510024732	-0.177789799923	-0.129652963931	1.17021931435e-11	1.8183090142e-05	100.0
-0.000297480289584	-0.000538089507005	-0.000237337216812	-0.0386035770784	-0.0576773775476	-0.0210805288208	1.17021931435e-11	1.8183090142e-05	100.0
0.000317420112437	-0.000966032040923	-0.000755018387772	0.0359570311952	-0.1231188879	-0.0930255018099	1.17021931435e-11	1.8183090142e-05	100.0
-6.52514237798e-05	-0.00019869155401	0.000752961894196	-0.0123831407563	-0.0246172726759	0.0836123192239	1.1687780052e-11	1.8160694807e-05	100.0
-1.53246779916e-05	-0.00183460897435	-0.000259655129456	-0.00684955104285	-0.236649895522	-0.0328295179194	1.16733719895e-11	1.8138307286e-05	100.0
-0.000393005776906	-0.00113987736672	-0.000173094016538	-0.0517396090775	-0.141628849798	-0.0172768833456	1.16733719895e-11	1.8138307286e-05	100.0
-1.28915166003e-05	-0.00178504365617	-0.000498859742487	-0.00621962133662	-0.231174605014	-0.062689884707	1.16733719895e-11	1.8138307286e-05	100.0
9.05412086256e-05	-0.000921626774999	-0.00119567623599	0.00733427157061	-0.11928410673	-0.151294358783	1.16733719895e-11	1.8138307286e-05	100.0
-0.000232458808232	-0.000317235324413	-0.000815852059517	-0.0329200990588	-0.0390899772458	-0.0944593088855	1.16733719895e-11	1.8138307286e-05	100.0
-4.55920095045e-05	-0.00113356852906	-0.000885146058767	-0.0102910100836	-0.145270418747	-0.111206666735	1.1658963927e-11	1.8115919764e-05	100.0
-2.2589219551e-05	-0.00179094754101	-0.000236451845173	-0.00742391133806	-0.231147132891	-0.0296628380613	1.16445608936e-11	1.8093540057e-05	100.0
-0.000213511182576	-0.00157608693056	-0.000386310463983	-0.0322501692435	-0.202195535632	-0.0475315530464	1.16445608936e-11	1.8093540057e-05	100.0
-0.000249697607594	-0.000685464154404	-2.57527873931e-05	-0.0323946947876	-0.0777283771694	0.00399381576147	1.16445608936e-11	1.8093540057e-05	100.0
-0.000258758261818	-0.00040334515669	-1.6634513808e-05	-0.0292636083899	-0.0334891412236	0.00561949033458	1.16445608936e-11	1.8093540057e-05	100.0
2.59515303195e-05	-0.000478167086211	-0.00091787894231	-0.00123520640929	-0.0604139494754	-0.11028325226	1.16445608936e-11	1.8093540057e-05	100.0
-0.000178026943762	-0.000498137298855	-0.000558562812833	-0.0263758409302	-0.05823422122	-0.060577325192	1.16445608936e-11	1.8093540057e-05	100.0
0.000191117638254	-0.00110062085991	0.000685488723604	0.0193749892946	-0.140689847729	0.0840617550774	1.1626355942e-11	1.8065252857e-05	100.0
0.00026401007596	-0.000252482860493	-0.000729122861907	0.026960029729	-0.030683301808	-0.0831947989878	1.1626355942e-11	1.8065252857e-05	100.0
0.000190803552888	-0.00175264375671	-8.11192655164e-05	0.019208659817	-0.225441183271	-0.00928601965674	1.1626355942e-11	1.8065252857e-05	100.0
-0.000243010996894	-0.000660521764131	0.000500882017099	-0.0346763854648	-0.0789151732128	0.0559118868338	1.16157598556e-11	1.8048788457e-05	100.0
-0.00012254928345	-0.000611922597993	0.00090402908823	-0.019887569949	-0.0769085604311	0.109370060643	1.16157598556e-11	1.8048788457e-05	100.0
0.000162152963912	-0.000410384454175	0.000838047483319	0.0155653792743	-0.0517507791942	0.098793416464	1.16157598556e-11	1.8048788457e-05	100.0
-0.000390340954238	-0.00158236033362	0.000540635307351	-0.0552848692943	-0.20370816561	0.0684148976573	1.16157598556e-11	1.8048788457e-05	100.0
7.5463511233e-05	0.000241529755109	0.000588303705402	0.00372911753668	0.0234094057655	0.0586137116234	1.16157598556e-11	1.8048788457e-05	100.0
-9.73658653017e-05	-0.00191723020133	0.000707194964039	-0.0171514737157	-0.249419320269	0.0909420540152	1.16157598556e-11	1.8048788457e-05	100.0
-8.68230036378e-05	-0.0019114809332	-2.05826945677e-05	-0.0157582874742	-0.247537111347	-0.00244479529333	1.16157598556e-11	1.8048788457e-05	100.0
-0.0003236333042	-0.0016072056795	-0.000111426989275	-0.046171118684	-0.205458974145	-0.0134861186316	1.16157598556e-11	1.8048788457e-05	100.0
-0.000229784204021	-0.00124348307085	-0.000803299283858	-0.0341132557707	-0.159572406845	-0.100308145078	1.16157598556e-11	1.8048788457e-05	100.0
-0.000271776144091	-0.000986363062385	-0.000734249508339	-0.0392851253641	-0.124688243769	-0.0900950445104	1.16157598556e-11	1.8048788457e-05	100.0
0.000264537883453	-0.000629424133695	0.000533678917056	0.0266790441426	-0.0767763000361	0.0604934235891	1.16125161556e-11	1.8043748334e-05	100.0
-0.000115793868318	-0.00125401817198	7.90925637708e-06	-0.0246407673362	-0.151957160796	-0.00407724304836	3.43460399201e-11	5.3367529679e-05	100.0
0.00038587770636	-0.00180710180449	-0.000231754430519	0.0448237145521	-0.233761473405	-0.0286554083638	1.16125161556e-11	1.8043748334e-05	100.0
-2.41468926309e-05	-0.00108866637298	-0.000315734009575	-0.00948464988301	-0.13663519832	-0.0336446873428	1.16125161556e-11	1.8043748334e-05	100.0
0.000252713928234	-0.00148629744133	0.000545405984993	0.0273908704303	-0.191543268796	0.0676365442628	1.15987719201e-11	1.802239228e-05	100.0
-3.69559465722e-05	-0.00172246679157	-0.000476143771998	-0.00948174202899	-0.222456070001	-0.0603228495859	1.15987719201e-11	1.802239228e-05	100.0
-0.000399619255677	-0.001420617025	0.000277038159173	-0.0554792136758	-0.180848208127	0.0329667012822	1.15869739046e-11	1.8004060299e-05	100.0
0.000191909562928	-6.71793456015e-06	0.000971581187619	0.0195998227355	-0.00234780533979	0.116070590025	1.15869739046e-11	1.8004060299e-05	100.0
-0.000137801235897	-0.00169095766862	0.000260814275728	-0.0225560046016	-0.217279903087	0.0321886208221	1.15869739046e-11	1.8004060299e-05	100.0
-0.000155803117076	-0.000878572008044	-0.000118235109532	-0.0207703261108	-0.109308287231	-0.0241587977691	1.15869739046e-11	1.8004060299e-05	100.0
-0.00027583504618	-0.00147416276233	-2.33628587663e-05	-0.0390129450386	-0.186479579526	-0.00421641213833	1.15869739046e-11	1.8004060299e-05	100.0
4.20077583517e-05	-0.00177284178197	2.98022642858e-05	0.00071200328413	-0.228104263425	0.00382246009088	1.15869739046e-11	1.8004060299e-05	100.0
-0.000139975439283	-0.000125247145379	-0.000781056126423	-0.0211196639751	-0.0159949492931	-0.0872468089465	1.15869739046e-11	1.8004060299e-05	100.0
0.000135976787248	-0.000990294056171	0.000362835128729	0.0106781003691	-0.123469104969	0.0408715239138	1.15851282644e-11	1.8001192508e-05	100.0
1.94742085343e-05	-0.000290821028136	0.000429675886008	-0.00444572411447	-0.0281221902704	0.0374637188746	1.15851282644e-11	1.8001192508e-05	100.0
0.000109161709693	-0.00159799457433	-6.01342017624e-05	0.008434480996	-0.20374057157	-0.00688739092505	1.15851282644e-11	1.8001192508e-05	100.0
0.000217548427178	-0.0017603680815	-0.000367583651463	0.0228408079611	-0.227260339324	-0.0460262850504	1.15851282644e-11	1.8001192508e-05	100.0
-0.000325008224987	-0.000336130388693	0.000620926007659	-0.0433159427746	-0.0387602109464	0.0677441638163	1.15725809291e-11	1.798169622e-05	100.0
-0.000404973172262	-0.00178825753701	9.14076151687e-05	-0.0571076502814	-0.230827326624	0.0117270529017	1.15725809291e-11	1.798169622e-05	100.0
-5.0954762917e-05	-0.00202662963972	-2.24600168196e-05	-0.0113111935231	-0.262798955224	-0.00290316335018	1.15725809291e-11	1.798169622e-05	100.0
-0.000374526378603	-0.000793979439107	-2.17850839076e-05	-0.046195694179	-0.0946810523964	-2.5683672532e-05	1.15725809291e-11	1.798169622e-05	100.0
-0.000172822599099	-0.000273486567774	-0.000664434002241	-0.0248894915781	-0.0325269811171	-0.0715404131937	1.15725809291e-11	1.798169622e-05	100.0
-0.000120948069737	-0.000647403138894	5.68239831257e-05	-0.0235546116102	-0.0730215586276	-0.00133399187722	1.15715801596e-11	1.7980141205e-05	100.0
0.000441535976468	-0.00115435784722	0.000711227098569	0.0519380897228	-0.14871052465	0.0883094739976	1.15715801596e-11	1.7980141205e-05	100.0
0.000233218570049	-0.000326768827145	0.000474239174034	0.0200333374715	-0.0359753322075	0.0475044994096	1.15715801596e-11	1.7980141205e-05	100.0
4.08709144782e-05	-0.00164342792039	0.000171783070493	-0.000561364420273	-0.210140692161	0.0207226528129	1.15715801596e-11	1.7980141205e-05	100.0
-0.000238337684308	-0.000764187456647	4.61880886825e-06	-0.0315026402033	-0.0916818893053	-0.000487404189333	1.15715801596e-11	1.7980141205e-05	100.0
7.29984015541e-05	-0.00151648792545	-5.64551248509e-05	0.00270107966552	-0.19275882298	-0.00561777459632	1.15715801596e-11	1.7980141205e-05	100.0
0.000386093498682	-0.00169299382528	-0.000691001785161	0.0452576733199	-0.219384177448	-0.0879776930648	1.15715801596e-11	1.7980141205e-05	100.0
-0.000120159372054	-0.000955435555541	-0.000160697952093	-0.0228206148857	-0.118843687203	-0.0106460577349	1.15715801596e-11	1.7980141205e-05	100.0
-5.00064393985e-05	-0.00118614100816	-0.000223206634037	-0.0134490084996	-0.14829278061	-0.0218624340782	1.15715801596e-11	1.7980141205e-05	100.0
-0.00028635149583	-0.00182554007876	0.000251545900546	-0.0417692235816	-0.236147217497	0.031374608102	1.15581929825e-11	1.7959339955e-05	100.0
-0.000394493998209	-0.00145290514305	0.000207927272624	-0.0547448552753	-0.184656815084	0.0248804926925	1.15581929825e-11	1.7959339955e-05	100.0
0.000173615001099	-0.00147390873378	0.000626364723766	0.0174976755936	-0.190018943349	0.0782859646979	1.15447555155e-11	1.7938460564e-05	100.0
6.19038247849e-05	-0.00133209109453	0.000818302076475	0.00369471958967	-0.171875820679	0.103663806674	1.15447555155e-11	1.7938460564e-05	100.0
0.000401380878511	-0.00213401795036	-1.61920623433e-05	0.0475119135771	-0.27749544562	-0.00235125421296	1.15447555155e-11	1.7938460564e-05	100.0
-1.61261597669e-05	-0.00171966163179	-8.6173423443e-05	-0.00712679081571	-0.220517582148	-0.010596094736	1.15447555155e-11	1.7938460564e-05	100.0
-0.000319609291164	-0.00154225065431	-0.000850423915158	-0.046043003866	-0.199587695624	-0.108647115912	1.1543805036e-11	1.793698369e-05	100.0
-0.000213194922874	-0.000792037784399	-0.000638485815026	-0.0313866491997	-0.0983018873842	-0.0750405010324	1.1543805036e-11	1.793698369e-05	100.0
9.78241842917e-06	-0.000964769645147	0.000214463854277	-0.00661572616251	-0.119813548748	0.0201654469332	1.15314789763e-11	1.7917831224e-05	100.0
0.000182906114967	-0.000648299131553	-0.000298477444973	0.0150727675863	-0.0761982111194	-0.0299768392686	1.15314789763e-11	1.7917831224e-05	100.0
-0.00012119977346	-0.00123592605098	-1.16854726763e-05	-0.0236126598596	-0.149279633059	0.00296063790705	2.29850689223e-11	3.5714636993e-05	100.0
0.000152011815406	-0.00149347028146	-0.000445434979971	0.0141834399561	-0.192233784386	-0.0540822025725	1.15314789763e-11	1.7917831224e-05	100.0
-6.42389838801e-06	-0.00129883508502	0.00109321905328	-0.00522822472875	-0.168007117215	0.139586935236	1.15294221185e-11	1.791463524e-05	100.0
-6.97676325215e-05	-0.00199277253028	0.000158729439937	-0.013566865361	-0.258422507023	0.020485937507	1.15294221185e-11	1.791463524e-05	100.0
-0.000533214071114	-0.00159630121961	-5.03535938069e-05	-0.0733523980165	-0.204701167351	-0.00672636574511	1.15294221185e-11	1.791463524e-05	100.0
-0.000422397517634	-0.00182021633607	-8.12102927612e-05	-0.0595131922534	-0.234688135152	-0.01046944578	1.15294221185e-11	1.791463524e-05	100.0
-0.000203020633395	-6.95527928861e-05	0.00055287353334	-0.0262879289145	-0.00849112667623	0.0516798129144	1.15006562835e-11	1.7869938339e-05	100.0
-6.27099975488e-05	-0.00148547977341	0.000537734098758	-0.0126785678241	-0.190878770524	0.0672231696841	1.15006562835e-11	1.7869938339e-05	100.0
-0.000226913012833	-0.000858785678759	-8.4437350511e-06	-0.0289782246521	-0.107189916369	-0.00774873223179	1.15006562835e-11	1.7869938339e-05	100.0
-0.000109664297147	-0.00187740049057	-0.000815968687447	-0.0187780895701	-0.244420430884	-0.104680110334	1.15006562835e-11	1.7869938339e-05	100.0
-0.000432387354749	-0.00129373391476	-0.000661256227078	-0.0604047391204	-0.165573042613	-0.0826245406979	1.15006562835e-11	1.7869938339e-05	100.0
-0.000135841643627	-0.000728145475402	-0.000785350452786	-0.0216901252273	-0.0907769229392	-0.0944540031173	1.15006562835e-11	1.7869938339e-05	100.0
-0.000251714209031	-0.000877666438671	-0.000684116626467	-0.0362674708348	-0.110219936944	-0.0821460950718	1.15006562835e-11	1.7869938339e-05	100.0
0.000167199580375	-0.00047610173751	0.000248141138295	0.0111078796207	-0.0506771412105	0.0204853117488	1.14921673447e-11	1.7856748064e-05	100.0
7.07931475792e-05	-0.00181990070511	0.000664676544089	0.00464207288247	-0.236374117813	0.084618256517	1.14921673447e-11	1.7856748064e-05	100.0
8.56651699321e-05	-0.00221239024039	0.000274988163505	0.00671021373797	-0.288186688979	0.0355974289226	1.14921673447e-11	1.7856748064e-05	100.0
0.000217797541051	-0.000553491897616	-0.000795558998154	0.0222641582156	-0.0693321264233	-0.0949186155783	1.14921673447e-11	1.7856748064e-05	100.0
-0.000220841724841	-0.000824743532797	2.45233558568e-05	-0.034896864423	-0.102778448978	0.00985464032127	1.14921673447e-11	1.7856748064e-05	100.0
-7.19505669207e-05	-0.0012998519868	-5.93902533273e-05	-0.0174860692817	-0.16089507729	-0.00250056923403	1.14921673447e-11	1.7856748064e-05	100.0
-0.000217017704143	-0.000582443782437	0.000623476327942	-0.0312180484965	-0.0704189554521	0.0707188938928	1.14862783949e-11	1.7847597702e-05	100.0
-0.000103851342631	-0.00092763027462	0.000791499423594	-0.0178815101071	-0.117366062073	0.0970736236796	1.14862783949e-11	1.7847597702e-05	100.0
-0.000308239745775	-0.00202244383482	0.00045246134889	-0.0449094388484	-0.262394248253	0.0582203041158	1.14862783949e-11	1.7847597702e-05	100.0
-0.000154291984685	-0.000431066089465	-0.000185903401866	-0.0222060204546	-0.039475563611	-0.0106888007419	1.14862783949e-11	1.7847597702e-05	100.0
-0.000210698974788	-0.00122091510778	-0.00102725338984	-0.0316613021594	-0.157296440622	-0.129986594408	1.14862783949e-11	1.7847597702e-05	100.0
-0.000384257785669	-0.000897668431052	-0.000538533021787	-0.0527852054089	-0.11160549991	-0.0635521949858	1.14862783949e-11	1.7847597702e-05	100.0
0.000253400047231	-0.000594516864297	0.0013652236488	0.0288633558062	-0.0775922102706	0.172761941193	1.14719005064e-11	1.7825257066e-05	100.0
5.5695098947e-05	-0.0015382742056	0.00039365910287	0.0022710639461	-0.196940304343	0.0489533570833	1.14719005064e-11	1.7825257066e-05	100.0
-0.00042467197748	-0.0011768773497	0.000125257344508	-0.0553194337854	-0.145973839122	0.0128680971049	1.14719005064e-11	1.7825257066e-05	100.0
8.71807616845e-05	-0.00198476045642	-0.000543588138952	0.00685749184203	-0.25825756596	-0.0695554200486	1.14719005064e-11	1.7825257066e-05	100.0
-0.000486104953591	-0.00102842759954	-0.000195471843083	-0.0638430375285	-0.127569732725	-0.0205616906753	1.14719005064e-11	1.7825257066e-05	100.0
-0.00011457463671	-0.000493139527132	-0.000746552532649	-0.0188737476648	-0.0600739330057	-0.0864148369564	1.14719005064e-11	1.7825257066e-05	100.0
0.00016190812623	-0.00131789166923	0.000540621996808	0.0153580815471	-0.168750894768	0.0660805701533	1.14663686151e-11	1.7816661508e-05	100.0
-0.00012533424208	-0.0012397738109	-4.20665532314e-06	-0.0258671639279	-0.149851776317	-0.00624155134128	1.14663686151e-11	1.7816661508e-05	100.0
0.000342274229549	-0.00181261041278	0.000889802073366	0.0399253406195	-0.235806458229	0.11408155818	1.14663686151e-11	1.7816661508e-05	100.0
0.000360209237209	-0.00202938326281	0.000261722239299	0.0419797057111	-0.263324858591	0.0339636898725	1.14663686151e-11	1.7816661508e-05	100.0
0.00014149773345	-0.000451527740776	-0.000627655724347	0.0115838987053	-0.0531227840042	-0.0704766129934	1.14663686151e-11	1.7816661508e-05	100.0
0.000358700030956	-0.00188764051426	-0.000833862272947	0.0424244344225	-0.245991955688	-0.107166436655	1.14663686151e-11	1.7816661508e-05	100.0
3.84846086964e-05	-0.000518834775474	0.000260128419856	-0.00331665686526	-0.0556379043011	0.0218936135893	1.1453589946e-11	1.7796805769e-05	100.0
0.000356593032858	-0.00110734846328	0.000517487598939	0.0399271583307	-0.14103436109	0.0624680332221	1.1453589946e-11	1.7796805769e-05	100.0
0.000336257602622	-0.00200289764084	0.000357702975488	0.0390415006226	-0.260199356728	0.0450780838931	1.1453589946e-11	1.7796805769e-05	100.0
-0.000267652050926	-0.000394595609682	0.00012989903508	-0.032161873905	-0.0343859916114	0.00525456433561	1.1453589946e-11	1.7796805769e-05	100.0
0.000220323385325	-0.00181681246784	0.000171914131228	0.023252092479	-0.234260234425	0.0214791022192	1.1453589946e-11	1.7796805769e-05	100.0
-0.000291882127257	-0.000306222107679	0.00012644831035	-0.035328252307	-0.0188410374713	0.0179234900355	1.1453589946e-11	1.7796805769e-05	100.0
1.93035028626e-05	-0.0015092166987	-5.83561139865e-05	-0.00414038360651	-0.191174538436	-0.00609003911927	1.1453589946e-11	1.7796805769e-05	100.0
0.000340602726453	-0.00158292915108	-0.000694189096302	0.0392464218394	-0.20478606356	-0.0876164923898	1.1453589946e-11	1.7796805769e-05	100.0
-0.000193073463024	-0.000728794666126	-3.02270349915e-05	-0.0301959727752	-0.0860245792917	0.00553265742426	1.1453589946e-11	1.7796805769e-05	100.0
-1.32974073915e-05	-0.001232844363	-0.000139628115549	-0.0102253739439	-0.153678373189	-0.0118492519062	1.1453589946e-11	1.7796805769e-05	100.0
0.000194394661488	-7.59713630202e-05	0.000908863748821	0.0196510541746	-0.0104383277933	0.107760323135	1.14431447294e-11	1.7780575793e-05	100.0
-0.000239231106128	-0.000670175717548	-0.000125607188926	-0.0326929970903	-0.0761068808052	-0.00789005911791	1.14431447294e-11	1.7780575793e-05	100.0
0.000118471359987	-0.00188412876374	-0.000882814463415	0.0110308110218	-0.245428291485	-0.113176580026	1.14431447294e-11	1.7780575793e-05	100.0
-0.000445060081594	-0.000725941878931	-0.000338999369461	-0.0590437780216	-0.0866984178469	-0.0371487255048	1.14431447294e-11	1.7780575793e-05	100.0
0.000114449818723	-0.000336851504886	-0.000580539179138	0.0081082399918	-0.0376451064328	-0.0618222044082	1.14431447294e-11	1.7780575793e-05	100.0
0.00021730795913	-0.00132106202913	-0.000804667712426	0.0235225320554	-0.170489111834	-0.100801157838	1.14431447294e-11	1.7780575793e-05	100.0
0.000329402051322	-0.00154713123106	0.000513611595282	0.0374094322307	-0.199480850743	0.0639778169303	1.14408917409e-11	1.7777075056e-05	100.0
-0.000105156359635	-0.00127759300982	1.99548413853e-05	-0.0228684159891	-0.155494020128	0.00249943671765	1.14408917409e-11	1.7777075056e-05	100.0
-0.000242780581435	-0.0012957907183	-0.000510374600753	-0.0357100213717	-0.165284172392	-0.0620006682877	1.14408917409e-11	1.7777075056e-05	100.0
0.000387597988031	-0.00064553032463	0.000772029409373	0.0438399062111	-0.0814548316044	0.0933278106132	1.14157115772e-11	1.7737949639e-05	100.0
0.000100458461285	-0.000232827000652	0.000639778269431	0.00607340934694	-0.0266698151039	0.0680811261798	1.14157115772e-11	1.7737949639e-05	100.0
-1.44013371201e-05	-0.00112559625917	0.000188418172398	-0.0102666812502	-0.140692516364	0.0173438225043	1.14157115772e-11	1.7737949639e-05	100.0
-0.000284003936715	-0.000618558573494	-7.13917702506e-06	-0.0372967715446	-0.0660000177127	-0.000239253758974	1.14157115772e-11	1.7737949639e-05	100.0
0.000268936997484	-0.00156622943838	0.000142133226178	0.0285632483023	-0.200448218786	0.0168720676224	1.14157115772e-11	1.7737949639e-05	100.0
-6.35483818347e-05	-0.0013653122153	2.18409443872e-05	-0.016315430782	-0.169128171527	0.00138652405922	1.14157115772e-11	1.7737949639e-05	100.0
0.000327234634062	-0.000370538430464	-0.000552840701328	0.0331825528137	-0.0441509068584	-0.0603269837481	1.14157115772e-11	1.7737949639e-05	100.0
0.000418441741551	-0.00091444789909	-0.000967204262821	0.0494437149667	-0.117733799614	-0.121196162885	1.14157115772e-11	1.7737949639e-05	100.0
-0.00032472314994	-0.000518954232729	4.70481243741e-05	-0.0468114321337	-0.0534234904031	0.00383671009121	1.14157115772e-11	1.7737949639e-05	100.0
0.00040304984101	-0.000700469407149	-0.000639277383752	0.0451263885756	-0.0880727436134	-0.0759837798719	1.14157115772e-11	1.7737949639e-05	100.0
0.000558393076192	-0.000941117198067	-0.000911674066695	0.0673669753973	-0.12132398308	-0.1141854973	1.14157115772e-11	1.7737949639e-05	100.0
0.000504054392259	-0.00181268581759	-0.000420995829401	0.0604625933826	-0.235079695861	-0.0533034368045	1.14157115772e-11	1.7737949639e-05	100.0
0.000611787960442	-0.00186169435926	-0.000619424751879	0.0750221776001	-0.242171875081	-0.0790637902146	1.14157115772e-11	1.7737949639e-05	100.0
7.343437173e-05	-0.000986248880012	-0.000208893927613	0.00118651016935	-0.122833544042	-0.0203008454437	1.14157115772e-11	1.7737949639e-05	100.0
2.93167295094e-05	-0.00105242450419	-0.000390779268358	-0.00276821110756	-0.132026691206	-0.0441010747903	1.14157115772e-11	1.7737949639e-05	100.0
-0.00039241741283	-0.000793933234974	0.000383009272197	-0.0527468995056	-0.0964460018905	0.0425621675877	1.14000261508e-11	1.7713577326e-05	100.0
-0.000287449057983	-0.00226068013026	0.000126330158976	-0.0422188604129	-0.29494459634	0.0158035262509	1.14000261508e-11	1.7713577326e-05	100.0
-0.000504695305526	-0.00136258952541	-2.43327404105e-05	-0.0677369390138	-0.172062840002	-0.00272247686748	1.14000261508e-11	1.7713577326e-05	100.0
-2.25188774375e-06	-0.00151962668162	-0.000830798865976	-0.00487136429785	-0.196353549084	-0.105580085651	1.14000261508e-11	1.7713577326e-05	100.0
0.000279002192389	-0.00113934388907	-0.000928483774134	0.0314482076956	-0.146976342044	-0.116605194402	1.14000261508e-11	1.7713577326e-05	100.0
3.65549436132e-05	-0.00145958416038	0.00125703666837	0.000600758597752	-0.190084677687	0.160991324829	1.13856532912e-11	1.7691244503e-05	100.0
-8.36772140902e-05	-0.000364252676278	0.00078627517183	-0.0150281294979	-0.044616728883	0.0902427033094	1.13712804317e-11	1.7668911681e-05	100.0
3.48649138066e-05	-0.00169514153345	0.00036895156364	-0.000392098991679	-0.217990508121	0.046345553834	1.13712804317e-11	1.7668911681e-05	100.0
-0.000306183218275	-0.000657642461805	-5.77534526726e-05	-0.0365934452954	-0.0730413191778	-0.00478658796262	1.13712804317e-11	1.7668911681e-05	100.0
-0.000305890068942	-0.00152641353437	-0.000357429785095	-0.0439623201809	-0.195420101112	-0.0442360523264	1.13712804317e-11	1.7668911681e-05	100.0
-1.65116031474e-05	-0.00194813855275	-0.000708521030039	-0.00669708415966	-0.25371329207	-0.0908762609307	1.13712804317e-11	1.7668911681e-05	100.0
-0.000509346841091	-0.000908165735076	-0.000366269825885	-0.0680621880096	-0.111889130428	-0.0422508547219	1.13712804317e-11	1.7668911681e-05	100.0
0.000301014231154	-0.000649231534169	-0.00108244467981	0.0340465737142	-0.083314355364	-0.135164246735	1.13712804317e-11	1.7668911681e-05	100.0
-0.000140018903651	-0.000844517601212	-0.00101259112153	-0.0221969727848	-0.107788303664	-0.126005818286	1.13712804317e-11	1.7668911681e-05	100.0
-0.000373450559086	-0.000593550691554	-0.000402671753175	-0.0498875140628	-0.0689149768361	-0.0428090627562	1.13712804317e-11	1.7668911681e-05	100.0
-0.00034683737671	-0.000749373142114	0.000674977136489	-0.0481693948439	-0.0924001249883	0.0811138899542	1.13569126011e-11	1.7646586673e-05	100.0
-0.000241479671074	-0.000261376029632	0.000578226021876	-0.0324168138293	-0.0291893936147	0.0591650135264	1.13569126011e-11	1.7646586673e-05	100.0
-0.000335316738803	-0.000906193114953	0.000794709793085	-0.0471448491075	-0.11454942321	0.0973284939091	1.13569126011e-11	1.7646586673e-05	100.0
0.000114765163071	-0.000627489787286	0.00105133966068	0.0102014568444	-0.0802275649062	0.130436127096	1.13569126011e-11	1.7646586673e-05	100.0
0.000285719105412	-0.000247794987305	0.00080842920547	0.0304440182587	-0.0314046918817	0.0944030652362	1.13569126011e-11	1.7646586673e-05	100.0
0.000281476757677	-0.00199741363658	-3.76098718269e-05	0.0320582708151	-0.259063566018	-0.00483600967897	1.13569126011e-11	1.7646586673e-05	100.0
2.38438100503e-06	-0.00186242932554	0.000294294308141	-0.00428655711653	-0.24068004561	0.0374366096242	1.13569126011e-11	1.7646586673e-05	100.0
0.00037229718513	-0.00166401174579	-0.00123559254524	0.0444257062348	-0.217172933053	-0.159349815093	1.13569126011e-11	1.7646586673e-05	100.0
-7.65678498858e-05	-1.95365949918e-05	-0.000710859458242	-0.0132742618747	-0.00426140067117	-0.0758341595821	1.13569126011e-11	1.7646586673e-05	100.0
-8.94792890324e-05	-0.00166540529818	0.000952719816085	-0.0160683235703	-0.216040042688	0.121523294643	1.13425397416e-11	1.762425385e-05	100.0
-5.46701518373e-05	-0.000756348121204	0.000127394766422	-0.0152955693734	-0.0900136262027	0.00798596568519	1.13418859726e-11	1.7623238012e-05	100.0
0.000298368755793	-0.00087004000833	0.000558540529361	0.0318059250403	-0.109375067921	0.0661592047648	1.13418859726e-11	1.7623238012e-05	100.0
0.000121256004221	-0.00221605752434	0.00060136577103	0.0112444118948	-0.288940233715	0.077056460039	1.13418859726e-11	1.7623238012e-05	100.0
0.000353187493604	-0.0021268565497	0.000264394622122	0.041224904786	-0.27629252418	0.0337131098053	1.13418859726e-11	1.7623238012e-05	100.0
-0.000311375373346	-0.000520490177284	9.78873185392e-05	-0.0418324123236	-0.0564219538974	0.0126112827795	1.13418859726e-11	1.7623238012e-05	100.0
0.000407163084147	-0.000518375314409	-0.000716084522786	0.0456486812095	-0.0648864430557	-0.0849448041152	1.13418859726e-11	1.7623238012e-05	100.0
0.00055814536028	-0.00145317304914	-0.00110149150265	0.0684870240579	-0.189548018179	-0.1406374901	1.13418859726e-11	1.7623238012e-05	100.0
0.00019740321223	-0.00164855961242	-0.000112717113272	0.0193065568219	-0.21154195095	-0.0129898544926	1.13418859726e-11	1.7623238012e-05	100.0
0.000412439415764	-0.0019142745116	-0.00095181753867	0.0493543757244	-0.249563856204	-0.122161192101	1.13418859726e-11	1.7623238012e-05	100.0
-4.07716355725e-05	-0.000810320229845	-0.000120538534269	-0.0138523118397	-0.0981789754701	-0.00742551973514	1.13418859726e-11	1.7623238012e-05	100.0
0.000246823527255	-0.00130454937277	-0.000531205519224	0.0262170588934	-0.167316405986	-0.0648023309972	1.13418859726e-11	1.7623238012e-05	100.0
-5.6359055281e-05	-0.000335096648805	0.00104940985962	-0.0112259739051	-0.0432198586184	0.127468855608	1.13281668821e-11	1.7601921028e-05	100.0
-5.09210367056e-05	-0.00104057470799	0.00100198944483	-0.0109877827197	-0.13366911512	0.125306171426	1.13281668821e-11	1.7601921028e-05	100.0
-0.000270708777909	-0.00146431559764	0.000861104100728	-0.0395854831178	-0.189234516768	0.108735260742	1.13281668821e-11	1.7601921028e-05	100.0
9.22361425295e-06	-0.00166864110453	0.000592600346945	-0.0034051864717	-0.215769134842	0.0748168495696	1.13281668821e-11	1.7601921028e-05	100.0
-0.000293926695776	-0.000677097413192	-4.59768342211e-05	-0.034603813504	-0.07603199193	-0.00700186382511	1.13281668821e-11	1.7601921028e-05	100.0
0.000138591291433	-0.00139636702115	0.000932284330167	0.0135049440282	-0.180759405444	0.118022538538	1.13281668821e-11	1.7601921028e-05	100.0
0.000392095100916	-0.00186128425256	0.000531919529534	0.0464125342367	-0.242047340894	0.0672322642023	1.13281668821e-11	1.7601921028e-05	100.0
-0.000291742564568	-0.00111321846796	0.00035081024055	-0.0411248274539	-0.139602941754	0.0397759200856	1.13281668821e-11	1.7601921028e-05	100.0
-2.54583388118e-05	-0.00216084515018	-0.000142969976765	-0.00800555237071	-0.2806944105	-0.0183427967505	1.13281668821e-11	1.7601921028e-05	100.0
-0.000370642672155	-0.000891388230768	-7.57165110974e-05	-0.0461077961403	-0.109195065053	-0.00453856245704	1.13281668821e-11	1.7601921028e-05	100.0
-0.000125004898516	-0.000428562457474	-0.000973463603249	-0.0198875934337	-0.0544021111528	-0.117218287404	1.13281668821e-11	1.7601921028e-05	100.0
-0.000281750525805	-0.000711592012987	-1.35345840882e-05	-0.0373907482415	-0.0844957667293	-0.000564039331925	1.13178121873e-11	1.7585831706e-05	100.0
0.000452021389453	-0.00221368606625	0.000595176433584	0.0545980578244	-0.288961571285	0.0761402180665	1.13178121873e-11	1.7585831706e-05	100.0
0.000204476884864	-0.00166004788148	7.02998854448e-05	0.0203640124734	-0.21269550104	0.00851300660077	1.13178121873e-11	1.7585831706e-05	100.0
-0.000313797539011	-0.00179774079325	0.000262614782718	-0.045111474747	-0.231952635555	0.0321832353641	1.1299426192e-11	1.7557263197e-05	100.0
-0.000546226223092	-0.00107168264642	2.99150182263e-05	-0.0709204268818	-0.133009763879	0.00266498575865	1.1299426192e-11	1.7557263197e-05	100.0
0.000175080511056	-0.00116396728968	0.00121707917578	0.0184166139553	-0.150936186209	0.155374755142	1.12939848225e-11	1.7548808294e-05	100.0
-0.000144963106129	-0.00195496439803	-0.000249634799809	-0.02375805993	-0.25253873517	-0.0316921855455	1.12939848225e-11	1.7548808294e-05	100.0
0.000484345311066	-0.00141668185535	0.000574491338472	0.0575621230305	-0.182688861833	0.071561826323	1.1282166691e-11	1.7530445057e-05	100.0
-3.1201683882e-05	-0.00144469087861	1.08137862346e-05	-0.0113170637009	-0.181260924236	0.00174792150153	1.1282166691e-11	1.7530445057e-05	100.0
-5.89353994729e-05	-0.000712220488644	-0.00105567198965	-0.0120279024018	-0.0907459222928	-0.131667536797	1.1282166691e-11	1.7530445057e-05	100.0
-7.89207098521e-06	-0.00125215217679	-0.000133512305874	-0.00994496056516	-0.156718760584	-0.0121791589743	1.1282166691e-11	1.7530445057e-05	100.0
-0.000514028864363	-0.00136049930622	0.000414506867249	-0.0704585923859	-0.173638843229	0.0508899388543	1.12706855019e-11	1.7512605367e-05	100.0
-0.000209960720851	-0.00162018194668	0.000840702094833	-0.0317092595389	-0.210339692435	0.107710194433	1.12706855019e-11	1.7512605367e-05	100.0
-0.00047629033371	-0.00219590311315	-0.000256462817582	-0.0669902124653	-0.286394424855	-0.0330503172278	1.12706855019e-11	1.7512605367e-05	100.0
-0.000424149288904	-0.00134083666085	-3.32028618312e-05	-0.0570852928988	-0.168072276455	-0.00245226577826	1.12706855019e-11	1.7512605367e-05	100.0
-0.000118299714523	-0.00166254001348	-0.00102017643637	-0.0197779838312	-0.21611288759	-0.130251070415	1.12706855019e-11	1.7512605367e-05	100.0
-0.00033615878536	-0.00054808583962	-0.000221478646039	-0.0428701620105	-0.0595462760288	-0.018886926726	1.12706855019e-11	1.7512605367e-05	100.0
-0.000288937933065	-0.000426516398137	-6.44428344213e-05	-0.0349152993511	-0.0393633492976	-0.00815772422807	1.12704038784e-11	1.7512167775e-05	100.0
-0.000281310631001	-0.000728713866113	-8.20411538117e-05	-0.0415906964942	-0.0861689859644	-0.0139726952458	1.12704038784e-11	1.7512167775e-05	100.0
0.000390521364192	-0.000410488224121	0.000806835508923	0.0436904014459	-0.0517881470116	0.0961928831561	1.12704038784e-11	1.7512167775e-05	100.0
0.000284727389967	-0.00032814194233	0.000564021472419	0.0273895092689	-0.0390106136409	0.0604759107728	1.12704038784e-11	1.7512167775e-05	100.0
0.000368341083868	-0.00134008693828	0.000582295924437	0.0422829325941	-0.172540253474	0.0719325544699	1.12704038784e-11	1.7512167775e-05	100.0
0.000322045670193	-0.000803658895728	0.00128285814712	0.0373321238153	-0.104161428265	0.162459688841	1.12704038784e-11	1.7512167775e-05	100.0
0.000352943842482	-0.000684271451933	0.00112491171708	0.0411323544031	-0.0885732462715	0.141013527473	1.12704038784e-11	1.7512167775e-05	100.0
0.000196240917585	-0.00137268453828	-0.000988708005387	0.0208861873935	-0.178152871734	-0.125119463482	1.12704038784e-11	1.7512167775e-05	100.0
0.000247165540345	-0.00226325298519	-0.000431633600792	0.0276202583129	-0.294778494425	-0.0554546739427	1.12704038784e-11	1.7512167775e-05	100.0
0.000160739674786	-0.00213540713097	-0.000435708104514	0.0162939777314	-0.277756728536	-0.0554013347381	1.12704038784e-11	1.7512167775e-05	100.0
-0.000122494050559	-0.000676866934711	-4.62771752593e-07	-0.0243944434315	-0.077529478074	0.00702673983208	1.12704038784e-11	1.7512167775e-05	100.0
0.000139846155324	-0.00142903694397	-0.000234439602154	0.0112049731053	-0.181885529631	-0.0272597423811	1.12704038784e-11	1.7512167775e-05	100.0
0.000298003050982	-0.00142043756001	-0.000380438229987	0.0324366410154	-0.181876157068	-0.046199296834	1.12704038784e-11	1.7512167775e-05	100.0
0.000336219955583	-0.00162791519786	0.000890877606789	0.0391749822982	-0.21134082837	0.113262577754	1.12587014136e-11	1.7493984263e-05	100.0
-3.40149589489e-05	-0.00256921793948	-8.19799274723e-05	-0.00900082586871	-0.335484767034	-0.0105431608229	1.12587014136e-11	1.7493984263e-05	100.0
-7.63449689395e-05	-0.00205563201743	-0.000425967459322	-0.0146521957461	-0.267170779685	-0.0541212900142	1.12587014136e-11	1.7493984263e-05	100.0
0.000431903128919	-0.00122784563143	0.00114665131928	0.0516273021699	-0.159508783901	0.146042489588	1.12470542679e-11	1.7475886706e-05	100.0
0.000408501434553	-0.000858444936877	0.0010711773566	0.0482845375261	-0.110836698183	0.1345697165	1.12470542679e-11	1.7475886706e-05	100.0
0.000279891682783	-0.00232985145216	-0.000271130712103	0.0319501530971	-0.303568147337	-0.0346977789909	1.12470542679e-11	1.7475886706e-05	100.0
-0.000130822574756	-0.00215627617025	-0.000304796317238	-0.0219296964936	-0.280205653577	-0.0387431601915	1.12470542679e-11	1.7475886706e-05	100.0
0.000147015854565	-0.00199249838467	-0.000612553152008	0.0146175547241	-0.259308730335	-0.0782229935189	1.12419397828e-11	1.7467939722e-05	100.0
0.000554195397909	-0.00103980170488	-0.00129470058246	0.067873483575	-0.135616439429	-0.165150056153	1.12419397828e-11	1.7467939722e-05	100.0
1.29483025382e-05	-0.00209930878762	0.000525656290561	-0.00276380497369	-0.273424547921	0.0673132076572	1.1235462441e-11	1.7457875105e-05	100.0
-0.000360235385322	-0.000513210885267	0.000417530847088	-0.0472747394354	-0.0579010616535	0.0434534854837	1.12275669233e-11	1.74456069e-05	100.0
-0.000321972184508	-0.000444642993184	9.37367400243e-05	-0.0377511819453	-0.0426453242333	0.00283849493026	1.12275669233e-11	1.74456069e-05	100.0
-0.00026404572622	-0.000796478791727	0.000910888916883	-0.0379660975803	-0.101023455078	0.111575771877	1.12275669233e-11	1.74456069e-05	100.0
-0.000428010475138	-0.00147471925782	0.000457412761638	-0.0595268940944	-0.189186602717	0.0565356780007	1.12275669233e-11	1.74456069e-05	100.0
-0.000382145607839	-0.000952422585985	0.000130108947687	-0.0484502972862	-0.117231342519	0.0104839842749	1.12275669233e-11	1.74456069e-05	100.0
0.000130572620944	-0.00185977851294	0.000929041316094	0.0126190362694	-0.242302086454	0.119317797501	1.12275669233e-11	1.74456069e-05	100.0
0.000345954559452	-0.00149737035488	0.000386833582672	0.0389809282391	-0.192494613468	0.0474148529645	1.1223925933e-11	1.743994946e-05	100.0
-8.22677737017e-05	-0.00134346325733	3.47500927993e-05	-0.0186183202066	-0.165430926762	0.00361025802453	1.1223925933e-11	1.743994946e-05	100.0
-0.000464635705955	-0.00129476236375	4.51912659536e-05	-0.0618937340659	-0.162393045296	0.00579438404903	1.12131890348e-11	1.7423266263e-05	100.0
0.000174483889181	-0.00211754769334	-0.000357645926387	0.0180558174424	-0.275390717857	-0.0454640208373	1.12131890348e-11	1.7423266263e-05	100.0
-0.000436089610686	-0.000891839195877	-0.000222764428872	-0.0570928332	-0.108976097312	-0.0231186594426	1.12131890348e-11	1.7423266263e-05	100.0
0.000306579679005	-0.000357687108129	-0.000707247412045	0.0322666049442	-0.0443904740075	-0.0810282281373	1.12131890348e-11	1.7423266263e-05	100.0
-3.01363753555e-05	-0.000910247910902	-0.00123296703059	-0.00810554319728	-0.117964416978	-0.155490594124	1.12131890348e-11	1.7423266263e-05	100.0
-0.000261410828329	-0.000876483800113	-8.94134539242e-05	-0.0375911306545	-0.112310168111	-0.0140166034085	1.12010188738e-11	1.7404356036e-05	100.0
-9.94566704952e-05	-0.000896085957927	3.87141438732e-05	-0.0236317051659	-0.111786608315	-0.00267743580909	1.12010188738e-11	1.7404356036e-05	100.0
0.000564589088968	-0.000721879891971	0.000751833689168	0.0668193227788	-0.0922460384594	0.0918683787632	1.12010188738e-11	1.7404356036e-05	100.0
0.000220253242207	-5.1366751309e-05	0.000603153744206	0.0192324772769	-0.00722711117307	0.0616670073458	1.12010188738e-11	1.7404356036e-05	100.0
0.000536298022897	-0.00108938160535	0.000532296808707	0.0635883032594	-0.139526432631	0.0645282025934	1.12010188738e-11	1.7404356036e-05	100.0
0.00039799278353	-0.00153304382667	0.00112830155991	0.0474830004644	-0.199902109944	0.144027605431	1.12010188738e-11	1.7404356036e-05	100.0
7.21707300811e-05	-2.04971346033e-05	0.000812262746799	0.00403132401087	-0.00364656195407	0.0922121319918	1.12010188738e-11	1.7404356036e-05	100.0
-0.000271917717897	-0.000634858884078	-5.28172814735e-06	-0.035447758458	-0.0690281587158	-0.000432318280002	1.12010188738e-11	1.7404356036e-05	100.0
0.000165164334822	-0.00153687679821	0.000160801076248	0.0147744586168	-0.196105160093	0.0188415522883	1.12010188738e-11	1.7404356036e-05	100.0
4.31129657456e-05	-0.00223270825057	0.000344220802068	0.000932841660201	-0.290644858254	0.0436368676155	1.12010188738e-11	1.7404356036e-05	100.0
-0.000204330013382	-0.00107724572526	0.000256769836511	-0.0302468132672	-0.133679544711	0.0259598434378	1.12010188738e-11	1.7404356036e-05	100.0
0.000258398083563	-0.00166368372073	-0.000145952075734	0.0273321682512	-0.213550833906	-0.0177014404985	1.12010188738e-11	1.7404356036e-05	100.0
0.000231333123099	-0.0020997387297	-0.000906211325573	0.0258774839807	-0.273963704174	-0.116590067505	1.12010188738e-11	1.7404356036e-05	100.0
0.000290650300272	-0.000372091222332	-0.000354839045627	0.025140520485	-0.0407074321395	-0.0334349317385	1.12010188738e-11	1.7404356036e-05	100.0
0.00059231150407	-0.00167087668347	-0.00125853658852	0.0731350045554	-0.218302203655	-0.161871660311	1.12010188738e-11	1.7404356036e-05	100.0
-0.000249048197469	-0.000598185701971	3.14258332188e-05	-0.038703852068	-0.063762181182	0.0100015542382	1.12010188738e-11	1.7404356036e-05	100.0
2.50533456871e-05	-0.00049467265364	-5.01608528276e-05	-0.00728841102788	-0.0481223330697	0.00192886875244	1.12010188738e-11	1.7404356036e-05	100.0
0.000618553490066	-0.00113190370884	-0.000778218489977	0.0750198211804	-0.146428628357	-0.0971322760183	1.12010188738e-11	1.7404356036e-05	100.0
0.000538999292027	-0.00178938515881	-0.000737129371789	0.0656552219628	-0.232796580431	-0.0937311720869	1.12010188738e-11	1.7404356036e-05	100.0
-0.000200338521155	-0.0018553284962	-0.000284142114404	-0.0307479361282	-0.240016749407	-0.0354689747188	1.11988161753e-11	1.7400933441e-05	100.0
-0.000303242655057	-0.000373448353687	-0.000422949470156	-0.0389991227982	-0.0399625692467	-0.0402844870552	1.11988161753e-11	1.7400933441e-05	100.0
-0.000372484280079	-0.000640440178518	0.000603958006716	-0.050539054579	-0.0784765288468	0.0691438537069	1.11844382867e-11	1.7378592804e-05	100.0
-0.000343450141841	-0.00107273065752	0.000820926598055	-0.0484427295559	-0.136765353623	0.101594725489	1.11844382867e-11	1.7378592804e-05	100.0
0.000247779947867	-0.00209381580971	0.000624479579869	0.0279514422293	-0.272815550368	0.0801133410558	1.11844382867e-11	1.7378592804e-05	100.0
0.000136288101907	-0.00233973342002	0.000385481346848	0.0134163902339	-0.305344039296	0.0499782026465	1.11844382867e-11	1.7378592804e-05	100.0
-0.000413660163527	-0.000866672448099	-8.62383075082e-05	-0.0517303397617	-0.104825900622	-0.00831911434284	1.11844382867e-11	1.7378592804e-05	100.0
8.13484527156e-05	-0.00219981406413	1.97915844848e-05	0.00591220850482	-0.286108147609	0.00255475006247	1.11844382867e-11	1.7378592804e-05	100.0
0.000127334210306	-0.00212766950238	-0.000124080384194	0.0120622811927	-0.276726829166	-0.0156948548834	1.11844382867e-11	1.7378592804e-05	100.0
-0.000470425146359	-0.000675016862924	-2.71441009107e-05	-0.0587112342203	-0.0775285855164	-0.000614530746939	1.11844382867e-11	1.7378592804e-05	100.0
3.79333793071e-05	-0.000377791717747	-0.00107291193804	0.000724757542247	-0.0490379119558	-0.130956829057	1.11844382867e-11	1.7378592804e-05	100.0
-0.000306990796414	-0.000568828768229	-7.18253168292e-05	-0.0458185875236	-0.0625468510581	-0.0109683445032	1.11783180033e-11	1.7369082992e-05	100.0
2.13917363899e-05	-0.000565892897365	0.000117462697536	-0.00644818617953	-0.0605504154053	0.00601276391729	1.11783180033e-11	1.7369082992e-05	100.0
0.000187071002007	-0.00173071175538	0.00122801144248	0.0200977419049	-0.22576391943	0.157787115542	1.11783180033e-11	1.7369082992e-05	100.0
0.000154355496251	-0.00223273608539	-8.77715379006e-05	0.0154023874639	-0.290205744199	-0.0110363463209	1.11783180033e-11	1.7369082992e-05	100.0
0.000160928230117	-0.00215945974109	-0.000910927358072	0.0165272474555	-0.282048614112	-0.117915516707	1.11783180033e-11	1.7369082992e-05	100.0
-0.000133612212597	-0.000867387831811	4.68381685997e-06	-0.0282373475917	-0.10828778796	0.00710902255239	1.11783180033e-11	1.7369082992e-05	100.0
0.000146236215065	-0.00104913088345	-0.000258020480468	0.0109423406425	-0.131678442217	-0.0274465055097	1.11783180033e-11	1.7369082992e-05	100.0
0.00021393416256	-0.000988849142222	-0.000356216108034	0.0202010670548	-0.123613364773	-0.0403228330344	1.11783180033e-11	1.7369082992e-05	100.0
1.15597717595e-06	-0.00125916662977	-0.000148840478944	-0.00845946991458	-0.157306389469	-0.0136609502512	1.11783180033e-11	1.7369082992e-05	100.0
4.88781596141e-05	-0.00119520249569	0.00146773175609	0.00236253045758	-0.156027089068	0.187881285057	1.11700603982e-11	1.7356252168e-05	100.0
-0.000212030374327	-0.00210656438902	-0.000293281905208	-0.0322319398789	-0.274290945444	-0.0378183139267	1.11700603982e-11	1.7356252168e-05	100.0
0.000202004465395	-0.000849189547856	-0.00153234512421	0.0222911542758	-0.111114351097	-0.195758526958	1.11700603982e-11	1.7356252168e-05	100.0
4.1691569493e-05	-0.000791074138932	0.000162989981414	-0.00343909340899	-0.0950283525557	0.0135792998409	1.11670430029e-11	1.7351563682e-05	100.0
0.000375858527143	-0.00187243919442	0.000505715465026	0.0439741614784	-0.24272409882	0.0642574997773	1.11670430029e-11	1.7351563682e-05	100.0
0.000254530910499	-0.00165485314291	0.000208518713281	0.026990623795	-0.212361346717	0.0256991217944	1.11670430029e-11	1.7351563682e-05	100.0
0.000115883792683	-0.000235507013657	-0.000634535543312	0.00796479929405	-0.0280771954047	-0.0670162595005	1.11670430029e-11	1.7351563682e-05	100.0
0.000656076083963	-0.000891406600883	-0.000690315604405	0.0792224917042	-0.114803481817	-0.08480297491	1.11670430029e-11	1.7351563682e-05	100.0
0.000353613153867	-0.00132223026186	-0.00131199213085	0.0417242428884	-0.172302457595	-0.168154185073	1.11670430029e-11	1.7351563682e-05	100.0
0.000207936838007	-0.00181577120863	0.000875138015517	0.0224999413815	-0.236071216356	0.111527409801	1.11558182925e-11	1.7334122513e-05	100.0
0.000164010400845	-0.00221794075663	0.00011299970323	0.016644817833	-0.288293362655	0.0147959933632	1.11558182925e-11	1.7334122513e-05	100.0
-5.80029232716e-05	-0.00162934845375	-0.000668855198686	-0.0119970101813	-0.210693918184	-0.085013307774	1.11558182925e-11	1.7334122513e-05	100.0
0.000110519247023	-0.00196789293593	-0.000344825666686	0.00980942219128	-0.255532785598	-0.043797307171	1.11556774807e-11	1.7333903717e-05	100.0
-0.000443722654937	-0.00155246330261	-0.000372094758278	-0.0617334745824	-0.199052003963	-0.0463466987528	1.11556774807e-11	1.7333903717e-05	100.0
-0.000227510637409	-0.00218846350612	-0.000623575795193	-0.0343105268624	-0.285274318859	-0.0800148548711	1.11556774807e-11	1.7333903717e-05	100.0
-0.000412047582326	-0.000920975214923	-0.000210870230922	-0.0541645388458	-0.112991821557	-0.0210277386253	1.11556774807e-11	1.7333903717e-05	100.0
-3.15027041077e-05	-0.000903141014894	-0.00109949513887	-0.00836597565857	-0.115998098304	-0.137755684524	1.11556774807e-11	1.7333903717e-05	100.0
0.000108758631121	-0.00161548688433	0.000940636802794	0.00961259538178	-0.209835722052	0.119993615928	1.11446438719e-11	1.7316759486e-05	100.0
-0.000326813985361	-0.00228111899563	2.73989091551e-05	-0.0475463555	-0.29683788257	0.00383079193962	1.11446438719e-11	1.7316759486e-05	100.0
-0.000417145591097	-0.000675871976499	0.000190233188827	-0.0535841248196	-0.078272555865	0.0174299549575	1.11412995921e-11	1.7311563081e-05	100.0
0.000417189009155	-0.000787378716882	0.00129411880834	0.0497430582292	-0.102850179254	0.163696446578	1.11335147123e-11	1.7299466787e-05	100.0
-0.000107060203592	-0.001178467174	6.00698855495e-05	-0.0247470833418	-0.144621764775	-0.00105283784154	1.11335147123e-11	1.7299466787e-05	100.0
-5.35976263932e-05	-0.00136403212462	8.54788149869e-05	-0.0147780852365	-0.170349993599	0.00702970113729	1.11335147123e-11	1.7299466787e-05	100.0
-5.03637607403e-06	-0.00141479505443	3.63990759074e-05	-0.0087289938322	-0.177671714707	0.00307543708023	1.11335147123e-11	1.7299466787e-05	100.0
-0.000235855224576	-0.000872734564396	1.8946967062e-05	-0.0303595163147	-0.110652622763	0.00282497889624	1.11335147123e-11	1.7299466787e-05	100.0
0.000300985923866	-9.33415115045e-05	-0.00114381236223	0.0341242376002	-0.0134227022727	-0.141181247902	1.11335147123e-11	1.7299466787e-05	100.0
0.000294319145286	-0.000577108834785	-0.000989356454055	0.0328576131398	-0.0742397134974	-0.121529439454	1.11335147123e-11	1.7299466787e-05	100.0
0.000364906206576	-0.000574049778404	-0.00120859572348	0.0425812818683	-0.0746696257117	-0.151451332745	1.11335147123e-11	1.7299466787e-05	100.0
2.10257105725e-05	-0.0019796334422	-0.000572362148407	-0.00198535971997	-0.256731101303	-0.0729717384579	1.11335147123e-11	1.7299466787e-05	100.0
-0.000301044022072	-0.000622108215314	-7.53301132915e-05	-0.0416756186986	-0.0670955514473	-0.0113885145878	1.11114022339e-11	1.7265107997e-05	100.0
0.000180068072399	-0.000545637998696	0.000206152127705	0.01236210637	-0.0603268525214	0.0171425462925	1.11114022339e-11	1.7265107997e-05	100.0
0.000415314198459	-0.0017142111881	0.000353898048804	0.048494214428	-0.221555855822	0.0438804741906	1.11114022339e-11	1.7265107997e-05	100.0
0.000519597445654	-0.00222121762232	0.000938169873898	0.0636474940112	-0.290342921574	0.120806051058	1.11114022339e-11	1.7265107997e-05	100.0
-0.000214862126143	-0.000684072363672	0.000241961647219	-0.0308960860182	-0.0801716751697	0.0218297588694	1.11114022339e-11	1.7265107997e-05	100.0
6.1937566741e-05	-0.00145356028995	6.55040325764e-05	0.000436437737266	-0.183559531704	0.00725351790909	1.11114022339e-11	1.7265107997e-05	100.0
0.000345147253102	-0.00239404459217	0.000147631302883	0.0403803334577	-0.311960537598	0.0189166936148	1.11114022339e-11	1.7265107997e-05	100.0
-0.00014445742091	-0.00149123525272	-4.79142389652e-05	-0.0232711982216	-0.187926718384	-0.00494713825591	1.11114022339e-11	1.7265107997e-05	100.0
6.56314889059e-05	-0.000860331296681	-0.000183831664584	-0.000224929837919	-0.105322458517	-0.0164804322804	1.11114022339e-11	1.7265107997e-05	100.0
0.000314831678985	-0.00127851937975	-0.000354641161133	0.0341060510314	-0.163204835926	-0.0419633245523	1.11114022339e-11	1.7265107997e-05	100.0
1.38473824354e-05	-0.00100229654058	0.000142000790891	-0.00779811048357	-0.124543171394	0.0113935332785	1.11004138861e-11	1.7248034094e-05	100.0
0.000566490029567	-0.000999608573707	0.00151441406164	0.069796681535	-0.130819083124	0.194314542629	1.11004138861e-11	1.7248034094e-05	100.0
0.000342370462503	-0.000136647258255	0.00139288797371	0.0402770198591	-0.0194147388789	0.175499443183	1.11004138861e-11	1.7248034094e-05	100.0
0.000415792412064	-0.00220350548887	0.000483186746254	0.0496163136517	-0.286944770882	0.0619210176977	1.11004138861e-11	1.7248034094e-05	100.0
-0.000226879743142	-0.000378698328592	-5.59957972904e-05	-0.0270338920425	-0.0289703759352	-0.0129014085326	1.11004138861e-11	1.7248034094e-05	100.0
-0.00032958368235	-0.000538761743171	7.85512783438e-05	-0.045091820049	-0.0587100819086	0.00786316016959	1.11004138861e-11	1.7248034094e-05	100.0
0.000423357592288	-0.000371892746873	-0.000920851516171	0.0486018555354	-0.0478006885184	-0.111609393924	1.11004138861e-11	1.7248034094e-05	100.0
0.000538743591556	-0.00116438620453	-0.00151654764108	0.0661916916598	-0.152540789836	-0.194564394019	1.11004138861e-11	1.7248034094e-05	100.0
0.000392917004941	-0.00184819721542	-0.000289116035867	0.0457520697899	-0.239158412778	-0.0361653876487	1.11004138861e-11	1.7248034094e-05	100.0
0.000123018977415	-0.00235498579881	-0.000739888882055	0.0116878509138	-0.307695994856	-0.0949001191311	1.11004138861e-11	1.7248034094e-05	100.0
-0.000492651519638	-0.000799302539404	0.000357820983945	-0.0651196656386	-0.0970309400725	0.0398882952806	1.10981407816e-11	1.7244502101e-05	100.0
-0.000344391515921	-0.00150751729931	0.000692351969486	-0.0490921331122	-0.194347102982	0.0871244636938	1.10981407816e-11	1.7244502101e-05	100.0
-0.000456334151727	-0.000930624416902	0.000113905698799	-0.0582818402048	-0.114062465275	0.0104336017938	1.10981407816e-11	1.7244502101e-05	100.0
0.000184385484539	-0.000898042216987	0.00102465348399	0.0193610326891	-0.115617591892	0.128398428467	1.10981407816e-11	1.7244502101e-05	100.0
2.26836843721e-05	-0.00237445868486	0.000145636753632	-0.00164594212905	-0.309736528105	0.0186096650794	1.10981407816e-11	1.7244502101e-05	100.0
-0.000417528587076	-0.000819328211534	-5.97366537424e-05	-0.0522212081825	-0.0981659720711	-0.00479776580147	1.10981407816e-11	1.7244502101e-05	100.0
1.2667556432e-05	-0.00204436729025	-0.000845395435832	-0.00287061940412	-0.266601953477	-0.108456276283	1.10981407816e-11	1.7244502101e-05	100.0
-3.60440144166e-05	-0.00138296484777	-0.00104787874858	-0.00910541331739	-0.178996469563	-0.132863839178	1.10981407816e-11	1.7244502101e-05	100.0
-4.29656903552e-05	-0.000813447988869	0.00112098892782	-0.00965880191278	-0.105057172226	0.139769333018	1.10693598596e-11	1.7199781757e-05	100.0
-0.000347289714766	-0.00160619390694	0.000657616297055	-0.0495086839893	-0.207209364757	0.0827326364337	1.10693598596e-11	1.7199781757e-05	100.0
0.000185128881898	-0.00121606175375	0.00122228065189	0.0197507120658	-0.158363364103	0.155468401393	1.10693598596e-11	1.7199781757e-05	100.0
4.29674648437e-05	-0.00193951352377	0.000356699338328	0.000669259035276	-0.251146076379	0.0450524910901	1.10693598596e-11	1.7199781757e-05	100.0
-0.000521084938691	-0.000556338200474	4.17092001771e-05	-0.064521069435	-0.0606236500966	0.00472433250256	1.10693598596e-11	1.7199781757e-05	100.0
0.000492464237822	-0.00081189343459	0.000460678941662	0.0563376211336	-0.101850620097	0.0539384179499	1.10677103502e-11	1.7197218718e-05	100.0
0.000254186547636	-0.00153924554629	0.000859476761657	0.0285702272856	-0.199840516891	0.108595934381	1.10677103502e-11	1.7197218718e-05	100.0
0.000100576658348	-0.00195248653469	0.000808864601507	0.00835434967293	-0.253977602656	0.103876342432	1.10677103502e-11	1.7197218718e-05	100.0
-0.000245676015929	-0.00127463418923	0.000747121104646	-0.0363167952728	-0.16335342099	0.0933658376694	1.10677103502e-11	1.7197218718e-05	100.0
-0.000187339911998	-0.00225294870317	0.000280669402362	-0.0291765525292	-0.293024518975	0.0358697941076	1.10677103502e-11	1.7197218718e-05	100.0
-0.000567699817562	-0.00184636713075	0.000233779919743	-0.078513385237	-0.238953855842	0.0299986638384	1.10677103502e-11	1.7197218718e-05	100.0
0.000473898641954	-0.00174621100626	-0.00121410025089	0.0575785603334	-0.227957772714	-0.156480319392	1.10677103502e-11	1.7197218718e-05	100.0
0.000369221917227	-0.000534822327775	-0.000452815095496	0.0382699534663	-0.0644451885591	-0.0495926917231	1.10677103502e-11	1.7197218718e-05	100.0
0.00012916431479	-0.00147322883239	-0.00128145141133	0.0124413973603	-0.191773390066	-0.164036711864	1.10677103502e-11	1.7197218718e-05	100.0
0.000385929286178	-0.00148100758596	0.000421328772282	0.0442715939084	-0.190722486489	0.05158089854	1.10461259159e-11	1.7163680414e-05	100.0
2.35913161597e-05	-0.00196698106499	0.000872250162047	-0.00125446049884	-0.256314442194	0.111341755827	1.10461259159e-11	1.7163680414e-05	100.0
-0.000122240712448	-0.0012670391957	1.68980333261e-05	-0.0246693400934	-0.153463494118	0.00252478776665	1.10461259159e-11	1.7163680414e-05	100.0
0.000116989559598	-0.000212531339799	-0.000855714736253	0.0096365261787	-0.02620364107	-0.100003187085	1.10461259159e-11	1.7163680414e-05	100.0
0.000204920688747	-0.00176490520516	-5.77008485944e-05	0.0207325507692	-0.226825361475	-0.00733176641263	1.10461259159e-11	1.7163680414e-05	100.0
9.26374381009e-05	-0.00154135486495	-0.00103487994866	0.00759966660073	-0.199867650519	-0.132708458428	1.10461259159e-11	1.7163680414e-05	100.0
-0.000224204911909	-0.00178072157654	0.000775708627449	-0.0338546102741	-0.230806529465	0.0992447041119	1.10405688796e-11	1.7155045785e-05	100.0
-0.00046077126569	-0.000676240027392	-1.34235994884e-05	-0.0572964221607	-0.0772840160786	-0.00234053222233	1.10405688796e-11	1.7155045785e-05	100.0
0.000207657335279	-0.00046123882651	0.000840923670313	0.020899717879	-0.0582717476562	0.0996101573039	1.10353940467e-11	1.7147005031e-05	100.0
0.00027977069209	-0.00123166586695	0.000398108981815	0.0296554782203	-0.156932187809	0.0473372150741	1.10353940467e-11	1.7147005031e-05	100.0
0.000281415116746	-0.000659788503995	-0.00116844239682	0.0318007822263	-0.0851429100056	-0.146374927813	1.10353940467e-11	1.7147005031e-05	100.0
-0.000198092270587	-0.000389104959192	7.87442506693e-05	-0.0305837861779	-0.0301423317238	0.0149564939218	1.10353940467e-11	1.7147005031e-05	100.0
0.00034458438003	-0.00195373705383	-0.000400243754011	0.03993532275	-0.253611852199	-0.0503165709855	1.10353940467e-11	1.7147005031e-05	100.0
-0.000360111839105	-0.000328049471175	0.000221292633225	-0.0420436852408	-0.0289067146852	0.0152760913904	1.10261658461e-11	1.7132666078e-05	100.0
-0.000200549525743	-0.00222865856813	2.12411563669e-05	-0.0308787267623	-0.290396353064	0.00252238733129	1.10261658461e-11	1.7132666078e-05	100.0
4.12803525124e-05	-0.00212078533134	-0.000462080678271	0.000798559636875	-0.276108731461	-0.0597985971029	1.10261658461e-11	1.7132666078e-05	100.0
-0.000412868280143	-0.00103157853469	-0.000222292317808	-0.054431903874	-0.127295298287	-0.0235323127739	1.10261658461e-11	1.7132666078e-05	100.0
0.000131093227332	-0.000111577211299	-0.00133575433704	0.0130343226947	-0.0160305651912	-0.167013186577	1.10261658461e-11	1.7132666078e-05	100.0
-0.000207227162612	-0.000265615850126	-0.000469422712539	-0.0276432452608	-0.0269361760965	-0.0429039635088	1.10261658461e-11	1.7132666078e-05	100.0
