# x[AU] y[AU] z[AU] vx[AU/yr/2pi] vy[AU/yr/2pi] vz[AU/yr/2pi] m[MSUN] m[mtot] wf[%]
1.26775743304e-05	6.33149805585e-05	-4.98296427462e-07	0.00198286114026	0.00774294874998	-7.7202820647e-05	6.04513574049e-07	0.935932889775	18.6650453396
-0.000224926714528	-0.000928624470256	1.80284284901e-06	-0.0348145424162	-0.111196722884	2.86948929306e-05	2.64763114103e-08	0.0409917191464	11.1052563411
-0.000239723312197	-0.000645444685656	2.55480962525e-06	-0.0320865851305	-0.0743924623269	0.000727464813718	6.57587727248e-09	0.0101810448638	12.776608257
-0.000295489992782	-0.000695223250108	7.69240300752e-05	-0.0439617805321	-0.0809215794221	0.00935353965891	1.99409007931e-10	0.000308733264303	0.0
-0.000253037490459	-0.000734230259134	-7.79624627237e-05	-0.0420622765687	-0.0879580939167	-0.0119662591687	1.59243906119e-10	0.00024654799433	0.0
-9.91249056575e-05	-0.00114481536093	-1.03479363736e-05	-0.0222831986266	-0.138672535854	0.00295877777598	3.17383676897e-10	0.000491386520705	16.8998861558
-0.000239010828555	-0.000449533782629	-1.7226325212e-05	-0.02822326888	-0.0423041024301	-0.00152570279302	1.05573129089e-10	0.00016345268002	24.021350076
-0.000182825151869	-0.000572224596617	1.79783603177e-05	-0.0343084903294	-0.0624708664551	0.0112009417399	8.71056239219e-11	0.00013486052557	14.490974148
-0.000266729800587	-0.000550366720554	0.00010086434158	-0.0403383516029	-0.0608759473541	0.0155060644482	7.91099287392e-11	0.00012248125996	0.0
-0.000278599911095	-0.000523867675137	0.00011146292744	-0.0383965937762	-0.0575753478835	0.0156065543585	7.73978888291e-11	0.00011983060904	0.0
-0.000201501467419	-0.000563637087227	-4.514928168e-05	-0.0348486606919	-0.0617337910606	-0.0126364361269	1.42915165932e-10	0.000221267164174	20.4234834711
-0.000156482436925	-0.000711856915621	-2.70565366142e-05	-0.0302501528421	-0.0836567152304	0.00686412102313	5.08891811292e-11	7.8788732619e-05	25.096685387
-0.000294577467753	-0.000594180419414	7.38030549789e-05	-0.0407451528692	-0.0703123078897	0.00780350249467	4.98806117266e-11	7.7227223803e-05	25.502646036
-0.000300591184985	-0.0006118861845	-6.2370920738e-05	-0.042825680638	-0.0722615395498	-0.00475731862862	3.98876623736e-11	6.1755726774e-05	0.0
-0.000229174642564	-0.000455823077367	-8.65404101637e-05	-0.0343798422821	-0.0427459980059	-0.0154266765234	3.98876623736e-11	6.1755726774e-05	0.0
-0.000279521864445	-0.000560438317933	8.12855445828e-05	-0.0363169632218	-0.063779597707	0.00924401653635	7.69533359819e-11	0.000119142333956	0.0
-0.000215409087711	-0.000373553818209	-8.30356196111e-05	-0.0322742221332	-0.027222398058	-0.0158402354986	5.23756103939e-11	8.1090083816e-05	24.3844369318
-0.000254542168707	-0.000715181091678	7.47247288193e-05	-0.0420061319026	-0.0848589059144	0.0122588506573	3.96041127098e-11	6.131672347e-05	0.0
-0.000261513801988	-0.000679106495598	-8.40427314384e-05	-0.0412367674023	-0.0798173580146	-0.0123285136492	3.94607663178e-11	6.1094788664e-05	0.0
-0.00025405430655	-0.000770506191503	-2.27669618602e-05	-0.0356392210767	-0.0914148184098	-0.00380901733752	3.93163286346e-11	6.0871164275e-05	0.0
-0.000260418081472	-0.000390640611083	-0.000104661105882	-0.0359274482212	-0.0315036328819	-0.0152344469229	3.9219419956e-11	6.0721126256e-05	0.0
-0.000254179690186	-0.00054057641789	0.000113091478079	-0.0393528177052	-0.0602148770898	0.0195838499275	3.90240737854e-11	6.0418683244e-05	0.0
-0.000194750021726	-0.000533878223555	-4.43277648136e-05	-0.0332883703485	-0.0573084605181	-0.0124738334197	3.88761862135e-11	6.0189717595e-05	0.0
-0.000197172020283	-0.000736665461643	-4.67132308094e-05	-0.0374552713546	-0.0881049291036	-0.0126844242111	3.84250554446e-11	5.9491258301e-05	0.0
-0.000215659027465	-0.00041869295274	-7.9849026775e-05	-0.03328203831	-0.0355760834764	-0.0162245869908	3.83232082958e-11	5.9333574338e-05	0.0
-0.000125923047165	-0.00114345509037	4.61193030771e-05	-0.025901403329	-0.137112806673	0.00645727550868	3.83232082958e-11	5.9333574338e-05	0.0
-0.000307628626555	-0.000750328069075	-8.69425716565e-05	-0.0439621493919	-0.0919498205819	-0.0104516899266	3.81176834451e-11	5.9015372273e-05	0.0
-0.000206869611607	-0.000505103234909	-5.49612372344e-05	-0.0322720004305	-0.0522266203099	-0.0153154737925	3.81176834451e-11	5.9015372273e-05	0.0
-0.000249716795688	-0.000770511831155	-2.84765431571e-06	-0.0341896592703	-0.0933202815422	0.00374824808774	3.81176834451e-11	5.9015372273e-05	0.0
-0.000107230367413	-0.00115902027072	-9.82144325954e-06	-0.0230379222599	-0.142214236894	-0.00629337712905	5.07562900119e-11	7.8582985101e-05	24.900572055
-0.000108878907907	-0.0011639825046	8.81390968488e-08	-0.0217068170281	-0.139389554153	-0.00297867247703	3.81176834451e-11	5.9015372273e-05	0.0
-0.000132145533733	-0.0011146359642	-1.99847012435e-06	-0.0268763515331	-0.132386113249	-0.00187596277936	3.81176834451e-11	5.9015372273e-05	0.0
-0.000297830049348	-0.000601085774264	7.63149335387e-05	-0.0441815016747	-0.0650323145943	0.00816814801297	3.81176834451e-11	5.9015372273e-05	0.0
-0.000290142560706	-0.000760442220251	-7.21782973212e-05	-0.0413083118758	-0.0926071223072	-0.00747892084897	3.78046135974e-11	5.8530664601e-05	0.0
-0.000119077355364	-0.00108207233975	6.80966375947e-06	-0.0274650177299	-0.130028063943	-0.00525902661513	3.78046135974e-11	5.8530664601e-05	0.0
5.47809637231e-06	-0.00130903361665	4.31002074542e-05	-0.00745804202863	-0.163491629469	0.00458941798259	7.5503532867e-11	0.000116897688877	0.0
-4.78371703622e-05	-0.00101139502629	-9.52225488929e-05	-0.0169779066398	-0.123701899003	-0.00504341614662	3.78046135974e-11	5.8530664601e-05	0.0
-0.000184422004318	-0.000476687920241	3.74168758719e-05	-0.0305661477612	-0.0462042897574	0.0129317726869	7.5450431739e-11	0.000116815475517	0.0
-6.66912348263e-05	-0.00122361809632	4.74342904527e-05	-0.0161788178513	-0.151285983592	0.00142735612557	5.09663308976e-11	7.8908179078e-05	26.0317181841
2.14543906454e-07	-0.00111573487338	9.44234122682e-05	-0.00964060046666	-0.138191176604	0.00683673806114	7.4967980407e-11	0.000116068524433	0.0
0.000165930689841	-0.000822214773676	-0.000527770594191	0.0151867232965	-0.101819373646	-0.0619520293662	3.73776219908e-11	5.7869578555e-05	0.0
-9.55032269756e-05	-0.0011788239652	3.36610141505e-06	-0.022891832731	-0.142304417397	-0.00279852671805	5.01465800339e-11	7.7639006924e-05	25.5713259504
-6.13280526145e-05	-0.00115521113911	-4.13172703226e-05	-0.0188833172594	-0.14166744827	0.0004762016161	3.73234346005e-11	5.7785683399e-05	0.0
-0.000243808342634	-0.00051626267359	-2.12810263268e-06	-0.0293285222629	-0.0563817589102	0.00102180372584	3.72690611375e-11	5.7701500157e-05	0.0
0.000244339224335	-0.000824807890531	0.000825781238275	0.0260563697087	-0.104674799409	0.10196470935	3.72690611375e-11	5.7701500157e-05	0.0
0.000352064159393	-0.00197376148262	-0.000182725903538	0.040683763306	-0.256846505025	-0.0233190486128	3.72690611375e-11	5.7701500157e-05	0.0
0.000123178506832	-0.00182013244691	-0.000342840885983	0.0111313458674	-0.236409428745	-0.0437052442308	3.72690611375e-11	5.7701500157e-05	0.0
0.000127470903969	-0.00136281478718	0.00015039882698	0.00922159984632	-0.1728607088	0.0168651847736	3.71597358773e-11	5.7532238273e-05	0.0
0.000213652632918	-0.00163144197954	0.000365937136965	0.022661305259	-0.210832113304	0.0460687855304	3.71597358773e-11	5.7532238273e-05	0.0
-4.50155366075e-05	-0.0012418402855	3.02917337533e-05	-0.0150119542049	-0.153233157888	0.0018595711004	3.71597358773e-11	5.7532238273e-05	0.0
-7.81561141957e-05	-0.00126125741662	2.53453154605e-05	-0.017559668703	-0.15526490575	0.00429467915853	6.39042278737e-11	9.8939165682e-05	41.8508960772
0.000192010417846	-0.000749370686999	-0.000621646924551	0.0182472125502	-0.092969087244	-0.0737285984468	3.71597358773e-11	5.7532238273e-05	0.0
0.000158871730144	-0.000837985633508	-0.000477206575688	0.0135601391903	-0.103771067722	-0.0553517152541	3.71597358773e-11	5.7532238273e-05	0.0
0.000259080882413	-0.00122274418683	-0.000330769857689	0.0266138342541	-0.155565900976	-0.039189970454	3.71597358773e-11	5.7532238273e-05	0.0
-4.17911059365e-05	-0.00106344706944	-0.000138266082654	-0.0143461434563	-0.130937017257	-0.0106887928879	3.71597358773e-11	5.7532238273e-05	0.0
-6.19765777482e-05	-0.000542452394498	-0.000685999395913	-0.0129165311156	-0.0654590416502	-0.0791614408286	2.63987739317e-11	4.0871672419e-05	100.0
-0.000188160326984	-0.000733298939328	2.35680832007e-05	-0.0314089729008	-0.0868718810056	-0.00805318658254	1.54649755842e-11	2.3943514107e-05	100.0
-0.00030144687798	-0.000607898064093	4.58917459946e-05	-0.0435497384045	-0.0702923155685	0.00685485989572	1.53984520762e-11	2.3840519664e-05	100.0
-0.000249166860769	-0.000411039640299	1.58268355159e-05	-0.0362338521748	-0.0371036158074	0.00526078654516	1.53984520762e-11	2.3840519664e-05	100.0
-0.000196533707575	-0.000472683763226	-1.42825576394e-05	-0.0275932767714	-0.0453659273925	0.00830928657621	1.51354106424e-11	2.3433268049e-05	100.0
-0.000200763178155	-0.000713511916316	-1.15737067179e-05	-0.0253392687592	-0.0858304726069	0.0022038823964	1.50865992446e-11	2.3357696226e-05	100.0
-9.39317267502e-05	-0.000544277264623	0.000130275060506	-0.0175767197802	-0.056650033625	0.00676518640322	1.5070365658e-11	2.3332562717e-05	100.0
-0.000271090820018	-0.000393755266979	-0.000120393120442	-0.0324717418865	-0.0343968757368	-0.00386209204956	1.49732960517e-11	2.3182275542e-05	100.0
-0.000184724213852	-0.000512861944605	4.25064267115e-05	-0.0275277887093	-0.0522426624253	-0.00502151796947	1.48447499837e-11	2.2983255209e-05	100.0
-0.000204760579457	-0.000393613239476	1.72088836897e-05	-0.0273773261916	-0.0306412355796	0.0112140110584	1.47808415515e-11	2.2884309534e-05	100.0
-0.000162075516119	-0.00099333331955	0.000330489589241	-0.0257872240725	-0.123433274643	0.0358888036909	1.47171594241e-11	2.2785714233e-05	100.0
-0.000113252620092	-0.000552481666292	-0.000204289011327	-0.0193403295425	-0.0589940357512	-0.0154687262073	1.46854013387e-11	2.2736545054e-05	100.0
-0.000248160446812	-0.000756206104075	-0.000325555435349	-0.0354853868486	-0.0905568893366	-0.0334723442425	1.46854013387e-11	2.2736545054e-05	100.0
-9.16737708152e-05	-0.000471259446001	0.000191807850157	-0.01671677477	-0.0457973360615	0.0127197634371	1.45904489381e-11	2.2589535824e-05	100.0
-0.000210871486629	-0.000762164207194	4.52112593739e-05	-0.0348236157385	-0.0915793403446	0.0138814456813	1.45588970414e-11	2.2540685874e-05	100.0
-0.000244926714963	-0.000513438556041	7.21798849507e-05	-0.0318906927788	-0.0537392579858	-0.00207255598223	1.45431412091e-11	2.2516292044e-05	100.0
9.24763093837e-06	-0.000796983897312	0.000274117005972	-0.0053313140474	-0.0956594030885	0.0277915955603	1.45116697763e-11	2.2467566671e-05	100.0
-0.000198628424027	-0.000510949770042	0.000211221890928	-0.0278011221835	-0.0531160194233	0.0158165899668	1.44959541758e-11	2.2443235129e-05	100.0
-0.000221037197463	-0.000560656073015	-5.40749562848e-05	-0.0306314552999	-0.0642352985494	-0.011599973269	1.44959541758e-11	2.2443235129e-05	100.0
-8.87696789591e-05	-0.000876239096162	0.000525338515537	-0.0162502176936	-0.108683244839	0.0616546460702	1.44331973829e-11	2.234607247e-05	100.0
-0.000236093220543	-0.00056346782476	2.99117141084e-05	-0.0277748636819	-0.0663037031051	0.0131944871634	1.44331973829e-11	2.234607247e-05	100.0
-0.000187142126475	-0.0003589169851	-0.000389313899071	-0.0261620287103	-0.0348407952457	-0.0355641595323	1.44018919068e-11	2.2297604038e-05	100.0
1.84211871573e-05	-0.000575568612863	-0.000414281588622	-0.00347656449109	-0.0657057612757	-0.0435501530777	1.44018919068e-11	2.2297604038e-05	100.0
1.02235943877e-05	-0.000570808778798	0.000590141789124	-0.00390538195796	-0.0677417036293	0.0676704971248	1.43706266627e-11	2.2249197896e-05	100.0
-0.000190674155799	-0.000460862048767	0.000339439938887	-0.0270469438047	-0.0480686335935	0.0313338679053	1.43550116421e-11	2.2225022076e-05	100.0
-0.000101373696337	-0.00131362641133	0.000266762113901	-0.0180947681965	-0.165913395269	0.0316579337685	1.43082319572e-11	2.2152595835e-05	100.0
-0.000128064423239	-0.00073166159256	-0.000160517345552	-0.022302202206	-0.0860919151348	-0.0108349025905	1.43082319572e-11	2.2152595835e-05	100.0
-5.6515707625e-05	-0.000575514033764	-0.00028984921389	-0.0129744891307	-0.0633684958849	-0.026845942477	1.43082319572e-11	2.2152595835e-05	100.0
6.61359405238e-05	-0.00056546759474	-0.000563930125624	0.00275627939897	-0.0668828962771	-0.0636664027178	1.43082319572e-11	2.2152595835e-05	100.0
-0.000188674690334	-0.000770320691002	-0.000534482681504	-0.0284704855191	-0.0943209388108	-0.0619450139515	1.43082319572e-11	2.2152595835e-05	100.0
-8.26429607196e-05	-0.00110134211402	-0.000221474720275	-0.0164830902606	-0.136557420612	-0.0224592698237	1.42926621976e-11	2.212849009e-05	100.0
-0.000234503523552	-0.000726368504321	5.71162442802e-05	-0.0371642039938	-0.0834174957025	0.0119384855139	1.42926621976e-11	2.212849009e-05	100.0
-0.000180288850348	-0.000757079985497	-5.22429761101e-05	-0.0290555491247	-0.0899187383925	-0.00881363989692	1.42771024959e-11	2.2104399917e-05	100.0
2.20019613207e-05	-0.00111919839064	-0.0004328538658	-0.0024028849979	-0.141297227884	-0.051754346084	1.42771024959e-11	2.2104399917e-05	100.0
-0.000203196000169	-0.000973106290409	-0.00024147319421	-0.030969534017	-0.119438695007	-0.022840746585	1.42771024959e-11	2.2104399917e-05	100.0
-0.00020426105109	-0.00138926812158	0.00010190288066	-0.0305473517224	-0.175307992604	0.0118547580838	1.421495924e-11	2.2008187161e-05	100.0
-0.00010743073307	-0.0012718184813	-0.000137414501716	-0.0191436951595	-0.158442179887	-0.0147817175784	1.41839454455e-11	2.1960170323e-05	100.0
0.000112758180882	-0.00109671773831	-0.000559636743707	0.00948338551688	-0.138952776125	-0.0687980944731	1.41839454455e-11	2.1960170323e-05	100.0
-0.000237603216721	-0.00072289472306	0.00015195118318	-0.0329573559091	-0.0848692321711	0.00974254753029	1.41375027031e-11	2.188826575e-05	100.0
-6.56752374444e-05	-0.000627598797394	0.000656398079983	-0.0132931505926	-0.0761447481077	0.0768988728228	1.41220385523e-11	2.1864323513e-05	100.0
-0.000250152328318	-0.000467108157035	1.38839485862e-05	-0.0292929805586	-0.0456260173897	-0.00710497774537	1.41220385523e-11	2.1864323513e-05	100.0
-0.0002089313786	-0.00150526782865	0.000292283210893	-0.0315814130482	-0.192919834182	0.0367341320024	1.41220385523e-11	2.1864323513e-05	100.0
0.000121414552467	-0.000634221367063	-0.000555913894094	0.00936269110357	-0.0761662809146	-0.0636993363078	1.41220385523e-11	2.1864323513e-05	100.0
-0.000203356537273	-0.000570045783753	-0.000247635990757	-0.0292105963777	-0.0626545778974	-0.0209743676099	1.41220385523e-11	2.1864323513e-05	100.0
0.000191011530032	-0.000293053107607	0.000715330485516	0.017631347222	-0.0345369796707	0.0816185385318	1.41065844594e-11	2.1840396848e-05	100.0
-0.000277836300534	-0.00121293365809	0.00027188777082	-0.039859783882	-0.152257763057	0.0307249727656	1.41065844594e-11	2.1840396848e-05	100.0
-0.000244596880816	-0.000850081547518	0.000269865501882	-0.034850723693	-0.103225001574	0.0266423458089	1.40911404245e-11	2.1816485755e-05	100.0
-0.000244840372451	-0.000577809153837	-5.25719337956e-05	-0.0330838439797	-0.0677493055503	-0.0132234213337	1.40911404245e-11	2.1816485755e-05	100.0
9.23639316746e-05	-0.000403335940677	0.000506058958839	0.00441155955701	-0.0450045000966	0.0525325943515	1.40911404245e-11	2.1816485755e-05	100.0
0.000110344751017	-0.00100921197751	0.000752416588507	0.00946843019544	-0.12850117256	0.0937253348586	1.40911404245e-11	2.1816485755e-05	100.0
1.16486762936e-05	-0.00139382928958	0.000229730387807	-0.00367133216489	-0.177201145904	0.0272584753476	1.40911404245e-11	2.1816485755e-05	100.0
0.000207398607065	-0.00086020170112	0.000771405695816	0.0219411781682	-0.108771402098	0.0953079463705	1.40602774998e-11	2.17687025e-05	100.0
-2.1703306011e-05	-0.00126899792471	-0.000341101683221	-0.00838178625814	-0.160381177569	-0.0408435431494	1.40602774998e-11	2.17687025e-05	100.0
9.00634579286e-05	-0.000558376918242	0.000418998633909	0.00473533930056	-0.0636306946809	0.0438980681293	1.4029449778e-11	2.1720973748e-05	100.0
-9.9476998445e-05	-0.00110004580841	1.80205015679e-06	-0.0213474259933	-0.131099594501	-0.00422052811939	1.4029449778e-11	2.1720973748e-05	100.0
-0.000217558051834	-0.000543700047069	7.74357139028e-06	-0.0279322537212	-0.0625847820251	0.00416643039227	1.4029449778e-11	2.1720973748e-05	100.0
0.000123113751191	-0.000587904936938	0.000563559432908	0.00937894009899	-0.070023596764	0.0643896717176	1.39986522301e-11	2.1673291712e-05	100.0
0.000168043000013	-0.00132621261454	-0.000488500203499	0.0168031204432	-0.170166984631	-0.0605593028589	1.39986522301e-11	2.1673291712e-05	100.0
-0.000208961952297	-0.000611359933755	-0.000129341609138	-0.0293085199688	-0.0678367045671	-0.00611690287473	1.39986522301e-11	2.1673291712e-05	100.0
-6.59667778219e-05	-0.00138321295111	0.000527859704811	-0.0133965195342	-0.17777855889	0.0658232795778	1.39832685432e-11	2.1649474052e-05	100.0
-0.000209946559233	-0.000503808739712	-9.23357699034e-06	-0.0244125760801	-0.0534373166454	-0.0016064658346	1.39832685432e-11	2.1649474052e-05	100.0
3.82729919277e-05	-0.000920521113674	-0.000615017367597	-0.000204302566672	-0.115466674843	-0.0743747737741	1.39832685432e-11	2.1649474052e-05	100.0
0.000219059656923	-0.000239789770557	-0.000559950695107	0.0190707503121	-0.0255524484735	-0.0587479754284	1.39832685432e-11	2.1649474052e-05	100.0
-0.000168917759135	-0.00112107459488	0.000274266174151	-0.0266833578013	-0.139471635667	0.0295515336057	1.39678949142e-11	2.1625671965e-05	100.0
6.36314550873e-05	-0.0010603001338	0.000447233358229	0.00272833707416	-0.133156792107	0.0532774463062	1.39525263142e-11	2.1601877663e-05	100.0
-0.000317056778596	-0.00066211012839	0.000127648948977	-0.0475772344612	-0.078558379853	0.018395505073	1.39525263142e-11	2.1601877663e-05	100.0
-4.31534937282e-05	-0.00141123554835	0.000181755661439	-0.0109595884056	-0.179106856003	0.021167187007	1.39371627432e-11	2.1578091148e-05	100.0
-0.000310989383193	-0.00150066506408	-0.000104809005373	-0.0446523073014	-0.191824956416	-0.0124565999826	1.39371627432e-11	2.1578091148e-05	100.0
1.57637511347e-05	-0.00135245159161	-0.000150908414474	-0.0038821226238	-0.170824065242	-0.0168554788645	1.39064657752e-11	2.1530564834e-05	100.0
-0.000175059481605	-0.00164620899527	-0.000283500190682	-0.0274987356323	-0.212819501222	-0.0353269370388	1.39064657752e-11	2.1530564834e-05	100.0
-3.94579169976e-05	-0.00147570712963	4.6899635125e-05	-0.0101444864518	-0.187552968992	0.00531277913792	1.38911273492e-11	2.1506817249e-05	100.0
-3.6241765272e-05	-0.000649131812041	0.000265258643645	-0.0109523602159	-0.0741753149736	0.0248633785841	1.3845157332e-11	2.1435644569e-05	100.0
-6.94147008137e-05	-0.00118540512556	0.000241572127042	-0.0146047212171	-0.148105906953	0.0265335959048	1.3845157332e-11	2.1435644569e-05	100.0
0.000169617612004	-0.00143719690497	0.000582140825859	0.0172317732621	-0.18535576243	0.0735762883309	1.38145508859e-11	2.1388258405e-05	100.0
-3.14960952937e-05	-0.00143474671114	-8.6141531719e-05	-0.00951705260114	-0.181972625329	-0.00939941692146	1.38145508859e-11	2.1388258405e-05	100.0
0.000123284921568	-0.000574213431335	0.000870118553499	0.0108882295537	-0.0716049095928	0.106018530221	1.37992526918e-11	2.1364573109e-05	100.0
-1.05611923305e-05	-0.00157232408489	-8.28998752855e-05	-0.00632568890509	-0.201592534708	-0.0100810258352	1.37992526918e-11	2.1364573109e-05	100.0
-4.79828322309e-05	-0.00169148856214	6.63627618358e-05	-0.0109834368903	-0.218357603736	0.00883394897608	1.37686864775e-11	2.1317249233e-05	100.0
-0.000235891860438	-0.000407797920562	3.85623451417e-05	-0.0230005038546	-0.0339369720326	0.00877146470247	1.37686864775e-11	2.1317249233e-05	100.0
-0.00027634455126	-0.000411516464525	0.000313190769112	-0.0356551880759	-0.0414604197011	0.0273320877133	1.37534134284e-11	2.1293602867e-05	100.0
-0.000283423208463	-0.000448131135806	0.000259593229164	-0.036323375199	-0.0455550314026	0.0217009117259	1.37534134284e-11	2.1293602867e-05	100.0
-0.00020863469169	-0.00102475643472	0.00047429398335	-0.0314466733283	-0.128420059364	0.0561519483315	1.37534134284e-11	2.1293602867e-05	100.0
-0.000185435285831	-0.000427230790485	-6.48093364814e-05	-0.025732054298	-0.0372497957239	0.00339261633054	1.37534134284e-11	2.1293602867e-05	100.0
0.000142248310009	-0.0013062415633	0.000560693950198	0.0135982062332	-0.167644019577	0.0699010554854	1.37381454083e-11	2.1269964288e-05	100.0
-2.93266300748e-05	-0.00166147739314	-0.000281199859651	-0.00867992706373	-0.214843040928	-0.0347327982581	1.37381454083e-11	2.1269964288e-05	100.0
-0.000257928572582	-0.000484975843135	1.70818013421e-05	-0.0278564046997	-0.0485393793764	0.00942278524322	1.37381454083e-11	2.1269964288e-05	100.0
0.000251886316234	-0.00118044010596	0.000593869310648	0.0276174378769	-0.151290148984	0.0735963311492	1.37228824171e-11	2.1246333494e-05	100.0
0.000284118747687	-0.0015262243246	-0.000573804522493	0.0324485931799	-0.197994116806	-0.0727280210349	1.37228824171e-11	2.1246333494e-05	100.0
-1.49118274643e-05	-0.00126559595143	0.000611474458039	-0.00656024266134	-0.162346064071	0.075895100973	1.36618958295e-11	2.115191154e-05	100.0
4.78728729011e-05	-0.00161394059708	0.000283783578037	0.00141605083264	-0.208409292673	0.0349910471841	1.36618958295e-11	2.115191154e-05	100.0
-0.000257116912875	-0.000782302313278	5.09572399917e-05	-0.0357756317488	-0.0956985875292	0.0108843522704	1.36618958295e-11	2.115191154e-05	100.0
-1.72251365126e-05	-0.00101480274271	-0.000611437024331	-0.00755560962885	-0.128038737679	-0.0741914421428	1.36618958295e-11	2.115191154e-05	100.0
-0.00020229264334	-0.00101541410275	-0.000609458095656	-0.0307423858286	-0.128176005509	-0.0738317978402	1.36618958295e-11	2.115191154e-05	100.0
-3.99286303064e-05	-0.000432022820229	-0.000617479790306	-0.0105267392728	-0.0498873837392	-0.0684784698765	1.36618958295e-11	2.115191154e-05	100.0
-9.46753210706e-05	-0.000541330581312	-0.000570340747156	-0.0167321277508	-0.0635215141924	-0.0635212113138	1.36618958295e-11	2.115191154e-05	100.0
4.52983318532e-06	-0.00162653579407	-0.000271538871388	-0.00484101651745	-0.209543491643	-0.0337580620119	1.36314352241e-11	2.1104751172e-05	100.0
-0.000181862315919	-0.00112076449381	-0.000147601126698	-0.0283025728872	-0.136942361527	-0.0123610076717	1.36314352241e-11	2.1104751172e-05	100.0
-2.58473310022e-05	-0.001203149061	-0.000235235858835	-0.00932534738254	-0.150819846731	-0.0260198164176	1.36314352241e-11	2.1104751172e-05	100.0
-8.72137368263e-05	-0.000940055490108	0.000250133135351	-0.0174352999849	-0.115004181091	0.0246313589898	1.36162174939e-11	2.1081190454e-05	100.0
0.000284670564004	-0.00075091671141	0.000647219432616	0.0306857995426	-0.0937270518643	0.0777352478442	1.36009997636e-11	2.1057629735e-05	100.0
0.000164020808941	-0.000914262536425	0.000820820465394	0.0159527507154	-0.116290650946	0.101986020085	1.35857920914e-11	2.1034084588e-05	100.0
-0.000257700504998	-0.000591235464837	0.000333142852454	-0.0353617011448	-0.0669248887409	0.0330981826936	1.35705844192e-11	2.1010539442e-05	100.0
-0.000284562525555	-0.000643489621654	0.00021014952148	-0.0381371599896	-0.0737480525161	0.0172624407472	1.35705844192e-11	2.1010539442e-05	100.0
-0.000268378099916	-0.0016820817205	0.000153814991439	-0.039939095432	-0.216936193893	0.0192313174923	1.35705844192e-11	2.1010539442e-05	100.0
-0.000131860879381	-0.00141819249657	0.000195197086064	-0.0221299092053	-0.179710599007	0.0238541858456	1.35705844192e-11	2.1010539442e-05	100.0
8.81818788748e-05	-0.00170447699454	-2.74417185999e-05	0.00669859147122	-0.220185027707	-0.00313713366897	1.35705844192e-11	2.1010539442e-05	100.0
0.000124844785448	-0.00127656623491	-0.000738873126488	0.0115641425367	-0.164421742801	-0.0934919481777	1.35705844192e-11	2.1010539442e-05	100.0
0.000316693557143	-0.00120474451385	-0.000834028116685	0.036589583917	-0.155503634923	-0.105846806569	1.35705844192e-11	2.1010539442e-05	100.0
-0.000165575082707	-0.00105856176341	-0.000430980201458	-0.0261117124005	-0.132652289293	-0.0498832194185	1.35705844192e-11	2.1010539442e-05	100.0
0.000247126158574	-0.000463974714127	-0.000653422891406	0.0249688984898	-0.055445136644	-0.075447825755	1.35705844192e-11	2.1010539442e-05	100.0
-0.000173686794066	-0.000710867463236	-0.000726059299118	-0.0266776698683	-0.0879608331723	-0.0873176416193	1.35705844192e-11	2.1010539442e-05	100.0
0.000267113410826	-0.000615195452645	0.000778441902917	0.0284768038813	-0.0770051651127	0.0940566126568	1.35401942197e-11	2.096348808e-05	100.0
0.000352983154552	-0.000469909236435	0.000821871558363	0.0391818543563	-0.058592711717	0.0993238411631	1.35098191072e-11	2.0916460076e-05	100.0
-0.000183177284769	-0.000332865932324	0.000415288006781	-0.0254860063566	-0.0330580667913	0.0373614472774	2.63241034564e-11	4.0756064504e-05	100.0
-0.000197726546779	-0.000672702879788	0.000519586414153	-0.0292787319818	-0.0804020712376	0.0587771208627	1.34794590816e-11	2.086945543e-05	100.0
-0.000319413532969	-0.000576190816277	0.000173818802068	-0.0405013778215	-0.0635611309556	0.0128951893762	1.34794590816e-11	2.086945543e-05	100.0
-9.68327616577e-05	-0.00114132330742	0.000701910073844	-0.0173028822522	-0.145732314326	0.0871465428672	1.34794590816e-11	2.086945543e-05	100.0
0.000181509705572	-0.00131102828184	0.000775445809136	0.0189272970265	-0.169167989725	0.0984720291656	1.34794590816e-11	2.086945543e-05	100.0
7.02032479263e-05	-0.000788276346637	-0.000889381530014	0.00401190156768	-0.0996806450144	-0.110260934967	1.34794590816e-11	2.086945543e-05	100.0
-0.000230819470086	-0.000475402033005	-0.000272590400807	-0.0311204623363	-0.0489473151102	-0.0233001965073	1.34794590816e-11	2.086945543e-05	100.0
0.000445972312245	-0.000637278903142	0.000485411864067	0.0494895028851	-0.0787047023538	0.0559966809271	1.3449124201e-11	2.0822489714e-05	100.0
2.42797073856e-05	-0.0014089174661	0.00077827034486	-0.00184507289449	-0.181904880638	0.0993375927626	1.3449124201e-11	2.0822489714e-05	100.0
1.27440080823e-05	-0.00186596475414	0.000122974055319	-0.0031047207896	-0.242525354987	0.0153364625826	1.3449124201e-11	2.0822489714e-05	100.0
0.000382730680638	-0.00157856251513	0.000670249896612	0.0455263177402	-0.205531382639	0.0852492803559	1.34187993784e-11	2.0775539571e-05	100.0
-0.000221678359758	-0.000445118234206	-4.27098783893e-05	-0.0261424650031	-0.0411493854138	-0.00722285120595	1.34187993784e-11	2.0775539571e-05	100.0
-0.000134866332045	-0.00168052789838	-0.000459541318598	-0.0225414870371	-0.217842133247	-0.0578926990092	1.34187993784e-11	2.0775539571e-05	100.0
-2.60204707232e-05	-0.0014735052616	-0.000435736070266	-0.00832401680531	-0.189572158921	-0.054046643227	1.34187993784e-11	2.0775539571e-05	100.0
0.000144645102078	-0.000255449613742	0.000803701162773	0.0125186756399	-0.0311675606624	0.0932654997205	1.34036470251e-11	2.0752080072e-05	100.0
0.000373903678731	-0.00119591580731	0.000948753774675	0.0442013244054	-0.1549095033	0.120977342684	1.34036470251e-11	2.0752080072e-05	100.0
0.00017589092866	-0.00174286279704	0.000204552063327	0.0180816570977	-0.225699515471	0.025849804721	1.34036470251e-11	2.0752080072e-05	100.0
-0.000331339246689	-0.00151152068764	4.49526446883e-05	-0.047454397895	-0.192847305678	0.00525981513812	1.34036470251e-11	2.0752080072e-05	100.0
0.000177180093012	-0.000765576838655	0.000929382403569	0.0178623378295	-0.0976965569262	0.115196782861	1.33884946718e-11	2.0728620572e-05	100.0
0.000240072932168	-0.000489940623781	0.000374508453689	0.0212560316634	-0.0551767232293	0.0380045319538	1.33884946718e-11	2.0728620572e-05	100.0
-5.71539277771e-05	-0.000421256326431	0.000227326404847	-0.0131280466241	-0.0383875679987	0.0157877753488	1.33884946718e-11	2.0728620572e-05	100.0
0.000314556401143	-0.00133238649893	-0.000842867011609	0.0362909943476	-0.172546184515	-0.107310531015	1.33884946718e-11	2.0728620572e-05	100.0
-0.00032575849729	-0.000847657681267	-0.000484566315208	-0.0455003770943	-0.104239508358	-0.0564106637573	1.33884946718e-11	2.0728620572e-05	100.0
0.000383844450735	-0.000552174872313	-0.000892746615277	0.0441181730644	-0.0695876762167	-0.109929012802	1.33884946718e-11	2.0728620572e-05	100.0
-9.33884726075e-05	-0.000759059242078	-0.000566919510633	-0.016701940606	-0.0932609916058	-0.0660355510325	1.33884946718e-11	2.0728620572e-05	100.0
0.00018699610907	-0.00180645178007	-0.000165236793547	0.0193901152486	-0.234338548683	-0.020569882367	1.33582050521e-11	2.0681724932e-05	100.0
-0.000285927569837	-0.00114047702037	-0.000197968427548	-0.0402192414618	-0.140628544754	-0.0204365326218	1.33582050521e-11	2.0681724932e-05	100.0
0.000152583695478	-0.00164964100522	-0.000802777727838	0.0153131508145	-0.214854334755	-0.103646013571	1.33582050521e-11	2.0681724932e-05	100.0
0.000208426178783	-0.000320591459234	-0.00032010389696	0.0135367767119	-0.0312508091941	-0.0264192665278	1.33582050521e-11	2.0681724932e-05	100.0
-4.91946547572e-05	-0.000185643187113	-0.000605836363639	-0.0110631196177	-0.020819727211	-0.0614166715321	1.33582050521e-11	2.0681724932e-05	100.0
-6.68206675317e-05	-0.000782891055548	-0.000729122713576	-0.0136027347381	-0.0975476951572	-0.0881499598374	1.33430627568e-11	2.0658281005e-05	100.0
-5.7695115472e-05	-0.00159373265404	-0.000224692581697	-0.0124679889605	-0.204859489305	-0.0278332452673	1.33279254905e-11	2.0634844864e-05	100.0
8.41553635563e-05	-0.00150030529084	-0.000380021006028	0.00554929679342	-0.192770579918	-0.0472903124626	1.33279254905e-11	2.0634844864e-05	100.0
-0.000194890225018	-0.00131392493296	-0.000520415509711	-0.029958525045	-0.167954508347	-0.0647624948111	1.33279254905e-11	2.0634844864e-05	100.0
-2.88281654098e-06	-0.00034171969705	-0.000662592174609	-0.00587907212898	-0.0396775710968	-0.0730562681943	1.33279254905e-11	2.0634844864e-05	100.0
-7.14343721271e-05	-0.00071413023481	0.000781863867665	-0.0139791271491	-0.0887658859081	0.094844711432	1.32976610158e-11	2.0587988154e-05	100.0
-0.000321655104808	-0.000769243411096	0.000146425152019	-0.0412672749961	-0.0916633566294	0.0101725662434	1.32976610158e-11	2.0587988154e-05	100.0
1.26525896033e-05	-0.000418906096369	0.00070154165844	-0.00379543057626	-0.0505302238907	0.0795584585485	1.32976610158e-11	2.0587988154e-05	100.0
1.77192386188e-05	-0.00177386282123	0.000447612937923	-0.00246291261187	-0.230540196715	0.0568818846278	1.32976610158e-11	2.0587988154e-05	100.0
-0.000185263589203	-0.00138849225893	0.000435652577975	-0.0289001297066	-0.177581330929	0.0536830727502	1.32976610158e-11	2.0587988154e-05	100.0
0.000178627533687	-0.00176213003993	-0.000144225310127	0.0183711982417	-0.228206187586	-0.0185011063367	1.32976610158e-11	2.0587988154e-05	100.0
-0.000213791499126	-0.00179940994976	-2.8942873596e-05	-0.0328239212297	-0.232916880607	-0.00344606078137	1.32976610158e-11	2.0587988154e-05	100.0
-4.34604940884e-05	-0.00111653074979	-0.00105324259806	-0.0103173442556	-0.144222640374	-0.13398215552	1.32976610158e-11	2.0587988154e-05	100.0
-0.000106422891058	-0.000783040155731	-0.000569444720185	-0.0184134507352	-0.0958495993145	-0.0664169952855	1.32976610158e-11	2.0587988154e-05	100.0
3.09071362056e-05	-0.00153102646347	0.000478495200473	-0.00082046886165	-0.197483696605	0.060319047081	1.3267411628e-11	2.0541154802e-05	100.0
-0.000265831783714	-0.00142611129658	0.000319325952759	-0.0390716974348	-0.182136047622	0.0388771554731	1.3267411628e-11	2.0541154802e-05	100.0
2.40893897944e-05	-0.00166752663445	0.000313363210196	-0.00205391281539	-0.215270885094	0.0395075179614	1.3267411628e-11	2.0541154802e-05	100.0
-0.000298552779742	-0.00144108324792	-1.12036733415e-05	-0.0427041633518	-0.182854977496	-0.00175949709854	1.3267411628e-11	2.0541154802e-05	100.0
6.21942793341e-05	-0.00171943127751	8.91761538288e-05	0.00313922570863	-0.22208983846	0.0114517434729	1.3267411628e-11	2.0541154802e-05	100.0
-0.000112082819579	-0.00016125161742	0.000472800584674	-0.0172888722231	-0.0139079302357	0.0401970260224	1.32522894487e-11	2.0517742019e-05	100.0
-0.000384775629992	-0.0018585340969	0.000143795177861	-0.0551255495417	-0.241288392173	0.0186953146711	1.32522894487e-11	2.0517742019e-05	100.0
-0.000123208273706	-0.00196684988772	0.000120713747378	-0.0210056806465	-0.256080123084	0.0161046841526	1.32522894487e-11	2.0517742019e-05	100.0
-6.41131061847e-05	-0.00197121278692	0.000422266279616	-0.013009316297	-0.257350517888	0.0542660130484	1.32371722983e-11	2.0494337022e-05	100.0
-0.00034110989676	-0.00180014251867	0.000156276705675	-0.0492176772479	-0.233440364275	0.0192133849369	1.32371722983e-11	2.0494337022e-05	100.0
-0.000119662344893	-0.00162533357181	-0.000849454362521	-0.0203660555065	-0.211565290543	-0.10913103922	1.32220551479e-11	2.0470932025e-05	100.0
-0.000108610962736	-0.000408711704511	0.000704667366231	-0.0184026314526	-0.048074644572	0.080375074507	1.32069379976e-11	2.0447527029e-05	100.0
-1.01010445365e-06	-0.00117346760137	0.000999649819147	-0.00483827968952	-0.151626931021	0.126925577897	1.32069379976e-11	2.0447527029e-05	100.0
-0.000248181354202	-0.000738246426057	-3.53411949305e-05	-0.0361382239496	-0.0838642532017	-0.00504810424299	1.32069379976e-11	2.0447527029e-05	100.0
-0.000155265776099	-0.00208114378736	0.000298234635134	-0.0252588939663	-0.271925128065	0.0389981593479	1.32069379976e-11	2.0447527029e-05	100.0
-0.000243669422937	-0.00161936924334	-4.96375895416e-06	-0.036327234929	-0.207762399123	-0.000879201328515	1.32069379976e-11	2.0447527029e-05	100.0
0.000172768977246	-0.00204646010553	6.13889348025e-05	0.0179537620497	-0.267042020245	0.00820375344242	1.32069379976e-11	2.0447527029e-05	100.0
-0.000303356928007	-0.00164143904169	-0.000151653886548	-0.0441050600228	-0.211491696201	-0.0188712753174	1.32069379976e-11	2.0447527029e-05	100.0
-2.24023961713e-05	-0.00161027331554	0.000584150001675	-0.0078573361086	-0.208500085122	0.0742959803825	1.31767187838e-11	2.0400740393e-05	100.0
-0.000296696723792	-0.00112390424525	0.000109722073925	-0.0400635413991	-0.136926163975	0.00869414222673	1.31767187838e-11	2.0400740393e-05	100.0
0.000102914951102	-0.00180533655323	-0.00097378438462	0.008857065984	-0.236082105507	-0.126172059187	1.31767187838e-11	2.0400740393e-05	100.0
-0.000152046796064	-0.00148585262985	-0.000569213197371	-0.024617533694	-0.191878606695	-0.0713464444065	1.31767187838e-11	2.0400740393e-05	100.0
-9.33221496982e-05	-0.000502521668024	-0.000704872803714	-0.0164177187316	-0.0602262276276	-0.0815906333837	1.31767187838e-11	2.0400740393e-05	100.0
-9.11024945691e-05	-0.000319129116308	0.000499813392705	-0.0161466490278	-0.033643077586	0.0484162400021	1.31616116914e-11	2.0377350969e-05	100.0
0.000179165424726	-0.00106003787165	0.000727236210121	0.0181064510957	-0.135344106511	0.0903649623702	1.31616116914e-11	2.0377350969e-05	100.0
5.33219246984e-05	-0.00205565216337	0.000321593969566	0.00217218734253	-0.268482388769	0.0413468326427	1.31616116914e-11	2.0377350969e-05	100.0
0.000138870361595	-0.00148788198173	-0.00102127397586	0.0134659688163	-0.194013481331	-0.13089616057	1.31616116914e-11	2.0377350969e-05	100.0
-0.000255240579176	-0.000995707482018	-0.000831391351414	-0.0377376978754	-0.126779913423	-0.10390609541	1.31616116914e-11	2.0377350969e-05	100.0
4.92516179289e-05	-0.000175799456997	0.00053627587073	-0.00111677406249	-0.0188429868654	0.0507400944649	1.3146504599e-11	2.0353961544e-05	100.0
-0.000140722011908	-0.00178464545926	0.000553425694254	-0.0230701934446	-0.23186708569	0.0710142108866	1.3146504599e-11	2.0353961544e-05	100.0
-0.000360794809294	-0.0015367955772	0.000159079383795	-0.0512091221241	-0.196900081916	0.0193851141055	1.3146504599e-11	2.0353961544e-05	100.0
0.000276911899629	-0.00193732099838	-0.00041919675471	0.0315385964485	-0.252807061684	-0.0532429673489	1.3146504599e-11	2.0353961544e-05	100.0
-0.000243603576057	-0.001539195179	-0.000480345365831	-0.0364099403303	-0.198830823599	-0.060514406887	1.3146504599e-11	2.0353961544e-05	100.0
0.000115270610259	-0.000276637790119	-0.000752771886077	0.00848630659478	-0.0330751043423	-0.085942036726	1.3146504599e-11	2.0353961544e-05	100.0
-6.99627452853e-05	-0.000877587575917	-0.000344855773472	-0.0143328429408	-0.107248912679	-0.0375453550473	1.31163004722e-11	2.0307198267e-05	100.0
0.000328076502268	-0.0014604212755	-0.00089260597651	0.0379697113882	-0.189658951818	-0.114410238477	1.31163004722e-11	2.0307198267e-05	100.0
-0.000307586497961	-0.000632869672035	-0.000179778261028	-0.0401317925288	-0.0718739913614	-0.0132165483434	1.31163004722e-11	2.0307198267e-05	100.0
0.000207458896987	-0.000857084750672	-0.00108984802816	0.0220797209516	-0.110519077188	-0.137321720623	1.31163004722e-11	2.0307198267e-05	100.0
-0.000233475465998	-0.000548354308054	-0.000448838420907	-0.0327835164702	-0.0624897787741	-0.0477385922946	1.31163004722e-11	2.0307198267e-05	100.0
-0.000233551401678	-0.000914106983008	0.00049379268556	-0.0343203744291	-0.113566506648	0.05746051042	1.3071009369e-11	2.023707671e-05	100.0
-0.000224641970522	-0.00220962655974	0.000417958965114	-0.0343848485928	-0.289241881543	0.054581710195	1.3071009369e-11	2.023707671e-05	100.0
-0.000334636034221	-0.00134498123228	-2.24533870414e-05	-0.0467146217538	-0.168840785738	-0.00250764105843	1.3071009369e-11	2.023707671e-05	100.0
0.00017029961524	-0.00141248831906	-0.000839224494925	0.017583042426	-0.183120842988	-0.10724972404	1.3071009369e-11	2.023707671e-05	100.0
-0.000297672015608	-0.000616403873521	-0.000129608823918	-0.0378774127658	-0.069357237669	-0.00659217912881	1.3071009369e-11	2.023707671e-05	100.0
0.000351758660399	-0.000447659270688	-0.000529397218005	0.0363319580449	-0.0531639067904	-0.0590083294769	1.3071009369e-11	2.023707671e-05	100.0
0.000358361507434	-0.00107620815094	0.00100153282436	0.0416975287381	-0.139546527168	0.12673546665	1.30559123346e-11	2.0213702858e-05	100.0
0.000261798295622	-0.000145346104361	0.000773948002523	0.026310634586	-0.018689526042	0.0888071954171	1.30408153002e-11	2.0190329006e-05	100.0
0.000118797095726	-0.001838575902	0.000341802295887	0.0105071344982	-0.238591768833	0.0433534232864	1.30408153002e-11	2.0190329006e-05	100.0
-5.00223311621e-05	-0.00122467329015	-0.000193343695573	-0.0121832038458	-0.152907021374	-0.0212080476515	1.30408153002e-11	2.0190329006e-05	100.0
0.000492769320747	-0.00171639790198	-0.000837697672926	0.0600025771686	-0.224148875472	-0.107960120334	1.30408153002e-11	2.0190329006e-05	100.0
-0.000247538151745	-0.0011208453616	-0.000440875108251	-0.0364427855899	-0.140860034501	-0.0521521301339	1.30408153002e-11	2.0190329006e-05	100.0
-2.22999762255e-05	-0.000523936693405	-0.000735960659098	-0.00830613509456	-0.0641207093412	-0.0856535841155	1.30408153002e-11	2.0190329006e-05	100.0
-0.000215782173088	-0.000494848692221	-0.000747915869434	-0.03159910569	-0.0595145353166	-0.0879761123453	1.30408153002e-11	2.0190329006e-05	100.0
-0.000268428974417	-0.000920403562268	0.000750846676857	-0.0391801187948	-0.116347951469	0.0924982699844	1.30257232948e-11	2.0166962939e-05	100.0
-0.000275312644767	-0.000745994977788	0.000317424953208	-0.0383865024933	-0.0887273994864	0.0324289886349	1.30257232948e-11	2.0166962939e-05	100.0
-2.9842864734e-06	-0.000723866566571	0.000867014708853	-0.00528629984131	-0.0909512218971	0.106432406242	1.30257232948e-11	2.0166962939e-05	100.0
-0.000318865077008	-0.000722912957009	0.000100302145136	-0.0395000411367	-0.0846208522515	0.00437190158028	1.30257232948e-11	2.0166962939e-05	100.0
0.000454183650764	-0.000347677530627	0.000852054113762	0.0520438644987	-0.0443878982456	0.102879710811	1.30257232948e-11	2.0166962939e-05	100.0
0.000329380104325	-0.00213131604493	-9.79626814234e-05	0.0385868696508	-0.278586075791	-0.0128615194765	1.30257232948e-11	2.0166962939e-05	100.0
-0.000318102590687	-0.00139337370295	-0.000218554242056	-0.0454636870783	-0.176965676914	-0.0263398919482	1.30257232948e-11	2.0166962939e-05	100.0
-3.65868870953e-05	-0.00173277336754	0.000230457624829	-0.00941513420698	-0.224257316355	0.0286347039646	1.30257232948e-11	2.0166962939e-05	100.0
-0.000198533110946	-0.00052672054851	4.19563598929e-05	-0.0241692378497	-0.0572258045966	0.0085985378746	1.30257232948e-11	2.0166962939e-05	100.0
0.000547670489805	-0.00130318789658	-0.000977173597766	0.0668877060047	-0.169708773834	-0.125087352467	1.30257232948e-11	2.0166962939e-05	100.0
0.000525259368294	-0.00152423759832	0.000902622920488	0.0640453797301	-0.198806205164	0.115792988212	1.30106312894e-11	2.0143596873e-05	100.0
-8.92780911353e-05	-4.25459827424e-05	0.000510415349321	-0.0147082586684	-0.00471334142075	0.0433527277283	1.2995539284e-11	2.0120230807e-05	100.0
0.000116200628443	-0.0010830026427	0.00122849760515	0.0106400884191	-0.140964492787	0.156463269429	1.2995539284e-11	2.0120230807e-05	100.0
0.00037086570182	-0.00111358602492	0.000978525522422	0.0434437873135	-0.143971530999	0.12425917859	1.2995539284e-11	2.0120230807e-05	100.0
0.00040298555204	-0.0016093183583	0.000683064911966	0.0480274693111	-0.209328019032	0.0874104546267	1.2995539284e-11	2.0120230807e-05	100.0
0.000418762805706	-0.00110944123772	0.000797572158826	0.0488683038671	-0.143032214274	0.0998047310592	1.2995539284e-11	2.0120230807e-05	100.0
0.000499510053682	-0.0019207217565	0.000906262971696	0.0610592894904	-0.251601821433	0.117294874702	1.2995539284e-11	2.0120230807e-05	100.0
-0.000263951198685	-0.00212374020201	-5.16482236321e-05	-0.039613048964	-0.277354261637	-0.00632200156258	1.2995539284e-11	2.0120230807e-05	100.0
-0.000282269259097	-0.000779525159645	-9.09889767101e-05	-0.035203721417	-0.0928568991914	-0.0020298048025	1.2995539284e-11	2.0120230807e-05	100.0
-0.000152446858991	-0.000234253573577	-0.000722260618647	-0.0231542504806	-0.0285304184235	-0.0796975244633	1.2995539284e-11	2.0120230807e-05	100.0
0.00016836135915	-0.00164339858823	0.000505925117302	0.017059867856	-0.212919148458	0.0638646030388	1.29653603021e-11	2.007350646e-05	100.0
-0.000426077557934	-0.00129369957978	9.10365726282e-05	-0.0580746411593	-0.162551153585	0.0103432158268	1.29653603021e-11	2.007350646e-05	100.0
-4.48028724228e-05	-3.87252899322e-05	0.000588653885092	-0.0103852912091	-0.00425905716335	0.0567150228216	1.29351813203e-11	2.0026782114e-05	100.0
-0.000278632023624	-0.00133617338245	0.000461568947411	-0.0406269054527	-0.170540455945	0.0565493133504	1.29351813203e-11	2.0026782114e-05	100.0
7.02844777924e-05	-0.000890109942253	0.000500780407204	0.00353588981072	-0.110240315056	0.0591716592221	1.29351813203e-11	2.0026782114e-05	100.0
-2.88660829081e-05	-0.00201947677495	-0.000121828095158	-0.00868608294921	-0.263335777561	-0.0151997732095	1.29351813203e-11	2.0026782114e-05	100.0
-0.000168882468285	-0.00204513903298	-0.000440612237344	-0.0269151859198	-0.267337253367	-0.0572489376827	1.29351813203e-11	2.0026782114e-05	100.0
0.000184040369613	-0.0010489490818	-0.00105475217803	0.0188074850653	-0.13532445372	-0.133682169416	1.29351813203e-11	2.0026782114e-05	100.0
-0.000271779990743	-0.000676607902816	-0.000501226006347	-0.0383673344725	-0.0808418807031	-0.0565618335773	1.29351813203e-11	2.0026782114e-05	100.0
-0.000140309239535	-0.0019823832302	-0.000752164887531	-0.023208776251	-0.259346259823	-0.0973393888953	1.29050023385e-11	1.9980057767e-05	100.0
-0.000269309061275	-0.000893792006025	-0.000195891543248	-0.0365418830847	-0.108828555605	-0.0160268596414	1.29050023385e-11	1.9980057767e-05	100.0
0.000576391464615	-0.000579958018687	-0.000695663467421	0.0675619217186	-0.0736438982134	-0.0841096647705	1.29050023385e-11	1.9980057767e-05	100.0
-0.000145705341426	-0.000870699999074	0.000788499686045	-0.0233850568508	-0.110002617525	0.0968045013514	1.28899103331e-11	1.9956691701e-05	100.0
-0.000283139626532	-0.000727110586474	0.000290810242415	-0.0387001608441	-0.0860145982994	0.029214534281	1.28899103331e-11	1.9956691701e-05	100.0
-4.1042981198e-05	-0.000582471734539	0.000897025894834	-0.0100398625261	-0.0731596186056	0.10865096611	1.28899103331e-11	1.9956691701e-05	100.0
-0.000187125248822	-0.00131948352725	0.000603954269832	-0.0290551086806	-0.169036483167	0.075297615756	1.28899103331e-11	1.9956691701e-05	100.0
-0.000414167905473	-0.00122686764304	0.000398175835834	-0.057600505554	-0.155295555265	0.0483205328233	1.28899103331e-11	1.9956691701e-05	100.0
0.00033935483327	-0.00130475771344	0.00096772003293	0.039463896104	-0.169245595792	0.123703322833	1.28899103331e-11	1.9956691701e-05	100.0
0.000157756558978	-0.00204049956775	-0.000657931283858	0.0158704082046	-0.26689822028	-0.0849093752611	1.28748233567e-11	1.9933333421e-05	100.0
-0.000320404564381	-0.000947755925312	-0.000232664442402	-0.0433070562544	-0.115634895099	-0.0226513438323	1.28748233567e-11	1.9933333421e-05	100.0
4.83530122919e-05	-0.000348848824745	-0.000906531923185	0.000944163307461	-0.0436250588938	-0.108250831788	1.28748233567e-11	1.9933333421e-05	100.0
-6.62123335423e-05	-0.00183386794896	-0.000461642777186	-0.0135364092709	-0.238655829892	-0.0590267395275	1.28597313512e-11	1.9909967355e-05	100.0
1.36608713743e-05	-0.00105047857262	0.00105771977796	-0.00292887537683	-0.135438510914	0.133894571835	1.28446443748e-11	1.9886609074e-05	100.0
-4.88668382023e-06	-0.00175916949659	0.000665766561074	-0.00561855282483	-0.22867449015	0.0852057953687	1.28446443748e-11	1.9886609074e-05	100.0
0.000297480155184	-0.00230697906163	0.000305090196882	0.0346537211884	-0.30244628729	0.039670226338	1.28446443748e-11	1.9886609074e-05	100.0
-3.44324900809e-05	-0.00240419059942	6.67609007807e-06	-0.00924490683294	-0.315232408751	0.000660045946923	1.28446443748e-11	1.9886609074e-05	100.0
0.000133868391557	-0.00200719227082	-0.000370605628206	0.0127359198548	-0.261645712256	-0.0482381928	1.28446443748e-11	1.9886609074e-05	100.0
-0.000338571464393	-0.00142218134519	-0.000236760376443	-0.0481663376187	-0.1807249866	-0.0285784595445	1.28446443748e-11	1.9886609074e-05	100.0
0.000172253803369	-0.000411162684383	0.00093623079944	0.0164543833524	-0.0516752222136	0.1136583307	1.28406010651e-11	1.9880349055e-05	100.0
0.000318998834774	-0.00244053822385	-0.00040563393926	0.0370859739635	-0.319913531763	-0.0521874071777	1.28406010651e-11	1.9880349055e-05	100.0
0.000402136569388	-0.00091261426477	0.00152168753589	0.0482443388963	-0.119752662205	0.195538321791	1.28295523694e-11	1.9863243008e-05	100.0
-3.26216636224e-05	-0.00201360398287	-0.000350129163296	-0.00890154620528	-0.263205395957	-0.045407829864	1.28295523694e-11	1.9863243008e-05	100.0
-0.000240757727035	-0.000738725044634	-9.49216249306e-07	-0.0265101536204	-0.0845990491654	0.00998423175105	1.28295523694e-11	1.9863243008e-05	100.0
0.000275925611106	-0.000307749708847	-0.00089274724697	0.0295470846858	-0.0394015413113	-0.106766694391	1.28295523694e-11	1.9863243008e-05	100.0
-0.000294430594145	-0.000357185394832	-6.8801516197e-05	-0.042205653179	-0.0253594435267	-0.00973338238095	1.28231454334e-11	1.9853323525e-05	100.0
0.000377694066504	-5.84493274856e-05	0.000612677928784	0.0386882555397	-0.00686991087293	0.0669573620859	1.28231454334e-11	1.9853323525e-05	100.0
0.0005106486892	-0.00213197162391	-0.000539730953076	0.0621005857889	-0.278883679084	-0.069476404864	1.28231454334e-11	1.9853323525e-05	100.0
3.6826169354e-05	-0.000842885157857	-0.000301717747531	-0.00328438509934	-0.1031875814	-0.0312293663188	1.28231454334e-11	1.9853323525e-05	100.0
0.000108857548753	-0.00208911452341	-0.000548510756597	0.00955578292413	-0.273115648979	-0.0709351820311	1.2814460364e-11	1.9839876942e-05	100.0
-0.000282391992555	-0.00149767028963	-0.000383026401278	-0.0415453180822	-0.192120608596	-0.0477149026997	1.2814460364e-11	1.9839876942e-05	100.0
0.000435112687149	-0.0018421004019	-0.000680959638284	0.052304240974	-0.240500325527	-0.087548004648	1.2814460364e-11	1.9839876942e-05	100.0
-0.000253035313142	-0.000902159396979	-0.000275414883114	-0.0360701070078	-0.109907837316	-0.0274363837218	1.2814460364e-11	1.9839876942e-05	100.0
0.000171984870196	-0.000441376192602	-0.000863321772133	0.0161973311729	-0.0548075452405	-0.103623346797	1.2814460364e-11	1.9839876942e-05	100.0
0.000571719756269	-0.00151652982351	0.000961377416383	0.0698372258623	-0.198088878858	0.122979409887	1.28058104975e-11	1.9826484861e-05	100.0
0.000350666758889	-0.00190686894249	-0.000148965239042	0.0403191453089	-0.247724969776	-0.019336180011	1.28058104975e-11	1.9826484861e-05	100.0
-1.54469192849e-05	-0.00122620736159	-0.000400419986352	-0.00718522002676	-0.155471117195	-0.0479292488766	1.28058104975e-11	1.9826484861e-05	100.0
-0.000265209945605	-0.00102918972349	0.000359571782582	-0.0382201095571	-0.127904263811	0.0401340225764	1.27993683586e-11	1.9816510876e-05	100.0
0.0007422522681	-0.000794017810241	0.00105357408566	0.0915815534513	-0.103240550426	0.133666115932	1.27885962574e-11	1.9799833064e-05	100.0
0.000105125497405	-0.00128402795582	9.9950981682e-05	0.00546248922633	-0.16206015664	0.00969704304637	1.27885962574e-11	1.9799833064e-05	100.0
-0.000230903348793	-0.00075840455562	-8.70183518996e-06	-0.0333774389588	-0.0881638253634	-0.000462100777057	1.27885962574e-11	1.9799833064e-05	100.0
2.57541561125e-05	-0.00137673363128	6.42542834796e-05	-0.00421459890786	-0.17315613783	0.00701242560801	1.27885962574e-11	1.9799833064e-05	100.0
-0.000255011018342	-0.000403596763045	-5.34436776231e-06	-0.0308301717889	-0.0331880855815	-0.00141889798911	1.27885962574e-11	1.9799833064e-05	100.0
0.000305759865685	-0.00202420024071	-0.000197909427049	0.0350514094076	-0.263577731292	-0.0251498068637	1.27885962574e-11	1.9799833064e-05	100.0
0.000147927142856	-0.00218113679208	-0.000796691310059	0.0146072231359	-0.285735873326	-0.103072233386	1.27885962574e-11	1.9799833064e-05	100.0
-0.000278264270716	-0.000436613994533	-9.48689551368e-05	-0.0387904965389	-0.0399383790788	-0.0133767997348	1.27714976841e-11	1.9773360346e-05	100.0
0.000443478688925	-0.000586278375157	0.00072771616742	0.0503594982249	-0.0740895100049	0.0874837154713	1.27714976841e-11	1.9773360346e-05	100.0
0.000230289288997	-0.00210970499375	0.000484608317075	0.0252770319187	-0.275664839895	0.0623542141006	1.27714976841e-11	1.9773360346e-05	100.0
0.000444377019545	-0.00173157492361	-0.00012237796039	0.0520826639951	-0.224381024086	-0.0148056427999	1.27714976841e-11	1.9773360346e-05	100.0
0.000288237671855	-0.0019595680931	-0.00103791686923	0.0330207464065	-0.25645435734	-0.134419296999	1.27714976841e-11	1.9773360346e-05	100.0
0.00021352733314	-0.00102772570806	-0.000276556485332	0.0197229866768	-0.128913135674	-0.0306630222019	1.27714976841e-11	1.9773360346e-05	100.0
-0.000306821467085	-0.00114160590556	0.000550437681357	-0.0441360491604	-0.144792425232	0.0668811794259	1.27540873134e-11	1.9746404891e-05	100.0
-0.00030159900927	-0.000925176363957	0.000335675108677	-0.0421638008857	-0.113570862889	0.0364968534353	1.27540873134e-11	1.9746404891e-05	100.0
-0.000177622131443	-0.00144794453134	0.000694968587143	-0.0278420509599	-0.18686691	0.0877017070484	1.27540873134e-11	1.9746404891e-05	100.0
0.000245089139608	-0.000205172192454	0.000446638216429	0.0194543995861	-0.0209495707204	0.0415068579716	1.27540873134e-11	1.9746404891e-05	100.0
0.000350777473867	-0.00240668862775	0.000162894146842	0.0414406329606	-0.315492817457	0.0213045059489	1.27540873134e-11	1.9746404891e-05	100.0
0.000416194516243	-0.00197883634409	-0.000845334412504	0.0499726421031	-0.259107474635	-0.109146572201	1.27540873134e-11	1.9746404891e-05	100.0
-0.000276290214009	-0.000733213653756	-0.000307311501146	-0.037976420604	-0.0867889662466	-0.0313363198394	1.27540873134e-11	1.9746404891e-05	100.0
0.000380044312422	-0.0011091179874	-0.0012527257905	0.0449232920296	-0.14456803277	-0.160325207526	1.27540873134e-11	1.9746404891e-05	100.0
-0.00026667207503	-0.000369238152863	-0.000166212096507	-0.0316823804695	-0.0315046168146	-0.0077506746746	2.53722510272e-11	3.9282367249e-05	100.0
0.000291025871366	-0.00146560798081	0.00135163941287	0.0335375858188	-0.191657506187	0.175012462442	1.27376374801e-11	1.9720936579e-05	100.0
0.000117772297932	-0.000423909259298	0.000520844764597	0.00821749717343	-0.0469280309729	0.0558281387533	1.27376374801e-11	1.9720936579e-05	100.0
0.00020021539729	-0.00255865614864	6.61980757056e-05	0.0215278431385	-0.3355192	0.00876298460892	1.27376374801e-11	1.9720936579e-05	100.0
-0.000190681641219	-0.00163294884631	-0.000188845283464	-0.0297871376278	-0.209972717515	-0.0238660174321	1.27376374801e-11	1.9720936579e-05	100.0
-0.000253449719502	-0.000419033635945	0.000273708002583	-0.0327546873296	-0.0411668774081	0.0221250056218	1.27238982735e-11	1.9699664972e-05	100.0
7.41497688777e-05	-0.000458331273708	0.0009478654998	0.0044612768743	-0.0584175962678	0.114588842964	1.27238982735e-11	1.9699664972e-05	100.0
4.65221964466e-05	-0.00174773509868	0.00112328823889	0.00140246357319	-0.228563530334	0.145605240975	1.27238982735e-11	1.9699664972e-05	100.0
9.68283525843e-05	-0.000698017891641	0.00117488938885	0.00776606779458	-0.0902945631446	0.147560430733	1.27238982735e-11	1.9699664972e-05	100.0
0.000145872126929	-0.00185345887313	0.000494287686402	0.0139905080181	-0.240820790072	0.0632872583274	1.27238982735e-11	1.9699664972e-05	100.0
0.000135358194346	-0.000735659616645	9.66859045875e-05	0.00676924527094	-0.0872757566158	0.00610344771314	1.27208758493e-11	1.969498553e-05	100.0
0.000568326412322	-0.00125058958797	-0.000676510886328	0.0686201850276	-0.161960654564	-0.0845796936865	1.27208758493e-11	1.969498553e-05	100.0
0.00024679928453	-0.00221938064717	0.000601125735876	0.0278941605478	-0.291071195327	0.07746849842	1.26936941468e-11	1.9652901695e-05	100.0
-0.000220413725133	-0.000363022140522	0.000276645725119	-0.0284510558654	-0.0328919892449	0.0203931757255	1.26785920834e-11	1.9629520057e-05	100.0
-0.000312992273151	-0.000423330045519	0.000337373282145	-0.0399893489012	-0.0433904146198	0.0316964956693	1.26785920834e-11	1.9629520057e-05	100.0
0.000230174067638	-0.00174021348875	0.000117803276467	0.025263642308	-0.225176192345	0.0150099022656	1.26785920834e-11	1.9629520057e-05	100.0
0.00026545665151	-0.00188350493233	-0.000191714396621	0.0294182987713	-0.244652164945	-0.0240286476515	1.26785920834e-11	1.9629520057e-05	100.0
-0.000282513162963	-0.00134136569398	-0.000303464027734	-0.04099848406	-0.170129283642	-0.0362701040736	1.26785920834e-11	1.9629520057e-05	100.0
0.000123520217036	-3.34219271625e-05	-0.000652215097223	0.00844213979531	-0.0055223553481	-0.0679977822575	1.26785920834e-11	1.9629520057e-05	100.0
-0.000318069684343	-0.000458054000056	-9.77837828944e-05	-0.0420117579066	-0.0449549362027	-0.0124570579414	1.26712095229e-11	1.9618090072e-05	100.0
0.000230310073718	-0.00144631439824	0.00101093438778	0.0256281176006	-0.188467531769	0.130048472475	1.26712095229e-11	1.9618090072e-05	100.0
0.00018884507921	-0.00228865510002	-3.08147240721e-05	0.0203665826186	-0.300062621006	-0.00472876599629	1.26712095229e-11	1.9618090072e-05	100.0
-0.000179979947977	-0.000558849065864	0.000612723891751	-0.0272403599791	-0.0665670143953	0.0693735741287	1.266349002e-11	1.9606138418e-05	100.0
-0.000242830879798	-0.000416070081825	1.27250849788e-05	-0.0275108851246	-0.0354984869613	-0.00849807041861	1.266349002e-11	1.9606138418e-05	100.0
-0.000176948422221	-0.000351744785262	0.000616612518149	-0.0261650399435	-0.0405485277181	0.0661974274272	1.266349002e-11	1.9606138418e-05	100.0
-8.87210530597e-05	-0.0006798034489	0.000858775732294	-0.016105620494	-0.0852319034866	0.104416049494	1.266349002e-11	1.9606138418e-05	100.0
-0.000146553478585	-0.000260787317256	0.000485840431798	-0.0216211146536	-0.0274281955472	0.0443668389519	1.266349002e-11	1.9606138418e-05	100.0
0.000349294457585	-0.000741400474225	0.000937934635523	0.0396966026234	-0.09487870015	0.116676422903	1.266349002e-11	1.9606138418e-05	100.0
0.000413120684632	-0.0017109425637	0.000888156941929	0.0496854973814	-0.223587162611	0.114449159431	1.266349002e-11	1.9606138418e-05	100.0
-8.3774350827e-05	-0.00235380028133	0.000463731189685	-0.0157656209511	-0.308522142879	0.0602829694394	1.266349002e-11	1.9606138418e-05	100.0
0.00025525461709	-0.0021149469705	-0.000118036507815	0.0286177222881	-0.276128649811	-0.0148280309061	1.266349002e-11	1.9606138418e-05	100.0
-0.000293718798987	-0.00122709748041	-0.000139928246098	-0.0411909012186	-0.152342523386	-0.014245832827	1.266349002e-11	1.9606138418e-05	100.0
0.000585183444961	-0.00133741879101	0.00106690784323	0.0716191103181	-0.174587698606	0.136601037947	1.26386065669e-11	1.9567612828e-05	100.0
0.000790231673598	-0.00180307136564	0.00102371769019	0.0988936684729	-0.236130119807	0.132286854839	1.26386065669e-11	1.9567612828e-05	100.0
0.000617107046838	-0.0020654703977	1.76751971898e-05	0.075683388139	-0.26945662562	0.00201933331629	1.26386065669e-11	1.9567612828e-05	100.0
0.000233607644878	-0.00159995552443	-2.32707690244e-05	0.0237973725913	-0.205549808254	-0.00250832073483	1.26386065669e-11	1.9567612828e-05	100.0
0.000375313994392	-0.00110593621424	-0.00079045885865	0.0437083396654	-0.142311012466	-0.0993310846221	1.26386065669e-11	1.9567612828e-05	100.0
0.000672200257928	-0.00109774797423	0.000983134648988	0.0825352299187	-0.142729826614	0.124969790577	1.26224534441e-11	1.9542603896e-05	100.0
0.00038435187273	-0.00198299301108	0.000806424575266	0.0455640367677	-0.259358387219	0.103737500963	1.26224534441e-11	1.9542603896e-05	100.0
0.000322240968862	-0.00237921840869	0.000239367588479	0.0373527958247	-0.311387738972	0.0309209265876	1.26224534441e-11	1.9542603896e-05	100.0
0.000484132705039	-0.00177775807447	-0.00134538448862	0.0590365954706	-0.233236555059	-0.174204009664	1.26224534441e-11	1.9542603896e-05	100.0
-0.000132098989093	-0.00113996481275	1.20394002219e-05	-0.0267838991581	-0.138153252276	0.00500100270024	1.26224534441e-11	1.9542603896e-05	100.0
0.000100598537296	-0.00109019948898	-0.000166460474086	0.00403687854805	-0.136205434445	-0.0164458787203	1.26224534441e-11	1.9542603896e-05	100.0
-0.000266888930164	-0.00107429914796	0.000679389270412	-0.0390753508757	-0.136365535853	0.0835388746982	1.26181637138e-11	1.9535962358e-05	100.0
-0.000301645268598	-0.000951662120081	0.000206829047046	-0.0406610757501	-0.116166371212	0.0184021381381	1.26181637138e-11	1.9535962358e-05	100.0
0.000692469835	-0.00169727489203	-0.00115983128228	0.0864916478606	-0.222514440484	-0.15007412951	1.26181637138e-11	1.9535962358e-05	100.0
0.00055705282961	-0.00147959825534	0.000659733160427	0.0674835019237	-0.192248195617	0.0831498542445	1.26063908432e-11	1.9517735114e-05	100.0
9.40236975646e-05	-0.00139666451616	-2.30280394659e-05	0.00443277497073	-0.17663586987	-0.00274259228401	1.26063908432e-11	1.9517735114e-05	100.0
-0.000231972888515	-0.000468287537177	-0.000106989957779	-0.0335878707775	-0.0453421689159	-0.0192424827033	1.2574542236e-11	1.9468425784e-05	100.0
0.000541252357023	-0.000487233866638	0.00103887626503	0.0646557490311	-0.0636612311475	0.129402415036	1.2574542236e-11	1.9468425784e-05	100.0
0.000114881538565	-0.00135825530517	0.000177471891965	0.00774898438461	-0.172429114325	0.0195644414735	1.2574542236e-11	1.9468425784e-05	100.0
-8.23461689519e-05	-0.0011976262373	1.14348860164e-05	-0.0204503819293	-0.145392087548	-0.00207424211717	2.5149084472e-11	3.8936851568e-05	100.0
0.000353092363767	-0.00180133939734	0.000327386260913	0.0406348535681	-0.233543549736	0.0413497009897	1.2574542236e-11	1.9468425784e-05	100.0
0.000342639088352	-0.000313805307785	-0.000836374540457	0.037313322643	-0.039606017572	-0.0999354112483	1.2574542236e-11	1.9468425784e-05	100.0
-0.000227069162088	-0.000717888544319	1.36436035456e-05	-0.0238034450117	-0.0827663540936	0.00754635894666	1.2574542236e-11	1.9468425784e-05	100.0
0.000643691978639	-0.000458820869922	-0.000914456225746	0.0774729633901	-0.0595488192115	-0.113263051328	1.2574542236e-11	1.9468425784e-05	100.0
0.000456600763984	-0.00070441942166	-0.000956786243349	0.0535080571067	-0.090990443728	-0.118919130261	1.2574542236e-11	1.9468425784e-05	100.0
0.000413645755046	-0.0016363714715	-0.00038247779375	0.0481028760124	-0.211875684006	-0.0479080934164	1.2574542236e-11	1.9468425784e-05	100.0
0.00054431862084	-0.00192882211886	-0.000635135023202	0.0663630147398	-0.251930822867	-0.0812884628104	1.2574542236e-11	1.9468425784e-05	100.0
-7.12325306513e-05	-0.000653547210034	-3.59848955397e-05	-0.0202295676215	-0.0742930811283	0.00341625577451	1.2574542236e-11	1.9468425784e-05	100.0
8.75175036566e-05	-0.000886342513697	-0.000213412412935	0.00211413025543	-0.108907120143	-0.0206084750579	1.2574542236e-11	1.9468425784e-05	100.0
-0.000129647842274	-0.00129680677821	-0.000781614876087	-0.0217219610608	-0.16687763785	-0.0983834238888	1.25728172917e-11	1.9465755154e-05	100.0
-0.000127723849535	-0.000689243117482	-0.000760821898784	-0.0211904576452	-0.0854066308826	-0.0911661475804	1.25728172917e-11	1.9465755154e-05	100.0
1.09368226202e-05	-0.00117428111061	0.000118060115263	-0.00738035426066	-0.146182494694	0.0100486290397	1.25587512007e-11	1.9443977451e-05	100.0
-0.000225029640726	-0.000396332311132	0.000349036650219	-0.0302472184308	-0.0398796300936	0.0304593440314	1.2542572933e-11	1.9418929589e-05	100.0
-0.00030054591876	-0.00162288949645	0.00031426268864	-0.0439132216689	-0.209429185549	0.0394298407201	1.2542572933e-11	1.9418929589e-05	100.0
0.000104781243868	-0.00244604779719	-9.00509631117e-05	0.00891007055472	-0.320504739026	-0.011757441106	1.2542572933e-11	1.9418929589e-05	100.0
2.41715657e-05	-0.000103476501086	-0.000684134375918	-0.00273621837582	-0.0129441538988	-0.0726544071134	1.2542572933e-11	1.9418929589e-05	100.0
-0.000152336411283	-0.00134145326067	0.000846911145975	-0.0245949854068	-0.173168552668	0.10714902205	1.25274457246e-11	1.939550902e-05	100.0
0.000382090105538	-0.00242848880522	0.000366304662818	0.0456694127001	-0.318556739625	0.0474384328497	1.25274457246e-11	1.939550902e-05	100.0
4.44161859992e-05	-0.00152467969766	-0.000884380305287	0.000980134388092	-0.19807182761	-0.112853996822	1.25274457246e-11	1.939550902e-05	100.0
-0.000222041440968	-0.00113688252148	-0.000600559596648	-0.0333897100276	-0.144275130203	-0.0734892223681	1.25274457246e-11	1.939550902e-05	100.0
2.14129780224e-05	-0.000905529763533	-0.000864809083275	-0.00224506482318	-0.115302511148	-0.106871805916	1.25274457246e-11	1.939550902e-05	100.0
-0.000248412236418	-0.000722663182799	-0.000642720735717	-0.0360439932128	-0.0887669554154	-0.0756054326113	1.25274457246e-11	1.939550902e-05	100.0
0.000387491467958	-0.00183658362311	0.000880051319607	0.0461283029371	-0.24039142731	0.112990213311	1.25123134873e-11	1.9372080665e-05	100.0
0.000423974504251	-0.0020126219362	-0.000356838180151	0.0506283161335	-0.262633064962	-0.0456599683717	1.25123134873e-11	1.9372080665e-05	100.0
1.45790661397e-05	-0.000526653347881	-0.00100090591771	-0.00290558542248	-0.0673008771949	-0.122236518258	1.25123134873e-11	1.9372080665e-05	100.0
0.000158349939816	-0.00125132884669	0.00114276718372	0.015929461465	-0.162731646914	0.1457929522	1.24971812499e-11	1.934865231e-05	100.0
0.000248040558254	-0.00215966919047	-0.000484131921812	0.0277472590871	-0.282567967859	-0.0623133712122	1.24971812499e-11	1.934865231e-05	100.0
-0.00028448476291	-0.000962081624869	-0.00028901109297	-0.0398579812485	-0.118269221599	-0.0300589115838	1.24971812499e-11	1.934865231e-05	100.0
0.000305972346129	-0.000700926722682	-0.00105156441822	0.0344705328197	-0.0901341389084	-0.131495346379	1.24971812499e-11	1.934865231e-05	100.0
0.000423826039243	-0.00191378310039	-0.000615432640232	0.0513371469532	-0.250624889394	-0.0790191860725	1.24820439836e-11	1.9325216169e-05	100.0
2.96439456615e-06	-0.000957058920224	-0.000476140287938	-0.00485072015844	-0.119315142171	-0.0560394830635	1.24820439836e-11	1.9325216169e-05	100.0
0.000298797372368	-0.00162679480217	-0.00116572650329	0.0344960404044	-0.212831966265	-0.150516563976	1.24820439836e-11	1.9325216169e-05	100.0
-0.000341501183492	-0.000440795706914	-0.000197045733566	-0.0415831708812	-0.0442354893379	-0.0146625282753	1.24820439836e-11	1.9325216169e-05	100.0
0.000589696563141	-0.000546804525541	0.000942711763477	0.0705135059379	-0.0705074222034	0.117176121572	1.24810733881e-11	1.9323713453e-05	100.0
0.000297629978092	-0.00177911987594	0.000479297869224	0.0334803243979	-0.23090278113	0.0605899060013	1.24810733881e-11	1.9323713453e-05	100.0
0.000437491090039	-0.00195175233293	0.000316289876738	0.0520052017718	-0.254154038503	0.0403157682373	1.24810733881e-11	1.9323713453e-05	100.0
0.000501653621905	-0.00103967427399	-0.00121743493305	0.0605899470006	-0.135839277892	-0.15518711216	1.24810733881e-11	1.9323713453e-05	100.0
3.82578053499e-05	-0.00126118819457	-9.18936700548e-05	-0.00377963613167	-0.157869312417	-0.00901081406983	1.24810733881e-11	1.9323713453e-05	100.0
0.000526441757416	-0.00170461868212	-0.00074228379161	0.0636769107688	-0.22228035423	-0.0945259191093	1.24810733881e-11	1.9323713453e-05	100.0
-8.33623122284e-05	-0.000502827087645	3.35961071082e-05	-0.0218731552253	-0.0494978293007	0.0102636683601	1.24810733881e-11	1.9323713453e-05	100.0
0.000425420212475	-0.000969804271285	-0.000765877147207	0.0491261491687	-0.124148848489	-0.0950898632031	1.24810733881e-11	1.9323713453e-05	100.0
