# x[AU] y[AU] z[AU] vx[AU/yr/2pi] vy[AU/yr/2pi] vz[AU/yr/2pi] m[MSUN] m[mtot] wf[%]
1.56615216799e-05	6.59844911017e-05	-8.02511092653e-08	0.00247504840523	0.00800533848007	-3.40724473865e-05	6.00882483392e-07	0.930786278499	19.2528088134
-0.000243891368304	-0.000904507454982	-5.88393440548e-07	-0.0370700703428	-0.108737302887	-8.65809120822e-05	2.97961270927e-08	0.0461551584846	17.1441911469
-0.000255780859198	-0.000532577338859	-3.95964304223e-07	-0.0329930207288	-0.0570463538667	-3.15352452793e-05	7.35285174531e-09	0.0113898036668	18.8459415481
-0.000253064014253	-0.000642856723602	8.49236518244e-05	-0.0409868166336	-0.0731260412941	0.0158506261103	2.34514863186e-10	0.00036327106015	0.0
-0.000257112205072	-0.000670630485275	-9.630062567e-05	-0.0415815989433	-0.0781754591299	-0.0172079820217	1.93921492404e-10	0.000300390624176	0.0
-0.000106414850395	-0.00118131934234	5.06590278951e-06	-0.0234941830229	-0.144369258189	-0.000387623332745	1.79406473319e-10	0.000277906393116	14.382533107
-0.000279281599334	-0.00045746431072	8.17380199316e-05	-0.0395594368279	-0.0471975873526	0.00982441162688	7.97947467148e-11	0.00012360462718	0.0
-1.37609791114e-05	-0.00119433061519	9.13436688495e-05	-0.0103621476561	-0.14890914855	0.00728055026343	7.70647683898e-11	0.00011937580302	50.4505844325
-3.64474755245e-05	-0.00128871490979	2.13382531077e-05	-0.0128797820983	-0.160885318475	0.00169836247927	7.67989559812e-11	0.000118964051056	50.279086665
-0.000325421591791	-0.000612621784491	-5.28982510461e-05	-0.0476393510946	-0.0672003840469	-0.00581577052544	7.98853238922e-11	0.000123744934143	0.0
-0.000285551168604	-0.000507836639001	-8.79438633347e-05	-0.0422635531071	-0.0555087179212	-0.0101688404864	4.03380086197e-11	6.2484871775e-05	0.0
-0.000278901544405	-0.000574199994686	-7.90692894869e-05	-0.0439860735209	-0.0602803737854	-0.00912487703318	3.97981463135e-11	6.1648607712e-05	0.0
-0.000199025411964	-0.000589861711855	7.90813001792e-05	-0.0320641536291	-0.0640484303918	0.0135896011704	3.97981463135e-11	6.1648607712e-05	0.0
-0.000299283133386	-0.000531158475012	-7.42419263057e-05	-0.0449154777596	-0.0581106768214	-0.00722605742597	3.89319677943e-11	6.0306869348e-05	0.0
-0.000288680101287	-0.000343042910416	0.00012498717097	-0.0367182098835	-0.0267756050578	0.0166350412863	3.850925586e-11	5.9652074976e-05	0.0
-0.000332030344326	-0.000571199315727	5.45319834917e-05	-0.0457117729223	-0.0598606783163	0.00438009494287	3.850925586e-11	5.9652074976e-05	0.0
-2.40627720011e-05	-0.00116719968348	7.50710577661e-05	-0.0118612130269	-0.146199568063	0.00507122804574	3.80756712447e-11	5.8980438472e-05	0.0
-0.000118605526161	-0.0011220780115	2.73994110198e-06	-0.0248003903375	-0.136478973468	-0.00274339224091	2.68951153399e-11	4.1661398044e-05	100.0
-0.000213423577158	-0.000653827754809	-5.80440366462e-05	-0.0340463771411	-0.074451488898	-0.0152266583815	1.59324656646e-11	2.4679901368e-05	100.0
-0.000212289781702	-0.000452377393945	-2.77244437016e-05	-0.02991815784	-0.0443018886362	0.00774529115205	1.58977253869e-11	2.4626087561e-05	100.0
-0.000219831700191	-0.000637102463919	8.29598020542e-05	-0.0322382332588	-0.072342139016	-2.54939707068e-05	1.56230066332e-11	2.4200539383e-05	100.0
-0.000198666859701	-0.000481979354062	4.07536637806e-05	-0.0335168060822	-0.0483562214113	0.011404037052	1.55551605003e-11	2.4095443542e-05	100.0
-0.00015136872013	-0.000757975328656	-4.77989827418e-05	-0.0277562435444	-0.0919541805727	0.0039556767619	1.54876362228e-11	2.3990846266e-05	100.0
-0.000150259372007	-0.000493678621396	-0.000101780337065	-0.0235594995983	-0.0489870298662	-0.00229630385524	1.52868436537e-11	2.3679812123e-05	100.0
-0.000162327840726	-0.00042277779802	0.000162324468847	-0.0235388227243	-0.0383141217373	0.00875245149163	1.52204810734e-11	2.3577014354e-05	100.0
6.36483374486e-06	-0.000443057680653	0.000305828790877	-0.0057300852282	-0.0449167712019	0.0265840402696	1.52039306603e-11	2.3551377232e-05	100.0
-0.000234988398361	-0.000596139023568	4.85129605518e-05	-0.0368410764774	-0.0622219733592	0.0130104471475	1.50557061459e-11	2.3321772695e-05	100.0
-0.000231068232511	-0.000415636469851	6.24625860306e-05	-0.029120419013	-0.0396368554332	0.00789300687105	1.50393166605e-11	2.3296384856e-05	100.0
-0.000193655621183	-0.000561258734153	0.000151662096318	-0.0283934087471	-0.0604497386346	0.0089878281046	1.49902336973e-11	2.3220353768e-05	100.0
-4.61684251606e-05	-0.000938922079257	-0.000686014385631	-0.010708112624	-0.118802608988	-0.0849118223849	1.48762113585e-11	2.3043729501e-05	100.0
-8.18739137709e-05	-0.000734630070106	0.00019120836369	-0.0170158752384	-0.0866758100738	0.0159218484649	1.48599828008e-11	2.3018590944e-05	100.0
-4.72638722638e-05	-0.000546842169526	-0.000221173868914	-0.0119816030445	-0.0586012235695	-0.0182425026304	1.48275558595e-11	2.2968360569e-05	100.0
-0.000109529472561	-0.000787237368947	-0.000261378318027	-0.0197745808487	-0.0945228438487	-0.0256641818094	1.46983811674e-11	2.276826482e-05	100.0
-0.000246221458712	-0.000566689840693	-0.00016136962805	-0.0332014233539	-0.0617802149458	-0.0104371339388	1.46983811674e-11	2.276826482e-05	100.0
-0.000195422256147	-0.000364648887967	-0.000259350357665	-0.0260848282904	-0.032399711094	-0.0188373777584	1.46822934216e-11	2.2743344384e-05	100.0
-6.17949091083e-05	-0.000829506571714	0.000357071579656	-0.013596458693	-0.101365513691	0.0389377252548	1.46501481038e-11	2.2693550254e-05	100.0
-0.000191051590937	-0.00043638859569	0.000215194546282	-0.0263648084566	-0.0419803564627	0.0151094493223	1.46340955609e-11	2.2668684349e-05	100.0
-0.000256161361848	-0.000438853865906	1.6094402724e-05	-0.0293305330035	-0.043836530365	-0.00899662673849	1.46340955609e-11	2.2668684349e-05	100.0
-0.000256071215143	-0.000739779035772	-0.000122562650232	-0.0347904110601	-0.088719687258	-0.00570633811337	1.4618053076e-11	2.2643834024e-05	100.0
-0.000150144681531	-0.000516296103518	0.000130866428148	-0.0237423709942	-0.0529672054052	0.00567760631184	1.45860083381e-11	2.2594195695e-05	100.0
3.56480255471e-05	-0.000757960109722	0.000555536375291	-0.000805712634176	-0.0930148537328	0.0655904023903	1.45700010561e-11	2.2569399901e-05	100.0
-0.000124446153404	-0.000955523601981	-0.00018350233372	-0.0230595018461	-0.116617262857	-0.0149862036214	1.45700010561e-11	2.2569399901e-05	100.0
-6.18326699746e-05	-0.00110701003794	0.000327383785035	-0.0134628631715	-0.138983674928	0.0376124004809	1.45380166661e-11	2.2519855053e-05	100.0
-0.000133166888892	-0.000349110354757	-0.000407115394665	-0.0201131910471	-0.0338718186877	-0.0376040739814	1.45380166661e-11	2.2519855053e-05	100.0
-0.000194689112209	-0.00044468266556	0.000277176579486	-0.027323262257	-0.0447456274923	0.022826879558	1.44901306029e-11	2.2445678002e-05	100.0
-7.95161997316e-05	-0.00134118733068	0.00025013944879	-0.0153215302405	-0.170634484559	0.0298457042443	1.44423400906e-11	2.2371648963e-05	100.0
-0.000205544314957	-0.000596913382304	-0.00018316734186	-0.030098002832	-0.0664616628738	-0.0132212968785	1.44423400906e-11	2.2371648963e-05	100.0
0.000158876067078	-0.000974876606783	-0.000576147070668	0.0153437050049	-0.123601783197	-0.0700473791546	1.44423400906e-11	2.2371648963e-05	100.0
2.15941020677e-05	-0.000463601821152	-0.000387291320156	-0.00370910753327	-0.0492745487352	-0.0381821838812	1.44423400906e-11	2.2371648963e-05	100.0
-0.000215849606287	-0.000538581303049	-0.000373619430066	-0.0306837971916	-0.0603253698685	-0.0374638423762	1.44423400906e-11	2.2371648963e-05	100.0
-2.48823233999e-05	-0.00128307683627	-0.000334007345353	-0.00842344450674	-0.163741787872	-0.0397499506812	1.44264283595e-11	2.234700118e-05	100.0
-0.000327836297612	-0.0005937876922	-8.6961461785e-05	-0.0519152339159	-0.0650864211762	-0.0111876531526	1.44105266863e-11	2.2322368977e-05	100.0
3.32600804598e-05	-0.00115374906282	-0.000539134177777	-0.000710372395674	-0.147299792885	-0.0664319151169	1.44105266863e-11	2.2322368977e-05	100.0
-0.000175934525684	-0.000690628037261	-0.000322970662102	-0.0267957644062	-0.080954962908	-0.033098158457	1.44105266863e-11	2.2322368977e-05	100.0
-0.000118330658746	-0.0011221467197	-1.23443534461e-05	-0.0222391001629	-0.134357464501	-1.9897406821e-05	1.43946401002e-11	2.2297760145e-05	100.0
-0.000145645111518	-0.00107304363932	-1.97689789545e-05	-0.0265024301502	-0.126695582566	0.00301781601207	1.43153379231e-11	2.2174918524e-05	100.0
2.57142740829e-05	-0.00119057169896	-0.000327300484913	-0.00251768483148	-0.15104307225	-0.0380171214619	1.43153379231e-11	2.2174918524e-05	100.0
-0.000202335977774	-0.000811884451508	-0.000222975783919	-0.0303882479715	-0.0979513755137	-0.0193498847131	1.43153379231e-11	2.2174918524e-05	100.0
-0.000222149623985	-0.00110878602071	0.000165229521806	-0.0328353536195	-0.136243021816	0.015003776631	1.42836854466e-11	2.212588782e-05	100.0
-4.20443353469e-05	-0.000654194507242	0.000528701664582	-0.0106687792428	-0.0787106350737	0.0599331113387	1.4252068173e-11	2.2076911647e-05	100.0
-0.000208313474144	-0.000458197368026	-5.27296367949e-05	-0.0206806044008	-0.049404664744	-0.0109980696813	1.4252068173e-11	2.2076911647e-05	100.0
-0.000311820857648	-0.00143193421857	0.000152070106857	-0.0448086127753	-0.182802094914	0.0183372569817	1.4252068173e-11	2.2076911647e-05	100.0
-4.23845120511e-05	-0.0014661825829	3.7733604092e-05	-0.0105590425421	-0.186986558507	0.00454880379064	1.4252068173e-11	2.2076911647e-05	100.0
0.000106570626055	-0.00063804885533	-0.000414356170372	0.00651029553573	-0.0753903806634	-0.045061235328	1.4252068173e-11	2.2076911647e-05	100.0
-0.000262768348567	-0.000467434983485	-0.000237541311315	-0.034357988568	-0.0483701194192	-0.0185116197685	1.4252068173e-11	2.2076911647e-05	100.0
3.2796744349e-05	-0.000323088633153	0.00047434073554	-0.00285901234212	-0.0334515970273	0.045998252832	1.42362721087e-11	2.2052443036e-05	100.0
-0.000267270667904	-0.00125294345155	0.000267807344741	-0.0390606870113	-0.15852891093	0.0305833382974	1.42362721087e-11	2.2052443036e-05	100.0
-0.000193313183394	-0.000939159636181	0.000296933094329	-0.0295947768124	-0.115999736913	0.0310680374794	1.42204810734e-11	2.2027982215e-05	100.0
-0.000219551815432	-0.00066081626464	2.46937131826e-05	-0.0318414095084	-0.0748548030472	-0.0064870412486	1.42204810734e-11	2.2027982215e-05	100.0
0.000111431416604	-0.00110890667156	0.00065685712421	0.00956934680507	-0.14242014849	0.0816747799854	1.42204810734e-11	2.2027982215e-05	100.0
3.79583945997e-05	-0.00149297667811	0.000268524789451	-0.00019703571939	-0.192536895767	0.0326694149077	1.42204810734e-11	2.2027982215e-05	100.0
0.000167952031426	-0.000704646473755	0.000618483477573	0.0157362182931	-0.0869772368681	0.0735499877392	1.41889342057e-11	2.1979115103e-05	100.0
6.47981242316e-05	-0.000805631698005	0.000611961397182	0.0028288416345	-0.100330302309	0.0733063489508	1.41574225409e-11	2.1930302521e-05	100.0
-0.000202433594605	-0.000718716927165	2.39829839443e-05	-0.0318859013482	-0.0879269486446	0.00292240305072	1.41574225409e-11	2.1930302521e-05	100.0
7.034652659e-05	-0.000446938036806	0.000428310959569	0.00146275557434	-0.0485062329001	0.0432414404351	1.41259410502e-11	2.188153668e-05	100.0
-8.91843870141e-05	-0.000934771546518	-0.00034051049391	-0.0173559919775	-0.115339988581	-0.0375822918415	1.41259410502e-11	2.188153668e-05	100.0
-0.000297520846485	-0.00073890574734	-0.000217359140915	-0.0401666478457	-0.0882331102585	-0.019339286054	1.41259410502e-11	2.188153668e-05	100.0
1.32749174464e-05	-0.00103155435714	0.000369583761803	-0.00406014015106	-0.129065371785	0.042815630764	1.41102103627e-11	2.185716934e-05	100.0
-0.000148940140062	-0.00115409806518	2.29794886512e-05	-0.0240115858243	-0.13893076961	0.00414812839023	1.41102103627e-11	2.185716934e-05	100.0
-7.81033221016e-06	-0.000837999845809	-0.000818205102701	-0.00604356877959	-0.105983188254	-0.10164104662	1.41102103627e-11	2.185716934e-05	100.0
-0.00029425369289	-0.000488776043207	-0.00013878278571	-0.0368454035599	-0.050499535869	-0.0069710891382	1.41102103627e-11	2.185716934e-05	100.0
-0.00015419918424	-0.00131744046963	0.000548060707037	-0.0247426628173	-0.16945627438	0.0687511627538	1.40944897333e-11	2.183281758e-05	100.0
3.39358993891e-05	-0.000991767992323	0.000443872491061	-0.0013824039677	-0.124311730089	0.0523736300729	1.40787791619e-11	2.18084814e-05	100.0
-0.000108106824585	-0.00113605139361	2.13578144037e-05	-0.0216654235665	-0.137964298814	-0.00182346187522	1.40630685904e-11	2.178414522e-05	100.0
-9.31280502377e-05	-0.00150809046449	-0.000194992765362	-0.0169644132756	-0.193703087948	-0.0241973672477	1.40630685904e-11	2.178414522e-05	100.0
1.42389156178e-05	-0.00154307257958	-0.000258691624586	-0.0031534993776	-0.19922144269	-0.0317155150633	1.40316826505e-11	2.173552739e-05	100.0
-0.00011459339558	-0.00141166620154	-0.000325997310796	-0.019962261296	-0.181016625295	-0.0398447707143	1.40316826505e-11	2.173552739e-05	100.0
1.44218922128e-05	-0.00142799012974	0.000144633889532	-0.00347751281941	-0.18195602645	0.0178435343937	1.4015997224e-11	2.171123016e-05	100.0
-5.18099188707e-05	-0.000522514522287	0.000256050166221	-0.0126297184275	-0.0551462219976	0.0221444598529	1.39689862055e-11	2.1638408582e-05	100.0
-0.000106513249403	-0.00126366564741	0.00027910438248	-0.0190242970893	-0.159976039824	0.0326017438552	1.39689862055e-11	2.1638408582e-05	100.0
0.000152630868856	-0.000449960615088	-0.000486768834257	0.0115393791211	-0.0505223340613	-0.052146449463	1.39689862055e-11	2.1638408582e-05	100.0
-0.000264289392343	-0.000365412711711	-0.000146317573137	-0.0313194157008	-0.0312176865308	-0.0053969614832	2.68205404155e-11	4.1545879089e-05	100.0
-0.000101381743076	-0.0013295132563	0.000553194264603	-0.0182597690204	-0.171133778872	0.0690487771259	1.39376807294e-11	2.1589915393e-05	100.0
-2.49856731684e-06	-0.00153871731277	-0.000235635866286	-0.00526718403248	-0.198352731365	-0.0293457786411	1.39376807294e-11	2.1589915393e-05	100.0
-1.36532430652e-06	-0.000521994132548	0.000769064062688	-0.00529140419853	-0.0639117474126	0.0915775476084	1.39220405639e-11	2.1565688274e-05	100.0
-2.35593284096e-05	-0.00147892547925	-8.04008304779e-05	-0.00839607862923	-0.189036884673	-0.00947310436675	1.39220405639e-11	2.1565688274e-05	100.0
-7.4060088751e-05	-0.00126673046036	-5.55900011644e-05	-0.0152638455433	-0.157509509637	-0.00567756089331	1.38907702907e-11	2.1517249616e-05	100.0
-0.000242684532301	-0.000741657098332	3.49978652778e-05	-0.0264573722405	-0.0918279806797	0.00985246581575	1.38907702907e-11	2.1517249616e-05	100.0
-0.000255883572767	-0.000378698315096	0.000268337803701	-0.0324307743433	-0.035499541401	0.0212951514322	1.38751502411e-11	2.1493053657e-05	100.0
-0.000174478026986	-0.00110726851843	0.000413180460462	-0.0272499604819	-0.139769442728	0.0483700941891	1.38751502411e-11	2.1493053657e-05	100.0
-0.000248700510695	-0.00112421191915	0.0003598799442	-0.0365842842188	-0.14191501565	0.0416388838258	1.38751502411e-11	2.1493053657e-05	100.0
-3.71450883492e-05	-0.000610060141123	-0.000256656051409	-0.0110355197343	-0.0682477246229	-0.0237710149286	1.38751502411e-11	2.1493053657e-05	100.0
4.27085472006e-05	-0.000363974336929	-0.000490848739594	-0.00134909211635	-0.0389659089443	-0.0496547377855	1.38751502411e-11	2.1493053657e-05	100.0
0.000133582230038	-0.00121283217262	0.000619132868106	0.012375044428	-0.155742081286	0.0776003297055	1.38595301916e-11	2.1468857698e-05	100.0
0.000109569310581	-0.00171656283728	-0.000412593612076	0.00978197566479	-0.223936329233	-0.052609202569	1.38595301916e-11	2.1468857698e-05	100.0
-0.000248623132622	-0.000928254050009	-0.00023110516694	-0.0357852285354	-0.113841180633	-0.0212069951694	1.38595301916e-11	2.1468857698e-05	100.0
-9.13027918117e-05	-0.00121139828423	0.000765424207605	-0.0167649523039	-0.156307191657	0.0965093283622	1.3843915171e-11	2.1444669529e-05	100.0
0.00012277184593	-0.00146528831944	-0.000566053360745	0.0111869711251	-0.190105231788	-0.0714063376693	1.3843915171e-11	2.1444669529e-05	100.0
-0.000224165904094	-0.00101723796948	-0.000304551558534	-0.0333807581606	-0.126176037158	-0.0327613264788	1.3843915171e-11	2.1444669529e-05	100.0
-0.000213602615161	-0.00043187232804	0.000429673171859	-0.0298454723286	-0.0466560506114	0.0429197209825	1.37815254945e-11	2.1348025915e-05	100.0
-0.000122045430898	-0.00100338924978	0.000566565637261	-0.020734892681	-0.126763569063	0.0686576676914	1.37815254945e-11	2.1348025915e-05	100.0
-2.83792907655e-05	-0.00163355331521	0.000349411550381	-0.00862692537827	-0.211999119578	0.0438824375513	1.37815254945e-11	2.1348025915e-05	100.0
-0.000267282050947	-0.000468793082621	6.97305248744e-05	-0.0371350534296	-0.0513109938408	0.0113310389176	1.37815254945e-11	2.1348025915e-05	100.0
0.000156109735966	-0.00103740027885	-0.000714354743152	0.0150159926441	-0.132637891075	-0.0890184577891	1.37815254945e-11	2.1348025915e-05	100.0
-7.73188455148e-05	-0.00110786444222	-0.000749467479887	-0.0148132661045	-0.142124780748	-0.0938588294464	1.37815254945e-11	2.1348025915e-05	100.0
-0.000154825645115	-0.000496073062101	-0.000593035478445	-0.0241566875619	-0.0582411035749	-0.0662266179164	1.37815254945e-11	2.1348025915e-05	100.0
8.32945836909e-06	-0.000707327468866	-0.000684431612969	-0.00406294458824	-0.0876881969426	-0.0817901534246	1.37815254945e-11	2.1348025915e-05	100.0
7.74329154539e-05	-0.00164324158987	-0.000113562661257	0.00525747200363	-0.212710603515	-0.0138619480752	1.37503608302e-11	2.1299750849e-05	100.0
0.00045406398001	-0.000892074979246	0.000900570720423	0.0542130086737	-0.115074651384	0.11371862517	1.37192162819e-11	2.1251506943e-05	100.0
0.000164844507576	-0.000910455640329	0.000829796629518	0.016233383236	-0.116335380823	0.103609292245	1.37036515512e-11	2.1227396674e-05	100.0
-0.000217507428366	-0.000589399131254	0.000336913769014	-0.0309322338908	-0.0667705168888	0.0334855907467	1.36880918495e-11	2.1203294196e-05	100.0
-0.000252419254982	-0.000514780670324	0.000202943096275	-0.0335268085884	-0.0544564598832	0.015015935319	1.36880918495e-11	2.1203294196e-05	100.0
-1.81732904591e-05	-0.00185943024428	9.45363127084e-05	-0.00713199875125	-0.242812459629	0.0116859050788	1.36880918495e-11	2.1203294196e-05	100.0
-0.000166542472627	-0.00128411626555	6.79373234339e-05	-0.0263096395928	-0.16018082237	0.0062715876583	2.70657993332e-11	4.1925793034e-05	100.0
-0.000172717808944	-0.001604797237	5.34425654369e-05	-0.027512503235	-0.206700588249	0.00742806210641	1.36880918495e-11	2.1203294196e-05	100.0
-0.000310899063345	-0.0010421702912	-0.000122398421938	-0.0409055581131	-0.12578376638	-0.00900331474616	1.36880918495e-11	2.1203294196e-05	100.0
-0.000224302504548	-0.000679019264811	7.33509312509e-06	-0.0303174324753	-0.079016638448	0.00268095237329	1.36880918495e-11	2.1203294196e-05	100.0
4.2167770057e-05	-0.00105333407523	-0.000643922256288	0.000568342350916	-0.134195565384	-0.0799175381806	1.36880918495e-11	2.1203294196e-05	100.0
0.000167853685641	-0.00113600287594	-0.000616541837497	0.01643823369	-0.145406602611	-0.076540025462	1.36880918495e-11	2.1203294196e-05	100.0
-0.000252060710053	-0.00108768729808	-0.000549445060504	-0.0372014573844	-0.138084464359	-0.0666416050183	1.36880918495e-11	2.1203294196e-05	100.0
-0.000294578278613	-0.0004543576257	-0.000139997135808	-0.036004955214	-0.0454797465443	-0.0070052528654	1.36880918495e-11	2.1203294196e-05	100.0
0.000128000522637	-0.000335123887609	-0.000376765372136	0.00635092363724	-0.0331208745291	-0.0334675453633	1.36880918495e-11	2.1203294196e-05	100.0
6.87503603619e-05	-0.000543287930214	-0.000914997100691	0.00396541850418	-0.0678991855975	-0.112373952034	1.36880918495e-11	2.1203294196e-05	100.0
-0.000140080816411	-0.000657057676617	-0.000419576991519	-0.0226458477067	-0.0778539135665	-0.0447135401694	1.36880918495e-11	2.1203294196e-05	100.0
0.000170727592147	-0.000657340503316	0.000897329355571	0.0169468554587	-0.0833317743674	0.110915491605	1.36569875331e-11	2.1155112611e-05	100.0
0.000146296419986	-0.000368973947107	0.000689920689159	0.0120555605001	-0.0441042459588	0.078590541963	1.36258983037e-11	2.1106954395e-05	100.0
-0.000162883669119	-0.000521064885217	0.000556076158262	-0.0249459882729	-0.0610508342015	0.0614282423456	1.35948291903e-11	2.105882734e-05	100.0
-0.000248488639678	-0.000382807252289	1.9198535273e-05	-0.0282851257735	-0.0329250586088	-0.00818365131343	1.35948291903e-11	2.105882734e-05	100.0
-0.000188508657958	-0.000607303323509	0.000401698428967	-0.0280752441702	-0.0703754972796	0.042012036851	1.35948291903e-11	2.105882734e-05	100.0
-0.000249826227226	-0.00040849251712	5.80536738174e-05	-0.0299184314637	-0.0368452073192	-0.00405460466554	1.35948291903e-11	2.105882734e-05	100.0
-0.000123044146383	-0.00112923971263	0.000932949300862	-0.0207110939044	-0.145772658421	0.11869169646	1.35948291903e-11	2.105882734e-05	100.0
0.000235994844397	-0.00146380193986	0.000766821527962	0.0263331223985	-0.19078299447	0.0982199343196	1.35948291903e-11	2.105882734e-05	100.0
0.000143762742066	-0.000766463506957	-0.000857109222745	0.0132601566434	-0.0970438256942	-0.106404570574	1.35948291903e-11	2.105882734e-05	100.0
-0.00024771391956	-0.000494787659267	-0.000197552684144	-0.0329237489712	-0.0515386577034	-0.013916020161	1.35948291903e-11	2.105882734e-05	100.0
0.000168403875424	-0.000572550619131	0.000573806706876	0.0148051806267	-0.0694034895155	0.065433996607	1.35637701348e-11	2.1010715865e-05	100.0
0.000110754037671	-0.00172648058352	0.00064672496745	0.00990611585839	-0.225864334963	0.0832231570218	1.35637701348e-11	2.1010715865e-05	100.0
-9.20654056341e-05	-0.0016612450774	0.000238789359333	-0.0168826145657	-0.215207630046	0.0303210235799	1.35637701348e-11	2.1010715865e-05	100.0
3.50340343768e-05	-0.00121070461058	0.000710731981027	-0.000637009408239	-0.155912190901	0.0889443884637	1.35327311953e-11	2.096263555e-05	100.0
2.52252253935e-06	-0.00133474617015	-0.000339119930582	-0.00518311971684	-0.170422193599	-0.0409643175261	1.35327311953e-11	2.096263555e-05	100.0
-0.000124598603	-0.00163800856859	-0.000695457942437	-0.0209630211599	-0.213932986548	-0.0896089409938	1.35327311953e-11	2.096263555e-05	100.0
0.000210524976403	-0.00110732040018	0.000951396504068	0.0227191985393	-0.143270484009	0.121271314449	1.35172167546e-11	2.0938603183e-05	100.0
0.000157415939898	-0.00168269152517	0.000219141082414	0.0156194525015	-0.218303273877	0.0276732226031	1.35172167546e-11	2.0938603183e-05	100.0
-0.000312707436524	-0.00168969111838	4.24900061495e-05	-0.0456560038538	-0.219008356198	0.00504859879399	1.35172167546e-11	2.0938603183e-05	100.0
3.22665489784e-05	-0.000485337816329	0.000899958382095	-0.000974269807619	-0.0604070531139	0.109468546583	1.35017023138e-11	2.0914570815e-05	100.0
0.000180608373599	-0.000828813674418	0.000794950473851	0.018088906101	-0.10563785766	0.0981379931566	1.35017023138e-11	2.0914570815e-05	100.0
2.62777628779e-05	-0.000477180832635	0.000299513685812	-0.00385636233534	-0.0494094259955	0.0269047977173	1.35017023138e-11	2.0914570815e-05	100.0
0.000322741536788	-0.00126697434972	-0.000708560593503	0.0371361086717	-0.163883950739	-0.0895865518109	1.35017023138e-11	2.0914570815e-05	100.0
-0.000278638586097	-0.000751071237874	-0.000487708821346	-0.0393269213421	-0.0912447906724	-0.0560887049596	1.35017023138e-11	2.0914570815e-05	100.0
0.000187429540867	-0.000864982860682	-0.000938413949832	0.0194561376097	-0.111260952895	-0.117561453757	1.35017023138e-11	2.0914570815e-05	100.0
-0.00021414602105	-0.000588739579259	-0.000697570856067	-0.0316259365222	-0.0715395247455	-0.0829141506392	1.35017023138e-11	2.0914570815e-05	100.0
0.00014036882908	-0.00168686718072	-0.000329224788284	0.0132348344308	-0.218893789698	-0.0422132851814	1.34706885193e-11	2.0866529451e-05	100.0
-0.000240448196312	-0.001248056484	-0.000304929078312	-0.0356368909917	-0.157714511543	-0.0358024526108	1.34706885193e-11	2.0866529451e-05	100.0
-4.60878167526e-05	-0.00167045686941	-0.000699822934779	-0.0109252946567	-0.218006510949	-0.0900104433542	1.34706885193e-11	2.0866529451e-05	100.0
-0.000307193414465	-0.000876383185179	-0.000241790120566	-0.0418803854294	-0.107010287272	-0.0228906162803	1.34706885193e-11	2.0866529451e-05	100.0
3.2635411782e-05	-0.000196600797828	-0.000778199611701	-0.00134646067404	-0.0233587430062	-0.0889908077285	1.34706885193e-11	2.0866529451e-05	100.0
-7.79617399461e-05	-0.000140762245829	-0.00066652302737	-0.0143502638159	-0.0163776943372	-0.0708076901327	1.34706885193e-11	2.0866529451e-05	100.0
-0.000100439771092	-0.00079897003387	-0.000756271934825	-0.0177484682945	-0.100304745607	-0.0922063942503	1.34551841365e-11	2.0842512664e-05	100.0
1.05337430221e-05	-0.00174312467397	-0.000237764726119	-0.00344356035314	-0.22673318715	-0.0297152195788	1.34396847828e-11	2.0818503667e-05	100.0
7.9477414975e-05	-0.00167766015108	-0.000531731557881	0.00543101824138	-0.21839551975	-0.0678342590112	1.34396847828e-11	2.0818503667e-05	100.0
-0.00031742640847	-0.00107399253337	-0.000451741131747	-0.045158115449	-0.135096534763	-0.0542152668521	1.34396847828e-11	2.0818503667e-05	100.0
5.52977824737e-06	-0.000345037092156	-0.000605082020181	-0.00506011219468	-0.0392845890124	-0.0652061309776	1.34396847828e-11	2.0818503667e-05	100.0
-7.97532942626e-05	-0.000778894784897	0.000681653400097	-0.0151061882403	-0.097263565164	0.0818717934851	1.34086911042e-11	2.0770493462e-05	100.0
-0.00027682477744	-0.000586209783446	0.000201978135635	-0.0364646883541	-0.0648479425366	0.0165461678324	1.34086911042e-11	2.0770493462e-05	100.0
-3.86419485281e-05	-0.000359749461534	0.00064171548052	-0.0101130304528	-0.0422034085641	0.0702695151906	1.34086911042e-11	2.0770493462e-05	100.0
0.000170690776242	-0.00171194954608	0.000576194892826	0.0176905101717	-0.223445961576	0.0744393042396	1.34086911042e-11	2.0770493462e-05	100.0
-0.00015878435489	-0.00130022424236	0.000303323116564	-0.0256611859563	-0.16519678758	0.0354566932058	1.34086911042e-11	2.0770493462e-05	100.0
5.32286246398e-05	-0.00165353194202	3.99477315355e-05	0.0015920928076	-0.213572513675	0.00565268901783	1.34086911042e-11	2.0770493462e-05	100.0
-3.90471743045e-05	-0.0017409275447	-0.000164611821778	-0.00993795244795	-0.22609836839	-0.0212136073616	1.34086911042e-11	2.0770493462e-05	100.0
-8.95828594705e-05	-0.00107849394323	-0.000906538918538	-0.0164573219747	-0.13888983128	-0.114337493297	1.34086911042e-11	2.0770493462e-05	100.0
-0.000203063103444	-0.000976746626247	-0.000785633063225	-0.0310394204938	-0.124493576523	-0.0977047571175	1.34086911042e-11	2.0770493462e-05	100.0
8.98340709337e-05	-0.00141721938205	0.00044754284002	0.00660523747065	-0.182507350105	0.0561380789916	1.33777074836e-11	2.0722498838e-05	100.0
-0.000285337092254	-0.00149493530017	0.00035081787517	-0.0419108754376	-0.192697374953	0.0435860707878	1.33777074836e-11	2.0722498838e-05	100.0
0.000115687763222	7.45623839818e-05	0.00059642205265	0.0071573551505	0.00658663795166	0.0591187454139	1.33777074836e-11	2.0722498838e-05	100.0
2.02323697372e-05	-0.00151714065486	0.000275814302115	-0.00278952423968	-0.194861003703	0.0340963776884	1.33777074836e-11	2.0722498838e-05	100.0
-0.000340115760137	-0.00144648928509	-9.05955893128e-06	-0.0484213060458	-0.184475638085	-0.00165398109472	1.33777074836e-11	2.0722498838e-05	100.0
1.8230740456e-05	-0.00162739763695	3.04813981915e-05	-0.00265892514258	-0.21001750328	0.00366756784359	1.33777074836e-11	2.0722498838e-05	100.0
-0.000222718174952	-0.000634067177027	5.03100463301e-05	-0.0324236768236	-0.0699741020539	0.00859440336799	1.33777074836e-11	2.0722498838e-05	100.0
0.000145151583371	-0.000887237140936	-0.000342004268013	0.0113565217533	-0.110383778046	-0.0379052328802	1.33703148652e-11	2.0711047435e-05	100.0
-0.000266283623574	-0.00216869914038	0.000185010370619	-0.0398952506467	-0.285006608603	0.0243226958268	1.33622232168e-11	2.0698513211e-05	100.0
-0.000102856921519	-0.00187490827421	9.08321901937e-05	-0.0185075002421	-0.244379749075	0.0119934744905	1.33622232168e-11	2.0698513211e-05	100.0
-0.000242057438188	-0.001159153087	-9.02393540017e-05	-0.0345133673474	-0.1416325225	-0.00717700486525	1.33622232168e-11	2.0698513211e-05	100.0
-0.00017812153464	-0.00166410420018	0.000461794159367	-0.0281842191703	-0.21609621906	0.0590345014741	1.33467339211e-11	2.0674519794e-05	100.0
-0.000387896728673	-0.00164648494138	0.000290720931698	-0.055391064142	-0.213286605137	0.0366871325161	1.33467339211e-11	2.0674519794e-05	100.0
2.20399251425e-05	-0.00131787507274	-0.000731894938261	-0.00216933285524	-0.170288742501	-0.092707984817	1.33312496543e-11	2.0650534167e-05	100.0
-0.000191105618277	-0.000588645865385	-0.000784659100633	-0.0289822778547	-0.0729576931352	-0.0939488942745	1.33312496543e-11	2.0650534167e-05	100.0
-0.00018683167961	-0.000408136708613	0.000517243075726	-0.0274248709157	-0.0455785728903	0.0539938742392	1.33157704165e-11	2.0626556331e-05	100.0
-4.94062607784e-05	-0.00103687148931	0.000813783085283	-0.0114110344256	-0.132904026618	0.101547633905	1.33157704165e-11	2.0626556331e-05	100.0
0.000137878480873	-0.00165147713362	0.000119482200732	0.012747374815	-0.213474899135	0.0149217983047	1.33157704165e-11	2.0626556331e-05	100.0
-0.000305147593795	-0.00156890714334	-4.23526760298e-05	-0.0443724066799	-0.201543116189	-0.00550143580927	1.33157704165e-11	2.0626556331e-05	100.0
0.000211989248501	-0.00190480905622	-0.000130563053736	0.0230778206739	-0.248800152395	-0.0171968626606	1.33157704165e-11	2.0626556331e-05	100.0
-0.000266762782266	-0.00164634391651	-0.000145920845824	-0.0395640218818	-0.212909826499	-0.0181702915934	1.33157704165e-11	2.0626556331e-05	100.0
1.79844900841e-05	-0.00132874647954	0.00049105328687	-0.00287425317334	-0.170473446068	0.0609827565636	1.32848119408e-11	2.0578600657e-05	100.0
-0.000365244151613	-0.00117591972918	0.000131855289408	-0.0499337865264	-0.14616283964	0.0130628431876	1.32848119408e-11	2.0578600657e-05	100.0
0.000190571239835	-0.00154377753339	-0.000755870581385	0.0201464263867	-0.201219401934	-0.0968544838029	1.32848119408e-11	2.0578600657e-05	100.0
-0.000182389428194	-0.00124744786678	-0.000613594135662	-0.0286273125502	-0.159973957205	-0.0762462229113	1.32848119408e-11	2.0578600657e-05	100.0
-0.000140907957061	-0.000674958412226	-0.000781957997882	-0.022840808031	-0.0846341027375	-0.0940041053703	1.32848119408e-11	2.0578600657e-05	100.0
-0.000232560729329	-0.000694698158695	-0.000749363229473	-0.0342375804119	-0.0868125277808	-0.0902469806032	1.32848119408e-11	2.0578600657e-05	100.0
-1.98050727576e-05	-0.00107541005522	0.000162596032672	-0.0112761743573	-0.133979846989	0.01467862213	1.32838262584e-11	2.0577073803e-05	100.0
0.000241746380933	-0.000924569254782	-0.000757664240003	0.0260988442985	-0.117916763718	-0.0942886569829	1.32838262584e-11	2.0577073803e-05	100.0
-0.00011500253522	-0.000264701414911	0.000401955184814	-0.0182758309825	-0.0239999700307	0.0327930275209	1.3269332703e-11	2.055462282e-05	100.0
0.000171645082967	-0.000882870863883	0.000596431891493	0.0164558510512	-0.11095487699	0.0720885530399	1.3269332703e-11	2.055462282e-05	100.0
0.000170671542473	-0.00204365540084	0.00038087579401	0.0177185802812	-0.267827534778	0.0494814102045	1.3269332703e-11	2.055462282e-05	100.0
-2.89244226115e-05	-0.000352712602627	-0.000368502428738	-0.00954793660366	-0.0334852529747	-0.031600426491	1.3269332703e-11	2.055462282e-05	100.0
1.06892940429e-05	-0.00138722322396	-0.00088425025484	-0.00335150744344	-0.180630022256	-0.112605860561	1.3269332703e-11	2.055462282e-05	100.0
-0.000259944078796	-0.000749392066314	-0.000475290503216	-0.0377616203526	-0.0912258577094	-0.0536161116854	1.3269332703e-11	2.055462282e-05	100.0
-4.77388536948e-05	-0.00124504529816	2.11835591487e-05	-0.0147070538151	-0.155119246233	-6.05715000399e-05	1.32669238158e-11	2.0550891376e-05	100.0
0.00027068554808	-0.000705740108973	-0.000301464075805	0.0262135675925	-0.0852657995634	-0.0320479804952	1.32669238158e-11	2.0550891376e-05	100.0
-3.64307164186e-05	-0.00129888492845	-9.53926603181e-05	-0.0122056240528	-0.163689506914	-0.00865253745215	1.32669238158e-11	2.0550891376e-05	100.0
-4.12196945581e-05	-0.000282217319735	0.000642851787161	-0.0103499264294	-0.0331812764758	0.0688467936481	1.32538584942e-11	2.0530652773e-05	100.0
-0.000198090239743	-0.00189156816368	0.000426470940572	-0.0308331673443	-0.24730648699	0.0547849210502	1.32538584942e-11	2.0530652773e-05	100.0
-0.00037467171372	-0.00146020058085	0.000220883959554	-0.0530083988122	-0.18711092311	0.0272578788469	1.32538584942e-11	2.0530652773e-05	100.0
0.000230977437214	-0.00200484302528	-0.000615896127865	0.0258244460731	-0.263440165213	-0.0797597018799	1.32538584942e-11	2.0530652773e-05	100.0
-0.000315964111821	-0.00105271806599	-0.000247061397806	-0.0438710633042	-0.13011261942	-0.0255846959868	1.32538584942e-11	2.0530652773e-05	100.0
1.85547828061e-05	-0.000478237905261	-0.000787290281131	-0.00288219122638	-0.0592086363541	-0.0929473157568	1.32538584942e-11	2.0530652773e-05	100.0
0.000279436834932	-0.00109419071096	0.000650598250233	0.0306313728182	-0.140511208555	0.0806897979233	1.3250147098e-11	2.0524903701e-05	100.0
-5.53116487027e-05	-0.00131664946862	-2.98320371923e-06	-0.0142206642669	-0.164313262944	-0.000245427703227	2.63861059005e-11	4.0872926063e-05	100.0
-0.000116008105174	-0.000516880464643	-0.000414303537016	-0.0194713033233	-0.0577084881623	-0.0425660753438	1.3250147098e-11	2.0524903701e-05	100.0
2.81033016154e-05	-0.00149248692655	-4.47955020586e-05	-0.00293466256237	-0.190507542925	-0.00508013165627	1.3250147098e-11	2.0524903701e-05	100.0
0.000197838716176	-0.00212030653836	-9.60605855201e-05	0.0210374489416	-0.277999494682	-0.0120679579338	1.3250147098e-11	2.0524903701e-05	100.0
0.000130348218151	-0.00158943703034	-0.000855358917752	0.0122399865927	-0.207903074093	-0.109983295253	1.32229100766e-11	2.048271268e-05	100.0
-0.000326957683155	-0.00090082446862	-0.000368380995766	-0.0455778330226	-0.111421230679	-0.0408016282861	1.32229100766e-11	2.048271268e-05	100.0
8.4081101042e-05	-0.000361366275001	-0.000485210920198	0.00312986893824	-0.0396153587978	-0.0487729697143	1.32229100766e-11	2.048271268e-05	100.0
0.000313413391485	-0.00106831606822	-0.00117555578891	0.036433465938	-0.139361375593	-0.150875920729	1.32229100766e-11	2.048271268e-05	100.0
-0.000279255460639	-0.00045852625016	-0.000473071388295	-0.0380119450067	-0.0510118332287	-0.050208860335	1.32229100766e-11	2.048271268e-05	100.0
-0.000302152366297	-0.000374101324706	-3.7761093139e-05	-0.0384463540619	-0.032896504705	-0.00420014069267	1.32169507209e-11	2.0473481446e-05	100.0
3.68951624503e-05	-0.00131119751005	0.000184083267062	-0.0022860272714	-0.165932657469	0.0205906663009	1.32169507209e-11	2.0473481446e-05	100.0
0.000170859463336	-0.0018251146598	0.000497503703032	0.0175201847411	-0.238421433692	0.0642632174355	1.32169507209e-11	2.0473481446e-05	100.0
-0.000155840721776	-0.00157901461147	0.000329264352364	-0.0251813759861	-0.204235477003	0.0413992282017	1.32169507209e-11	2.0473481446e-05	100.0
1.20434397353e-06	-0.00135415354732	1.91972976538e-05	-0.00748216231088	-0.170314296591	0.00117202961735	1.32169507209e-11	2.0473481446e-05	100.0
0.000360773823888	-0.00129893712317	-0.000578018509825	0.0416254663142	-0.168436201668	-0.0719451189493	1.32169507209e-11	2.0473481446e-05	100.0
-0.00011045992932	-0.00048336195092	-2.40591532036e-05	-0.0228468314919	-0.046804427553	0.00639369189017	1.32169507209e-11	2.0473481446e-05	100.0
0.000186496321187	-0.000973814949493	-0.000454582725709	0.0171190005252	-0.123107298436	-0.0533792640274	1.32169507209e-11	2.0473481446e-05	100.0
-2.9872083682e-05	-0.00131526252559	-0.00019827695976	-0.0105521586671	-0.167131135325	-0.0213769516203	1.32169507209e-11	2.0473481446e-05	100.0
0.000145403381139	-0.000675269907568	0.000270540572868	0.010000977665	-0.0798913094048	0.026771454593	1.31842220401e-11	2.0422783668e-05	100.0
0.000287246546859	-0.00185735194518	-0.00038112791814	0.0325301940943	-0.242377707468	-0.0490953273622	1.31842220401e-11	2.0422783668e-05	100.0
-0.000259569327266	-0.000824638346206	0.000554326424373	-0.0377286100819	-0.102164416436	0.0655933047769	1.31764975081e-11	2.041081812e-05	100.0
-0.000250109363174	-0.00205371674124	0.000189809521072	-0.0379242071883	-0.268999292326	0.0242734346459	1.31764975081e-11	2.041081812e-05	100.0
-0.000329275834091	-0.00124422931823	-3.12857961226e-05	-0.0454300133654	-0.154336958835	-0.00332008370046	1.31764975081e-11	2.041081812e-05	100.0
5.03838788683e-05	-0.00124067367464	-0.000526856902576	0.00131402514782	-0.159162149702	-0.0648365356197	1.31764975081e-11	2.041081812e-05	100.0
0.000138670566532	-0.000656065749056	-0.00101582313979	0.0129465311851	-0.0840786128246	-0.126867666856	1.31764975081e-11	2.041081812e-05	100.0
-0.000290074103047	-0.000574076141573	-8.03680511142e-05	-0.0467062184427	-0.0624519850904	-0.0111874044652	1.31680286854e-11	2.0397699641e-05	100.0
0.000358154887989	-0.000470441496484	0.000521399888675	0.0377061003821	-0.0564560272764	0.0586218202881	1.31680286854e-11	2.0397699641e-05	100.0
2.11551484081e-06	-0.00127252764868	8.53556569773e-05	-0.00794589176152	-0.159699543145	0.00778418947922	1.31680286854e-11	2.0397699641e-05	100.0
-0.000154519305407	-0.00111115164295	-4.4602072516e-05	-0.0298478301056	-0.132796875326	-0.00746554625579	1.31680286854e-11	2.0397699641e-05	100.0
0.000517851739791	-0.00194168630597	-0.000341344762556	0.0631251607472	-0.254328931457	-0.0434467714503	1.31680286854e-11	2.0397699641e-05	100.0
0.000104910342143	-0.00114713219404	0.00106837240371	0.0088616098012	-0.149207237021	0.135935981198	1.31610283283e-11	2.0386855863e-05	100.0
0.000297437569718	-0.0013685470552	0.000433239467987	0.0326011870116	-0.176704058984	0.0530957807	1.31519409395e-11	2.0372779206e-05	100.0
0.000226434373641	-0.00160071364452	4.26859044813e-05	0.0233318025465	-0.206358370722	0.00571524486062	1.31519409395e-11	2.0372779206e-05	100.0
-8.98384258286e-05	-0.00136071436918	-0.000463742585235	-0.0167357554755	-0.174916169972	-0.0574769499151	1.31519409395e-11	2.0372779206e-05	100.0
0.000259318456743	-0.00205328490588	0.00047027485426	0.0294208002668	-0.269375900386	0.0609977744818	1.31455591485e-11	2.0362893606e-05	100.0
-0.000102121398296	-0.0011560017763	-0.000112263716532	-0.0193995116758	-0.142674842784	-0.00938701285874	1.31455591485e-11	2.0362893606e-05	100.0
0.000263441292423	-0.00151361483155	-0.000545900114981	0.0291989185155	-0.196212009191	-0.0690677889149	1.31455591485e-11	2.0362893606e-05	100.0
-0.000234565998418	-0.00104798219678	-0.00042962844302	-0.0349178044084	-0.131356227375	-0.0502720098974	1.31455591485e-11	2.0362893606e-05	100.0
-0.000161049892637	-0.000523338568107	-0.000864032181709	-0.0253381466723	-0.0653367264588	-0.104149578826	1.31455591485e-11	2.0362893606e-05	100.0
-0.000251028020588	-0.000372376039267	-0.000339023443226	-0.0327882117764	-0.0368918175705	-0.0291441551707	1.31455591485e-11	2.0362893606e-05	100.0
0.000413344943826	-0.000935436511865	0.000490549519292	0.0469447625227	-0.118706574893	0.059020331881	1.31359588025e-11	2.0348022362e-05	100.0
0.000372662671408	-0.00176025868194	-0.000177488017361	0.043358169833	-0.229000526395	-0.0224031016525	1.31359588025e-11	2.0348022362e-05	100.0
0.000268653601866	-0.00183326172643	-0.000510468399768	0.0302787558144	-0.239612589739	-0.0655762130362	1.31359588025e-11	2.0348022362e-05	100.0
-0.000253530541628	-0.000779393991334	0.000716648643449	-0.0371954502064	-0.0973580335505	0.0872888391698	1.31300849397e-11	2.0338923559e-05	100.0
-0.000302759813599	-0.000689518741994	0.000281019630582	-0.0412512787044	-0.0811511426499	0.0273306076049	1.31300849397e-11	2.0338923559e-05	100.0
-9.16788061677e-05	-0.000689570862588	0.000743369568829	-0.0167228343551	-0.0857654966414	0.0892904988976	1.31300849397e-11	2.0338923559e-05	100.0
-0.000323728706742	-0.00073235806484	5.85625560264e-05	-0.0389772753756	-0.0873769300919	-0.000537861913871	1.31300849397e-11	2.0338923559e-05	100.0
0.000200184827764	-0.00023266878844	0.000480487904919	0.0155113203092	-0.0244733863631	0.0462906234586	1.31300849397e-11	2.0338923559e-05	100.0
0.00010000177945	-0.00197215557875	3.13368834647e-05	0.00829048346166	-0.257630906523	0.00408197153815	1.31300849397e-11	2.0338923559e-05	100.0
-0.00032830599625	-0.00126715335768	-0.000103766181299	-0.0458991827865	-0.158412753347	-0.0111915306188	1.31300849397e-11	2.0338923559e-05	100.0
-3.74174992165e-05	-0.00170044784748	0.00030037871765	-0.00970197796382	-0.22077081219	0.0381751128328	1.31300849397e-11	2.0338923559e-05	100.0
0.000103512782371	-0.00113576682485	-0.000929222591	0.00849208736712	-0.147309404219	-0.117610539571	1.31300849397e-11	2.0338923559e-05	100.0
-0.000192291157664	-0.000441101647752	-3.80421686129e-05	-0.032278506014	-0.0414876179736	-0.0130713278484	1.31200822743e-11	2.0323429109e-05	100.0
0.000389192400464	-0.000781512706985	0.000610671613643	0.0438976765879	-0.0989401790091	0.0736283231383	1.31200822743e-11	2.0323429109e-05	100.0
0.000273199129224	-0.00174020716707	0.000323025746054	0.0302942422605	-0.226289088123	0.04095629973	1.31200822743e-11	2.0323429109e-05	100.0
0.000117757310452	-0.00141224474821	-0.000118409527068	0.00822629409107	-0.180155523731	-0.0135411075825	1.31200822743e-11	2.0323429109e-05	100.0
0.000305725845408	-0.00169803179578	-0.00046681783956	0.0345628279338	-0.221261316281	-0.0590291075601	1.31200822743e-11	2.0323429109e-05	100.0
-0.000277667780107	-0.00074747247696	7.81810607014e-05	-0.0455120570838	-0.0937922882351	0.012518586406	1.31200822743e-11	2.0323429109e-05	100.0
-6.75023582338e-05	-0.00100529977236	-8.61889983438e-05	-0.0197429666576	-0.123301448326	-0.00339879285064	1.31200822743e-11	2.0323429109e-05	100.0
0.000207227132913	-0.00177546239179	0.00108789391432	0.0227158078688	-0.233212690922	0.141108179803	1.31146207888e-11	2.0314969093e-05	100.0
0.00021721399917	-0.000900335253234	0.00124762234059	0.0236108226269	-0.117345643657	0.159658194729	1.3099151609e-11	2.0291006836e-05	100.0
2.09883784248e-05	-0.0014467819692	0.00100262323446	-0.00201381026115	-0.188821707152	0.128504671545	1.3099151609e-11	2.0291006836e-05	100.0
0.000293808277527	-0.001470274213	0.000744198674748	0.0336300797265	-0.191248058847	0.095489260226	1.3099151609e-11	2.0291006836e-05	100.0
0.000310188597945	-0.00121414213485	0.00105135120469	0.0357087903113	-0.158056482476	0.134708909713	1.3099151609e-11	2.0291006836e-05	100.0
0.000156040044827	-0.00160905439559	0.000649582254335	0.0152061848102	-0.209464068493	0.0826953946123	1.3099151609e-11	2.0291006836e-05	100.0
-0.000178295558675	-0.00232317492016	-6.61088394843e-06	-0.0283830476504	-0.30546917785	-0.000457398483994	1.3099151609e-11	2.0291006836e-05	100.0
-5.15912947864e-05	-0.000345727605299	-0.000676808548051	-0.0114774151254	-0.0418090065109	-0.074603941981	1.3099151609e-11	2.0291006836e-05	100.0
0.000223381413149	-0.00137516450473	0.000934089920639	0.0243456435762	-0.179354700269	0.119608033216	1.30886309575e-11	2.0274710009e-05	100.0
-8.09736894203e-05	-0.00225102335678	-2.7326272908e-05	-0.0156726424451	-0.295173925137	-0.00359177011653	1.30886309575e-11	2.0274710009e-05	100.0
-8.14868499997e-05	-0.00218958155739	-7.12641024108e-05	-0.0155817804335	-0.287620426373	-0.00900933573746	1.30886309575e-11	2.0274710009e-05	100.0
-7.9002355847e-05	-0.000803403020762	7.60254286494e-05	-0.0214285331694	-0.0976441959741	0.000934597441283	1.30730561688e-11	2.025058416e-05	100.0
0.000396104330073	-0.00123607973245	-0.000790512574989	0.0463109703775	-0.160384369738	-0.100015205846	1.30730561688e-11	2.025058416e-05	100.0
0.000114076770492	-0.00193855806692	0.000566356464177	0.0102563864789	-0.253877535637	0.0731675263864	1.30682132494e-11	2.0243082323e-05	100.0
-0.000409359856062	-0.00124318750695	3.04094511674e-05	-0.0554807914711	-0.155376616417	0.00261893316314	1.30682132494e-11	2.0243082323e-05	100.0
-0.000305789441928	-0.00138802436264	0.000509536102949	-0.0444567171109	-0.178638121731	0.0636119261046	1.30372748897e-11	2.0195157809e-05	100.0
-8.93137463888e-05	-0.000953562577078	0.000361064445498	-0.0169257357346	-0.118421973643	0.0403256274739	1.30372748897e-11	2.0195157809e-05	100.0
-8.76488243492e-05	-0.00193375040464	-0.000226590970516	-0.0164605147162	-0.252620003178	-0.029093742915	1.30372748897e-11	2.0195157809e-05	100.0
-0.000309085164379	-0.0017443587664	-0.000278293109917	-0.0452987505208	-0.226692117855	-0.0355114132432	1.30372748897e-11	2.0195157809e-05	100.0
0.000172928976849	-0.00128678381984	-0.00115825594956	0.0180420855539	-0.16802551293	-0.149136351085	1.30372748897e-11	2.0195157809e-05	100.0
-0.000303548361347	-0.000743816972724	-0.000521706991248	-0.0428354078556	-0.0909701147505	-0.06033775578	1.30372748897e-11	2.0195157809e-05	100.0
0.000282690436616	-0.00107765034747	0.000533395062146	0.0314729333937	-0.137524752732	0.0654404497012	1.3026890021e-11	2.0179071314e-05	100.0
6.89238768624e-05	-0.00188474915445	0.000292721421582	0.00423259084874	-0.246067183777	0.0377273025389	1.3026890021e-11	2.0179071314e-05	100.0
0.000337622335603	-0.000508340070953	-0.000763456864162	0.0371633698398	-0.0641100127544	-0.0916412791044	1.3026890021e-11	2.0179071314e-05	100.0
4.42735420933e-05	-0.00119428297718	-0.000153293389496	-0.00231199342351	-0.150064300724	-0.0158717035018	1.3026890021e-11	2.0179071314e-05	100.0
-0.000245133300931	-0.000652513153799	3.84639009518e-05	-0.0335055895428	-0.0729856256049	0.00692983158804	1.30063315011e-11	2.0147225506e-05	100.0
-0.000152005473651	-0.00156494456	-0.000572698637214	-0.0248970291296	-0.202960721278	-0.073051830744	1.30063315011e-11	2.0147225506e-05	100.0
-0.000352677635638	-0.00049462110564	-0.000120790309471	-0.0424934277599	-0.0517557623698	-0.00631119242209	1.30063315011e-11	2.0147225506e-05	100.0
0.000168178344012	-0.00052789573144	-0.00101383505755	0.0166371819577	-0.0678087021951	-0.125403431983	1.30063315011e-11	2.0147225506e-05	100.0
1.37060140482e-05	-0.00124112354147	7.8002660475e-05	-0.00715000145563	-0.156601909417	0.00529466328759	1.29965651984e-11	2.0132097189e-05	100.0
0.000521484035996	-0.00144248515517	0.000738777408548	0.0631271167454	-0.188377759899	0.0938206552533	1.29965651984e-11	2.0132097189e-05	100.0
-0.00014996724059	-0.0010804838501	1.13154749648e-06	-0.0314753360547	-0.129661187882	-0.00537101852739	1.29965651984e-11	2.0132097189e-05	100.0
8.61213970942e-05	-0.00172551640168	0.000784306668143	0.00639566361394	-0.225263509635	0.100531841378	1.29965651984e-11	2.0132097189e-05	100.0
0.000210307439663	-0.00214944325107	0.000115579004742	0.022800721368	-0.28150129445	0.014886970201	1.29965651984e-11	2.0132097189e-05	100.0
-0.00024382850488	-0.00143055464131	-0.000232314812727	-0.0364504897473	-0.182866952874	-0.0281148827404	1.29965651984e-11	2.0132097189e-05	100.0
-0.000129968770495	-0.00116434046724	1.76695696934e-05	-0.0252667479454	-0.141873264222	0.00324763403798	2.57619124251e-11	3.9906030309e-05	100.0
0.000233452106909	-0.00146551605664	3.026477129e-06	0.0234891168043	-0.187811303449	0.000947198418679	1.29965651984e-11	2.0132097189e-05	100.0
0.000119845585603	-0.00123573414291	-0.000851426780903	0.0105537432414	-0.160231180423	-0.108042287531	1.29965651984e-11	2.0132097189e-05	100.0
-0.000210402042133	-0.000662735267361	0.000688522728085	-0.0314968292882	-0.0814917575511	0.0819051983591	1.29908572923e-11	2.0123255459e-05	100.0
-7.5045966433e-05	-0.000711549762787	0.000850671495687	-0.0145793336258	-0.090162746262	0.103586092583	1.29908572923e-11	2.0123255459e-05	100.0
-0.000246254980413	-0.00128402223916	0.000642433262922	-0.0368465696969	-0.165103476584	0.0806354331215	1.29908572923e-11	2.0123255459e-05	100.0
-0.000388163991829	-0.00125289845365	0.000372102542767	-0.0545156266303	-0.159293014787	0.0450632336315	1.29908572923e-11	2.0123255459e-05	100.0
0.000453386119713	-0.00176313492943	0.000978237874077	0.055330435903	-0.231947429666	0.126869714861	1.29908572923e-11	2.0123255459e-05	100.0
-0.000297634003791	-0.000600654187406	-7.25248249072e-05	-0.0414068522272	-0.063984681374	-0.0062519070966	1.29815335409e-11	2.0108812668e-05	100.0
0.000534906314907	-0.00103454227841	0.000554342928485	0.0633417470336	-0.133137909591	0.0680803748368	1.29815335409e-11	2.0108812668e-05	100.0
0.000316499218127	-0.00191866577831	0.000416476405042	0.0366127366432	-0.251023460116	0.0528064986894	1.29815335409e-11	2.0108812668e-05	100.0
-1.62913604839e-05	-0.00223997423808	0.000155228882786	-0.00714647811271	-0.293883008055	0.0197425926342	1.29815335409e-11	2.0108812668e-05	100.0
4.64533808682e-06	-0.00132234278733	-2.50699396699e-05	-0.00762883191962	-0.166404421359	-0.00163434431003	1.29815335409e-11	2.0108812668e-05	100.0
0.000422900032955	-0.00159481982988	-0.0008291124397	0.0508024764887	-0.208937165293	-0.106464961358	1.29815335409e-11	2.0108812668e-05	100.0
-0.000243972655261	-0.000693932863712	9.50450943885e-05	-0.0408036902574	-0.0816601375305	0.0172889544866	1.29815335409e-11	2.0108812668e-05	100.0
-4.1631453862e-05	-0.00128545895767	2.95923470066e-05	-0.0133960287608	-0.161566854679	0.00648415718473	1.29815335409e-11	2.0108812668e-05	100.0
0.000242972642865	-0.00128602931191	-0.000272965547417	0.0248491403152	-0.16477252628	-0.0318989909049	1.29815335409e-11	2.0108812668e-05	100.0
-0.000238229645631	-0.00113212807955	-2.74091300452e-05	-0.0337059154266	-0.135314212007	-0.00165106742157	1.29753881125e-11	2.0099293202e-05	100.0
-8.22096685765e-05	-0.00200138549084	-0.000347558701689	-0.0158871434928	-0.261838051545	-0.0442104876542	1.29753881125e-11	2.0099293202e-05	100.0
-0.000447404882067	-0.00121466924536	-0.000429260818476	-0.0621753820967	-0.154660443111	-0.0525973642125	1.29753881125e-11	2.0099293202e-05	100.0
0.000362759499337	-0.000112258588584	-0.000829818395269	0.0400718541405	-0.0151449952114	-0.098218949245	1.29753881125e-11	2.0099293202e-05	100.0
2.17466964067e-05	-0.000450170021658	-0.00116194252108	-0.00175534606314	-0.0583013920016	-0.145107368658	1.29753881125e-11	2.0099293202e-05	100.0
0.000457156225807	-0.00160312470363	0.000592773095085	0.0548152843205	-0.209091039409	0.0752759667128	1.29665873762e-11	2.0085660579e-05	100.0
-3.93679546831e-05	-0.000577075702863	-0.000414960996901	-0.010722510674	-0.0657726238306	-0.0439140661097	1.29665873762e-11	2.0085660579e-05	100.0
7.22281585857e-05	-0.00181105948743	-0.000381499104806	0.00485102771639	-0.236434163745	-0.04872237603	1.29599139037e-11	2.0075323155e-05	100.0
-0.000180298607653	-0.000296539433138	0.000437602015388	-0.0253144983631	-0.0295085913202	0.0395483688536	1.29444396948e-11	2.0051353109e-05	100.0
-2.30353190575e-05	-0.00101627950029	0.00103668974033	-0.007740061523	-0.131279488945	0.131585446479	1.29444396948e-11	2.0051353109e-05	100.0
-0.000178342654171	-0.00195363033052	0.000746727295431	-0.0283049855285	-0.256195615455	0.0967488547874	1.29444396948e-11	2.0051353109e-05	100.0
0.000162879007569	-0.00224115453149	0.000299048376549	0.0168062272889	-0.294482523258	0.0388067199786	1.29444396948e-11	2.0051353109e-05	100.0
-0.000192696706678	-0.00204470166352	3.63167980231e-05	-0.0303550228513	-0.2674259435	0.00427575698467	1.29444396948e-11	2.0051353109e-05	100.0
-6.78373838713e-06	-0.00216324329528	-0.000341038574655	-0.00574242450282	-0.284069164397	-0.0444947214013	1.29444396948e-11	2.0051353109e-05	100.0
-0.000341303850423	-0.00128794926792	-0.000136994217398	-0.047882138717	-0.16163482103	-0.0149586681258	1.29444396948e-11	2.0051353109e-05	100.0
-0.000295362243816	-0.000636028345288	2.23307784928e-05	-0.0435298367673	-0.0701993665872	0.00165537765552	1.29369414676e-11	2.0039738114e-05	100.0
-0.000113436038605	-0.000668060265827	-2.32270732079e-05	-0.0260969992644	-0.0774941797046	-0.00947050535855	1.29369414676e-11	2.0039738114e-05	100.0
3.24429296519e-05	-0.000884270480061	7.20853495276e-05	-0.00661936542618	-0.108202697589	0.0030759860974	1.29369414676e-11	2.0039738114e-05	100.0
0.00022817193759	-0.000582049740217	0.000521696729919	0.02144797822	-0.0710189481402	0.0583730874662	1.29369414676e-11	2.0039738114e-05	100.0
6.6719415251e-05	-0.00101194021266	8.57583214786e-05	-0.00141634587936	-0.125816505576	0.00575302879984	1.29369414676e-11	2.0039738114e-05	100.0
6.91614320885e-05	-0.00133344231577	0.000129205654449	0.00139675253108	-0.169027283032	0.0138940357862	1.29369414676e-11	2.0039738114e-05	100.0
-3.37992716858e-05	-0.00130176665576	5.20427252024e-05	-0.0121034045373	-0.16306389763	0.00359648520724	1.29369414676e-11	2.0039738114e-05	100.0
0.000350185831054	-0.00183088641007	0.000111701852117	0.0404270711016	-0.238426188276	0.013453153899	1.29369414676e-11	2.0039738114e-05	100.0
0.000367262844016	-0.000532627404469	-0.000711677901242	0.0406726161197	-0.0664967798484	-0.0851363825304	1.29369414676e-11	2.0039738114e-05	100.0
0.000474414732736	-0.000527139942507	-0.000846683792873	0.055266437569	-0.0676542509663	-0.103718760725	1.29369414676e-11	2.0039738114e-05	100.0
0.000471400873268	-0.000815355851519	-0.000853297501112	0.0556297776614	-0.105326904666	-0.106103450737	1.29369414676e-11	2.0039738114e-05	100.0
0.000443429761484	-0.00180412232258	-0.000392982420551	0.052940240673	-0.235623906299	-0.0499492828528	1.29369414676e-11	2.0039738114e-05	100.0
9.11536693283e-05	-0.00191806605032	-0.000357050219806	0.0069374372034	-0.250431765783	-0.044793017073	1.29369414676e-11	2.0039738114e-05	100.0
0.00028960153872	-0.000861326049008	-0.000505822771908	0.0305508294541	-0.10865825447	-0.0597883809554	1.29369414676e-11	2.0039738114e-05	100.0
0.000532177911467	-0.00110291264112	-0.00073660337493	0.0640510221982	-0.142917510004	-0.0924774977664	1.29369414676e-11	2.0039738114e-05	100.0
0.000126417363593	-0.00066158972889	0.00108150449444	0.0115179221475	-0.0855187264148	0.13518774114	1.2928960457e-11	2.0027375272e-05	100.0
-4.90125904386e-05	-0.00190227108874	-0.000127103319666	-0.0112173114321	-0.248506462136	-0.0160662694629	1.2928960457e-11	2.0027375272e-05	100.0
-0.000399605963095	-0.000735516316744	-0.00019956543203	-0.051702509525	-0.0875550877994	-0.0188884157705	1.2928960457e-11	2.0027375272e-05	100.0
0.000322183504955	-0.000198495865396	-0.00103343606521	0.0362353428919	-0.026347971156	-0.12694961431	1.2928960457e-11	2.0027375272e-05	100.0
0.000263908443384	-0.0016093870689	-0.000413859356014	0.0292039860348	-0.208640538624	-0.0525905451259	1.29134862482e-11	2.0003405225e-05	100.0
-0.000301150499002	-0.00142665754286	-0.000319251271008	-0.0438297393454	-0.182570592913	-0.0390979085344	1.29134862482e-11	2.0003405225e-05	100.0
6.5368714881e-05	-0.00192641641717	-0.000710171880675	0.00368201120106	-0.252449739973	-0.0917985524737	1.29134862482e-11	2.0003405225e-05	100.0
-0.000284262030034	-0.000838832724576	-0.000362847502742	-0.0403926760466	-0.102216740918	-0.0397300031463	1.29134862482e-11	2.0003405225e-05	100.0
-6.7567208495e-06	-0.000708797667599	-0.00108833895689	-0.00560661449306	-0.0912484154789	-0.136423450503	1.29134862482e-11	2.0003405225e-05	100.0
-0.000280425055134	-0.00108927621301	0.000643024629929	-0.0410007198553	-0.138666188805	0.0798669632569	1.28980070104e-11	1.9979427388e-05	100.0
-0.000250305716885	-0.000908965014701	0.00046388310541	-0.0365963233115	-0.112682504373	0.0537002470401	1.285155421e-11	1.9907470507e-05	100.0
-0.00032637595434	-0.000996378306272	0.000324236130508	-0.0456876379349	-0.123846348179	0.0356404428139	1.285155421e-11	1.9907470507e-05	100.0
-0.000143322058621	-0.00143426151038	0.000548815971483	-0.0236081675579	-0.185082596241	0.0683765167118	1.285155421e-11	1.9907470507e-05	100.0
8.41566464087e-05	-0.000198069281905	0.000566647613314	0.0032790744522	-0.0203442474859	0.0574170410946	1.285155421e-11	1.9907470507e-05	100.0
2.89485175413e-05	-0.00217036057245	8.62442982486e-05	-0.00100655384994	-0.284480830833	0.0108671117346	1.285155421e-11	1.9907470507e-05	100.0
0.000330715668869	-0.00186415907563	-0.000920028158863	0.0389177085495	-0.244868790764	-0.119051646357	1.285155421e-11	1.9907470507e-05	100.0
-0.000320918098469	-0.000649325666304	-0.000238953416146	-0.0425690684883	-0.0751074145813	-0.0216272265226	1.285155421e-11	1.9907470507e-05	100.0
0.000228089313433	-0.00140157634811	-0.00119536191721	0.0254067514112	-0.183716538228	-0.153976551765	1.285155421e-11	1.9907470507e-05	100.0
0.000191133448626	-0.000552637382552	0.00025831983783	0.0140526105859	-0.0625619896241	0.0240569576275	1.28498694977e-11	1.9904860834e-05	100.0
9.50705894974e-05	-0.000844887638899	0.000140871854248	0.00246302274219	-0.103209306828	0.0116551946113	1.28498694977e-11	1.9904860834e-05	100.0
0.000313517671753	-0.000679681336801	0.000443971356111	0.0319358593075	-0.0838425020832	0.0500344129645	1.28498694977e-11	1.9904860834e-05	100.0
0.00043550671775	-0.00198047463586	0.000722040165509	0.0524117796906	-0.259707908237	0.0933176261485	1.28498694977e-11	1.9904860834e-05	100.0
0.000302328765586	-0.00205897862917	0.00034079616057	0.034698133639	-0.269329949928	0.0440627171008	1.28498694977e-11	1.9904860834e-05	100.0
0.000262957651228	-0.000332981575332	-0.000653262483568	0.0258409581967	-0.0403557957256	-0.0737486089881	1.28498694977e-11	1.9904860834e-05	100.0
0.000239703341934	-0.0012192491082	-0.00113723023211	0.026625054644	-0.159452643589	-0.145140426029	1.28498694977e-11	1.9904860834e-05	100.0
2.6629461081e-05	-0.00131405707367	-8.52198828656e-05	-0.00453976015765	-0.16581990209	-0.00852140669798	1.28498694977e-11	1.9904860834e-05	100.0
0.00043010497622	-0.00176999353073	-0.00109263040787	0.0520574225097	-0.232437019165	-0.141896136282	1.28498694977e-11	1.9904860834e-05	100.0
0.00033829638126	-0.000705841574589	-0.000362877781615	0.0350219771225	-0.0869198785559	-0.0400431015737	1.28498694977e-11	1.9904860834e-05	100.0
0.000598635141275	-0.00144760963927	-0.000788180941067	0.0734975832565	-0.189301128389	-0.100486017996	1.28498694977e-11	1.9904860834e-05	100.0
7.45187097305e-05	-0.00185649353698	0.000603795667962	0.00482228474211	-0.242479699964	0.0770636481496	1.28214255181e-11	1.9860800195e-05	100.0
-7.47204051615e-05	-0.00124930240962	2.38794017541e-06	-0.0188051247525	-0.155110273676	-0.000262892462769	1.28214255181e-11	1.9860800195e-05	100.0
0.000201547246033	-0.00174805313228	8.03801261257e-05	0.0206332901484	-0.226511947576	0.00999349971224	1.28214255181e-11	1.9860800195e-05	100.0
0.00013589042644	-0.0010262386742	-0.00016969551193	0.00878427870761	-0.128566892818	-0.0166850823303	1.28214255181e-11	1.9860800195e-05	100.0
-1.50914606935e-05	-0.00109944406294	-0.000102327305271	-0.0116899244781	-0.136663243904	-0.00770421898076	1.28214255181e-11	1.9860800195e-05	100.0
-0.000269307998887	-0.000432488876314	0.000277147109207	-0.0347993938475	-0.0437270491936	0.023094638705	1.28205806474e-11	1.9859491464e-05	100.0
7.33166970137e-05	-0.000457525747076	0.00100766217323	0.00466912543923	-0.0588540797599	0.123493063141	1.28205806474e-11	1.9859491464e-05	100.0
-9.92116500693e-05	-0.00164432562582	0.000762645730224	-0.0178430246204	-0.214610463316	0.0976649844179	1.28205806474e-11	1.9859491464e-05	100.0
0.000284654611845	-0.000816042069441	0.000916732512357	0.0317152738143	-0.105398492029	0.114182666138	1.28205806474e-11	1.9859491464e-05	100.0
0.000170931696396	-0.0020801868833	0.00054185962092	0.0177553879856	-0.273051249465	0.0701086978049	1.28205806474e-11	1.9859491464e-05	100.0
0.000424911557722	-0.000833150037342	0.000910489684463	0.0499864673751	-0.107406932228	0.11416110279	1.27932531041e-11	1.9817160221e-05	100.0
-0.000208842416111	-0.00202553417801	-0.000215372977237	-0.0324682112374	-0.264452596939	-0.0277956659422	1.27932531041e-11	1.9817160221e-05	100.0
0.000307865205216	-0.00175505453187	0.000609443413381	0.0355372546977	-0.229250929136	0.0781117438912	1.27895970269e-11	1.9811496839e-05	100.0
0.000513857630729	-0.00151313530895	0.000643114641116	0.062143108286	-0.197431112809	0.0815480186281	1.2779267477e-11	1.9795496035e-05	100.0
-1.78311113816e-05	-0.00131806869835	2.74777344134e-05	-0.0110592862331	-0.164964288192	0.0039888465969	1.2779267477e-11	1.9795496035e-05	100.0
0.000323356195978	-0.000620781310673	-0.000733004768897	0.035672670455	-0.0779149209315	-0.0886903727603	1.2779267477e-11	1.9795496035e-05	100.0
9.32870651547e-05	-0.00096326215337	-0.000147206052405	0.00290086236903	-0.119857675254	-0.0129528908652	1.2779267477e-11	1.9795496035e-05	100.0
-0.000170438696465	-0.00107014535094	1.60859679529e-05	-0.0343326517454	-0.126770382399	0.00776397666384	1.2779267477e-11	1.9795496035e-05	100.0
0.000157642413048	-0.00112823689616	-0.000209109348172	0.0123678695212	-0.142672126956	-0.0224395073961	1.2779267477e-11	1.9795496035e-05	100.0
-0.000221681221864	-0.000393210407653	0.000320054251755	-0.0296631736158	-0.038630845035	0.0271325751122	1.27740976731e-11	1.9787487842e-05	100.0
-0.000223912966523	-0.00176537131474	0.000105289284442	-0.0342607058869	-0.229308469888	0.0134807364997	1.27740976731e-11	1.9787487842e-05	100.0
0.000126916779538	-0.00182657501769	-0.000301941573043	0.0115632893139	-0.237965756402	-0.0386342162682	1.27740976731e-11	1.9787487842e-05	100.0
-0.000274461360793	-0.00108034997994	-0.000154413235883	-0.0385150918519	-0.131436868251	-0.013048085655	1.27740976731e-11	1.9787487842e-05	100.0
0.000116594828659	-0.00011866699705	-0.000824885385885	0.00925924464807	-0.0162493533592	-0.0950752537336	1.27740976731e-11	1.9787487842e-05	100.0
0.000472272642187	-0.000561424248741	0.000835366790017	0.0550804654303	-0.0725860790412	0.102128213335	1.27653472268e-11	1.977393312e-05	100.0
0.000475650937931	-0.0012194545142	0.000537770233905	0.0560095920206	-0.157742847472	0.0664522542469	1.27653472268e-11	1.977393312e-05	100.0
0.000509533321165	-0.000933751928128	0.00128880808937	0.0621165688696	-0.1227504313	0.165027812926	1.27653472268e-11	1.977393312e-05	100.0
0.00027013403882	-0.00017983221062	0.000703767808508	0.0268681000714	-0.0222924614095	0.0793100381163	1.27653472268e-11	1.977393312e-05	100.0
-2.5040987927e-05	-0.00124860681169	6.51422941069e-05	-0.0119844104959	-0.156377341023	0.00520370438811	1.27653472268e-11	1.977393312e-05	100.0
-0.000148208787348	-0.00115433503635	-5.9294351683e-06	-0.0283532458505	-0.140094061005	-0.00115246128692	2.54215100052e-11	3.937873602e-05	100.0
0.000319792232444	-0.000969519073309	-0.00106171939933	0.0368761211359	-0.126105295612	-0.134675564042	1.27653472268e-11	1.977393312e-05	100.0
0.000262465319381	-0.00200012107091	-0.000297266835737	0.0293867694574	-0.261286493957	-0.0378125526304	1.27653472268e-11	1.977393312e-05	100.0
0.00029339761501	-0.0020687273724	-0.000612089297037	0.0336337090754	-0.271115470074	-0.0789328513995	1.27653472268e-11	1.977393312e-05	100.0
-0.000325057897204	-0.000680158890791	-6.05720351627e-06	-0.0472847103424	-0.0798522513563	-0.00207418342082	1.27653472268e-11	1.977393312e-05	100.0
-2.8325551639e-05	-0.000661114094474	-2.06998852217e-05	-0.0144047033864	-0.0758583767696	0.00438294041831	1.27653472268e-11	1.977393312e-05	100.0
0.000266272824129	-0.00141640591085	-0.000262507510911	0.0280225824111	-0.18216345215	-0.031585991653	1.27653472268e-11	1.977393312e-05	100.0
0.000525745785839	-0.00163084087439	-0.000582775655944	0.0637879647533	-0.212651342291	-0.0743522807198	1.27653472268e-11	1.977393312e-05	100.0
-0.000240979161082	-0.000506046912304	0.000426737819444	-0.0337182321308	-0.0570726097289	0.0434485407996	1.27585983193e-11	1.9763478845e-05	100.0
-0.000248436785317	-0.000394487738407	8.29882625395e-05	-0.0290347475012	-0.0342516801866	-0.00103012892603	1.27585983193e-11	1.9763478845e-05	100.0
-0.000201270464293	-0.000391962551443	0.000482115884187	-0.0285032438331	-0.0436973479151	0.0479966455741	1.27585983193e-11	1.9763478845e-05	100.0
-0.000204569450767	-0.000680928725946	0.000805305084199	-0.030849927841	-0.0852777252734	0.0974860918182	1.27585983193e-11	1.9763478845e-05	100.0
-0.000186226141125	-0.000440901278864	0.000523046043469	-0.0271983920802	-0.051354284793	0.0539259244035	1.27585983193e-11	1.9763478845e-05	100.0
0.000347212213576	-0.00118253600069	0.000872980840963	0.0403638841055	-0.153868843673	0.110580138417	1.27585983193e-11	1.9763478845e-05	100.0
0.000261171252453	-0.00160187083124	0.000799113027683	0.0296415262079	-0.209501436226	0.102615746641	1.27585983193e-11	1.9763478845e-05	100.0
-7.74238911744e-05	-0.002241794441	0.000494586862833	-0.0151321718417	-0.294339436406	0.0643794111833	1.27585983193e-11	1.9763478845e-05	100.0
0.000287769843491	-0.0021299624756	0.000102670391311	0.0330283961985	-0.279208244457	0.013839671157	1.27585983193e-11	1.9763478845e-05	100.0
0.000323019757359	-0.0018970927901	0.000950532498722	0.0378684927397	-0.249191501813	0.122499424101	1.27514873244e-11	1.9752463686e-05	100.0
0.000294323647522	-0.00217608202802	7.17350989408e-05	0.0335743990758	-0.284842299605	0.00952965285021	1.27514873244e-11	1.9752463686e-05	100.0
-0.000221172754005	-0.00215266218398	-0.000406549867852	-0.0340764140653	-0.282857120422	-0.0526900863077	1.27514873244e-11	1.9752463686e-05	100.0
-0.000191535838992	-0.000733980639204	-1.77556395113e-05	-0.0305532893983	-0.0890712930198	-0.00400257146695	1.27430939365e-11	1.9739462058e-05	100.0
0.000575656280073	-0.000980212825716	0.00118935902448	0.0706186308318	-0.128418242563	0.152377568421	1.2737692799e-11	1.9731095522e-05	100.0
0.000202022679023	-0.000283477612305	0.000855993581732	0.0198376885976	-0.0355000470939	0.10180854085	1.2737692799e-11	1.9731095522e-05	100.0
0.000121105819436	-0.0021409254327	-0.000285373388219	0.0108899556787	-0.280226674524	-0.0367224962152	1.2737692799e-11	1.9731095522e-05	100.0
-0.000107693398399	-0.00202206458197	-0.000486010245927	-0.0191692364146	-0.264457085866	-0.0625427819267	1.2737692799e-11	1.9731095522e-05	100.0
-0.000136660150845	-0.0017062961844	0.000776640843258	-0.0227894009904	-0.22271552843	0.100636495511	1.27239586215e-11	1.970982084e-05	100.0
-0.000289536251982	-0.00113264514533	0.000768094394675	-0.0423327649743	-0.145457433535	0.0961324467833	1.2712080142e-11	1.9691420694e-05	100.0
-0.000355813648663	-0.00103120445684	0.000369173823983	-0.0495098278238	-0.128908804677	0.0428606192058	1.2712080142e-11	1.9691420694e-05	100.0
0.000141090054786	-0.00154983520517	-0.0010511826555	0.0138397852669	-0.202807032971	-0.135275962536	1.2712080142e-11	1.9691420694e-05	100.0
-0.000275087749775	-0.000346531538032	-0.000135402447757	-0.0314607944174	-0.0283302093333	-0.00465593861967	1.2712080142e-11	1.9691420694e-05	100.0
0.000214602170771	-0.0013706884068	0.000254761669378	0.0212025630407	-0.17582790434	0.0298222042212	1.27102847918e-11	1.9688639638e-05	100.0
-0.000108306574226	-0.000696733831386	-2.74571319423e-05	-0.0262779384848	-0.0817656687278	-0.00927284034813	1.26831131473e-11	1.9646549888e-05	100.0
0.00051095469153	-0.000530625683478	0.000655491941303	0.0587656354387	-0.0671323193257	0.0781212447364	1.26831131473e-11	1.9646549888e-05	100.0
0.00046777157127	-0.00110197972283	0.000693358241428	0.0550885677766	-0.142615669997	0.0864144525526	1.26831131473e-11	1.9646549888e-05	100.0
0.0003238605593	-0.00139132951904	0.000976771657954	0.0376402623904	-0.1819356149	0.124603619232	1.26831131473e-11	1.9646549888e-05	100.0
0.000307500872818	-0.00151548566446	0.000143733119258	0.0335248015153	-0.195285376683	0.0170977295196	1.26831131473e-11	1.9646549888e-05	100.0
0.000125199217866	-0.00221841976378	0.000559470659117	0.0115923579205	-0.291144880587	0.072257352621	1.26831131473e-11	1.9646549888e-05	100.0
0.000344185388181	-0.00176185243036	-0.000221002542866	0.0395370028823	-0.229070832778	-0.027893694852	1.26831131473e-11	1.9646549888e-05	100.0
6.48586185726e-05	-0.00207304616977	-0.000777418505997	0.00378365840015	-0.272288129265	-0.100320261449	1.26831131473e-11	1.9646549888e-05	100.0
0.000351892074517	-0.000399600466365	-0.000355594484808	0.0333655051795	-0.0462339737509	-0.0353187933172	1.26831131473e-11	1.9646549888e-05	100.0
-0.000110323327189	-0.00118059350092	1.58946311814e-05	-0.0207067048989	-0.145328302091	0.00496876459407	1.26831131473e-11	1.9646549888e-05	100.0
0.000264744233114	-0.00159430773382	-0.00118047046621	0.0302313291473	-0.209310946603	-0.152177203801	1.26831131473e-11	1.9646549888e-05	100.0
9.58006613259e-05	-0.000508267263753	-0.000127131235331	0.000570354017894	-0.0531285068225	-0.0068427204904	1.26831131473e-11	1.9646549888e-05	100.0
0.000303094782552	-0.00100150500317	-0.00118566594538	0.0348985502427	-0.131006094171	-0.151237784124	1.26831131473e-11	1.9646549888e-05	100.0
-7.40485898173e-05	-0.00121569716293	2.43742856134e-05	-0.0195534751843	-0.150634131754	0.00622359973429	1.26831131473e-11	1.9646549888e-05	100.0
-5.4935501221e-05	-0.0016051971838	-0.000805305243827	-0.0122219733397	-0.209162594075	-0.102730716261	1.26831131473e-11	1.9646549888e-05	100.0
-8.23560430463e-05	-0.000368378293923	0.000532631608954	-0.0154803109952	-0.039838997879	0.0556944712581	1.26655317908e-11	1.9619315801e-05	100.0
-0.000214579895829	-0.00116139364449	-0.000661986491957	-0.0327108541612	-0.148395405765	-0.0820088344764	1.26655317908e-11	1.9619315801e-05	100.0
-0.000220646301879	-0.000763270634506	-0.000806261280964	-0.0330830746531	-0.0959627961409	-0.098596172459	1.26655317908e-11	1.9619315801e-05	100.0
-0.000273497438236	-0.000407971991877	4.36794896854e-06	-0.0329205905701	-0.0405641430304	0.00250206959709	1.26561627784e-11	1.96048029e-05	100.0
0.000203409982599	-0.000575505656285	0.000175976931522	0.0151175729501	-0.0653702066873	0.0144835415867	1.26561627784e-11	1.96048029e-05	100.0
-0.000264145785586	-0.000714278596346	-6.26913153711e-06	-0.0351911663649	-0.0879149075342	-0.00167456960997	1.26561627784e-11	1.96048029e-05	100.0
-2.09810700033e-05	-0.00121293099434	6.83740763297e-05	-0.0120549743086	-0.152043368267	0.00526266254803	1.26561627784e-11	1.96048029e-05	100.0
0.00017707564567	-0.00145604653168	0.000832736402578	0.0182036864314	-0.189737339873	0.105361932474	1.26561627784e-11	1.96048029e-05	100.0
-0.000140853325495	-0.00076775746762	-1.07971500613e-05	-0.0278304802267	-0.0924511418532	-0.000887545056011	1.26561627784e-11	1.96048029e-05	100.0
0.00018653724572	-0.00203630878698	-1.5473055683e-05	0.0194138173186	-0.265910806833	-0.00136012666422	1.26561627784e-11	1.96048029e-05	100.0
5.01580910837e-05	-0.0017955955345	-0.000846077716533	0.00176612019904	-0.235331566493	-0.109094639063	1.26561627784e-11	1.96048029e-05	100.0
-8.56524737822e-06	-0.000624132500784	-4.31561249568e-05	-0.0120648514809	-0.0699180371236	0.00183459607951	1.26561627784e-11	1.96048029e-05	100.0
0.000448236016363	-0.000911576078803	-0.000519659688405	0.0515973285978	-0.116120044878	-0.0625974868227	1.26561627784e-11	1.96048029e-05	100.0
0.000472570918618	-0.00115319117841	-0.000509012358984	0.0555649051477	-0.148713451549	-0.0623684777046	1.26561627784e-11	1.96048029e-05	100.0
4.9204223233e-05	-0.00125261138032	-0.000145485465088	-0.00137421711719	-0.158124479569	-0.0150181856071	1.26561627784e-11	1.96048029e-05	100.0
0.000227237137801	-0.0013184409584	-0.000288998786679	0.0229323737176	-0.168986607209	-0.0339122123597	1.26561627784e-11	1.96048029e-05	100.0
