# x[AU] y[AU] z[AU] vx[AU/yr/2pi] vy[AU/yr/2pi] vz[AU/yr/2pi] m[MSUN] m[mtot] wf[%]
-0.000176091250245	-0.00040950161208	-8.97326294903e-08	-0.0254715460256	-0.0486586142311	1.60866309879e-05	3.20788219309e-07	0.498465783211	9.80148888187
0.000176827375521	0.000411466385512	-1.60866315916e-08	0.0255206008778	0.0489892835126	-6.1022301089e-06	3.19017806786e-07	0.495714777993	9.85007097129
-1.25168017121e-05	-2.92202825364e-05	2.98706727809e-05	-0.00396184593624	-0.00505348650752	0.00106584994144	4.65763426152e-11	7.2373957967e-05	25.585705484
1.48050823928e-05	-3.41071096368e-05	9.68148587826e-06	0.00371727013362	-0.00709309372896	0.00301183388954	4.07405241216e-11	6.3305807515e-05	0.0
-1.80732549711e-05	2.83137472765e-05	2.86848294566e-05	-0.00287088393092	0.00875994682113	0.00521228130107	3.82493776622e-11	5.9434869631e-05	0.0
-8.18430035916e-06	-6.17349737565e-05	-1.90738010504e-06	-0.00422207571213	-0.0124983848852	-0.00177557499774	3.72950761138e-11	5.795200137e-05	0.0
5.00146672215e-05	-7.35023263002e-05	-0.00021494380306	0.00269049775411	-0.0108684541854	-0.00821137417536	3.54952953779e-11	5.5155361531e-05	0.0
9.07640766841e-06	4.86938619287e-05	-4.52673716311e-05	0.00836445840102	0.0101452068351	-0.0170443269393	3.51293909388e-11	5.4586790642e-05	0.0
-1.78416057322e-05	6.30882162155e-05	-0.000147642214021	-0.00961630629017	0.0131962611645	-0.0258876252384	2.28792639567e-11	3.5551586813e-05	100.0
0.000139885593184	-0.000139767079499	0.000782528105261	0.0172437463731	-0.0175682819097	0.0928885882617	1.24576785166e-11	1.935771361e-05	100.0
-7.6308337255e-05	0.000538597884876	0.000581821088988	-0.00732193235274	0.06732461259	0.0637901175899	1.24576785166e-11	1.935771361e-05	100.0
-0.000158067961197	0.000224112859943	0.000429814963997	-0.0163643939221	0.0286435792768	0.0406293813552	1.24576785166e-11	1.935771361e-05	100.0
-2.22815689448e-05	4.54466168194e-05	0.000706354891721	-0.00243633052299	0.00602036898206	0.0811365074736	1.24576785166e-11	1.935771361e-05	100.0
7.60577615695e-05	-0.000152238766049	-0.000139957382669	0.00843409005319	-0.0262982219098	-0.0179620347399	1.23656881924e-11	1.9214771861e-05	100.0
3.49432837489e-05	-0.000249752977868	0.000650948358959	0.00372580624971	-0.0318472328804	0.0731142406065	1.23656881924e-11	1.9214771861e-05	100.0
-1.75733512215e-06	4.65489704975e-05	-2.47853520752e-05	0.00445975377338	0.0100037373266	0.00159535749539	1.23656881924e-11	1.9214771861e-05	100.0
-5.7534627548e-05	0.000574433936866	-0.000633444196375	-0.00529788053298	0.0727100247879	-0.0715025039383	1.23656881924e-11	1.9214771861e-05	100.0
-1.0272430032e-05	0.000172184387715	-0.00067460868813	-0.000500570953435	0.022149804136	-0.0761300556425	1.23199997988e-11	1.9143777668e-05	100.0
0.000203189253408	5.73918410284e-05	-0.000288050045909	0.0212854258325	0.0104683983053	-0.0197109056703	1.23199997988e-11	1.9143777668e-05	100.0
0.000107388376685	-0.00051918157926	-0.000358669248893	0.00695436502884	-0.063271509294	-0.0297401723756	1.23199997988e-11	1.9143777668e-05	100.0
0.000152938096144	-6.92169977657e-06	-0.000137531888895	0.0126265357666	0.00248748432251	-6.78114474636e-06	1.23048172716e-11	1.9120185871e-05	100.0
5.35951031715e-05	-0.000256556911729	0.000331970918714	0.00161244935186	-0.034531105999	0.02360570706	1.23048172716e-11	1.9120185871e-05	100.0
-0.000164283441923	0.000181052665364	0.000471008068987	-0.0176521152014	0.0240037573717	0.0471343458608	1.22896498313e-11	1.9096617518e-05	100.0
-6.84071241864e-05	0.000350568303563	0.000554077746529	-0.00598738918653	0.0437527887944	0.0584865253734	1.22896498313e-11	1.9096617518e-05	100.0
-0.000207577345123	8.10767386076e-05	0.000442619778819	-0.0229863422381	0.00945875580558	0.0430400330561	1.22896498313e-11	1.9096617518e-05	100.0
9.10280826477e-05	-0.000166208453815	-0.000291458428833	0.00633689429258	-0.0229996285384	-0.0191296990679	1.22896498313e-11	1.9096617518e-05	100.0
-8.33887944168e-05	4.40598880683e-05	-0.000177404024361	-0.00589926018362	0.00491866769305	-0.00364428174237	1.22745075359e-11	1.9073088237e-05	100.0
3.92583842452e-05	-5.45813909175e-05	-0.00100573662597	0.00498283176405	-0.00718609629875	-0.124755518892	1.22745075359e-11	1.9073088237e-05	100.0
0.000113434260044	-0.000140171138378	-0.00060185266407	0.0127600269225	-0.0175991078109	-0.0656635286509	1.22745075359e-11	1.9073088237e-05	100.0
0.000136617334661	-0.000268132555559	-0.000550877053199	0.0144325149252	-0.0339290686733	-0.0583221690171	1.22745075359e-11	1.9073088237e-05	100.0
5.1981038805e-05	0.000467107293934	0.000458545624473	0.0087018278673	0.0577063515314	0.0425218029094	1.22593853566e-11	1.9049590214e-05	100.0
1.46842072058e-05	-0.000120292482599	-0.000564739850251	0.00116073686105	-0.015667194725	-0.0595807469218	1.22442883222e-11	1.9026131264e-05	100.0
-0.000196616293149	1.89375416438e-05	0.000810092352538	-0.0248166521897	0.00267470896787	0.0966582113727	1.22141445433e-11	1.8979291506e-05	100.0
-5.12436658338e-05	0.000153755168468	-0.000292620964979	-0.00248671165248	0.0215395749539	-0.0188621265627	1.21840862573e-11	1.8932584594e-05	100.0
-0.000138503838825	0.000253402492847	-0.00037183798459	-0.0123056644116	0.0326339821978	-0.0316882494907	1.21840862573e-11	1.8932584594e-05	100.0
6.2396834534e-05	-1.03028949663e-05	-0.000557590922048	0.00712445031905	-0.00163904833972	-0.0586548384116	1.21840862573e-11	1.8932584594e-05	100.0
6.33750535695e-05	-0.000335286590065	-0.000423030604593	0.00358821302908	-0.0422079192437	-0.0377138046537	1.21840862573e-11	1.8932584594e-05	100.0
-2.43197230567e-05	-0.000369548910471	0.000813790639936	-0.00362980359122	-0.0476613122987	0.0972959210472	1.21541034061e-11	1.8885994899e-05	100.0
3.75938769247e-05	0.000176536411163	-0.000480579755845	0.00541630133269	0.0232416170051	-0.0465908161508	1.21541034061e-11	1.8885994899e-05	100.0
-0.000240752067081	-7.23436985524e-05	-0.000774877978728	-0.0302880172443	-0.00953751199622	-0.0915555455252	1.21541034061e-11	1.8885994899e-05	100.0
0.000158978676894	-0.000497885775249	0.000734103235936	0.0185717225723	-0.0631431445051	0.0865135438263	1.21541034061e-11	1.8885994899e-05	100.0
-8.28173718852e-05	-0.000364547120469	0.00070304407207	-0.0109363225647	-0.0474383658716	0.081145197706	1.21541034061e-11	1.8885994899e-05	100.0
-0.0001802043225	3.84359705736e-05	0.000253923549836	-0.0166790212499	0.00287433993573	0.0157379352088	1.21391421545e-11	1.8862746938e-05	100.0
-0.000154907352107	0.000701866763803	0.000214756598264	-0.0106451789067	0.0804916578288	0.0164692038048	1.21391421545e-11	1.8862746938e-05	100.0
6.55158948048e-05	0.000743565365199	-0.000816651299503	0.00952551446726	0.0947324046956	-0.0997396015343	1.21391421545e-11	1.8862746938e-05	100.0
-5.19802960685e-05	-0.000501752533768	0.000749500783636	-0.00777894662007	-0.063347037986	0.0881532509688	1.21391421545e-11	1.8862746938e-05	100.0
9.84828217545e-05	-0.000611792580046	-0.000350515043033	0.00610156244379	-0.072803180572	-0.0302617165743	1.21391421545e-11	1.8862746938e-05	100.0
-1.5931748818e-05	-0.000874732784883	0.000225983492698	-0.00599004734728	-0.101484458337	0.0205529765815	1.21242010189e-11	1.8839530235e-05	100.0
0.000182711585934	0.000879361306578	-0.000395707263626	0.0240342656181	0.106787742122	-0.0420951103295	1.21092799992e-11	1.8816344789e-05	100.0
-0.00020124357772	-7.14009036093e-05	-0.000456085261446	-0.0232345456898	-0.00965038581402	-0.044194227573	1.21092799992e-11	1.8816344789e-05	100.0
-7.16864087759e-05	-3.90306549156e-05	-0.000443830104375	-0.00854287586797	-0.00579650004156	-0.0417919207394	1.21092799992e-11	1.8816344789e-05	100.0
-0.000128990180861	-0.000791565514976	0.000158437253379	-0.0177039527488	-0.0865070425582	0.00912933007443	1.20943740665e-11	1.8793182787e-05	100.0
-0.000172562933765	0.000578725920068	-0.00036345557522	-0.0151675545797	0.0701225185714	-0.0331606318815	1.20943740665e-11	1.8793182787e-05	100.0
-2.29125523823e-05	0.000345955061926	0.000637817607941	-0.00130097068393	0.0440853281775	0.0707963932444	1.20943740665e-11	1.8793182787e-05	100.0
0.000119184209545	-0.000756516092311	-0.000415269776684	0.0107733753923	-0.090867324615	-0.0436290553027	1.20943740665e-11	1.8793182787e-05	100.0
-0.000246048652683	-0.000247557500462	0.000853948398478	-0.031670608524	-0.0317409897599	0.103186670955	1.20794882498e-11	1.8770052043e-05	100.0
-0.000248754924712	-0.000401048497049	0.000669484797821	-0.0314737060091	-0.0514458189354	0.0763009127901	1.206461752e-11	1.8746944742e-05	100.0
0.000262145936078	6.80299873279e-05	0.000458656029046	0.0301628540984	0.00945171891365	0.0451518263621	1.206461752e-11	1.8746944742e-05	100.0
0.000192783000928	-0.000108207373061	0.000453938565257	0.0209008382531	-0.0130942516419	0.0444481848661	1.206461752e-11	1.8746944742e-05	100.0
9.59498437901e-05	0.000207943579674	0.000671291041177	0.0123510462276	0.0268490087957	0.0755033125185	1.206461752e-11	1.8746944742e-05	100.0
-9.59087931657e-05	0.000440906126634	-0.000697289598722	-0.0103729468002	0.0556389385601	-0.0802328186161	1.20497669062e-11	1.8723868699e-05	100.0
4.87104834862e-06	2.74513791058e-05	-6.23110982655e-05	-0.00234661295348	0.00665360459688	-0.00483376719523	1.20497669062e-11	1.8723868699e-05	100.0
0.000108837073708	3.9417748611e-05	1.62227301561e-05	0.0051957697996	0.0120716836607	-0.0145869509743	1.20497669062e-11	1.8723868699e-05	100.0
-7.19764751237e-05	-0.000984002442824	-0.00057545726083	-0.0108713085446	-0.123013886749	-0.0685635480341	1.20497669062e-11	1.8723868699e-05	100.0
-0.000291659065125	5.42792131038e-05	0.000482065133077	-0.0338837334965	0.00687794001131	0.0499881504419	1.20053206737e-11	1.8654804672e-05	100.0
-6.16271990889e-05	0.000708176750473	-0.000640496563792	-0.00586341293545	0.0884508621581	-0.0739968678671	1.20053206737e-11	1.8654804672e-05	100.0
0.000233474778896	-0.000280677277828	0.000784296445404	0.0287972486189	-0.0362832590882	0.0934273669397	1.20053206737e-11	1.8654804672e-05	100.0
0.00015069331194	0.000137808149384	-0.000509433833319	0.0179029753799	0.018388154448	-0.0511321403503	1.20053206737e-11	1.8654804672e-05	100.0
2.13135039936e-05	-0.000320042348638	-0.000721932001937	0.0015705091411	-0.0404807396067	-0.0832047782981	1.20053206737e-11	1.8654804672e-05	100.0
7.68814239413e-05	0.000302977398822	0.000730355295157	0.010407990955	0.0383997282898	0.0842326400469	1.19463004219e-11	1.8563094396e-05	100.0
-4.22795506855e-05	-0.000655529244842	0.000364890172605	-0.00894953462102	-0.0757129487702	0.0319253181921	1.19463004219e-11	1.8563094396e-05	100.0
0.000122762620518	-0.000376980020906	0.00102622475502	0.0153380379536	-0.0491342352187	0.127926461957	1.19315855909e-11	1.8540229343e-05	100.0
-0.00016022341191	0.000687423253478	0.000295979542181	-0.0127413835129	0.0806819950613	0.0263738092243	1.19168858469e-11	1.8517387733e-05	100.0
-8.1423752123e-06	0.00098483115375	0.000178724166132	0.00256621927113	0.116776773304	0.0183876680384	1.19168858469e-11	1.8517387733e-05	100.0
-0.000238792079291	0.00027033166089	-0.00105656709758	-0.0305028708525	0.0349391704281	-0.132617207057	1.19168858469e-11	1.8517387733e-05	100.0
3.38056933647e-05	0.000524031060089	-0.000788281013414	0.00565221317402	0.0658144434943	-0.0939467267431	1.19168858469e-11	1.8517387733e-05	100.0
1.89391726757e-05	0.000236223624686	-0.000903889330826	0.00287993296868	0.030782037089	-0.109716382564	1.19168858469e-11	1.8517387733e-05	100.0
-0.000178410942436	0.000327169901443	-0.000453440335645	-0.0177455755977	0.0407960171919	-0.0444417875836	1.19168858469e-11	1.8517387733e-05	100.0
0.000266617316298	0.000439994561166	0.000653755489456	0.033729724491	0.0558620392819	0.0741061714744	1.19168858469e-11	1.8517387733e-05	100.0
0.000141143584064	-0.000253419960041	0.000552540317735	0.0151931396696	-0.0318206549206	0.0585619117597	1.19168858469e-11	1.8517387733e-05	100.0
-9.41330607455e-07	-0.000816329022523	-0.000409599026098	-0.00327751360313	-0.0981399130571	-0.0428895035734	1.19168858469e-11	1.8517387733e-05	100.0
9.60880455366e-05	5.18623262156e-05	1.92988952843e-06	0.00360111331542	0.014631480014	0.0171197913748	1.19168858469e-11	1.8517387733e-05	100.0
-6.14857270158e-05	-0.000833723187278	-0.000672445993377	-0.00933676644721	-0.105157898131	-0.0794623360486	1.19168858469e-11	1.8517387733e-05	100.0
2.29472254066e-06	-0.000795874289339	-9.09712508762e-05	-0.0065702074987	-0.0854864001866	-0.00473582553185	1.19168858469e-11	1.8517387733e-05	100.0
0.000155569557014	-0.000889228395949	-0.000799938461223	0.0187134514689	-0.113954682782	-0.0983860564495	1.19168858469e-11	1.8517387733e-05	100.0
-7.52114757072e-05	-0.000243859784924	-0.000802934358276	-0.0100064645873	-0.0315871271986	-0.0954352344743	1.19022011899e-11	1.8494569566e-05	100.0
-0.000307653254165	0.000288537052165	0.000648463384539	-0.0368627664998	0.0367412073482	0.0743234189435	1.18875366488e-11	1.8471782657e-05	100.0
-0.000318981271476	0.00014463557114	0.00109819835069	-0.0413724906276	0.0191932035979	0.138305415702	1.18875366488e-11	1.8471782657e-05	100.0
1.93007188798e-05	0.000878921802929	0.00036217575677	0.00537729683235	0.105194948355	0.037716221075	1.18875366488e-11	1.8471782657e-05	100.0
-0.000264806068934	-0.000384387072315	-0.000806690022561	-0.0339374802334	-0.0494367970111	-0.096317859969	1.18875366488e-11	1.8471782657e-05	100.0
0.000158883737895	0.000748125855979	0.000602846668439	0.0211510607171	0.0933066335892	0.0690725752555	1.18875366488e-11	1.8471782657e-05	100.0
-5.46326344771e-05	-0.000595815707596	0.000524170727966	-0.00923824416951	-0.0729566659768	0.0547533989114	1.18875366488e-11	1.8471782657e-05	100.0
4.72134081518e-05	-0.000140518044125	-0.000486353845202	0.00418780088525	-0.0182342388653	-0.0481022881363	1.18875366488e-11	1.8471782657e-05	100.0
-0.000214705618728	-0.000522365456268	0.000501248150894	-0.0269235623545	-0.0640744038317	0.0499861988384	1.18582477986e-11	1.8426271355e-05	100.0
-2.4139663665e-05	-0.000365958119242	-0.000500472290693	-0.00552408220338	-0.0457762179211	-0.0490968257641	1.18582477986e-11	1.8426271355e-05	100.0
0.0001703040366	2.77396333095e-05	0.00103848006006	0.0217461464722	0.00418773067242	0.129319897741	1.18582477986e-11	1.8426271355e-05	100.0
-0.000187681159435	0.000258319847603	0.0012240358766	-0.0243082271667	0.0336417599711	0.155774843828	1.18290243252e-11	1.838086164e-05	100.0
1.02309977939e-05	0.000532070531456	-0.000444222423749	0.00468645669292	0.0646885208397	-0.0411117208483	1.18290243252e-11	1.838086164e-05	100.0
-5.2195808146e-05	-0.000133489018557	0.000492999446475	-0.00678998826631	-0.0179943566036	0.048454171419	1.18290243252e-11	1.838086164e-05	100.0
-0.000213633149633	-0.000840128493687	-0.000291519401653	-0.0275560236749	-0.0969464314871	-0.0282805872565	1.18290243252e-11	1.838086164e-05	100.0
-0.000194099509198	0.000449938401964	0.000407368737355	-0.0188428276261	0.055653097665	0.0385788261882	1.17998561708e-11	1.8335537884e-05	100.0
-0.00027646677084	-0.00014963069338	0.00071752924355	-0.0343451986897	-0.0193667689773	0.0830828734523	1.17998561708e-11	1.8335537884e-05	100.0
0.00031451215677	0.000585805292033	0.000461416684322	0.037845248413	0.0710754166109	0.0460004911688	1.17998561708e-11	1.8335537884e-05	100.0
0.000181649860441	-0.000374660759707	0.000449298662524	0.0179256808027	-0.0466994303775	0.0439663731066	1.17998561708e-11	1.8335537884e-05	100.0
-5.29214416252e-05	-0.000814813107764	0.000198387387515	-0.0108812073875	-0.0903343358173	0.0165137203621	1.17998561708e-11	1.8335537884e-05	100.0
0.000164128222949	-1.95703952556e-05	-0.000103926650943	0.0205802766489	0.000801307926652	-0.0121538440041	1.17998561708e-11	1.8335537884e-05	100.0
0.000144588943451	0.000621227310884	-0.000455666767789	0.0193476046971	0.0746396216588	-0.0441253645928	1.17998561708e-11	1.8335537884e-05	100.0
0.000322555209745	0.000600599373832	-0.000435304530013	0.0385791892731	0.0728597636071	-0.0421364669884	1.17998561708e-11	1.8335537884e-05	100.0
9.5739925956e-05	-5.51556099147e-05	-0.000185430324544	0.0173993034005	-0.00898393720614	-0.0241185411309	1.17852922096e-11	1.8312907264e-05	100.0
8.77662127246e-06	0.000529731855936	0.000906230194625	0.00188807344155	0.0682288082919	0.110895844709	1.17852922096e-11	1.8312907264e-05	100.0
-2.47350718061e-05	0.000153420456585	0.000715978964666	-0.00249878461178	0.0201033653637	0.0821746078939	1.17852922096e-11	1.8312907264e-05	100.0
-6.98094145133e-05	0.000814614117699	-0.000290984970423	-0.00374096688295	0.0952389963994	-0.0279923228037	1.17852922096e-11	1.8312907264e-05	100.0
-2.94638317997e-05	0.000123459164289	-0.000153836442205	-0.00725176143942	0.0240037914812	-0.023881537745	1.17852922096e-11	1.8312907264e-05	100.0
0.000160255414792	-0.000171065344749	0.000113550390941	0.00870999674982	-0.0235128484625	-0.00170588063612	1.17852922096e-11	1.8312907264e-05	100.0
6.58113265011e-05	-5.4076561186e-05	0.000254180773009	0.00456716666047	-0.00688294136968	0.0134586339189	1.17852922096e-11	1.8312907264e-05	100.0
0.000212175222585	-0.000769785131841	0.000534858646193	0.0238233174045	-0.0957742297281	0.060669131947	1.17852922096e-11	1.8312907264e-05	100.0
-0.000145686008036	-0.000489657837804	-0.00066210303254	-0.0193987926855	-0.0615099428542	-0.0749316319567	1.17707433353e-11	1.8290300087e-05	100.0
0.00018162305401	0.000681062230721	0.000552487134531	0.0238165131011	0.0838767471947	0.060169067312	1.17707433353e-11	1.8290300087e-05	100.0
0.000163433171058	0.000554600597741	-0.000608288811921	0.0212204803808	0.0690963319427	-0.0670384053666	1.17707433353e-11	1.8290300087e-05	100.0
0.000194051911689	0.000206037921661	0.000801017682934	0.0246565000843	0.0264563335287	0.0949146835389	1.1756209548e-11	1.8267716354e-05	100.0
2.22532410042e-05	0.000612465395552	0.00101854469089	0.00362714864239	0.0790319174599	0.127641201304	1.17416908477e-11	1.8245156063e-05	100.0
0.000270633568463	3.99718954322e-05	0.000806728583069	0.0345026485017	0.00515101223907	0.0966811351582	1.17416908477e-11	1.8245156063e-05	100.0
1.59689947378e-05	0.000892321568318	-0.000125850263095	0.00646538263339	0.101300311742	-0.0107880601095	1.17416908477e-11	1.8245156063e-05	100.0
0.000171625485643	0.00106521657404	-0.000299388613704	0.0234397600607	0.130484721188	-0.0333937588103	1.17416908477e-11	1.8245156063e-05	100.0
1.7847399957e-05	-0.000209731877173	-0.000887328796786	0.00187948688761	-0.0271819840114	-0.107472718198	1.17416908477e-11	1.8245156063e-05	100.0
0.000130542371142	0.000423903789534	0.000889664330095	0.0170755840289	0.0547150859243	0.108648271419	1.17416908477e-11	1.8245156063e-05	100.0
6.73531754353e-05	-0.000941286473872	0.00055367614104	0.0064148690062	-0.117618159753	0.0649650367048	1.17416908477e-11	1.8245156063e-05	100.0
0.000202117283224	0.000198457651329	-0.000816766229414	0.0259019100478	0.0251214696956	-0.0976240410993	1.17416908477e-11	1.8245156063e-05	100.0
-5.89213191254e-05	-0.000446121584757	-0.000676354134698	-0.00878132486031	-0.0560969744086	-0.0765961728173	1.17416908477e-11	1.8245156063e-05	100.0
-0.000145341906528	-4.71882641736e-06	-0.000821578325847	-0.0181844279794	-0.000987828861038	-0.0978873939528	1.17126886501e-11	1.8200090184e-05	100.0
-0.000231735669644	-0.000784283833928	-0.00049279376437	-0.0298911432811	-0.0960121444056	-0.0537144048927	1.17126886501e-11	1.8200090184e-05	100.0
-0.000116126725078	0.000274725080796	0.00098226425184	-0.014657793857	0.0356602236757	0.121434716497	1.16982051527e-11	1.8177584595e-05	100.0
-8.65220028095e-05	0.00103850198056	-0.000275878589013	-0.00770366799157	0.126808104901	-0.0307956051669	1.16982051527e-11	1.8177584595e-05	100.0
-0.000109594471815	8.1347604856e-06	-0.000161742570692	-0.00846328375804	-0.00139034042401	-0.00152076840035	1.16982051527e-11	1.8177584595e-05	100.0
0.000108863144735	-0.000110567868952	0.00011691966994	0.00428478877983	-0.0151303452744	-0.00343270910006	1.16982051527e-11	1.8177584595e-05	100.0
0.000174296163234	-0.000736561174062	0.000370507224412	0.0166570608885	-0.0883688993539	0.0375844527624	1.16982051527e-11	1.8177584595e-05	100.0
0.000145163038607	-0.00014816782921	-0.00112953676573	0.018499770252	-0.019299849904	-0.142127857714	1.16982051527e-11	1.8177584595e-05	100.0
-0.000380627646921	0.000152368159435	0.000349434008969	-0.0429925185067	0.0189110797371	0.0330528910194	1.16548401535e-11	1.8110200673e-05	100.0
-0.000281044647422	0.000107211274472	0.000473816184317	-0.0317276111447	0.0126637616717	0.0484977847589	1.16548401535e-11	1.8110200673e-05	100.0
-0.00034045271619	-7.0765494846e-05	0.000916487701653	-0.0434612068372	-0.00922661393623	0.112354563795	1.16548401535e-11	1.8110200673e-05	100.0
3.22198481673e-05	0.00074324392807	0.000889421045951	0.00543608561864	0.0950498215907	0.109666304886	1.16548401535e-11	1.8110200673e-05	100.0
-1.37260635549e-05	-0.000383096622718	0.000869443920701	-0.00248482986619	-0.0490766254852	0.105337435728	1.16548401535e-11	1.8110200673e-05	100.0
-0.000134289110079	-0.000741621515339	0.000337096327007	-0.0184805277509	-0.0850958075275	0.0303945365649	1.16548401535e-11	1.8110200673e-05	100.0
-7.3244821365e-05	0.000567618423963	0.00102482701407	-0.00860612536459	0.072972353931	0.128169087054	1.16548401535e-11	1.8110200673e-05	100.0
-2.89477650493e-05	-0.000230927490113	0.000913326752718	-0.00408915141401	-0.0299562467436	0.11136690828	1.16548401535e-11	1.8110200673e-05	100.0
-9.33560617785e-05	0.000752955710485	0.00067137876288	-0.0100125973235	0.0949126847788	0.0788941190121	1.16548401535e-11	1.8110200673e-05	100.0
0.000177767786437	0.000999575746836	-0.000427633421804	0.0241751883256	0.123599381655	-0.0483750052365	1.16548401535e-11	1.8110200673e-05	100.0
0.000158211481121	0.00110638306351	-0.00054938505592	0.0218844992399	0.139325487098	-0.0667744882086	1.16548401535e-11	1.8110200673e-05	100.0
-0.000173951197181	-0.000177509388327	-0.000767701249574	-0.0221273712653	-0.0228747791598	-0.0900889794089	1.16548401535e-11	1.8110200673e-05	100.0
-0.000142858152412	0.001161745239	-0.000568671100965	-0.0167739307802	0.148173474437	-0.0694163459555	1.16548401535e-11	1.8110200673e-05	100.0
-0.000213845104301	0.000970568356759	-0.00107503609903	-0.0271169188778	0.12672692848	-0.136835044032	1.16548401535e-11	1.8110200673e-05	100.0
-8.02437607155e-05	6.62018275739e-06	-0.000158157466181	-0.018789634429	-7.95278162902e-05	-0.0203876350392	1.16548401535e-11	1.8110200673e-05	100.0
-0.000234762723177	0.00032843837187	0.000935703184243	-0.0295587543046	0.042217022595	0.115451816641	1.16548401535e-11	1.8110200673e-05	100.0
5.78384710044e-05	-0.00053722150826	0.0010719414144	0.00680539004009	-0.069034962295	0.134555383688	1.16548401535e-11	1.8110200673e-05	100.0
3.33084543917e-05	-0.000872812745456	0.000673451448932	0.00252047008919	-0.109949282671	0.0803983520675	1.16548401535e-11	1.8110200673e-05	100.0
-0.00019695254006	-0.000896072541024	0.000565008252835	-0.0262554818337	-0.11159028658	0.0654637073765	1.16548401535e-11	1.8110200673e-05	100.0
0.000209267700807	-2.28967268723e-05	-0.000748998481768	0.0258341449266	-0.00287900672319	-0.0876401273347	1.16548401535e-11	1.8110200673e-05	100.0
0.000234233320662	-0.000207328944208	-0.00100304755715	0.0297088970831	-0.0264226143791	-0.124375295365	1.16548401535e-11	1.8110200673e-05	100.0
-9.01124944554e-05	-0.00102987300226	-0.0003480913628	-0.0133642611936	-0.126432084049	-0.03847440352	1.16548401535e-11	1.8110200673e-05	100.0
-0.000251525592142	-0.000390132931498	0.000892152759765	-0.0326336478845	-0.0501942302719	0.108855883137	1.16259938546e-11	1.8065377042e-05	100.0
-0.000322657710034	0.000435886225057	0.00127039410842	-0.041862369136	0.0570733548608	0.16252325029	1.16259938546e-11	1.8065377042e-05	100.0
6.22509397455e-05	9.29490482046e-05	0.00123109118431	0.00829454822345	0.0120294704979	0.156682829109	1.16259938546e-11	1.8065377042e-05	100.0
2.09151159315e-05	0.000809345719718	-0.000860213449549	0.00382599603642	0.103492945978	-0.106058128472	1.16259938546e-11	1.8065377042e-05	100.0
-8.39185674653e-05	0.000432668192135	-0.000863137965105	-0.00956225848439	0.055172502422	-0.104317409185	1.16259938546e-11	1.8065377042e-05	100.0
0.000254222564921	0.000595394915972	0.000530673083938	0.0316066799644	0.0732390148938	0.0558596518576	1.16259938546e-11	1.8065377042e-05	100.0
0.000272845211653	-0.000253277346921	0.00107467810055	0.0350038991589	-0.0329496162342	0.134745502367	1.16259938546e-11	1.8065377042e-05	100.0
0.000289295406342	0.000486947623747	0.000443938976853	0.0340348192633	0.059824520415	0.0412634164411	1.16259938546e-11	1.8065377042e-05	100.0
0.000214117410402	-4.89610593642e-05	0.00119231533106	0.0279058998361	-0.00655811239157	0.151152423125	1.16259938546e-11	1.8065377042e-05	100.0
0.000212210173644	-0.00049857126068	0.000387229259781	0.0199552438341	-0.0603268079835	0.0366403247684	1.16259938546e-11	1.8065377042e-05	100.0
0.000196009185905	-0.000392474395834	-0.000492100022096	0.0204211751445	-0.0492942129914	-0.0506268732713	1.16259938546e-11	1.8065377042e-05	100.0
0.000226763104416	-0.000516307454762	-0.000467470858935	0.0240850926359	-0.06413812397	-0.0482855160472	1.16259938546e-11	1.8065377042e-05	100.0
0.000100849841581	-0.000802975793826	-0.000358589586944	0.00821947535697	-0.0958122530544	-0.0364583304056	1.16259938546e-11	1.8065377042e-05	100.0
-0.000343146034524	0.000394858544394	-0.00107175983695	-0.0438483812811	0.0511528422966	-0.134632232033	1.16115908211e-11	1.8042996484e-05	100.0
-6.26173294243e-05	0.000735028587877	0.000600047229255	-0.00566321396614	0.0915238220192	0.068764823609	1.16115908211e-11	1.8042996484e-05	100.0
0.000142140983401	-0.000129533622078	-0.000277199562808	0.0116321683883	-0.0171990470362	-0.0184108880321	1.16115908211e-11	1.8042996484e-05	100.0
-7.40870164538e-06	-0.000981456595893	-0.0010238644156	-0.00202369294098	-0.126822044764	-0.130021910535	1.16115908211e-11	1.8042996484e-05	100.0
-0.000222002007807	0.00016997714039	0.00130444934495	-0.0287847196641	0.0222131938465	0.1667734059	1.15971928166e-11	1.802062374e-05	100.0
-0.000162343185764	-0.000107742627516	0.0011714263165	-0.0210187156373	-0.0140811247335	0.147856442986	1.15971928166e-11	1.802062374e-05	100.0
-5.84601050281e-05	0.000807425824812	0.000315350470734	-0.00237303217196	0.0945095375577	0.0311420012283	1.15828149281e-11	1.7998282254e-05	100.0
-8.30930756289e-05	0.000425945630802	-0.000561987693619	-0.00789381366814	0.0537073021649	-0.0598722908207	1.15828149281e-11	1.7998282254e-05	100.0
-0.000104643363296	-0.000594760242085	-0.00101013883228	-0.014236405547	-0.0771155843095	-0.126054261924	1.15828149281e-11	1.7998282254e-05	100.0
-0.000219240787055	-0.000150294271234	0.00109164427465	-0.0286633908223	-0.0194214870795	0.138450710507	1.15828149281e-11	1.7998282254e-05	100.0
0.000276265641213	0.000400153268866	-0.000647034683596	0.0345303124783	0.05033461079	-0.0727449090146	1.15828149281e-11	1.7998282254e-05	100.0
-0.000458431135845	-6.49700030744e-05	0.000494172896821	-0.055350927461	-0.00898952841407	0.0531107137793	1.15684420685e-11	1.7975948583e-05	100.0
-0.000308612185247	-0.000265735474643	0.000774080993788	-0.0389081592015	-0.0340242647103	0.0914429060001	1.15684420685e-11	1.7975948583e-05	100.0
-0.000223249750987	0.000667450376378	-0.00108894621606	-0.0282068456352	0.0865196216318	-0.137705730616	1.15684420685e-11	1.7975948583e-05	100.0
7.5086387503e-06	0.000286160575005	-0.00165010986289	0.00117582464051	0.037764854964	-0.214676833812	1.15684420685e-11	1.7975948583e-05	100.0
-0.000169940134068	9.21347874372e-05	-0.000136004109054	-0.0118355681442	0.0104101937394	-0.000753523166568	1.15684420685e-11	1.7975948583e-05	100.0
0.000305864082168	0.000245560517079	0.00041966244194	0.034823128447	0.0323058597337	0.0381387015631	1.15684420685e-11	1.7975948583e-05	100.0
0.000225297016597	4.43278106939e-05	0.000957244876949	0.0291526360767	0.00545812539752	0.117959909246	1.15684420685e-11	1.7975948583e-05	100.0
-0.000136807987629	-0.00121084249436	0.00021117852374	-0.0193821250737	-0.150753701637	0.0243041714162	1.15684420685e-11	1.7975948583e-05	100.0
-0.000152959496508	-0.000910986743877	6.61692325331e-05	-0.0211679605289	-0.102261171007	0.00580460563769	1.15684420685e-11	1.7975948583e-05	100.0
-6.01788515784e-06	1.69501084049e-05	0.000130364262284	-0.0100195391814	0.00537395049889	0.0255416867535	1.15684420685e-11	1.7975948583e-05	100.0
-0.000101772918216	-0.00114082017338	-0.000658422892165	-0.0143449329593	-0.146017830191	-0.0806525178018	1.15684420685e-11	1.7975948583e-05	100.0
-1.90747762087e-06	-0.00107330091785	-0.000419880721959	-0.00248223810552	-0.133335889321	-0.0490779697268	1.15684420685e-11	1.7975948583e-05	100.0
0.000337390787943	-0.00024034945103	-0.00133819708685	0.0441525135936	-0.0315975832069	-0.171888506978	1.15684420685e-11	1.7975948583e-05	100.0
0.000156504542728	-0.000478169381184	-0.00119735908534	0.0199479429841	-0.0623998108913	-0.152038738839	1.15684420685e-11	1.7975948583e-05	100.0
-0.000237570579305	-0.000833043828344	0.000651389831667	-0.0312586860287	-0.104797558861	0.0770113556025	1.1554084296e-11	1.7953638355e-05	100.0
3.99159041379e-05	-0.000579046248243	-0.000731184206955	0.00354602118948	-0.0729989420148	-0.08628145183	1.1554084296e-11	1.7953638355e-05	100.0
0.000143116192088	0.000363134654496	0.00132906763331	0.0190987514671	0.0475873479694	0.17044276975	1.1554084296e-11	1.7953638355e-05	100.0
0.000267088538173	0.000550095437288	-0.000542021120819	0.0330577675783	0.0676313530657	-0.0572442354927	1.1554084296e-11	1.7953638355e-05	100.0
-7.16535939505e-05	0.000354837467964	-0.000605378383598	-0.007241024132	0.0453025896571	-0.0662841954098	1.1554084296e-11	1.7953638355e-05	100.0
-4.87379789631e-06	0.00055124967526	0.00118920100191	-4.69798137883e-05	0.0714979809743	0.150993370284	1.15397365814e-11	1.7931343755e-05	100.0
-3.16435067842e-07	-0.00046912656688	0.00104724510133	-0.000526711359136	-0.0609428500623	0.130945149111	1.15397365814e-11	1.7931343755e-05	100.0
-5.38744763157e-05	-0.000973170864189	-0.00058368866938	-0.0087401051865	-0.122498353757	-0.0691281857958	1.15397365814e-11	1.7931343755e-05	100.0
3.26241325934e-05	-6.43696151372e-06	3.68671382801e-05	0.00932465991789	-0.000308953184585	0.00589448309035	1.15397365814e-11	1.7931343755e-05	100.0
-0.000236329368397	0.000207273850215	-0.000391276707142	-0.0244587877424	0.0257519822169	-0.0363387329797	1.15397365814e-11	1.7931343755e-05	100.0
9.35742444428e-06	0.000920696894585	0.000193572515227	0.00478529660617	0.107429387093	0.0190444035673	1.15397365814e-11	1.7931343755e-05	100.0
-9.86403253867e-05	-0.000773641682121	0.00120447992319	-0.0137167698252	-0.101070592613	0.153951236513	1.15397365814e-11	1.7931343755e-05	100.0
2.2306608711e-05	-0.000875779907006	0.000403234726435	0.000149275763234	-0.106495315657	0.0435957164567	1.15397365814e-11	1.7931343755e-05	100.0
0.000338671677551	0.000728236485387	-0.000377483157974	0.0405936673054	0.087024101381	-0.0372032734606	1.15397365814e-11	1.7931343755e-05	100.0
-3.64984556976e-05	0.000850371738078	-0.000712484057301	-0.00311760060415	0.107875211891	-0.0859860439407	1.15397365814e-11	1.7931343755e-05	100.0
0.000217602208238	-0.00066779925379	-0.000437539992981	0.0229860081454	-0.0821290447735	-0.0455704253683	1.15397365814e-11	1.7931343755e-05	100.0
-0.000173721339591	0.000993819580548	0.000998581416975	-0.0216702808085	0.128990313353	0.126522620349	1.15253989248e-11	1.7909064785e-05	100.0
-4.68075429626e-05	-0.000260009371758	0.000409263811447	-0.00784650194047	-0.0333287148297	0.0343949977353	1.15253989248e-11	1.7909064785e-05	100.0
3.96498617768e-05	0.00100566270688	-0.000702687550525	0.00656581607862	0.128054047409	-0.0859063907558	2.30078452277e-11	3.5751386432e-05	100.0
-0.000215460268567	-0.000238276414646	-0.00086923103719	-0.0275961269947	-0.0305420869441	-0.104965273438	1.15253989248e-11	1.7909064785e-05	100.0
3.37278591038e-05	6.69019147008e-05	0.000150223465981	0.0163777159662	0.0119667189666	0.0253543534507	1.15253989248e-11	1.7909064785e-05	100.0
4.24129240999e-05	-0.00103199469917	0.00127277803821	0.00481061168046	-0.135243289251	0.164327864863	1.15253989248e-11	1.7909064785e-05	100.0
0.000254577386883	9.77900905176e-05	-0.000429985191033	0.0287827770585	0.0141924859433	-0.0402408948426	1.15253989248e-11	1.7909064785e-05	100.0
-1.12268639095e-06	-0.000343867096599	-0.00106363586023	-0.000725713837928	-0.0443406252403	-0.132929119422	1.15253989248e-11	1.7909064785e-05	100.0
-0.000178180528735	0.000415864114569	0.000725760503087	-0.0208546010612	0.0525930691385	0.0846651076544	1.15110713262e-11	1.7886801443e-05	100.0
-0.000191523371248	-0.000535766871239	0.00116043701857	-0.0253460810379	-0.0698042364773	0.146893694288	1.15110713262e-11	1.7886801443e-05	100.0
0.000290478581404	0.000573563990627	0.000983050982356	0.0382433801177	0.0736772834943	0.122503838389	1.15110713262e-11	1.7886801443e-05	100.0
0.00025420677749	-0.000357306268972	0.000708932022854	0.0302900688831	-0.0450720057418	0.0826384257231	1.15110713262e-11	1.7886801443e-05	100.0
-0.000246584758903	-0.000617093859385	0.000488087946863	-0.0305916171609	-0.0751809605477	0.049560460399	1.14824463029e-11	1.7842321647e-05	100.0
-6.37556134935e-05	0.00102873395864	0.000675420743071	-0.00651025373604	0.130620058908	0.0824493932201	1.14824463029e-11	1.7842321647e-05	100.0
-0.000327409514493	0.000129655149991	-0.000571811605077	-0.0388528601143	0.0161166624342	-0.063065178469	1.14824463029e-11	1.7842321647e-05	100.0
0.000378611580372	0.000303970385382	0.000843551194743	0.0483847592454	0.0391590163464	0.101967762489	1.14824463029e-11	1.7842321647e-05	100.0
0.000159111904986	-0.000789673623476	0.000721191323146	0.0186381465326	-0.100368350076	0.0867201272509	1.14824463029e-11	1.7842321647e-05	100.0
-8.57868258749e-05	0.000289956917335	-0.00135685736441	-0.0110063839905	0.0378192917428	-0.174176447162	1.14824463029e-11	1.7842321647e-05	100.0
-8.01314720986e-05	-0.00109161258042	-4.51155391813e-05	-0.0124303958927	-0.131661303384	-0.00368802600016	1.14824463029e-11	1.7842321647e-05	100.0
0.00030274679191	8.06916987021e-05	-0.000808313816929	0.0378871680873	0.0107985350744	-0.0963923526764	1.14824463029e-11	1.7842321647e-05	100.0
-3.40702164774e-05	-0.000600429595807	-0.00124309354772	-0.00499337156438	-0.0783072373512	-0.158602863132	1.14824463029e-11	1.7842321647e-05	100.0
-1.14620130867e-05	0.000623928703098	0.000605056073515	0.000601304800975	0.0775435029373	0.0677501306329	1.14538665406e-11	1.7797912181e-05	100.0
0.000202408310421	0.00078048043982	-0.000216463506616	0.0257980109343	0.08547864711	-0.0170243907031	1.14538665406e-11	1.7797912181e-05	100.0
-0.000237169767765	-0.00042013802897	-0.000510238252021	-0.0289394510921	-0.0522360245555	-0.0507189460719	1.14538665406e-11	1.7797912181e-05	100.0
-0.000269660705859	-0.000511330099259	-0.000500556589613	-0.0328303196688	-0.0627339632912	-0.0504325401167	1.14538665406e-11	1.7797912181e-05	100.0
3.43637619275e-05	-0.000837035254473	0.000313977748141	0.000237711907744	-0.0985098350632	0.031050776178	1.14538665406e-11	1.7797912181e-05	100.0
6.15283618198e-05	0.000603644574929	-0.000912604557011	0.00878446656551	0.0773927011509	-0.112209791472	1.14538665406e-11	1.7797912181e-05	100.0
0.000116862763923	0.0005173965986	-0.000593930261134	0.015484428193	0.0650457844024	-0.0639959087595	1.14538665406e-11	1.7797912181e-05	100.0
-0.000193721370126	0.000748379608253	0.000432165545402	-0.0202344679018	0.0914303413528	0.0460313543709	1.14395892319e-11	1.7775726984e-05	100.0
-9.79597075308e-05	-0.000761907251732	0.000732852067593	-0.0138601721927	-0.0963256008821	0.0878982412302	1.14395892319e-11	1.7775726984e-05	100.0
0.000131336165682	0.000288618060076	-0.00132379414883	0.0175653044979	0.0378008769819	-0.169871162975	1.14395892319e-11	1.7775726984e-05	100.0
-0.000351736365216	-0.0004297180533	-0.000633444081968	-0.0435850490952	-0.054599275224	-0.0711201999386	1.14395892319e-11	1.7775726984e-05	100.0
-2.65084668374e-05	0.00111621674225	-0.00108695139589	-0.00259793836086	0.145385659832	-0.139315299212	1.14395892319e-11	1.7775726984e-05	100.0
0.00024596161468	0.000660154103965	0.000355217613515	0.0291777559389	0.0768142503445	0.0301206084198	1.14395892319e-11	1.7775726984e-05	100.0
-1.10069954786e-07	-0.000312340728751	0.00110777411954	-0.000425491898486	-0.0404162256758	0.1389635308	1.14395892319e-11	1.7775726984e-05	100.0
0.000133083958193	0.000230455147922	0.000674377363046	0.0168151870274	0.029110887168	0.0764081478895	1.14395892319e-11	1.7775726984e-05	100.0
4.94480273802e-05	0.000470563578991	-0.000955117208363	0.00686444698948	0.0608891970981	-0.117439669847	1.14395892319e-11	1.7775726984e-05	100.0
7.34850233333e-05	1.58714286827e-05	-0.00123873659306	0.00978109720183	0.00176277234932	-0.157337799417	1.14395892319e-11	1.7775726984e-05	100.0
-0.00023703013303	-0.000815381926756	-0.00024502857664	-0.0294714600389	-0.0928907362738	-0.0209707922538	1.14395892319e-11	1.7775726984e-05	100.0
-0.000274239732966	-0.000410333420528	0.000680207423166	-0.0343242852068	-0.0517736542183	0.0777717347203	1.13968176538e-11	1.7709265166e-05	100.0
-0.000342997072805	-0.000394516898214	0.000767465164329	-0.0435976397078	-0.0501040442622	0.0909465347847	1.13968176538e-11	1.7709265166e-05	100.0
-0.0002866739578	-0.000134720234785	-0.00117074397116	-0.0374240945206	-0.0175589156915	-0.148230644176	1.13968176538e-11	1.7709265166e-05	100.0
0.000384328732835	0.000331612216811	0.00073227204169	0.0483961498291	0.0425612734388	0.0861697020423	1.13968176538e-11	1.7709265166e-05	100.0
0.000206832300542	-4.09532362348e-05	0.000322258551338	0.0208436401101	-0.00365362177567	0.0254569333586	1.13968176538e-11	1.7709265166e-05	100.0
0.000329181809558	-0.000104366007724	0.000596083882937	0.0392367958208	-0.0128790492428	0.0663895458233	1.13968176538e-11	1.7709265166e-05	100.0
0.000356897290624	0.000300768017021	-0.000729416639885	0.0449913639434	0.0383400238783	-0.0855749472781	1.13968176538e-11	1.7709265166e-05	100.0
-0.000143353608602	-0.000578810923637	-0.000469559997735	-0.0192179936393	-0.0694371769228	-0.0454406197181	1.13968176538e-11	1.7709265166e-05	100.0
-0.000142986609147	-0.000867061826101	0.000734584582426	-0.019391909644	-0.110228668331	0.0886385254815	1.13683535583e-11	1.7665035432e-05	100.0
-0.000222967824114	-0.000833081199664	0.000503915065163	-0.0291570363422	-0.102266313648	0.0562475609184	1.13683535583e-11	1.7665035432e-05	100.0
-0.000151516164882	0.000609427205437	0.000757774532482	-0.017610929959	0.0770382651407	0.0902609030791	1.13683535583e-11	1.7665035432e-05	100.0
-0.000217302436003	-0.000505357809628	0.0008296606465	-0.0285011744009	-0.0639418251851	0.0999486359671	1.13683535583e-11	1.7665035432e-05	100.0
0.000244400981277	0.000756017406403	0.000722963655659	0.0322925309959	0.0950034880713	0.0863837087226	1.13683535583e-11	1.7665035432e-05	100.0
-0.000293437602284	2.18896485002e-05	0.000526381704195	-0.0353334505208	0.00274521676667	0.0566631123281	1.13683535583e-11	1.7665035432e-05	100.0
9.78735029816e-05	0.00100881924692	-2.64031872935e-05	0.0149764738915	0.118203497843	-0.00194160431861	1.13683535583e-11	1.7665035432e-05	100.0
0.000138934218046	0.000900993671362	-0.000393397902401	0.0191006354617	0.109243855127	-0.0422932567324	1.13683535583e-11	1.7665035432e-05	100.0
-6.55406907593e-05	-0.00063223406877	-0.000826060199666	-0.00924134507247	-0.0808490770123	-0.0997225857792	1.13683535583e-11	1.7665035432e-05	100.0
-0.000340922238314	0.000298579568265	-0.000516112430035	-0.0394044296006	0.0373596720256	-0.0558396245131	1.13683535583e-11	1.7665035432e-05	100.0
0.000356642252756	0.000421820663254	0.0009457195859	0.0462468378355	0.053942486168	0.116714757451	1.13683535583e-11	1.7665035432e-05	100.0
0.000249531750621	6.48241837375e-05	0.00118517311577	0.0324875614349	0.00815940052346	0.149869537473	1.13683535583e-11	1.7665035432e-05	100.0
0.000310373355789	0.00097566022168	0.000670607856252	0.0409628777023	0.123800590211	0.0815780511039	1.13683535583e-11	1.7665035432e-05	100.0
5.38197546424e-05	-0.000427836574174	0.00152595158776	0.00679865978118	-0.0560987232817	0.19770952972	1.13683535583e-11	1.7665035432e-05	100.0
-0.000273868234182	-0.000904092155103	0.00031625308217	-0.0347887312231	-0.108361359301	0.0322186508542	1.13683535583e-11	1.7665035432e-05	100.0
0.000142443667415	0.000805382396796	-0.000934371509474	0.0192502228758	0.104015923246	-0.116316483464	1.13683535583e-11	1.7665035432e-05	100.0
6.39281518243e-05	0.000351523851141	-0.000911066510721	0.00879489938287	0.0452253223787	-0.111105953413	1.13683535583e-11	1.7665035432e-05	100.0
9.53955856539e-05	-0.000785785703098	-0.00100483989536	0.0113471725247	-0.10111843609	-0.1265708094	1.13683535583e-11	1.7665035432e-05	100.0
-0.000199120806096	0.000518797158207	0.000480038188665	-0.0204874741378	0.0639219570234	0.0497277320507	1.13399196367e-11	1.7620852584e-05	100.0
-9.1166635335e-07	-0.000734735975891	0.00104821585011	-0.000989963990466	-0.0949085615782	0.132118686201	1.13399196367e-11	1.7620852584e-05	100.0
0.000243305804893	0.000829104219128	-6.29610545098e-05	0.0294565790869	0.0888272866477	-0.00434701187352	1.13399196367e-11	1.7620852584e-05	100.0
-0.000102409318323	9.20995510332e-05	-0.000479459655284	-0.0112083505263	0.0116732439623	-0.0473449746369	1.13399196367e-11	1.7620852584e-05	100.0
7.36723417815e-05	0.000882030514823	0.000493583544361	0.0111889398293	0.108422692552	0.0555780108402	1.13399196367e-11	1.7620852584e-05	100.0
0.000128773823657	-0.000142160287453	0.00130551930897	0.0165944614751	-0.0182979329745	0.166742801106	1.13399196367e-11	1.7620852584e-05	100.0
-4.28112022025e-05	-0.000251517595116	0.00044352175165	-0.00650665662793	-0.03353006219	0.0407221099836	1.13399196367e-11	1.7620852584e-05	100.0
-0.000178191181407	-0.000805515557849	0.000253707145499	-0.0232549077844	-0.0907428962972	0.0218793337782	1.13399196367e-11	1.7620852584e-05	100.0
-6.97875161134e-05	0.000841065504618	0.000522358636445	-0.00631588019112	0.103901973948	0.0590090851474	1.13115158891e-11	1.7576716623e-05	100.0
-0.000289468853957	-0.000767615304099	-0.000408425201556	-0.0359563087452	-0.0917727243242	-0.0419162920873	1.13115158891e-11	1.7576716623e-05	100.0
-0.00033022986505	-0.000339837796789	-0.0010201749421	-0.0429137660843	-0.0435914551839	-0.127023679406	1.13115158891e-11	1.7576716623e-05	100.0
0.000219487738257	0.000881714215134	-0.000617700054096	0.0289301940012	0.110541224266	-0.0724202522393	1.13115158891e-11	1.7576716623e-05	100.0
-0.000218948309777	-0.000102029858691	-0.00126076330938	-0.0286135438019	-0.0131187867335	-0.160498435463	1.13115158891e-11	1.7576716623e-05	100.0
-0.000265003622809	7.25025044023e-05	-0.000797819692898	-0.0328899682955	0.00911289673654	-0.0947741805029	1.13115158891e-11	1.7576716623e-05	100.0
0.000201220772563	0.00074619536306	0.00082734205648	0.02668325978	0.0951519554955	0.101049646303	1.13115158891e-11	1.7576716623e-05	100.0
0.000331851080204	0.000951806909241	0.000375349570133	0.0423308743158	0.116780286588	0.0417229143455	1.13115158891e-11	1.7576716623e-05	100.0
-3.64355586286e-06	-0.000408495616489	0.000745318507866	-0.00174219456195	-0.0513905146276	0.0867263758791	1.13115158891e-11	1.7576716623e-05	100.0
0.000170252138382	0.00104296918599	-0.000177379231334	0.0232752222366	0.125479721986	-0.0184595824186	1.13115158891e-11	1.7576716623e-05	100.0
-1.52942149925e-05	0.000813453000571	-0.000255743584919	0.00282549569196	0.093913790118	-0.0225539568793	1.13115158891e-11	1.7576716623e-05	100.0
0.000281047787995	0.00049443114202	-0.000978417730648	0.0367289257042	0.0636902279777	-0.121397640227	1.13115158891e-11	1.7576716623e-05	100.0
0.000227191937672	-4.98432340521e-05	-0.000943099340183	0.0289540438755	-0.00617207445949	-0.115821918253	1.13115158891e-11	1.7576716623e-05	100.0
0.000256971361993	0.000171667726184	-0.000376927582834	0.0282305291467	0.0240854002771	-0.031259963394	1.13115158891e-11	1.7576716623e-05	100.0
0.000115905890644	-0.000686670191289	-0.00114010815135	0.0143989714486	-0.0893035532302	-0.14475257613	1.13115158891e-11	1.7576716623e-05	100.0
0.000254251914997	-6.20875561526e-05	-0.000382088549419	0.0274029526565	-0.00699459309374	-0.034734028929	1.13115158891e-11	1.7576716623e-05	100.0
0.000126528987067	-0.000827254966805	-0.0010278461807	0.015527788852	-0.107099283321	-0.129461958603	1.13115158891e-11	1.7576716623e-05	100.0
-8.88001628689e-05	8.57084562835e-05	0.000945934747185	-0.0108776268319	0.0110169067505	0.115489083699	1.12831523734e-11	1.7532643178e-05	100.0
6.63458831597e-05	0.000830301313039	0.000175178692039	0.0123159420238	0.0918693349851	0.0142787501181	1.12831523734e-11	1.7532643178e-05	100.0
-0.000334416002553	-0.000966190809626	-0.000731786894745	-0.0440822975891	-0.123444936264	-0.0897424845813	1.12831523734e-11	1.7532643178e-05	100.0
