# x[AU] y[AU] z[AU] vx[AU/yr/2pi] vy[AU/yr/2pi] vz[AU/yr/2pi] m[MSUN] m[mtot] wf[%]
4.31179402695e-05	0.000171029906697	-2.61004979576e-07	0.00618018474655	0.0207927510293	-0.000189809767944	5.58572937153e-06	0.929319527757	19.1262429735
-0.000606213541965	-0.00240952950276	-1.51647456785e-06	-0.087389761095	-0.293972541558	-0.000316998441805	2.57714088168e-07	0.0428768955306	9.2911869321
-0.000636319741471	-0.00200448472711	-1.42726463384e-05	-0.0843946752916	-0.253566042379	-0.00323534321185	2.82509748701e-08	0.00470022460454	10.7781836
-0.000603429359638	-0.000824325914351	1.12009417275e-05	-0.0691083176727	-0.0678808474285	0.00234857087823	2.67711034615e-08	0.00445401264057	15.4329907456
-0.000654637521554	-0.00169750672284	-2.6195103781e-05	-0.0851978393149	-0.207520757236	-0.00435902296299	2.23287938465e-08	0.00371492830632	11.062035086
-0.000649200726724	-0.00129043194176	-8.18298085216e-06	-0.0801346266241	-0.143707683937	-0.000995773726632	2.18620220572e-09	0.000363726966764	11.7878219245
-0.000236588966129	-0.00334420662199	0.000137560756298	-0.0421561743389	-0.416888078166	0.0149363950507	1.10471558535e-09	0.00018379583002	0.0
-0.000636972131979	-0.00201781045981	5.80058816045e-05	-0.105728344222	-0.248519229029	0.0147194541036	9.87277102496e-10	0.000164257132713	8.57442925626
-0.000402537483216	-0.000896646585291	-7.81954626912e-05	-0.0550628487862	-0.0752340344755	0.00951554573711	8.93498870991e-10	0.00014865488348	0.0
-0.000477249855656	-0.0011358192143	7.07249614549e-06	-0.0664081103096	-0.115705630749	-0.0131290910997	6.46600904213e-10	0.00010757750815	0.0
-0.000665359254835	-0.0015891039148	9.95980966541e-05	-0.0930308128945	-0.194281480969	0.0216840269608	1.76987281679e-09	0.000294460626534	0.0
-0.000506063515789	-0.00125731893034	-3.48678965268e-06	-0.0717047312029	-0.133601302967	-0.0136233144953	6.21198358537e-10	0.00010335118779	0.0
-0.000520713398369	-0.00160668897408	-8.40038655711e-05	-0.0777576170243	-0.190025611132	0.00728477361609	6.1843884997e-10	0.00010289207761	0.0
-0.000569115281819	-0.00186694223503	-9.34177942547e-06	-0.0893727240913	-0.230651747697	0.0175771476704	6.08348026372e-10	0.00010121322803	0.0
-0.000542743541008	-0.00148928705634	1.66103689797e-05	-0.0795579543429	-0.172870499457	-0.013273780305	5.68580064069e-10	9.459687742e-05	0.0
-0.000636993468738	-0.00141327044619	-9.07315807609e-06	-0.0773700179509	-0.162511837781	0.00192988153392	6.46642594558e-10	0.000107584444333	43.9699154491
-0.00067065017052	-0.00138318598743	0.000145527778138	-0.0889666607948	-0.157097740376	0.024316042609	1.3176248573e-09	0.00021921837396	24.4541999555
-0.000667912879063	-0.00135276922481	-0.000136452270186	-0.0865338315427	-0.153920652134	-0.0213068333924	3.35373226652e-10	5.5797348546e-05	0.0
-0.000592645402532	-0.00108730233337	8.30696274944e-05	-0.0784205240591	-0.108130742501	0.0228861315462	3.33748258711e-10	5.5526996308e-05	0.0
-0.000609097942662	-0.00191631608337	3.26870912522e-05	-0.094909813098	-0.243705332047	0.0191747936319	3.27973165298e-10	5.4566171548e-05	0.0
-0.000659537491726	-0.000937021857424	-8.53946104595e-05	-0.0836233058174	-0.0816138977871	-0.0124387594544	3.27136491876e-10	5.4426970935e-05	0.0
-0.000650989214541	-0.00202685027682	-0.000114922026166	-0.103749497616	-0.255244694672	-0.0205470965702	3.24608115788e-10	5.4006315168e-05	0.0
-0.000582561687124	-0.00114224658673	0.000108344256096	-0.0789389206948	-0.115907393794	0.0255613177134	4.02973492182e-10	6.7044267734e-05	21.8105138308
-0.000548991860698	-0.0020769682427	-1.00924573674e-05	-0.089568485007	-0.26007005894	0.0197774315132	3.14195587562e-10	5.2273942336e-05	0.0
-0.000647750275077	-0.000929362496011	-0.000127963603897	-0.0868806573242	-0.0813078439328	-0.0232212315661	5.81163004722e-10	9.6690350213e-05	0.0
-0.000493556548596	-0.00120748309889	9.52122682385e-06	-0.0726258676443	-0.126780389941	-0.014846755483	3.06029510126e-10	5.0915320261e-05	0.0
-0.000714891725862	-0.00169787236216	1.97566623179e-05	-0.11020210595	-0.208665545434	-0.00140182288365	3.06029510126e-10	5.0915320261e-05	0.0
-0.000714798702479	-0.00208609953317	0.000157609107607	-0.100727651051	-0.263479244785	0.0171993867356	3.03229870202e-10	5.0449533274e-05	0.0
-0.000422322595277	-0.00202150163024	-0.000214516915233	-0.0688903307204	-0.249444687277	-0.00863344280973	3.03229870202e-10	5.0449533274e-05	0.0
-0.000624523862905	-0.00153934948427	-6.78742103513e-05	-0.0906391302559	-0.184855817738	-0.021872915889	3.00387685004e-10	4.9976667865e-05	0.0
-0.000445497518549	-0.00153000757042	0.000127063388998	-0.0673009281418	-0.176458066086	-0.00138598794824	3.00387685004e-10	4.9976667865e-05	0.0
-0.000402302930111	-0.00151425862033	-0.000298044271061	-0.0608993818616	-0.174604260471	-0.0203127197592	2.97500490327e-10	4.9496314054e-05	0.0
-0.00050028819832	-0.00154454373293	5.08855128357e-05	-0.0754293473431	-0.179410702354	-0.00913340424975	2.95549341956e-10	4.9171693908e-05	0.0
-0.000384621132014	-0.00106953410963	-0.00014794788168	-0.0552017878999	-0.103274376637	-0.000897575740592	5.62096838273e-10	9.351823792e-05	0.0
-0.000348269625679	-0.00104556726401	-0.000260653604891	-0.0507336480752	-0.10106448332	-0.0118840137832	2.95549341956e-10	4.9171693908e-05	0.0
-0.000341319720976	-0.00138472708476	0.0001954058981	-0.0544305235616	-0.155156447697	0.00807466172919	2.91579656721e-10	4.851124193e-05	0.0
-0.000357296340602	-0.0014458923173	0.00022578168528	-0.0571407296889	-0.162916727845	0.0110886118589	2.91579656721e-10	4.851124193e-05	0.0
-0.000240177066872	-0.00113112819105	0.000265603016334	-0.0408035778047	-0.114768240159	0.014500470277	2.91579656721e-10	4.851124193e-05	0.0
-0.000264555490869	-0.00238998716952	-0.000541990778322	-0.0468037296851	-0.29602328152	-0.0540492511049	2.91579656721e-10	4.851124193e-05	0.0
-0.000256655948125	-0.00253598950757	-0.000448860743671	-0.0474930468972	-0.313675144856	-0.0423230783599	2.91579656721e-10	4.851124193e-05	0.0
-0.000247335280876	-0.00194984837762	-0.000498830767502	-0.0433746084015	-0.236611863884	-0.0479581130734	2.89559158549e-10	4.8175083789e-05	0.0
-0.000339538901372	-0.00152610012035	0.000321339287284	-0.0545014028505	-0.175631616705	0.0227694520875	2.85441319205e-10	4.7489982836e-05	0.0
-0.000215831112247	-0.00295059267211	0.000263995200408	-0.0423145501942	-0.364436192974	0.0251855632177	2.85441319205e-10	4.7489982836e-05	0.0
-0.000241848060268	-0.00196272946457	-0.000418374932859	-0.0447633478701	-0.23891495562	-0.0384610606043	2.85441319205e-10	4.7489982836e-05	0.0
-0.000308941165123	-0.00266155988596	-0.000256563281057	-0.0584151131975	-0.324905529507	-0.0181206873089	2.85441319205e-10	4.7489982836e-05	0.0
-0.000287974355888	-0.00278458628703	0.000208244836823	-0.0545001872337	-0.341230447559	0.01469236212	2.83341513827e-10	4.7140630045e-05	0.0
-0.000177904365981	-0.00197566718288	-0.000601488477209	-0.034642964694	-0.240387173826	-0.0613642406845	2.82280798805e-10	4.696415476e-05	0.0
-0.000480767943136	-0.0010333227773	-4.07571380192e-06	-0.0662873475223	-0.0985942048647	-0.0180085142829	2.7905314136e-10	4.6427156833e-05	0.0
-0.000470761668161	-0.000995260193032	-4.79216401521e-06	-0.0684376293416	-0.0931733466167	-0.017340071913	2.7905314136e-10	4.6427156833e-05	0.0
0.00024561553821	-0.00280035658382	-0.00128492034071	0.0220636704312	-0.353371967238	-0.157808490432	2.76861406006e-10	4.6062509295e-05	0.0
-0.000743291300536	-0.00170832133976	-0.000131837622365	-0.101899844394	-0.213165361081	-0.0144467379232	2.75752915558e-10	4.5878085427e-05	0.0
0.000417559826792	-0.00129765863827	0.00104859125264	0.0388443358465	-0.152570382311	0.116321709248	2.75752915558e-10	4.5878085427e-05	0.0
-0.000344230429899	-0.00316252411105	0.000143556025828	-0.0562651404409	-0.391497260273	0.0130158508688	2.75752915558e-10	4.5878085427e-05	0.0
-0.000545893435414	-0.00147684156115	-3.27929595244e-05	-0.0809741040705	-0.171380401653	0.0122505427347	2.75752915558e-10	4.5878085427e-05	0.0
-0.000111497309046	-0.00219649883058	-0.000588494504915	-0.0280682241537	-0.270528133443	-0.0608018645424	2.75752915558e-10	4.5878085427e-05	0.0
-0.000348912268268	-0.00274239262504	0.000154709859323	-0.0625593311787	-0.33409066607	0.00579541377333	2.74635674664e-10	4.5692205712e-05	0.0
-0.000167274604237	-0.00237843174716	0.000769555805382	-0.0322936072641	-0.294910420205	0.0857671674708	2.74635674664e-10	4.5692205712e-05	0.0
-0.000183348097868	-0.00110839186269	0.000473104714083	-0.0324498380972	-0.113201270619	0.0386360588166	2.74635674664e-10	4.5692205712e-05	0.0
-5.27793006615e-05	-0.00188633613901	-0.00107316526765	-0.0161736963422	-0.230011520197	-0.124634062655	2.74635674664e-10	4.5692205712e-05	0.0
-0.000155283521525	-0.00373268481461	-0.000286015590942	-0.0304022427327	-0.471330513945	-0.0349133177871	2.74635674664e-10	4.5692205712e-05	0.0
-0.0001724472701	-0.00404805226369	-0.000343388476237	-0.0313377131294	-0.514991664023	-0.0418553429176	2.74635674664e-10	4.5692205712e-05	0.0
-0.000739515272927	-0.00192808667089	-0.000111742929219	-0.103352451137	-0.243764882775	-0.0138083489208	2.72373986029e-10	4.5315919775e-05	0.0
-0.000297091165282	-0.00130690972809	0.000258231989789	-0.049659877297	-0.14279352628	0.0142675102803	2.72373986029e-10	4.5315919775e-05	0.0
-0.000213085821796	-0.00327245725062	0.000362220383381	-0.0394831287998	-0.409088267373	0.0406705369792	2.72373986029e-10	4.5315919775e-05	0.0
-0.000214911219114	-0.003243105739	0.000489030355697	-0.0386040249821	-0.40618116603	0.0560346934764	2.72373986029e-10	4.5315919775e-05	0.0
-0.000212026892332	-0.00331492442339	0.000451749942347	-0.0358874217402	-0.415696572604	0.0529292484057	2.72373986029e-10	4.5315919775e-05	0.0
0.000387280512302	-0.00238858530805	-0.0011534309996	0.038015751819	-0.298765033781	-0.138206202434	2.72373986029e-10	4.5315919775e-05	0.0
-0.000198081758499	-0.00166233250591	-0.000217169173184	-0.0412203014416	-0.195626298817	-0.0133430280379	2.72373986029e-10	4.5315919775e-05	0.0
6.63549344677e-05	-0.002258889219	-0.00108950617129	-0.00285588588208	-0.280793705787	-0.127671654905	2.72373986029e-10	4.5315919775e-05	0.0
2.28481246973e-05	-0.00313945989921	-0.000707173829647	-0.00898899991508	-0.394962583929	-0.0829556860674	2.72373986029e-10	4.5315919775e-05	0.0
-0.000360488200886	-0.00263293322049	-0.000246897488896	-0.0628121866237	-0.320514721546	-0.0133417857184	2.72373986029e-10	4.5315919775e-05	0.0
-2.34165073594e-05	-0.00109677227184	0.000601128105649	-0.0157868216528	-0.114162133708	0.0538056862475	2.70074077054e-10	4.493327497e-05	0.0
-0.00071112046169	-0.00157362844096	6.90680308059e-05	-0.088002857846	-0.192484860154	0.00741303067942	2.70074077054e-10	4.493327497e-05	0.0
-0.000217218630873	-0.00360821613512	-0.000331102153916	-0.0379334873382	-0.454735961809	-0.038657118953	2.70074077054e-10	4.493327497e-05	0.0
-0.000484789060363	-0.00145256236244	7.92107967149e-05	-0.073466909134	-0.166490693797	-0.0064784070484	2.68909111025e-10	4.4739455039e-05	0.0
-1.76700706362e-05	-0.00352716154188	-0.000294375186571	-0.0137428499821	-0.444445117549	-0.0332175573229	2.68909111025e-10	4.4739455039e-05	0.0
0.000234531513897	-0.00291715581384	0.00107333099247	0.018717656978	-0.367623049184	0.129737082794	2.67733684692e-10	4.4543894787e-05	0.0
-0.000276367476299	-0.00306629832158	-8.86422705547e-05	-0.0506042287492	-0.376871070818	-0.00886752577054	2.67733684692e-10	4.4543894787e-05	0.0
-0.000308520400464	-0.00320969844192	-0.00058097050007	-0.0485526298086	-0.402858600352	-0.0672347414948	2.67733684692e-10	4.4543894787e-05	0.0
0.0002819240428	-0.00247520294525	0.000966177508568	0.0239243197347	-0.309571820757	0.113462328992	2.66547496316e-10	4.4346544012e-05	0.0
-0.000231005134413	-0.00309062731305	0.000311087818906	-0.0427018373661	-0.384446410548	0.0313124936911	2.66547496316e-10	4.4346544012e-05	0.0
-0.000286164575155	-0.00452047963053	-0.000911709148478	-0.0456257465364	-0.579731839346	-0.114512010321	2.66547496316e-10	4.4346544012e-05	0.0
-0.000401558755074	-0.00147088360516	0.000163366514554	-0.0638804877742	-0.167633302923	0.00483846818295	2.65350193868e-10	4.4147344145e-05	0.0
0.000634901434122	-0.00187536771531	0.00135281756233	0.0690163675394	-0.232657245681	0.161593693342	2.65350193868e-10	4.4147344145e-05	0.0
-0.000212109782202	-0.0034547048067	0.00027408910645	-0.038282583836	-0.432702097917	0.0305612870644	2.65350193868e-10	4.4147344145e-05	0.0
-0.000453349639067	-0.00277429679452	-8.95607396102e-06	-0.0762287472972	-0.328114612364	0.00576005779407	2.65350193868e-10	4.4147344145e-05	0.0
-1.81752808117e-05	-0.00358090100603	-0.00101140559008	-0.0122552358959	-0.454407390566	-0.124297598904	2.65350193868e-10	4.4147344145e-05	0.0
-0.00026523347092	-0.00221441682525	-0.000460239170369	-0.0480477779031	-0.27310709932	-0.0426677298971	2.65350193868e-10	4.4147344145e-05	0.0
0.000284141161736	-0.00321667667767	0.00201210448719	0.0278381925262	-0.410840707809	0.253472591054	2.62920587185e-10	4.3743121029e-05	0.0
-0.000160032656608	-0.00292464759647	0.00120918847564	-0.0287562001881	-0.36977748777	0.147708679456	2.62920587185e-10	4.3743121029e-05	0.0
-0.000301319985706	-0.00417806490711	0.000164070983812	-0.04824111434	-0.531498404074	0.0207252531493	2.62920587185e-10	4.3743121029e-05	0.0
-0.000423020861065	-0.00369729919638	-0.000278784969157	-0.0625685746232	-0.467192574156	-0.0342614884326	2.62920587185e-10	4.3743121029e-05	0.0
-0.000245729620148	-0.00168625750259	0.000260844857085	-0.0469910152824	-0.198876260273	0.017940064121	2.61687478312e-10	4.3537963908e-05	0.0
0.000282533665234	-0.00255889460838	-0.000994214125803	0.0238058710234	-0.320067503476	-0.117752631143	2.61687478312e-10	4.3537963908e-05	0.0
-0.000366814283327	-0.00327823204572	0.00171322454304	-0.0551910085148	-0.418001685036	0.215387636043	2.57909699417e-10	4.2909440135e-05	0.0
-0.000867429489757	-0.00379995482456	0.000573678613375	-0.119309768478	-0.482468342342	0.0719956359966	2.57909699417e-10	4.2909440135e-05	0.0
-0.000727430897785	-0.00167625486845	0.000121181368038	-0.0971411384734	-0.206678057472	0.0123433832743	2.57909699417e-10	4.2909440135e-05	0.0
0.000157084103958	-0.000818065846775	-0.00148585144214	0.00801310722878	-0.0946092491257	-0.166723949289	2.57909699417e-10	4.2909440135e-05	0.0
-0.000618723625977	-0.00185490036457	3.54320355925e-05	-0.0932774037021	-0.231336551751	0.0219326904465	2.57909699417e-10	4.2909440135e-05	0.0
0.000266313495036	-0.00293919450593	0.00122680923165	0.0233703268238	-0.371775872307	0.148894761238	2.55320623394e-10	4.2478685484e-05	0.0
0.000278254828269	-0.00368782153769	0.00113128448686	0.0260016636404	-0.469703060406	0.139992695096	2.55320623394e-10	4.2478685484e-05	0.0
-0.000401892136243	-0.00249595930987	-0.00175090490402	-0.0595164876654	-0.314891178263	-0.215961047892	2.55320623394e-10	4.2478685484e-05	0.0
-0.00035522662867	-0.001286496484	0.000608487791611	-0.0509837137072	-0.143068958896	0.05897206616	1.74089727278e-10	2.8963985254e-05	100.0
-0.00059584006563	-0.000904048728282	-9.25519574324e-05	-0.0740147109642	-0.0751741206056	-0.0206567813855	1.72818247195e-10	2.8752444166e-05	100.0
-0.00049211209051	-0.00135231971707	9.0184939631e-05	-0.0667376018176	-0.149991929912	-0.00381295934848	1.65279134209e-10	2.7498132606e-05	100.0
-0.000633485892818	-0.00110145819088	9.22888538948e-05	-0.0765006273058	-0.109844104867	0.0133957379635	1.65279134209e-10	2.7498132606e-05	100.0
-0.000481391433775	-0.00125660569753	0.000412245688962	-0.0638334654583	-0.136959037459	0.0348445557373	1.57874094153e-10	2.6266127281e-05	100.0
-0.000533516247989	-0.00113911037438	-0.000100290064115	-0.0690809235708	-0.115209051146	-0.021798579687	1.56651043264e-10	2.6062643546e-05	100.0
-0.000635697515379	-0.00169089872835	8.21725902881e-05	-0.0988361869177	-0.203718639829	0.0149609479548	1.56243996641e-10	2.5994921616e-05	100.0
-0.000497173244866	-0.000965571472068	-0.000326139041884	-0.0614218809223	-0.0912036774377	-0.0216515918065	1.56243996641e-10	2.5994921616e-05	100.0
-0.000588125889442	-0.000987313848913	-3.95764026272e-05	-0.0741107506497	-0.0890383421195	-0.0195962195823	1.55430808612e-10	2.585962836e-05	100.0
-0.000418068959888	-0.00137321294039	-0.000520882764563	-0.058541594254	-0.154572258521	-0.0487099766288	1.54618827541e-10	2.572453591e-05	100.0
-0.000453477530646	-0.00155232370142	6.82850280903e-05	-0.0659613284465	-0.178560043407	-0.00556309381515	1.53403068691e-10	2.552226538e-05	100.0
-0.000547563820372	-0.0010063103084	-0.000478198105456	-0.0680589624999	-0.101262685608	-0.0396195111565	1.53403068691e-10	2.552226538e-05	100.0
-0.00049710964987	-0.00165532576628	-0.000514335817355	-0.0692253858907	-0.196114342119	-0.0500246923541	1.53403068691e-10	2.552226538e-05	100.0
-0.000639668547475	-0.00138214127462	1.47871139479e-05	-0.0797308744052	-0.154627505775	0.0105278290464	1.52998335404e-10	2.5454928328e-05	100.0
-0.000692047676652	-0.00142087306273	-0.000146122978788	-0.0912816431984	-0.162955602044	-0.0265597996657	1.52189774047e-10	2.5320404829e-05	100.0
-0.000504042714266	-0.00184684898105	-4.17619352934e-05	-0.0744390124838	-0.226110862491	0.0143560119187	1.5138221849e-10	2.5186048669e-05	100.0
-0.000777681072502	-0.00187789235532	8.00106927458e-06	-0.104242412131	-0.228797024459	-0.00487333715907	1.5057571902e-10	2.5051868215e-05	100.0
-0.000646133730899	-0.00159309215429	0.000297411784057	-0.0841660799072	-0.187241230962	0.0221197590405	1.48563568975e-10	2.4717098983e-05	100.0
-0.000399115078661	-0.00104028294047	0.000430851166834	-0.0532320557508	-0.103269452845	0.0336955604012	1.48161802793e-10	2.465025558e-05	100.0
-0.00035374151183	-0.00199303928876	0.000402083531881	-0.0538897741972	-0.243421476906	0.0355627606642	1.46556900532e-10	2.4383241747e-05	100.0
-0.000503255712576	-0.00191186448378	7.32447508559e-05	-0.0732529629421	-0.235939069072	-0.0099162221249	1.46556900532e-10	2.4383241747e-05	100.0
-0.000508847534573	-0.00147007682189	0.000324774808803	-0.0684321961875	-0.168184489131	0.024564999825	1.45755681504e-10	2.424993982e-05	100.0
-0.000739428645157	-0.00173743959833	0.000513660864078	-0.0968570508157	-0.208106649856	0.0508323985699	1.44155305335e-10	2.398367901e-05	100.0
-0.000490935734061	-0.00108647194996	-0.000264341758729	-0.0613362116421	-0.107816989683	-0.0171038750499	1.4375565133e-10	2.3917187018e-05	100.0
-0.000269524393658	-0.00246415822354	-0.000650924596021	-0.044293523662	-0.305964776122	-0.0699296656524	1.4375565133e-10	2.3917187018e-05	100.0
-0.000540601818686	-0.00108191856844	-0.000377596348121	-0.0673942027944	-0.109825098704	-0.0290006825286	1.4375565133e-10	2.3917187018e-05	100.0
-0.000658965105731	-0.00166757900672	0.00010739597305	-0.0935481055646	-0.203905726795	0.0145658624254	1.43356148194e-10	2.3850720127e-05	100.0
-0.000369038581109	-0.00185510870196	0.00055440726031	-0.0551129123903	-0.223818332069	0.0556165425619	1.42557594532e-10	2.3717861648e-05	100.0
-0.000567041564564	-0.00122190388994	-4.96797045675e-05	-0.0698740362871	-0.130990868579	0.00297543502259	2.33391401429e-10	3.8830235506e-05	100.0
-0.000724084432841	-0.00228456942984	-0.000167108522027	-0.09880739452	-0.274047006114	-0.0414679889388	1.40165152102e-10	2.3319821692e-05	100.0
-0.000447721065999	-0.0023307928459	0.000508546222617	-0.0652004023545	-0.287065516537	0.0494206805449	1.39766855924e-10	2.3253555608e-05	100.0
-0.000356189450496	-0.00079555634611	-0.000402254266892	-0.0458866789197	-0.0645408315262	-0.0234412824267	1.39766855924e-10	2.3253555608e-05	100.0
-0.000431711622263	-0.00161586311643	0.000610966123524	-0.0611938860638	-0.190001952458	0.0617026524871	1.39368660327e-10	2.3187306257e-05	100.0
-0.000465734345509	-0.00179061149692	4.06652963243e-05	-0.0693226604571	-0.216987583022	-0.00932324015289	1.39368660327e-10	2.3187306257e-05	100.0
-0.000649535952205	-0.00121693122521	-0.000126767014967	-0.0765912125384	-0.129507829104	-0.00402536336161	1.38572520581e-10	2.305484939e-05	100.0
-0.000364211555105	-0.00121796225854	-0.000780296926579	-0.0521910836832	-0.134848223249	-0.0789245726373	1.38572520581e-10	2.305484939e-05	100.0
-0.000327541871022	-0.000652237522683	0.000901227358312	-0.0440427936747	-0.0588991032385	0.0829810227691	1.37776732865e-10	2.2922451091e-05	100.0
-0.000249349705276	-0.00192989114778	0.00125951758697	-0.0395744829844	-0.237690027353	0.149594864475	1.36186112941e-10	2.2657813466e-05	100.0
-0.000426081294899	-0.00213309758512	-0.000372909286282	-0.0640702050684	-0.263001932609	-0.0296809692934	1.35391129864e-10	2.2525549038e-05	100.0
-0.000551327903914	-0.000941493748881	0.000312259627149	-0.0666163610049	-0.0884583827989	0.0176750411375	1.34993688615e-10	2.2459425191e-05	100.0
3.84387266423e-05	-0.00201706445659	-0.00173006261325	-0.00358536823182	-0.251879505856	-0.212007449761	1.34993688615e-10	2.2459425191e-05	100.0
-0.000477807160393	-0.00092944593188	-0.000592893341061	-0.0605112797931	-0.090830913671	-0.0517897338884	1.34993688615e-10	2.2459425191e-05	100.0
2.3625135738e-05	-0.00200725635235	0.00106038769655	-0.00645822482975	-0.246390754672	0.123999651662	1.34198956987e-10	2.2327202599e-05	100.0
-0.000546806166781	-0.00111499080655	-3.49159742004e-05	-0.0691597596033	-0.111567618708	-0.00880827117271	1.34198956987e-10	2.2327202599e-05	100.0
-0.000662376119254	-0.00146748730629	-0.000412372949376	-0.0841715316742	-0.168251256345	-0.0385227795686	1.34198956987e-10	2.2327202599e-05	100.0
-0.000199902809773	-0.00318736463179	-0.00117237962813	-0.0336003869286	-0.404710649241	-0.144839008598	1.33404325939e-10	2.2194996739e-05	100.0
-0.00035821248397	-0.00253040054092	0.000994620026099	-0.0537271792334	-0.316828431305	0.117405739932	1.32609694891e-10	2.206279088e-05	100.0
-0.000481514686278	-0.00143004823785	0.00113832459722	-0.0672999475627	-0.16872077513	0.128848755015	1.32212404512e-10	2.1996692134e-05	100.0
-0.000515232131736	-0.00129891190156	-9.14368579646e-05	-0.0656058045243	-0.141787331781	-0.0186929163325	1.32212404512e-10	2.1996692134e-05	100.0
-0.000442936883319	-0.00246438763436	-0.000784369920113	-0.0645448252123	-0.30581552633	-0.0884975206907	1.32212404512e-10	2.1996692134e-05	100.0
-0.000183148787973	-0.00246096953257	0.000920137896321	-0.0319125158848	-0.306138631614	0.108046795934	1.31417773464e-10	2.1864486275e-05	100.0
-0.000546041150317	-0.00158189926844	3.24435132184e-06	-0.0654437961542	-0.194538200676	0.00303558118278	1.31417773464e-10	2.1864486275e-05	100.0
-0.000813311452166	-0.00151328449924	-0.000282905198249	-0.100412695871	-0.175778768273	-0.0239235781769	1.31417773464e-10	2.1864486275e-05	100.0
-0.000286886586334	-0.0013514903919	-0.000902070210549	-0.044119550231	-0.155470995566	-0.0956831845894	1.31417773464e-10	2.1864486275e-05	100.0
-0.000442761656199	-0.00106194882793	-0.00113358601861	-0.0610472828326	-0.119367470715	-0.123061094999	1.31417773464e-10	2.1864486275e-05	100.0
7.85844009409e-05	-0.00163783147824	0.000846700346451	-0.00089930528518	-0.195099661656	0.0924935450084	1.30623092126e-10	2.1732272049e-05	100.0
-0.000616481863094	-0.00111518656943	5.08985740738e-05	-0.0706254653485	-0.112011966188	-0.00625371132314	1.30623092126e-10	2.1732272049e-05	100.0
-0.000194445668985	-0.00138182624393	0.000959513042053	-0.0328445813052	-0.160385273663	0.104036971819	1.30225701167e-10	2.1666156569e-05	100.0
-0.000657754670669	-0.000784525266843	0.000331625190558	-0.0736637385196	-0.0668704270946	0.0221993116488	1.30225701167e-10	2.1666156569e-05	100.0
0.000102719683403	-0.000473137145494	0.00118399230284	0.00120799836735	-0.0461192083484	0.117247273541	1.29033226551e-10	2.1467759928e-05	100.0
-0.000485223494167	-0.001028704823	-0.000454851042676	-0.0615653031046	-0.102569880299	-0.0362466228258	1.29033226551e-10	2.1467759928e-05	100.0
0.000497488666548	-0.00206391533259	-0.0013022971361	0.0533805058815	-0.257243511256	-0.156366170063	1.29033226551e-10	2.1467759928e-05	100.0
-0.000473576775582	-0.00120590704985	-0.00078359642889	-0.0643574665368	-0.134332933752	-0.0785962167686	1.29033226551e-10	2.1467759928e-05	100.0
-0.00051469972976	-0.00254216317606	-0.000553458061766	-0.0728903332873	-0.315396735238	-0.0565111885633	1.28635584143e-10	2.1401602613e-05	100.0
-0.000722202118015	-0.00117463519131	-0.000245611607806	-0.0869850814579	-0.124808168393	-0.0159314500454	1.28635584143e-10	2.1401602613e-05	100.0
-0.000301494242124	-0.00295468190558	0.000427522216839	-0.0476489539372	-0.3681184701	0.0447978965954	1.28237941734e-10	2.1335445299e-05	100.0
-0.000713616965806	-0.00314605356505	-0.0017550253731	-0.0997141509901	-0.401327364127	-0.220754622562	1.28237941734e-10	2.1335445299e-05	100.0
-0.000784369650055	-0.00263277136965	-0.00104456537856	-0.106938362417	-0.33034059204	-0.124315865007	1.28237941734e-10	2.1335445299e-05	100.0
-0.000138286642726	-0.000752782009216	-0.000968706409469	-0.0253253674746	-0.0749022482114	-0.0929210815087	1.28237941734e-10	2.1335445299e-05	100.0
-0.000180662030218	-0.001230593666	-0.000894143298592	-0.032232635999	-0.138729362782	-0.0934167303412	1.27840198746e-10	2.126927125e-05	100.0
-0.00108002174151	-0.00362179679126	0.000342824833616	-0.145497690028	-0.459942028172	0.0423679411247	1.26646416592e-10	2.1070657068e-05	100.0
-0.000894178702973	-0.00318995388395	0.000161024247941	-0.11857139375	-0.398400687896	0.0187714957088	1.26646416592e-10	2.1070657068e-05	100.0
-0.000558236413334	-0.000704109305748	-9.87916424468e-05	-0.0583016948466	-0.0597254120929	-0.0114249882015	1.26646416592e-10	2.1070657068e-05	100.0
-0.00076743548289	-0.00317025193635	-0.000179869347211	-0.102869990617	-0.394997173724	-0.0195690611575	1.25850075686e-10	2.0938166734e-05	100.0
-0.00064603612316	-0.00189184484054	-0.000262489271467	-0.0835047366879	-0.230351992138	-0.0171435164647	1.25850075686e-10	2.0938166734e-05	100.0
-0.000484383165689	-0.00227466343737	-0.0010895809872	-0.0693487909648	-0.282358795293	-0.128820928578	1.25850075686e-10	2.0938166734e-05	100.0
-0.00090652705226	-0.0011680976978	-0.000631777635796	-0.1131608797	-0.128874129758	-0.0646593156892	1.25850075686e-10	2.0938166734e-05	100.0
-0.000471309417427	-0.00313725967184	0.000366167217934	-0.067684114137	-0.39149769182	0.039090615102	1.25053231882e-10	2.080559273e-05	100.0
-0.000977858146948	-0.00137799004856	0.000534979565495	-0.122776126843	-0.158355857965	0.054695935536	1.24654633965e-10	2.0739276443e-05	100.0
-0.000606944351789	-0.00153734242262	-0.000732214528305	-0.0808485301354	-0.179585097388	-0.0793582353251	1.24654633965e-10	2.0739276443e-05	100.0
-0.000713096655392	-0.00082471838792	0.000460220240608	-0.0828854654769	-0.0765937859839	0.0370618994074	1.24255834888e-10	2.0672926689e-05	100.0
9.14848526383e-06	-0.00138872112048	0.0012632300362	-0.00858820910692	-0.164877095867	0.144390363166	1.24255834888e-10	2.0672926689e-05	100.0
-0.000591821152084	-0.00108934323	0.000151160128979	-0.0708651805108	-0.109298156073	0.00282874669266	1.24255834888e-10	2.0672926689e-05	100.0
-0.000357682489147	-0.00303734527179	5.41681621595e-05	-0.0555160328101	-0.372674531054	0.00119113116398	1.24255834888e-10	2.0672926689e-05	100.0
-0.000946257276374	-0.0032437669162	-0.000309833527417	-0.125904509031	-0.406917306151	-0.0384240375041	1.24255834888e-10	2.0672926689e-05	100.0
0.000369583366463	-0.00151797359379	-0.00120277551203	0.0356794161679	-0.182710761004	-0.139271081492	1.24255834888e-10	2.0672926689e-05	100.0
-0.00071545728184	-0.000601638008461	-0.000629437291129	-0.0823293482162	-0.0505871115299	-0.0507028355314	1.24255834888e-10	2.0672926689e-05	100.0
-0.000248820746952	-0.0033628111668	0.000740954059515	-0.039976772359	-0.425709188055	0.0890194046073	1.23856935232e-10	2.0606560202e-05	100.0
-0.000660406275382	-0.00263101719756	0.000349663680133	-0.0874350217116	-0.321681790478	0.0284886612109	1.23856935232e-10	2.0606560202e-05	100.0
-0.000848222969393	-0.00183234459573	0.00080951867345	-0.111823685434	-0.222030474848	0.0906331183273	1.23457834415e-10	2.0540160246e-05	100.0
-9.9325239293e-05	-0.00177974897486	0.00118302394902	-0.0220985135356	-0.216289967632	0.137677939922	1.23457834415e-10	2.0540160246e-05	100.0
-0.000630759361149	-0.0029988674524	0.000852201682708	-0.0879208261703	-0.377459910337	0.101623748751	1.23457834415e-10	2.0540160246e-05	100.0
-0.000589770933631	-0.00120051256619	6.74557854318e-05	-0.0693876373559	-0.126781623291	0.00940863402128	1.23457834415e-10	2.0540160246e-05	100.0
2.29881347008e-05	-0.00182970885715	0.00173343972509	-0.00620947307972	-0.227125613054	0.211010167277	1.22659180174e-10	2.0407285033e-05	100.0
-0.000762346085719	-0.00201916497967	-0.000288211268805	-0.0957336489305	-0.248348998959	-0.0205946834549	1.22659180174e-10	2.0407285033e-05	100.0
-8.72643067038e-05	-0.00114402591794	0.00127963607078	-0.0196473959402	-0.132226647302	0.14392247954	1.21859821873e-10	2.0274292682e-05	100.0
-0.000480828468129	-0.00282025871422	3.35783541891e-05	-0.0685342019878	-0.337324391107	-0.00431332075638	1.21859821873e-10	2.0274292682e-05	100.0
0.000449044288576	-0.00167249093259	0.00156058537396	0.0475000127917	-0.207222753329	0.187132462343	1.21059608644e-10	2.0141158094e-05	100.0
-0.00058441753813	-0.00100815653595	-1.50697913055e-05	-0.0627093176052	-0.0912483612888	-0.0113935868848	1.21059608644e-10	2.0141158094e-05	100.0
-6.14367039022e-05	-0.00297332185711	-0.00133960200544	-0.0158375059697	-0.37734999082	-0.165996380783	1.21059608644e-10	2.0141158094e-05	100.0
-0.000838281388386	-0.00200015077086	-0.000603780673216	-0.109150797896	-0.244648029064	-0.0635769408938	1.21059608644e-10	2.0141158094e-05	100.0
-0.000268396548889	-0.0026281742851	0.00134267781774	-0.0421749360832	-0.330347051939	0.165194468537	1.2065915e-10	2.0074532231e-05	100.0
-0.000301212605762	-0.00296825043961	-0.000279644987587	-0.0486302315913	-0.365918951038	-0.0277069464297	1.2065915e-10	2.0074532231e-05	100.0
-0.000997498578568	-0.00267158760837	0.00101435337201	-0.134521152996	-0.33494812448	0.12210634449	1.20258490196e-10	2.0007872901e-05	100.0
-0.000798906305289	-0.0028704316728	0.000259290496272	-0.103592922645	-0.354025584863	0.0246049708962	1.20258490196e-10	2.0007872901e-05	100.0
-0.000630404493625	-0.00162636713906	0.000879867566792	-0.0853117283438	-0.193846523848	0.0967916467478	1.19857578943e-10	1.9941171736e-05	100.0
-0.000624820986754	-0.00162596525005	-6.93170319502e-05	-0.0977084812261	-0.188605825012	-0.0146588541501	1.19857578943e-10	1.9941171736e-05	100.0
-0.000657157214618	-0.00381659198295	0.00109950045706	-0.0922044586913	-0.487661192772	0.139166891511	1.1945641624e-10	1.9874428736e-05	100.0
-0.000928225543387	-0.00261666088346	-0.000607224624261	-0.121853311592	-0.324929518654	-0.0683041910624	1.18653336485e-10	1.9740817233e-05	100.0
-0.000536247460647	-0.00116763697653	-2.39034323976e-05	-0.0650726820155	-0.11999569283	0.0102397611788	1.18653336485e-10	1.9740817233e-05	100.0
-0.000536455346453	-0.00117538399783	0.00029789219917	-0.0668607387981	-0.123692033717	0.0205234014105	1.18251369143e-10	1.9673940362e-05	100.0
-0.000590821162483	-0.00343352897696	0.000185775850532	-0.0827838851065	-0.431405061362	0.0214455010249	1.18251369143e-10	1.9673940362e-05	100.0
-0.000639948736958	-0.00276902489863	0.000828767952243	-0.0886309715698	-0.346965148107	0.0974020547081	1.17043757261e-10	1.9473025275e-05	100.0
-0.000581170895409	-0.00169418836855	6.82293309005e-05	-0.0778243413794	-0.196925582071	0.0105494288535	1.17043757261e-10	1.9473025275e-05	100.0
0.000582983841273	-0.00165426752849	-0.00161848462881	0.0637768065819	-0.204533026549	-0.195787456273	1.17043757261e-10	1.9473025275e-05	100.0
-2.64705008305e-06	-0.00305185292801	0.000937452821379	-0.00884811955115	-0.385281596405	0.113377951351	1.16237056631e-10	1.9338811352e-05	100.0
-0.000729200370698	-0.00259710314727	-0.000339417457678	-0.0934634248405	-0.318490758703	-0.0275380491419	1.16237056631e-10	1.9338811352e-05	100.0
-0.00069897689874	-0.002565184257	-0.000625895737946	-0.0942509374585	-0.318105302319	-0.0674798465189	1.16237056631e-10	1.9338811352e-05	100.0
2.8769149733e-05	-0.00102433919456	0.00159095316281	-0.00582545132135	-0.121223931297	0.184038716476	1.15833228563e-10	1.9271624905e-05	100.0
-0.000599976921811	-0.00123759994921	4.20780657201e-05	-0.0721953919313	-0.132194105888	-0.00863833965712	1.15833228563e-10	1.9271624905e-05	100.0
-0.00036708201699	-0.00298967743062	5.0871241678e-05	-0.0562200868137	-0.364201294549	0.00768852841194	1.15833228563e-10	1.9271624905e-05	100.0
-0.000511779947935	-0.000822848396465	0.000335013319745	-0.0604234478563	-0.0696430925508	0.0209921659778	1.15024466047e-10	1.9137067939e-05	100.0
-0.000489223216317	-0.0037270196412	2.1047525889e-07	-0.0706303926251	-0.471841427007	-3.2962700815e-05	1.15024466047e-10	1.9137067939e-05	100.0
-0.000413373070857	-0.00147208615884	0.000876970269738	-0.0578210184947	-0.172326288377	0.0947851116238	1.146195316e-10	1.906969742e-05	100.0
-0.000876680222628	-0.00153808826518	0.000646170857898	-0.11307955583	-0.181487655142	0.0670821098304	1.146195316e-10	1.906969742e-05	100.0
-0.00071787596934	-0.00248590424917	0.000925951149116	-0.0978523983411	-0.309930743012	0.108393702427	1.146195316e-10	1.906969742e-05	100.0
-0.000331793555809	-0.00159659620449	-0.00105427495272	-0.049378239751	-0.190185921331	-0.120036568143	1.146195316e-10	1.906969742e-05	100.0
5.76379798653e-06	-0.00118274644834	-0.00175572392883	-0.00826987899979	-0.14290097674	-0.208588100448	1.146195316e-10	1.906969742e-05	100.0
-0.00115379765041	-0.00260955162666	0.00136863944568	-0.155031235796	-0.32846407048	0.168859503562	1.14214194833e-10	1.9002259965e-05	100.0
-0.000724301565811	-0.00393889013575	-0.000926334893081	-0.101378415448	-0.503112816714	-0.116143901065	1.14214194833e-10	1.9002259965e-05	100.0
-0.00101922386045	-0.00203192397283	-0.000515420923287	-0.131080586466	-0.248973488316	-0.0538840187123	1.14214194833e-10	1.9002259965e-05	100.0
0.000101696279571	-0.00264122758092	0.00170497174496	0.00474931643757	-0.334784027415	0.211433007201	1.13808506037e-10	1.8934763941e-05	100.0
-0.000885883488247	-0.00157214754354	5.78947488141e-05	-0.105263409087	-0.184513371163	-0.000651278817636	1.13808506037e-10	1.8934763941e-05	100.0
-0.000448952783758	-0.00366866987011	-0.00157026250836	-0.0659339023847	-0.469699675848	-0.197838756257	1.13808506037e-10	1.8934763941e-05	100.0
-0.000527535659884	-0.00198207129508	-0.000921799278056	-0.0729574823171	-0.241750470932	-0.105549404371	1.13808506037e-10	1.8934763941e-05	100.0
-0.000544772408442	-0.00101591103435	0.00108354410936	-0.0730994546338	-0.113438140499	0.115910481449	1.12181325341e-10	1.8664043558e-05	100.0
-0.0007339022548	-0.00124063438906	0.000775261905315	-0.0944709414027	-0.139790311613	0.0813504266459	1.12181325341e-10	1.8664043558e-05	100.0
-0.00017215288726	-0.00226133544199	0.00116373549527	-0.0309082372661	-0.281043077516	0.138237442167	1.12181325341e-10	1.8664043558e-05	100.0
-0.000991571936659	-0.00172147775082	0.000535585449686	-0.126418289913	-0.205981967413	0.0568028742643	1.12181325341e-10	1.8664043558e-05	100.0
-0.000252584582014	-0.00360777436139	0.000535675843493	-0.0408256222502	-0.456561295611	0.0643261542526	1.12181325341e-10	1.8664043558e-05	100.0
-6.67337975834e-05	-0.00296849247494	-0.00171140406907	-0.0166526965158	-0.377684599355	-0.213644868207	1.12181325341e-10	1.8664043558e-05	100.0
-0.000283483700166	-0.00212909937989	-0.00164599332068	-0.0438934728827	-0.265875415534	-0.201433358547	1.12181325341e-10	1.8664043558e-05	100.0
-4.45936543066e-05	-0.00181643865243	-0.00191565575378	-0.0138942979277	-0.22697858115	-0.234294355253	1.12181325341e-10	1.8664043558e-05	100.0
-0.000192366204247	-0.00167776786953	-0.0011041449346	-0.0331480558204	-0.202830956566	-0.124983609114	1.12181325341e-10	1.8664043558e-05	100.0
-9.55647822733e-05	-0.00442682544866	-0.000578573522578	-0.0201606467431	-0.568197643356	-0.0725088677726	1.11365019336e-10	1.8528231552e-05	100.0
-0.000558073319048	-0.00264037724101	-0.000676579686772	-0.0786298065928	-0.327184276247	-0.0747638949534	1.11365019336e-10	1.8528231552e-05	100.0
-0.000616660382232	-0.00241197368573	-0.000547927323393	-0.0842977296736	-0.298575172942	-0.0542826495564	1.11365019336e-10	1.8528231552e-05	100.0
-0.000863919071276	-0.00104012839803	-0.000448651142412	-0.104099391841	-0.108682184078	-0.0409106070548	1.11365019336e-10	1.8528231552e-05	100.0
-0.000871326356762	-0.00218654051789	0.000695092952844	-0.114687127353	-0.269779161101	0.0771827381684	2.13184357823e-10	3.5468311042e-05	100.0
0.000749306436017	-0.00229099426487	0.00203818385846	0.0871014837912	-0.290080436092	0.254096922799	1.10546802315e-10	1.8392101603e-05	100.0
-0.000691344803145	-0.00108240347127	2.04549709584e-06	-0.0741985006718	-0.107912974802	-0.00324003656921	1.10546802315e-10	1.8392101603e-05	100.0
0.000475267491698	-0.00229791576619	0.00121449514495	0.050130885043	-0.287690217945	0.145811823332	1.10136889166e-10	1.8323902757e-05	100.0
-0.000651830443313	-0.00145284411839	7.54366537384e-05	-0.0802441088603	-0.173354141491	0.00362586515814	1.10136889166e-10	1.8323902757e-05	100.0
-0.000342296031804	-0.000636519566431	0.00109642638122	-0.0480218098752	-0.0645699912961	0.107913146551	1.09726422828e-10	1.8255611876e-05	100.0
-0.000585854729067	-0.00214459719018	0.00138294030585	-0.0817354502677	-0.266838179823	0.166474773209	1.09726422828e-10	1.8255611876e-05	100.0
-0.000942338889119	-0.00156177397557	0.000973630101876	-0.122930167837	-0.186261451132	0.110584766317	1.09726422828e-10	1.8255611876e-05	100.0
-0.000247898022863	-0.00415035983015	0.000539403883213	-0.0406493846178	-0.529717380584	0.0670959240099	1.09726422828e-10	1.8255611876e-05	100.0
-0.000792352822573	-0.00191708493555	-2.30382880864e-05	-0.0890152007645	-0.23375847605	0.00198928167604	1.09726422828e-10	1.8255611876e-05	100.0
-0.00159009530535	-0.0032495794504	0.000738869549365	-0.211536488614	-0.411931632143	0.0927380988315	1.09726422828e-10	1.8255611876e-05	100.0
-0.000294048096161	-0.00353339539645	0.00016226202128	-0.0458052902537	-0.443671484208	0.0209583409737	1.09726422828e-10	1.8255611876e-05	100.0
-0.000561685119927	-0.00268608293948	-0.000386645720332	-0.0780203827704	-0.328975969372	-0.0347317582783	1.09726422828e-10	1.8255611876e-05	100.0
-0.000875501953117	-0.00177105281252	-0.000279179058676	-0.108673227236	-0.212287778783	-0.0243110591733	1.09726422828e-10	1.8255611876e-05	100.0
-0.000172864770615	-0.00321728739459	-0.00153476518941	-0.0302877121271	-0.409679407278	-0.191884328506	1.09726422828e-10	1.8255611876e-05	100.0
5.10470835599e-05	-0.00243489025837	-0.00119917006753	-0.00354219319469	-0.303783286773	-0.14359436313	1.09726422828e-10	1.8255611876e-05	100.0
-0.000874643671048	-0.00180514464669	-0.0015004582102	-0.117868653598	-0.222156709865	-0.181483982988	1.09726422828e-10	1.8255611876e-05	100.0
-0.000769124229387	-0.00136638500952	-0.000657771124873	-0.0986833080992	-0.156603231168	-0.0672570741911	1.09726422828e-10	1.8255611876e-05	100.0
0.00068396653135	-0.00108108828577	-0.00178951056668	0.0751075706083	-0.131927201438	-0.21408604841	1.09726422828e-10	1.8255611876e-05	100.0
5.47593300437e-05	-0.00191397878814	-0.00234036898789	-0.00112056043258	-0.242068244715	-0.291225226393	1.09726422828e-10	1.8255611876e-05	100.0
-0.000438802263594	-0.000814253353206	-0.00127857151579	-0.0602101634346	-0.088643879024	-0.139118771903	1.09726422828e-10	1.8255611876e-05	100.0
0.000442293929415	-0.00160868757305	0.00190375367114	0.0464208607363	-0.200979542808	0.231213132375	1.08903880873e-10	1.8118762371e-05	100.0
-0.000628639191052	-0.00157353731192	3.19713611017e-05	-0.0754551115194	-0.188538742833	-0.0109125219419	1.08903880873e-10	1.8118762371e-05	100.0
0.00064116821374	-0.00131707748298	0.00178325823838	0.0702289137288	-0.163540315808	0.21388346686	1.08079025582e-10	1.7981527987e-05	100.0
-0.000581559440999	-0.00368782802167	3.82436667148e-05	-0.0814305624426	-0.467213030637	0.00577177150621	1.08079025582e-10	1.7981527987e-05	100.0
-0.000819616277132	-0.000897594284876	-0.00021232123963	-0.0925113441653	-0.085193930409	-0.0124232274232	1.08079025582e-10	1.7981527987e-05	100.0
-0.000368635235308	-0.00100416739809	0.00102914003822	-0.0522512011933	-0.110647943755	0.106404645888	1.07251706086e-10	1.7843883623e-05	100.0
-0.000551808763693	-0.00129798188204	0.000312429945208	-0.0708375440238	-0.142593689592	0.0218541850903	1.07251706086e-10	1.7843883623e-05	100.0
-0.000611190763813	-0.00104623197474	0.0011002109752	-0.0809141530621	-0.116665307671	0.119482799311	1.07251706086e-10	1.7843883623e-05	100.0
-0.00122733519936	-0.00158410423819	0.000695633695674	-0.157213530681	-0.189100678407	0.0773190668842	1.07251706086e-10	1.7843883623e-05	100.0
-0.000204445097112	-0.00258966025016	0.0021154087389	-0.0342731178779	-0.329094570302	0.265166253829	1.07251706086e-10	1.7843883623e-05	100.0
0.000108695199269	-0.00308142637126	0.00128687491673	0.00469838485073	-0.390284869637	0.158400876818	1.07251706086e-10	1.7843883623e-05	100.0
0.000812638647336	-0.00224651595492	-0.00163691854553	0.0943053211719	-0.283778981409	-0.201423672695	1.07251706086e-10	1.7843883623e-05	100.0
-0.000502048959504	-0.00117639298345	-0.00076392182312	-0.0662366507924	-0.129164965025	-0.0774907554261	1.07251706086e-10	1.7843883623e-05	100.0
-0.000299325930412	-0.003554992561	0.0011094346538	-0.0472691665405	-0.452192079316	0.13706246574	1.06421821803e-10	1.7705812546e-05	100.0
-0.000525680600366	-0.00370719281641	0.000482331580572	-0.0751525859656	-0.469706995158	0.059895325736	1.06421821803e-10	1.7705812546e-05	100.0
4.0720817033e-05	-0.0038739752469	0.00185116750723	-0.00289347210507	-0.497131118211	0.234378953525	1.05589171574e-10	1.7567281288e-05	100.0
-0.000426138732461	-0.00318902193385	-0.000810634095275	-0.0632270426634	-0.401327965083	-0.0967444610021	1.05589171574e-10	1.7567281288e-05	100.0
-0.00024139075918	-0.00290679768713	-0.000588950316818	-0.0407143619497	-0.362358365254	-0.0656015842676	1.05589171574e-10	1.7567281288e-05	100.0
0.000114423879651	-0.00260644962429	0.00123243600385	0.0045512277628	-0.328083876981	0.148094878128	1.05171765227e-10	1.749783577e-05	100.0
-0.00110688128852	-0.00194528727072	7.20449796683e-05	-0.13615489211	-0.236641703755	0.00372783999887	1.05171765227e-10	1.749783577e-05	100.0
-0.000361165250021	-0.00344808116156	8.07425478617e-05	-0.0548324224356	-0.432101638525	0.00690804386428	1.05171765227e-10	1.749783577e-05	100.0
-0.000722476014025	-0.00374433722799	0.000109966999283	-0.100025483906	-0.474765740372	0.0126783306237	1.05171765227e-10	1.749783577e-05	100.0
-0.000187222970861	-0.00146763700307	0.00206035550324	-0.0322806939031	-0.183104041472	0.250158773596	1.0475365482e-10	1.7428273115e-05	100.0
-0.000498801726935	-0.00112650161531	-5.10124345553e-05	-0.0621055583219	-0.112441476793	-0.0156462314849	1.0475365482e-10	1.7428273115e-05	100.0
-7.4194971112e-05	-0.00146221129008	0.00204641165691	-0.0182489008707	-0.181285038347	0.249618680439	1.0475365482e-10	1.7428273115e-05	100.0
1.94114119527e-05	-0.0024984470908	-0.0017932219675	-0.00691367380501	-0.31480939026	-0.221753116251	1.0475365482e-10	1.7428273115e-05	100.0
-0.0011630932265	-0.00147565180525	-0.000767191909169	-0.149059262059	-0.174738983964	-0.0843293210466	1.0475365482e-10	1.7428273115e-05	100.0
7.58266625917e-05	-0.00234027962532	-0.00152708135083	-0.000204534495353	-0.294614455907	-0.184966176356	1.0475365482e-10	1.7428273115e-05	100.0
-0.00080211852621	-0.000975023872048	-0.000979808573973	-0.102138410581	-0.107838449099	-0.103049882006	1.0475365482e-10	1.7428273115e-05	100.0
-0.000528030040016	-0.000832356430124	0.000616827915506	-0.0648026636114	-0.0785354808713	0.0516747839554	1.03915120671e-10	1.7288762926e-05	100.0
-0.000620218121474	-0.00407248572309	-0.000337870104591	-0.0878584470808	-0.519429443911	-0.0414305308102	1.03915120671e-10	1.7288762926e-05	100.0
-0.00069150376383	-0.00273651762678	-0.000392683535782	-0.0918994701573	-0.336415927173	-0.0366185178651	1.03915120671e-10	1.7288762926e-05	100.0
6.95231135198e-05	-0.00330058088935	-0.00145803547269	0.000580638173646	-0.419522449651	-0.181967965861	1.03915120671e-10	1.7288762926e-05	100.0
-0.000983287071746	-0.00233051220414	-0.000857066590588	-0.129881454155	-0.289414882714	-0.0993326539839	1.03915120671e-10	1.7288762926e-05	100.0
0.000177343165948	-0.000483216982199	-0.0010789552766	0.00692952396059	-0.0473207261998	-0.101352652443	1.03915120671e-10	1.7288762926e-05	100.0
-0.000695398879364	-0.0014233311897	-0.00182398687229	-0.0953058500004	-0.173974534019	-0.219666663742	1.03494646638e-10	1.7218807025e-05	100.0
-0.00081122511973	-0.00404838955726	-0.000565047665254	-0.112418643802	-0.51737774083	-0.0700051241401	1.03073367966e-10	1.7148717254e-05	100.0
-0.000206025005415	-0.00389319062447	-0.00171086490103	-0.0349777691481	-0.498987888735	-0.216770386332	1.03073367966e-10	1.7148717254e-05	100.0
-0.000945299179917	-0.00252562510337	-0.000744313514083	-0.125169058381	-0.314273505998	-0.084938725598	1.03073367966e-10	1.7148717254e-05	100.0
7.14073858406e-05	-0.0005389684239	-0.00127407621444	-0.00223540129709	-0.0567347384612	-0.131194891623	1.03073367966e-10	1.7148717254e-05	100.0
-0.000191811598225	-0.00132207112778	0.00143413190272	-0.0323920133061	-0.157418091492	0.165915123139	1.02228195547e-10	1.700810263e-05	100.0
-2.27833239695e-05	-0.0040790983279	0.00168718036265	-0.0112369384462	-0.522965072187	0.215059872744	1.02228195547e-10	1.700810263e-05	100.0
-0.000353661632177	-0.00398154981975	0.00149992423829	-0.0535301941532	-0.510432798215	0.190757765752	1.02228195547e-10	1.700810263e-05	100.0
-0.000459851252301	-0.00424076780091	-0.000295882325657	-0.0675338427532	-0.541054090994	-0.0372880120108	1.02228195547e-10	1.700810263e-05	100.0
-0.000479414061941	-0.0034583243631	-0.000126035073426	-0.0692871346543	-0.4336926994	-0.0137993931131	1.02228195547e-10	1.700810263e-05	100.0
-0.000460786690682	-0.00226676925068	-0.0018028442332	-0.0669175849144	-0.285210158431	-0.220842509944	1.02228195547e-10	1.700810263e-05	100.0
-0.00115499062334	-0.00145135705778	-0.00153593788852	-0.152180630376	-0.177024450669	-0.182824449097	1.02228195547e-10	1.700810263e-05	100.0
-0.000778147360088	-0.000862341473955	0.000495073984773	-0.092231196947	-0.0841136548509	0.0404950495113	1.01379502834e-10	1.6866902321e-05	100.0
-0.000436931956439	-0.00355208889153	0.000931412228851	-0.0639701413905	-0.451942465254	0.114379548871	1.01379502834e-10	1.6866902321e-05	100.0
-0.000936665079752	-0.0025257705174	0.00056245714994	-0.122464625223	-0.312573998697	0.0610130878489	1.01379502834e-10	1.6866902321e-05	100.0
-0.00103277454537	-0.00439668048932	0.000898238046379	-0.141573450855	-0.563465444733	0.113722130762	1.01379502834e-10	1.6866902321e-05	100.0
-0.0011311998418	-0.00360784231864	3.65660565609e-05	-0.151775456922	-0.457523327334	0.00425119440555	1.01379502834e-10	1.6866902321e-05	100.0
-0.000641897671188	-0.00329356663718	0.000625555299819	-0.089013446043	-0.414992624093	0.0757770671947	1.01379502834e-10	1.6866902321e-05	100.0
-0.00102867773391	-0.00429811291572	0.000329918201209	-0.140433098749	-0.550950315202	0.0427312122213	1.01379502834e-10	1.6866902321e-05	100.0
-0.000968718917535	-0.0021722442145	-0.000354292224695	-0.121693410426	-0.267570761502	-0.0337690505291	1.01379502834e-10	1.6866902321e-05	100.0
-1.28512910973e-05	-0.00416940002135	-0.000188599068322	-0.00994461533363	-0.531592017636	-0.0243518982173	1.00953798649e-10	1.679607626e-05	100.0
-0.000357031556058	-0.00367850831837	0.000115772050063	-0.0539596877361	-0.464443724012	0.0137586001034	1.00953798649e-10	1.679607626e-05	100.0
-0.000980870748985	-0.00280608175361	-0.000428429866883	-0.12751919023	-0.348434101336	-0.047045876531	1.00953798649e-10	1.679607626e-05	100.0
-0.000761465835757	-0.00425337028524	0.00045731723989	-0.106338537415	-0.543908004627	0.056039431905	1.00527088666e-10	1.672508286e-05	100.0
-0.00113397102289	-0.00376201414075	0.000503331921181	-0.152771128423	-0.478358748212	0.0619222695666	1.00527088666e-10	1.672508286e-05	100.0
-0.000712714097541	-0.00360462717829	-0.00182075107356	-0.100350223069	-0.461084829459	-0.230072059367	1.00099372885e-10	1.6653922121e-05	100.0
-0.000613054066631	-0.000917492845104	-0.00115271496836	-0.0808809225829	-0.102893629842	-0.122233987309	1.00099372885e-10	1.6653922121e-05	100.0
-0.000550527071031	-0.000988377264383	0.00140201217637	-0.0747891587312	-0.115208004321	0.157302416843	9.96707015947e-11	1.6582602411e-05	100.0
-0.000766821889598	-0.00098436975868	0.000389431398505	-0.0911922552853	-0.0989412483351	0.0316113917928	9.96707015947e-11	1.6582602411e-05	100.0
-8.03601035212e-06	-0.00271709891436	0.00208458497832	-0.0095650236657	-0.34550685141	0.260675440321	9.96707015947e-11	1.6582602411e-05	100.0
-0.000132641149163	-0.00407277560395	0.000115496878265	-0.0259187232152	-0.517690208663	0.0139195648798	9.96707015947e-11	1.6582602411e-05	100.0
-0.00109711111771	-0.00378012976591	-0.000424271758067	-0.148349404138	-0.480203758427	-0.0539467746181	9.96707015947e-11	1.6582602411e-05	100.0
-0.000481142390886	-0.00487567319198	5.40262815739e-05	-0.0705441450034	-0.626897923008	0.00722807889951	9.96707015947e-11	1.6582602411e-05	100.0
-0.000507839111824	-0.00325529980735	-0.000202962098564	-0.0723058207266	-0.405282045319	-0.0216568955881	9.96707015947e-11	1.6582602411e-05	100.0
-0.000158164338191	-0.00301963837738	0.00067452462557	-0.0303985096269	-0.37844783001	0.0777349134071	9.88100901698e-11	1.643941914e-05	100.0
-0.000886116608142	-0.00246688727856	0.000332183653213	-0.110704319014	-0.303256558824	0.0291256942772	9.88100901698e-11	1.643941914e-05	100.0
0.000232391648099	-0.00351044945535	-0.00172441551957	0.0215321905683	-0.448243351854	-0.217178855174	9.88100901698e-11	1.643941914e-05	100.0
-0.000786587382356	-0.0026375130104	-0.00173942973568	-0.108355514996	-0.332721158122	-0.216246444751	9.88100901698e-11	1.643941914e-05	100.0
-0.000302463324186	-0.000956759618638	-0.00142975942464	-0.0450187921336	-0.110745310869	-0.159732017692	9.88100901698e-11	1.643941914e-05	100.0
-0.000781154279424	-0.00095428155937	-0.00108457862442	-0.100550766723	-0.107614087014	-0.115026138512	9.88100901698e-11	1.643941914e-05	100.0
4.75192583908e-05	-0.00073304948043	0.00107436178722	-0.00532420825736	-0.0742601436236	0.108116439288	9.83782003249e-11	1.6367563946e-05	100.0
-0.000189292424234	-0.00505635317702	0.00056320649241	-0.0327279785976	-0.651254962429	0.0714704458239	9.83782003249e-11	1.6367563946e-05	100.0
-0.00111063763323	-0.00213102942394	-0.000341022462982	-0.139423054636	-0.261256803959	-0.0366420444901	9.83782003249e-11	1.6367563946e-05	100.0
9.37647197408e-05	-0.00164861349293	-0.00135823173638	0.00236163462061	-0.201740800302	-0.159172204984	9.83782003249e-11	1.6367563946e-05	100.0
0.000192708762879	-0.00208851017049	-0.00214390733678	0.0159422064112	-0.263169578405	-0.265925068305	9.83782003249e-11	1.6367563946e-05	100.0
-0.000665756964334	-0.00141792395304	-0.00139116761653	-0.089932642232	-0.169818381938	-0.162365182843	9.83782003249e-11	1.6367563946e-05	100.0
0.000178943175499	-0.000133168876828	0.00158007177825	0.0106655503721	-0.0159235139461	0.172166292421	9.79451538117e-11	1.6295516312e-05	100.0
-6.42389348768e-05	-0.00457517084901	0.000778539687196	-0.0162297212844	-0.587391804717	0.0973265838186	9.79451538117e-11	1.6295516312e-05	100.0
-0.00103334830895	-0.00355848143425	0.000425464265087	-0.138944933093	-0.450962200654	0.0515535802878	9.79451538117e-11	1.6295516312e-05	100.0
-0.000243792328536	-0.00395904747901	-0.00133391924802	-0.0399402114244	-0.505631555939	-0.168124940642	9.79451538117e-11	1.6295516312e-05	100.0
-0.00126065697571	-0.00211259062647	-0.000577104145828	-0.162537165877	-0.259055302205	-0.0642483940156	9.79451538117e-11	1.6295516312e-05	100.0
-0.000214453008602	-0.000999454286685	-0.00145954008996	-0.0354557236621	-0.118135302696	-0.163348673644	9.79451538117e-11	1.6295516312e-05	100.0
-0.000697584869502	-0.00237739031843	-0.00193739586669	-0.0966803754589	-0.300418550047	-0.243601903143	9.7075490201e-11	1.6150826994e-05	100.0
0.000516609692266	-0.00354076119607	-0.00223973952344	0.0583002420837	-0.453810777461	-0.283758900938	9.7075490201e-11	1.6150826994e-05	100.0
-0.000970066726491	-0.00210068685877	-0.000921442329192	-0.128000472016	-0.258964141243	-0.106021500711	9.7075490201e-11	1.6150826994e-05	100.0
0.000990613183708	-0.00248525076821	-0.00143885210613	0.117039280075	-0.315161535808	-0.176199532659	9.7075490201e-11	1.6150826994e-05	100.0
-0.000779739729745	-0.000782896289245	-0.000576267675613	-0.092111665596	-0.0751474819139	-0.0481743593932	9.7075490201e-11	1.6150826994e-05	100.0
-0.000792716827553	-0.000570374857354	0.000299132011229	-0.0834119565619	-0.0403546401876	0.014817219491	9.62009987578e-11	1.600533445e-05	100.0
-0.00101269764269	-0.00168511724539	0.00138599164233	-0.134286837617	-0.206083439296	0.165235511141	9.57617665844e-11	1.5932257685e-05	100.0
-0.00117785218209	-0.0042143876614	0.000315264622874	-0.159988882375	-0.538088798663	0.039045084084	9.57617665844e-11	1.5932257685e-05	100.0
-0.00160478556551	-0.00345887292739	-0.000226533608396	-0.212916205897	-0.43874954388	-0.0283632054614	9.57617665844e-11	1.5932257685e-05	100.0
-8.73215221238e-05	-0.00331938646597	-0.00109564822255	-0.0195363840434	-0.421784378548	-0.135054740477	9.57617665844e-11	1.5932257685e-05	100.0
-0.000854874197818	-0.000758431779938	-0.000313806346984	-0.0956211085396	-0.0680085612323	-0.0205014503459	9.57617665844e-11	1.5932257685e-05	100.0
0.00150690622791	-0.00184115311616	-0.00208406596057	0.183873218957	-0.234386701566	-0.259728438464	9.57617665844e-11	1.5932257685e-05	100.0
0.00101519100084	-0.00223423793197	0.00214571970749	0.120753262135	-0.284544499343	0.267392679585	9.53212771628e-11	1.5858971746e-05	100.0
-0.00095302731478	-0.00104296350309	-7.43682859318e-05	-0.108979472671	-0.107241202861	-0.00921657215601	9.53212771628e-11	1.5858971746e-05	100.0
-0.000633759106212	-0.00456861963343	0.000449882559966	-0.0903071093939	-0.585218374707	0.0550083134237	9.48793796235e-11	1.5785451533e-05	100.0
-0.00112008082499	-0.00262715370574	-3.74502883409e-05	-0.139861920573	-0.323528827507	-0.00455826460471	9.48793796235e-11	1.5785451533e-05	100.0
-0.00078075366804	-0.00310593065574	-0.000888819055965	-0.107274795778	-0.390805818634	-0.108315848434	9.48793796235e-11	1.5785451533e-05	100.0
-0.00019100279436	-0.00423091561764	-0.00172481432304	-0.0331049974648	-0.543471319288	-0.219098647318	9.48793796235e-11	1.5785451533e-05	100.0
-0.00107335945137	-0.00230948247842	-0.00124260622267	-0.142976138677	-0.287744251328	-0.150114455492	9.48793796235e-11	1.5785451533e-05	100.0
-0.00100121171711	-0.000938746628096	-0.000226131779287	-0.116545038504	-0.094972379434	-0.0154028713871	9.48793796235e-11	1.5785451533e-05	100.0
-0.000350897805499	-0.00105963754931	-0.00195718652652	-0.0520701923751	-0.129461753388	-0.233424455854	9.48793796235e-11	1.5785451533e-05	100.0
-0.00071206180958	-0.000544876337715	-0.000593557971999	-0.0797770764159	-0.0444282087372	-0.0425104113487	9.48793796235e-11	1.5785451533e-05	100.0
-0.000671122196862	-0.00176068390711	0.00136713273132	-0.0916927809409	-0.215728743043	0.161326889187	9.44360739664e-11	1.5711697046e-05	100.0
-0.00121654577394	-0.00217543043726	0.00130918916909	-0.161416669202	-0.271459960555	0.158864572283	9.44360739664e-11	1.5711697046e-05	100.0
-0.000593603172976	-0.00167284912498	0.0017750313898	-0.0826388625074	-0.207295877478	0.213930822498	9.44360739664e-11	1.5711697046e-05	100.0
-0.00122068392301	-0.00216070992867	0.000345557098287	-0.155004956049	-0.266192968628	0.0352581872533	9.44360739664e-11	1.5711697046e-05	100.0
-0.000608474385191	-0.0051084757826	0.000212121567496	-0.0870622418232	-0.657579308584	0.0274070259049	9.44360739664e-11	1.5711697046e-05	100.0
-0.00126826953092	-0.00325633782627	0.000963668766176	-0.170278850051	-0.412273047229	0.11962061188	9.44360739664e-11	1.5711697046e-05	100.0
-0.000919646826898	-0.00146871053105	-0.000152547858317	-0.110550070562	-0.16925255289	-0.0110721282187	9.44360739664e-11	1.5711697046e-05	100.0
0.000970998902059	-0.0016891097698	-0.00164423057654	0.113043637116	-0.21098091494	-0.199835406827	9.44360739664e-11	1.5711697046e-05	100.0
-0.000747219227499	-0.000683885622645	-0.000306248446924	-0.081381751201	-0.0552379900496	-0.0155180759768	9.44360739664e-11	1.5711697046e-05	100.0
0.000492442492138	-0.00268918844578	0.00143894655414	0.0523207088115	-0.340375661332	0.176025019657	9.40912862653e-11	1.5654333375e-05	100.0
-0.000699247477057	-0.00440107559058	0.00100895709701	-0.0991149101552	-0.563733827025	0.127127067315	9.40912862653e-11	1.5654333375e-05	100.0
-0.00036021336908	-0.00145786088692	0.000633502706413	-0.0524417958902	-0.167804965567	0.0632770892828	9.40912862653e-11	1.5654333375e-05	100.0
-0.000922804178389	-0.00431300484393	0.000232063058107	-0.127272562272	-0.54974588183	0.0279289058978	9.40912862653e-11	1.5654333375e-05	100.0
-0.000808132869434	-0.00357839984049	0.000415088421349	-0.110103869921	-0.454296222806	0.0516227456631	9.40912862653e-11	1.5654333375e-05	100.0
-0.000321115325748	-0.00303034702793	-0.000109360876772	-0.0565547838712	-0.372225775359	-0.00974964911532	9.40912862653e-11	1.5654333375e-05	100.0
-0.000165028542736	-0.00443957386073	-0.00127807680835	-0.0299103769495	-0.570017693242	-0.159721309066	9.40912862653e-11	1.5654333375e-05	100.0
-0.000733165046981	-0.00178272991662	3.41312708464e-05	-0.101698915161	-0.216062195054	0.00946436735101	9.40912862653e-11	1.5654333375e-05	100.0
-6.50448272022e-05	-0.00129345865335	-0.000290852483631	-0.023513585591	-0.139869803983	-0.0203950587828	9.40912862653e-11	1.5654333375e-05	100.0
0.00046337227594	-0.0030393247648	-0.00083189053753	0.0475794805131	-0.383264334021	-0.0999162755247	9.40912862653e-11	1.5654333375e-05	100.0
-0.000572234313647	-0.00353670562411	0.00220904486243	-0.0818697744469	-0.45284262008	0.278952673294	9.39913099016e-11	1.5637699918e-05	100.0
-0.000963718207789	-0.002022675171	0.000113700459775	-0.115432737716	-0.24715770452	0.00993447185483	9.39913099016e-11	1.5637699918e-05	100.0
0.00042210175692	-0.00348847279856	0.00127950864724	0.0442350553334	-0.444198910069	0.15865730114	9.36699070139e-11	1.5584226869e-05	100.0
-0.000155232585145	-0.00315635618074	1.89297613218e-06	-0.0353879674887	-0.391361324088	0.000270930930457	9.36699070139e-11	1.5584226869e-05	100.0
-6.50271787344e-05	-0.00254104727996	-0.00163538699097	-0.0163466965908	-0.320126903787	-0.202646901921	9.36699070139e-11	1.5584226869e-05	100.0
0.000707655961978	-0.00123569598046	0.00223349784249	0.0803652835746	-0.154342723781	0.274381768219	9.3545087429e-11	1.5563460149e-05	100.0
-9.10571220316e-05	-0.00308025339321	0.00222251401336	-0.020086795782	-0.393644906477	0.279366770705	9.3545087429e-11	1.5563460149e-05	100.0
-4.41029176447e-05	-0.00359612376294	0.00110382380603	-0.0146401316762	-0.457534828763	0.136097798853	9.3545087429e-11	1.5563460149e-05	100.0
-0.000994187435784	-0.00211964360326	0.000153722774679	-0.120713944369	-0.25965280717	0.0110936352596	9.3545087429e-11	1.5563460149e-05	100.0
-0.00113185682809	-0.00184432001852	4.5741043127e-05	-0.139272335731	-0.222458608342	0.00244328488386	9.3545087429e-11	1.5563460149e-05	100.0
-0.000739973746699	-0.000667756970481	7.05463179965e-05	-0.0716336377419	-0.0495242522558	0.000804558599238	9.3545087429e-11	1.5563460149e-05	100.0
0.000112511191431	-0.00206297001559	0.0021108371364	0.00563474931951	-0.260174981768	0.260894701068	9.3545087429e-11	1.5563460149e-05	100.0
-0.000122283141253	-0.00402527154686	0.00165806385933	-0.024382827965	-0.516178049103	0.209665631278	9.3545087429e-11	1.5563460149e-05	100.0
-0.00114027947491	-0.00187530718684	-0.000181896688353	-0.141051366984	-0.22650961591	-0.0206085102105	9.3545087429e-11	1.5563460149e-05	100.0
-0.000860955295937	-0.00127119829794	-4.79776104066e-05	-0.099652122681	-0.13967680525	-0.00407267063113	9.3545087429e-11	1.5563460149e-05	100.0
-0.000341216129188	-0.00379593018058	-0.000244560256859	-0.0526423272699	-0.480341934534	-0.0288266919475	9.3545087429e-11	1.5563460149e-05	100.0
-0.001123305988	-0.00209252292486	-0.000456500567805	-0.143149269457	-0.255944079065	-0.048625117404	9.3545087429e-11	1.5563460149e-05	100.0
-0.000307786493842	-0.0013614374524	9.26539349133e-05	-0.0543752682871	-0.150023973459	-0.00206020797377	9.28312219948e-11	1.5444691579e-05	100.0
-0.00026442284743	-0.00239592908504	0.000241149213088	-0.0547451710258	-0.296343529671	0.0138794458445	9.28312219948e-11	1.5444691579e-05	100.0
-4.92733270942e-05	-0.00096067710949	6.83646468238e-05	-0.0249544806864	-0.0843156380937	-0.0074047144505	9.28312219948e-11	1.5444691579e-05	100.0
0.000108446343909	-0.00266025535543	0.000719568344765	0.000898667758106	-0.332528596495	0.0823118904159	9.28312219948e-11	1.5444691579e-05	100.0
1.27339234328e-05	-0.00333814678166	0.000364752722627	-0.0112054402436	-0.419314803682	0.0415013052003	9.28312219948e-11	1.5444691579e-05	100.0
-0.000548472587057	-0.00108790500626	0.00011408699128	-0.0626796537472	-0.10525831084	0.0153641650073	9.28312219948e-11	1.5444691579e-05	100.0
-0.000183907077282	-0.00324790575104	0.000164657469754	-0.0378415648505	-0.405604122542	0.0161972354775	9.28312219948e-11	1.5444691579e-05	100.0
2.36398144937e-05	-0.0033040857992	0.000232068737366	-0.0109415468429	-0.413788652249	0.0259279053306	9.28312219948e-11	1.5444691579e-05	100.0
-4.00219868611e-05	-0.00341473077177	0.000108950800755	-0.0185142438258	-0.428248532422	0.0117673513604	9.28312219948e-11	1.5444691579e-05	100.0
0.000243733254768	-0.000830231150208	-0.00184453289281	0.0195102857064	-0.100048577412	-0.216922788327	9.28312219948e-11	1.5444691579e-05	100.0
0.00136747434808	-0.00125124499336	-0.00191287044054	0.163095163036	-0.157020160171	-0.234394208005	9.28312219948e-11	1.5444691579e-05	100.0
-9.25430253868e-06	-0.00326352673882	-0.00037084863641	-0.0141683068937	-0.409040098922	-0.0418385951453	9.28312219948e-11	1.5444691579e-05	100.0
0.000128005517889	-0.00332794643641	-0.000488951087664	0.00502544981755	-0.418441881941	-0.0566242222049	9.28312219948e-11	1.5444691579e-05	100.0
0.00021401740293	-0.00215164488508	-0.000684224211956	0.0129390546732	-0.265454976799	-0.075522041848	9.28312219948e-11	1.5444691579e-05	100.0
0.000522717191442	-0.00241714907123	-0.000896877634703	0.0537683984547	-0.302189414695	-0.105419926578	9.28312219948e-11	1.5444691579e-05	100.0
-2.00958763493e-05	-0.00428799779635	0.00127762772261	-0.0106862260725	-0.549601180313	0.1614157774	9.26479655212e-11	1.5414202487e-05	100.0
-0.0011032380025	-0.00271830017672	0.000101437571832	-0.139333640509	-0.335078265226	0.00936481612052	9.26479655212e-11	1.5414202487e-05	100.0
-0.000221732156553	-0.00292122258395	0.000243494082526	-0.0450672603702	-0.362863391228	0.0218489382467	9.24137653573e-11	1.5375237694e-05	100.0
-0.000968616151433	-0.00305158902599	0.0010791069329	-0.131087167966	-0.38510489105	0.131869588266	9.17443059236e-11	1.5263857124e-05	100.0
-0.000580207511871	-0.00268133727147	0.0016220439157	-0.082226172767	-0.339319129989	0.201784844403	9.17443059236e-11	1.5263857124e-05	100.0
-0.00109051054715	-0.00458307274624	-0.000410946073907	-0.149337592324	-0.588141886652	-0.0517990814595	9.17443059236e-11	1.5263857124e-05	100.0
-0.000401824142334	-0.00390950181004	-0.00124128204132	-0.0600232847116	-0.498824947728	-0.157823015583	9.17443059236e-11	1.5263857124e-05	100.0
-0.000889624225514	-0.000877716784842	-0.000140067230382	-0.098621640008	-0.0832291080658	-0.00871120529786	9.17443059236e-11	1.5263857124e-05	100.0
-2.21874032162e-05	-0.00297257391144	-0.00219944254741	-0.0112026719326	-0.379643051194	-0.275636937671	9.17443059236e-11	1.5263857124e-05	100.0
-0.000829417688029	-0.00124152282269	-0.000797818889477	-0.106272255485	-0.141107315185	-0.0830957937213	9.17443059236e-11	1.5263857124e-05	100.0
-0.00114778164152	-0.00330249039059	-0.00115245583131	-0.155203775281	-0.41992612853	-0.142640252321	9.08338068968e-11	1.5112373858e-05	100.0
-0.00107307543984	-0.00137746250308	-0.000262224950098	-0.131782094903	-0.157782443021	-0.0220570802743	9.08338068968e-11	1.5112373858e-05	100.0
0.000507796349691	-0.000560249251362	-0.00144171148848	0.0485836465802	-0.064851141846	-0.158835413809	9.08338068968e-11	1.5112373858e-05	100.0
-0.000739659704328	-0.00146055343687	0.00136273781262	-0.0994340064509	-0.176269226953	0.158100010883	9.03758165826e-11	1.5036176228e-05	100.0
-0.000946185828299	-0.00217117944754	0.000941580897916	-0.124904745109	-0.26855625201	0.109501176533	9.03758165826e-11	1.5036176228e-05	100.0
-0.000182209650107	-0.000998863216841	0.00204412397215	-0.0316327505561	-0.122429846896	0.244772194542	9.03758165826e-11	1.5036176228e-05	100.0
-0.00106743924143	-0.0030447438432	0.00138106116012	-0.144198851071	-0.385742004774	0.170960604042	9.03758165826e-11	1.5036176228e-05	100.0
-0.00117791198695	-0.00262978604935	0.000765823033737	-0.154933536877	-0.328003275866	0.0901442793388	9.03758165826e-11	1.5036176228e-05	100.0
-0.000789696695997	-0.000973629859693	0.00011135592845	-0.0869267124247	-0.0944451364119	0.00419956778	9.03758165826e-11	1.5036176228e-05	100.0
-0.000464097684881	-0.00299909429914	0.00244699014416	-0.0679032818592	-0.383156475784	0.310235156935	9.03758165826e-11	1.5036176228e-05	100.0
-0.000942009689514	-0.00165676240063	-7.94456071092e-05	-0.112522550813	-0.196555126769	-0.0061192590963	9.03758165826e-11	1.5036176228e-05	100.0
1.83101605369e-05	-0.0014044619367	0.000470783404392	-0.0129959331468	-0.158700762035	0.0427725868552	9.03438321926e-11	1.503085486e-05	100.0
-2.1576637557e-05	-0.00220285769622	0.000464982641026	-0.0186414189193	-0.271244018897	0.0462014235978	9.03438321926e-11	1.503085486e-05	100.0
0.000141738763812	-0.00131331689496	0.00041712464118	-8.24697180111e-05	-0.145301128205	0.0358583914343	9.03438321926e-11	1.503085486e-05	100.0
-2.54583772274e-05	-0.00425766536595	0.0011220435445	-0.0125238299013	-0.544346244328	0.14058708797	9.03438321926e-11	1.503085486e-05	100.0
3.09171879503e-05	-0.0042694315482	0.000557889009927	-0.00552659663422	-0.544179910604	0.0696580290378	9.03438321926e-11	1.503085486e-05	100.0
-0.000748432013077	-0.00133233106773	0.000132355385303	-0.0975093499165	-0.151022560384	0.0214073839119	9.03438321926e-11	1.503085486e-05	100.0
-0.000685233374114	-0.000966698835841	0.000104637616122	-0.0848023578724	-0.09186837925	0.0141485700759	9.03438321926e-11	1.503085486e-05	100.0
0.00114428634999	-0.00293117270051	-0.00177045339389	0.137576612389	-0.374725607394	-0.220308933861	9.03438321926e-11	1.503085486e-05	100.0
-0.000429393235481	-0.00285095173169	-8.93709703517e-06	-0.074221757021	-0.34273854573	0.00505210285663	9.03438321926e-11	1.503085486e-05	100.0
0.000617446727128	-0.0034559457257	-0.0015962574855	0.0697035111433	-0.44082402414	-0.1993069051	9.03438321926e-11	1.503085486e-05	100.0
-0.000702561141667	-0.00191343422263	0.000131797975912	-0.0986513004617	-0.244131055852	0.0249309041078	9.03438321926e-11	1.503085486e-05	100.0
1.40666898189e-05	-0.00109962899164	-0.00025042360381	-0.0163329208331	-0.109368023177	-0.0140844034721	9.03438321926e-11	1.503085486e-05	100.0
0.000209234406229	-0.00286039524151	-0.00153545941593	0.0167464841365	-0.362302028634	-0.18865515973	9.03438321926e-11	1.503085486e-05	100.0
-0.00112612257983	-0.00292149560482	0.000133994963152	-0.145848873247	-0.36375567561	0.0157445716386	8.99159655413e-11	1.4959669021e-05	100.0
0.000218817621687	-0.00407865082795	-0.000924077193433	0.0195468855296	-0.521696009403	-0.115930012964	8.99159655413e-11	1.4959669021e-05	100.0
-0.000743347922732	-0.00242103581605	-0.000496051587404	-0.0971489450048	-0.297836402815	-0.0481010095601	8.99159655413e-11	1.4959669021e-05	100.0
-0.000974486796021	-0.000906306911827	-0.000130464035849	-0.110873737304	-0.0892335325398	-0.00613228946044	8.99159655413e-11	1.4959669021e-05	100.0
-0.000144871478348	-0.000798769608156	-0.00164371784237	-0.0270860324983	-0.0953332462762	-0.186344652578	8.99159655413e-11	1.4959669021e-05	100.0
-0.000832360841684	-0.00191713121369	-0.000139738733407	-0.110559181068	-0.244188097283	-0.019681399708	8.95228492258e-11	1.489426473e-05	100.0
-0.000108514409203	-0.00305602082905	0.000307696160758	-0.0290655905494	-0.380825463114	0.0319504857904	8.95228492258e-11	1.489426473e-05	100.0
-6.95882082097e-06	-0.00382990875471	0.00131761965881	-0.0104278129293	-0.488268111739	0.164465450961	8.95228492258e-11	1.489426473e-05	100.0
6.43866032988e-05	-0.00347283598422	3.65950238381e-05	-0.00481023102273	-0.436377413453	0.00328995435386	8.95228492258e-11	1.489426473e-05	100.0
-0.000460310276649	-0.00207847955659	-0.000493162039117	-0.0661221507876	-0.255323479144	-0.0461045981739	8.95228492258e-11	1.489426473e-05	100.0
-0.00027968055689	-0.00255799711807	-0.000290555485707	-0.0559674385106	-0.316193494174	-0.021315887071	8.95228492258e-11	1.489426473e-05	100.0
-0.000778393112249	-0.00436976959098	-0.00118712354259	-0.109006966644	-0.560602055465	-0.150332155115	8.94541531932e-11	1.4882835504e-05	100.0
-0.000690393999438	-0.000720272393155	0.000899843266352	-0.0854945421255	-0.0752722832208	0.0844419348346	8.8990379538e-11	1.4805675676e-05	100.0
0.000278435817115	-0.00266666666252	0.00284424375213	0.0278788853575	-0.342020700762	0.360340201168	8.8990379538e-11	1.4805675676e-05	100.0
-0.00110782450863	-0.00210290149183	0.000393829575651	-0.140148821559	-0.25797500507	0.0416736023866	8.8990379538e-11	1.4805675676e-05	100.0
-0.000819026509714	-0.00477220152853	0.00201706604779	-0.114343395442	-0.615734622462	0.258728977223	8.8990379538e-11	1.4805675676e-05	100.0
-0.00113079821202	-0.00465068438217	0.000879082444988	-0.15442285289	-0.596518751778	0.111981187543	8.8990379538e-11	1.4805675676e-05	100.0
-0.00122746924866	-0.00226090379848	-0.000252746654301	-0.154589288662	-0.277180724786	-0.0278242173834	8.8990379538e-11	1.4805675676e-05	100.0
-0.00106117025013	-0.00227433650137	-0.000217812552034	-0.130632927636	-0.279568390148	-0.0216589696544	8.8990379538e-11	1.4805675676e-05	100.0
-0.000893721727952	-0.0039685997282	3.36997304327e-05	-0.122922450942	-0.504598602725	0.00433020354368	8.8990379538e-11	1.4805675676e-05	100.0
-0.000807506173281	-0.00504891330616	-0.000297953714812	-0.112826406209	-0.64994750892	-0.0377552540747	8.8990379538e-11	1.4805675676e-05	100.0
-0.0012361251111	-0.00341670512193	-0.000367920137469	-0.164605612094	-0.431377578193	-0.043794860477	8.8990379538e-11	1.4805675676e-05	100.0
-0.00119459985629	-0.00184160686874	-0.000260049786524	-0.149589424861	-0.221850659327	-0.0260239498157	8.8990379538e-11	1.4805675676e-05	100.0
0.000646175520451	-0.00145161275715	0.00115868536042	0.0685730140875	-0.175153826178	0.132712849604	8.87052356837e-11	1.4758235184e-05	100.0
-0.000771320653764	-0.00490840472551	-0.000477118894855	-0.108129921004	-0.62913435038	-0.0600833992874	8.87052356837e-11	1.4758235184e-05	100.0
0.000227178831456	-0.00100969694216	0.00211227837871	0.0189810705361	-0.125776777546	0.253980682009	8.85244937062e-11	1.4728164438e-05	100.0
-0.000830815203775	-0.00328547038678	-0.000661066832257	-0.113641337576	-0.41377969545	-0.0805496552025	8.85244937062e-11	1.4728164438e-05	100.0
-0.00113769599683	-0.00162539731155	-0.000190579799035	-0.141049262426	-0.19262536036	-0.0156274303915	8.85244937062e-11	1.4728164438e-05	100.0
0.00070225403636	-0.00312837741159	0.00105241751633	0.0789146841553	-0.396861829565	0.128565952634	8.82975855809e-11	1.469041285e-05	100.0
0.000140382084723	-0.00159121450938	-0.00272807940026	0.0100333259235	-0.201872257705	-0.342704960169	8.82975855809e-11	1.469041285e-05	100.0
-8.09499431866e-05	-0.00276330462028	-0.000377884565599	-0.0268709056135	-0.343764464063	-0.0377816373969	8.82975855809e-11	1.469041285e-05	100.0
-9.44182883413e-05	-0.00413213526407	-0.000535060559475	-0.0213576457294	-0.527234132387	-0.0650892768763	8.80564956977e-11	1.4650301788e-05	100.0
-0.00121844447135	-0.00332889133575	-0.000647413334854	-0.162522727774	-0.420673902525	-0.078143305448	8.80564956977e-11	1.4650301788e-05	100.0
-0.000793307091904	-0.004504772843	-0.00139464040667	-0.111394049177	-0.578735162431	-0.177049499879	8.80564956977e-11	1.4650301788e-05	100.0
-0.00116263666024	-0.00203143691737	-0.000565220582702	-0.149594556933	-0.248533726155	-0.0607930307654	8.80564956977e-11	1.4650301788e-05	100.0
-0.000203090941942	-0.00159468635378	-0.00223754995458	-0.0341130048464	-0.200487072241	-0.27397956927	8.80564956977e-11	1.4650301788e-05	100.0
0.000625108622753	-0.000664452311199	0.000569905351033	0.0485251220269	-0.0632182884912	0.0465218313578	8.7890589247e-11	1.4622699287e-05	100.0
0.000345380882624	-0.00271459211765	0.000736685731717	0.0311521564724	-0.340651286255	0.0850583990465	8.7890589247e-11	1.4622699287e-05	100.0
0.00100906453864	-0.00112871513772	0.00174623857577	0.116072639044	-0.140024216932	0.209472447403	8.7890589247e-11	1.4622699287e-05	100.0
0.000350047149963	-0.00208366214279	-0.00242958045117	0.0355099113295	-0.265164344927	-0.303133532563	8.7890589247e-11	1.4622699287e-05	100.0
5.78996802559e-05	-0.00373630897903	-0.000346150992007	-0.00373754997038	-0.472129425482	-0.0410381999138	8.7890589247e-11	1.4622699287e-05	100.0
-0.000371512075793	-0.00417967501659	-0.00106534633303	-0.0568705858696	-0.534542804195	-0.132729567016	8.7890589247e-11	1.4622699287e-05	100.0
-6.05965691569e-05	-0.00301405625996	-0.000301017290562	-0.0230997126112	-0.375118189937	-0.0313000879773	8.7890589247e-11	1.4622699287e-05	100.0
0.00032869064891	-0.003282478	-0.000491692534959	0.0295156450282	-0.414309932409	-0.0568597305699	8.7890589247e-11	1.4622699287e-05	100.0
-0.000799747640192	-0.00218159677556	0.000910567624744	-0.107121733886	-0.269463863019	0.103670393644	8.75862849326e-11	1.4572070994e-05	100.0
0.000171050895372	-0.00349512177241	0.00194727768094	0.0129433210249	-0.447013169055	0.243742900242	8.74842466821e-11	1.4555094493e-05	100.0
0.000455914155675	-0.00470297597906	2.77119155427e-05	0.0491062029231	-0.60210817379	0.00400402902403	8.74842466821e-11	1.4555094493e-05	100.0
-0.000722568499232	-0.00380379607462	-0.00167286164629	-0.101457273833	-0.486461047239	-0.213715425749	8.74842466821e-11	1.4555094493e-05	100.0
0.00132043081586	-0.00246497448476	0.00247878231679	0.16071900353	-0.316260620633	0.311781784537	8.70785075963e-11	1.4487590103e-05	100.0
0.000944711210051	-0.000406225488696	0.000982862680077	0.0951400577081	-0.0444637181798	0.100897337224	8.70785075963e-11	1.4487590103e-05	100.0
0.000722553507307	-0.00486289708982	-0.00063496047035	0.0839151452994	-0.623930609919	-0.080285938747	8.70785075963e-11	1.4487590103e-05	100.0
-0.000573016308721	-0.00484956006028	-0.00102995645425	-0.0825706268314	-0.622049386018	-0.130159355919	8.70785075963e-11	1.4487590103e-05	100.0
-0.00119493361619	-0.00374853141436	0.00156215765871	-0.162249928571	-0.479417914765	0.198161283424	8.66732714097e-11	1.4420169382e-05	100.0
9.93334491291e-05	-0.00279303413615	0.000359576422086	-0.0032906917289	-0.347871840866	0.0374770540115	8.62685381223e-11	1.435283233e-05	100.0
-0.000732012152964	-0.00207931359955	0.00143191373592	-0.0999695583535	-0.257643541318	0.172672893969	8.61616720393e-11	1.4335052604e-05	100.0
-0.00114274539644	-0.00207588881838	0.000683917570626	-0.147917548723	-0.254824034538	0.0764059103182	8.61616720393e-11	1.4335052604e-05	100.0
-0.00106455908841	-0.00340362330919	0.00157807020531	-0.144684179663	-0.433888227641	0.197429211414	8.61616720393e-11	1.4335052604e-05	100.0
-0.00134307790973	-0.00236932657171	0.000387028049558	-0.172538920288	-0.292931759321	0.0423960982815	8.61616720393e-11	1.4335052604e-05	100.0
-0.00122398229616	-0.00537656853929	0.000251579864706	-0.167022024594	-0.6932607274	0.0319873341812	8.61616720393e-11	1.4335052604e-05	100.0
-0.00119375708801	-0.002167131094	-0.000237402545837	-0.149866685781	-0.265208813334	-0.0243233598414	8.61616720393e-11	1.4335052604e-05	100.0
-0.000467148930971	-0.0041282753939	-0.00190025070698	-0.0687318607332	-0.530690784816	-0.240498321221	8.61616720393e-11	1.4335052604e-05	100.0
-0.00107955850811	-0.00139983881335	-0.00033350392387	-0.133814752067	-0.161408901246	-0.0292567289294	8.61616720393e-11	1.4335052604e-05	100.0
0.000690849306119	-0.00268577763868	-0.00183394047473	0.0789284128581	-0.342115701861	-0.227319715247	8.61616720393e-11	1.4335052604e-05	100.0
-0.000334721266905	-0.00192489128477	5.43892488852e-05	-0.0634386544494	-0.235565133578	-0.00558006121775	8.54603287955e-11	1.42183674e-05	100.0
0.000627734547835	-0.00111885811875	0.000471163938585	0.0565117208527	-0.123247823516	0.0434154886868	8.54603287955e-11	1.42183674e-05	100.0
0.000406226289817	-0.00209001566859	0.000684145234428	0.0368676291921	-0.257041462311	0.0760617906842	8.54603287955e-11	1.42183674e-05	100.0
0.000362915850687	-0.00287883955617	0.00150876142089	0.036384779034	-0.366331792485	0.184694905106	8.54603287955e-11	1.42183674e-05	100.0
-6.88972917915e-05	-0.00295549743744	0.000161809455968	-0.0262849877383	-0.36613381073	0.0155483568573	8.54603287955e-11	1.42183674e-05	100.0
-0.000296400151784	-0.00496711384563	0.000895415152924	-0.047117381328	-0.637652294735	0.112700149859	8.54603287955e-11	1.42183674e-05	100.0
-0.000605779128158	-0.00234289635086	0.000738054956955	-0.0835628084794	-0.290023018201	0.0821819285204	8.54603287955e-11	1.42183674e-05	100.0
-0.000129048492874	-0.00294905375535	-0.000135424573968	-0.0343382885297	-0.363845459066	-0.012909414789	8.54603287955e-11	1.42183674e-05	100.0
-0.000181296551482	-0.00451689977998	-0.00167054624187	-0.0319731513	-0.580090527389	-0.21087264814	8.54603287955e-11	1.42183674e-05	100.0
-0.000472955562575	-0.00278699639359	-1.78486701676e-05	-0.0816192384476	-0.333818059096	0.00616672677546	8.54603287955e-11	1.42183674e-05	100.0
0.000357937574468	-0.00349263886909	-0.00222923991792	0.0373739688401	-0.447640925387	-0.280363152936	8.54603287955e-11	1.42183674e-05	100.0
-0.00075833841504	-0.00137410442587	0.000180985881726	-0.102935657269	-0.158025426502	0.0303163966696	8.54603287955e-11	1.42183674e-05	100.0
0.00121195908974	-0.00240489513886	-0.00207650063705	0.145969676446	-0.307119208023	-0.25899984411	8.54603287955e-11	1.42183674e-05	100.0
-0.000319957274626	-0.00287597711643	-5.45468364531e-05	-0.0605328461226	-0.350904571593	-0.000263766955795	8.54603287955e-11	1.42183674e-05	100.0
-0.000258425774392	-0.00362867607627	-0.00236745277558	-0.042190764604	-0.46523822433	-0.300059365032	8.54603287955e-11	1.42183674e-05	100.0
-0.000825916267136	-0.00114444055927	0.000821167291989	-0.104903793275	-0.128559485799	0.0852384545803	8.51995252631e-11	1.4174976502e-05	100.0
0.000303118813702	-0.000676107746031	0.00155090371584	0.0259603425802	-0.0801756850783	0.173476565036	8.51995252631e-11	1.4174976502e-05	100.0
-0.000561637223564	-0.0035205203162	0.00201717261133	-0.0809033467153	-0.450000141971	0.254855233164	8.51995252631e-11	1.4174976502e-05	100.0
-0.001012841095	-0.00217077947086	-3.70781690798e-05	-0.120947533193	-0.266621585056	-0.00782290960576	8.51995252631e-11	1.4174976502e-05	100.0
-0.0014210473606	-0.00414111348211	0.000877753149664	-0.191490504844	-0.52981073748	0.10947128875	8.51995252631e-11	1.4174976502e-05	100.0
-0.00122909583031	-0.00213211431358	-0.000125884122594	-0.15341326884	-0.260824558044	-0.0143015626937	8.51995252631e-11	1.4174976502e-05	100.0
-0.000541805561949	-0.00121280990733	-1.01522461456e-06	-0.0791274975515	-0.12885304137	-0.0121922357276	8.46533767168e-11	1.4084111643e-05	100.0
-0.000279079000882	-0.000924553182895	-9.10019027497e-06	-0.0482630127532	-0.0777981377498	-0.0151327600734	8.46533767168e-11	1.4084111643e-05	100.0
-0.000287170364531	-0.00271609253794	0.000109613795987	-0.0589432969444	-0.332701903238	0.00249619408727	8.46533767168e-11	1.4084111643e-05	100.0
0.000534667342227	-0.00267212656069	0.00209864696076	0.0589141076067	-0.339880104244	0.261423563291	8.46533767168e-11	1.4084111643e-05	100.0
-5.80025779846e-05	-0.00344907938987	-7.94161593438e-05	-0.0199172628682	-0.431967004635	-0.00875802963228	8.46533767168e-11	1.4084111643e-05	100.0
-0.00051480501902	-0.00343951606873	-0.00296502239132	-0.0746928145221	-0.441953068365	-0.379773826945	8.46533767168e-11	1.4084111643e-05	100.0
-0.000285315411244	-0.00218401024527	-0.000156719601819	-0.0586062878037	-0.27145684776	-0.00493423008564	8.46533767168e-11	1.4084111643e-05	100.0
8.43153369963e-05	-0.00210057464361	-0.0001764092943	-0.00812931362653	-0.256826611862	-0.0123016096743	8.46533767168e-11	1.4084111643e-05	100.0
0.00014318131248	-0.00256605154588	-0.000370944145123	0.00198785431506	-0.319182045561	-0.0374114734472	8.46533767168e-11	1.4084111643e-05	100.0
-0.000231307610356	-0.00282978037534	-0.000185132413379	-0.0484045453647	-0.348471133934	-0.013973411231	8.46533767168e-11	1.4084111643e-05	100.0
-6.02353760454e-05	-0.00270079340508	-0.000207215567407	-0.0266571209445	-0.334236159412	-0.0169359896306	8.46533767168e-11	1.4084111643e-05	100.0
-0.000783541620088	-0.0019650990751	-4.13786144812e-05	-0.106918878484	-0.246560247562	-0.00201568065871	8.42502527069e-11	1.4017042333e-05	100.0
0.000222759191833	-0.00179631043144	0.000390584019168	0.0115166537596	-0.215110484403	0.0376185714145	8.42502527069e-11	1.4017042333e-05	100.0
0.000441650624991	-0.00358084949648	0.00091492518563	0.0457885058533	-0.454433087083	0.1127141645	8.42502527069e-11	1.4017042333e-05	100.0
0.000130380562729	-0.00353256476284	0.00014393274742	0.00409286007972	-0.444811450124	0.0156469382742	8.42502527069e-11	1.4017042333e-05	100.0
0.000342443254274	-0.00312158627509	-0.0020553166737	0.0349065072717	-0.399345792128	-0.256736508814	8.42502527069e-11	1.4017042333e-05	100.0
-0.000463037507224	-0.00457108206855	0.00186512346482	-0.0681875326849	-0.588245530038	0.237719352389	8.42266164438e-11	1.4013109876e-05	100.0
-0.00128747158766	-0.00216762487108	9.79864201704e-05	-0.161782115763	-0.265478162414	0.0100231888863	8.42266164438e-11	1.4013109876e-05	100.0
0.000129134228239	-0.00304731248003	0.00110433376556	0.00566567739024	-0.38457339628	0.133192534573	8.38472795667e-11	1.3949998124e-05	100.0
3.74512415102e-06	-0.00398134624626	3.88239146889e-05	-0.00985413718197	-0.504783562397	0.00486774047338	8.38472795667e-11	1.3949998124e-05	100.0
-0.000536932414333	-0.0031287432162	-0.00169458050642	-0.0763364620402	-0.400269654909	-0.212770031504	8.38472795667e-11	1.3949998124e-05	100.0
-0.0008509506145	-0.00093074218783	0.000770329812455	-0.105476491235	-0.0994912812067	0.0754043172366	8.37358873908e-11	1.3931465374e-05	100.0
-0.00093950024417	-0.000907122736607	0.000452380756921	-0.111509371017	-0.0926745788116	0.0379095504918	8.37358873908e-11	1.3931465374e-05	100.0
-0.000865109378191	-0.00469749636383	-0.000591828868865	-0.12029569424	-0.603407860159	-0.0741737155573	8.37358873908e-11	1.3931465374e-05	100.0
-0.00123076272616	-0.00270398981615	-0.000567689512368	-0.160984349729	-0.336950192653	-0.0649282235465	8.37358873908e-11	1.3931465374e-05	100.0
-0.000853133466625	-0.000998269223159	-9.2758081048e-05	-0.0960537407319	-0.0991386232781	-0.00199042081489	8.37358873908e-11	1.3931465374e-05	100.0
-0.000204311931848	-0.00177663288091	0.00183965928835	-0.0349749925493	-0.220836581099	0.223789928352	8.34444070064e-11	1.3882970649e-05	100.0
-0.00161533400281	-0.0050769682157	-0.000105280578589	-0.21739788091	-0.652908816711	-0.0134664450126	8.34444070064e-11	1.3882970649e-05	100.0
-0.000879982298906	-0.000882082330735	0.000896949614738	-0.110020925698	-0.0959179012568	0.0901871644139	8.32421409425e-11	1.3849318857e-05	100.0
-0.00119435696146	-0.00133677994609	0.000289698632061	-0.147592506198	-0.153186228152	0.0260757672247	8.32421409425e-11	1.3849318857e-05	100.0
-0.00038085564776	-0.000781381164271	0.00128699161451	-0.0537300874416	-0.0882988225698	0.136439321024	8.32421409425e-11	1.3849318857e-05	100.0
-0.000437905634308	-0.00158596334279	0.00196469303503	-0.0637482424065	-0.197080798086	0.238319315956	8.32421409425e-11	1.3849318857e-05	100.0
-0.00110630151937	-0.00121956694027	0.00017650785815	-0.133655310754	-0.135226508624	0.0138451568585	8.32421409425e-11	1.3849318857e-05	100.0
-0.000231909364409	-0.00096572547426	0.00152141386675	-0.0376946163011	-0.113874018865	0.172456383178	8.32421409425e-11	1.3849318857e-05	100.0
-0.000290494324335	-0.00319949692272	0.00174832313218	-0.0458140362307	-0.407871210631	0.218453808859	8.32421409425e-11	1.3849318857e-05	100.0
-0.000207467143682	-0.00380153006803	0.000997963574491	-0.034987293971	-0.484302459202	0.124811869652	8.32421409425e-11	1.3849318857e-05	100.0
-0.00130344595907	-0.00164392884464	-0.00029873596985	-0.163735651475	-0.195494321952	-0.0324902325592	8.32421409425e-11	1.3849318857e-05	100.0
-0.000826701510532	-0.00116176459041	-6.48962115375e-05	-0.0944250799092	-0.122976902003	-0.00208488760683	8.32421409425e-11	1.3849318857e-05	100.0
-0.000832616808696	-0.00517894505025	0.000137490540492	-0.116067936475	-0.666521211503	0.0184253371719	8.32421409425e-11	1.3849318857e-05	100.0
-0.00131540553558	-0.00234906024715	-0.00041359428295	-0.168799409177	-0.289612916198	-0.0463490498545	8.32421409425e-11	1.3849318857e-05	100.0
0.000787639872938	-0.000579934060479	0.00157935243265	0.084285585746	-0.0708396534605	0.180714108067	8.3041584736e-11	1.381595154e-05	100.0
-0.0002125406208	-0.00257484461555	0.00016262843068	-0.0493611393518	-0.317037266892	0.00779600814987	8.3041584736e-11	1.381595154e-05	100.0
-0.000202077030185	-0.00301337491417	0.000106501176103	-0.0424259344091	-0.372823164268	0.00728989825205	8.3041584736e-11	1.381595154e-05	100.0
0.000906121108648	-0.00117758086058	-0.00190760632725	0.103635628249	-0.148200669506	-0.23004286261	8.3041584736e-11	1.381595154e-05	100.0
0.000399475900555	-0.00398880752786	-0.00101949647884	0.0417499177135	-0.508687850728	-0.126959441183	8.3041584736e-11	1.381595154e-05	100.0
-0.000714189203095	-0.00134041281204	-0.000156716861144	-0.100938163595	-0.152805132961	-0.0247716216887	8.22358396154e-11	1.368189659e-05	100.0
0.000104084697062	-0.00296185473394	0.000395686667411	-0.00168761448394	-0.369667813772	0.0432515763063	8.22358396154e-11	1.368189659e-05	100.0
0.000827858204268	-0.00439752709635	0.00219158900562	0.0981046305644	-0.565624521727	0.278261021361	8.22358396154e-11	1.368189659e-05	100.0
-0.000499048310518	-0.00182207798563	-1.63857304374e-05	-0.0726717654068	-0.221377270559	-0.00219927410239	8.22358396154e-11	1.368189659e-05	100.0
-0.000125342242087	-0.00301231304965	-2.21518306898e-05	-0.0333948735746	-0.372358232948	-0.00478966700387	8.22358396154e-11	1.368189659e-05	100.0
0.000703414665046	-0.00514667911874	0.000432990622453	0.0814325223017	-0.660891443408	0.0550020643423	8.22358396154e-11	1.368189659e-05	100.0
-0.00107493701459	-0.00370292312409	-3.09393821673e-05	-0.144696085793	-0.470194773489	-0.00363086119921	8.22358396154e-11	1.368189659e-05	100.0
-0.0007130415143	-0.00201868400691	0.000269360591407	-0.0988855557156	-0.254891228297	0.0403129346551	8.22358396154e-11	1.368189659e-05	100.0
7.45264269928e-05	-0.00170911631024	-0.000151396006835	-0.00885308571967	-0.201688497784	-0.00825940802405	8.22358396154e-11	1.368189659e-05	100.0
0.000518816183692	-0.00293753228862	-0.000765285914728	0.0538058821357	-0.370567788076	-0.0904134141561	8.22358396154e-11	1.368189659e-05	100.0
-3.69701539355e-05	-0.00239194718137	0.000225770746261	-0.0242701188364	-0.295769806728	0.0174824227186	8.18328161853e-11	1.3614844014e-05	100.0
0.000729008281132	-0.00172231627566	0.00198243122841	0.0821903797772	-0.217305646626	0.242120553024	8.18328161853e-11	1.3614844014e-05	100.0
0.000899427928355	-0.00478618012014	0.000831641638734	0.106714530855	-0.614327162998	0.104729230286	8.18328161853e-11	1.3614844014e-05	100.0
0.000927180657458	-0.000361069470637	-0.00109962746495	0.0939835046162	-0.0412130537389	-0.115479606839	8.18328161853e-11	1.3614844014e-05	100.0
0.000938874454648	-0.00175132690796	-0.00234398313806	0.110315635596	-0.223248653396	-0.290581366553	8.18328161853e-11	1.3614844014e-05	100.0
9.12182221321e-05	-0.00314593265324	-0.000242619221144	-0.00304320677467	-0.392896196266	-0.0263699079367	8.18328161853e-11	1.3614844014e-05	100.0
0.000614340322967	-0.0040136198966	-0.00123642555763	0.0693391885211	-0.513050952109	-0.154402579922	8.18328161853e-11	1.3614844014e-05	100.0
-0.0010624373312	-0.0022947811546	0.00184775705033	-0.143378698858	-0.288778642744	0.22841120405	8.17418417175e-11	1.3599708238e-05	100.0
-0.0010266700921	-0.00259877440722	0.000578541242365	-0.133798509025	-0.32363198956	0.0638224726572	8.17418417175e-11	1.3599708238e-05	100.0
-1.95094383172e-05	-0.00282644073262	-0.00339286170522	-0.0105335030617	-0.363326098709	-0.432543485205	8.17418417175e-11	1.3599708238e-05	100.0
-0.000994828122644	-0.000973461460906	-0.000496823950931	-0.120017045477	-0.103024397345	-0.0443396711536	8.17418417175e-11	1.3599708238e-05	100.0
