# x[AU] y[AU] z[AU] vx[AU/yr/2pi] vy[AU/yr/2pi] vz[AU/yr/2pi] m[MSUN] m[mtot] wf[%]
0.000292448712386	0.000670273930816	1.83332663155e-06	0.0405508749874	0.0818729075605	0.000381328594612	4.07953730728e-06	0.679687387333	18.3167099933
-0.000639574332811	-0.0014456696793	-3.24537625522e-07	-0.0886561844826	-0.17659069494	7.5043110039e-05	1.83490501949e-06	0.305711580692	11.7624450724
-0.000296064767592	-0.000569444247006	4.59600189021e-05	-0.0378475503772	-0.0705046052669	0.00436051934919	1.61377782919e-08	0.00268869813865	17.2555956641
-0.000210751420475	-0.000271259098102	-3.02825194905e-05	-0.0192966371852	-0.0188099526428	-0.00287841613579	2.48825164574e-08	0.00414564969683	22.9466642718
-0.000324975502386	-0.000711316900724	3.33220646693e-05	-0.0431248842296	-0.0929397012248	0.00622464426057	2.60300110135e-09	0.000433683254875	28.5662996695
-0.000330996150599	-0.000473376784702	-0.000252600785458	-0.0517806665862	-0.050401114302	-0.0471098900218	2.64112684627e-09	0.000440035344834	4.0214372154
-0.000368368934873	-0.000529393908479	0.000249944601511	-0.061082411222	-0.0631949925427	0.043745611088	6.16070999311e-10	0.00010264293629	0.0
-0.000366815778477	-0.000699820936027	0.00024949269643	-0.0555135152705	-0.0912796340204	0.0365167474576	7.42387413438e-10	0.000123688380182	0.0
-0.000303385146852	-0.000368566069209	-0.000121724572387	-0.0357960552981	-0.0332604240846	-0.00815213474076	3.86030717084e-10	6.4316168664e-05	0.0
-0.000276343775132	-0.000509733884655	-0.00028807224073	-0.0394013541017	-0.0560354574663	-0.0430831572782	3.80221074494e-10	6.3348230269e-05	0.0
-0.000139062425372	-0.000215537020394	0.000202436906584	-0.0196971474039	-0.00348959830821	0.0444126659928	3.72277077351e-10	6.2024689324e-05	0.0
-0.000331010119511	-0.000420495754021	-0.000257319679096	-0.0423880294041	-0.0448221878481	-0.0313793602402	3.70253109174e-10	6.1687478131e-05	0.0
-0.000335431357727	-0.000793865861822	-0.000119800267565	-0.0522204689493	-0.113034466589	-0.0127715180654	3.58408323988e-10	5.9714031024e-05	0.0
-0.00036978992711	-0.000795523831276	-0.000161549136982	-0.0613078291267	-0.112337260847	-0.0346943504151	3.2968674408e-10	5.4928759034e-05	0.0
-0.000308161187324	-0.000662935249138	0.000182243338267	-0.0589519573573	-0.0806604769728	0.0435580806599	3.2968674408e-10	5.4928759034e-05	0.0
-0.000248009775924	-0.000456162210015	-0.000168306325011	-0.0448881437448	-0.045504220246	-0.0455876934041	3.12487088063e-10	5.2063142573e-05	0.0
-0.000287575807027	-0.000362974855878	-0.000281998486019	-0.0378203550055	-0.0342354467321	-0.0413779746783	3.0884227572e-10	5.1455884251e-05	0.0
-0.000392939689816	-0.000716864108548	0.000258164793578	-0.0680149785848	-0.0923858267302	0.048727072442	3.03856382042e-10	5.062518979e-05	0.0
-0.000245784191132	-0.000355055376734	0.000207653767608	-0.0404760772914	-0.0299693579465	0.0444774271383	3.0130497317e-10	5.0200102261e-05	0.0
0.000152202743505	-0.000170417131906	-0.000771375509959	0.0136099118348	-0.00710067564315	-0.0655891922089	1.60139353372e-10	2.6680647952e-05	100.0
2.60306764921e-06	-0.000302509379594	-0.000530992531814	-0.00363566079578	-0.0224459871721	-0.0351492915239	1.59700976127e-10	2.6607610384e-05	100.0
-0.000293250768041	-0.000773389951666	-1.20880817223e-05	-0.0487853902898	-0.101890222199	-0.0313283844545	1.58825881205e-10	2.6461811746e-05	100.0
-0.000175518654645	-0.00038424665898	0.000213631881032	-0.0189706883474	-0.0394144337784	0.0414954911105	1.50614593129e-10	2.5093737742e-05	100.0
-8.93647659652e-05	-0.000748667633075	0.000565122247813	-0.0214590670492	-0.0892731959795	0.0427304166694	1.45085819751e-10	2.4172594669e-05	100.0
-0.000136653523378	-0.000143511471664	0.000234851755019	-0.011700472301	0.00502088193794	-0.00563356412415	1.44240496462e-10	2.4031756252e-05	100.0
-0.000140418488156	-0.000139379048174	-0.000251002019088	-0.00891434198937	0.00485365499035	-0.0340893735274	1.43396380131e-10	2.3891118924e-05	100.0
-0.000215896408705	-0.000460994803244	-1.41222281421e-05	-0.0244228909375	-0.0522945517274	-0.00585541804417	1.41711617475e-10	2.3610422404e-05	100.0
-0.000162779008458	-0.000942709467388	-0.000764355307766	-0.0286341760243	-0.118786903006	-0.0692368836024	1.40870870569e-10	2.3470346453e-05	100.0
-0.000362137982623	-0.000368191696809	-0.000178663145912	-0.0459240939776	-0.0369337529905	-0.0231319791319	1.40450849145e-10	2.3400367128e-05	100.0
-7.01767108908e-05	-0.000220230070581	-0.000827898091533	-0.0101428873917	-0.0161218724388	-0.0746253851313	1.38354362902e-10	2.3051073777e-05	100.0
-0.000400977931606	-0.000690954959361	-0.00077145029839	-0.0518926321658	-0.0853720969328	-0.070312866225	1.38354362902e-10	2.3051073777e-05	100.0
-0.000721088002825	-0.000379562484267	0.000397515543034	-0.0798244455809	-0.0453145205004	0.0261963048008	1.36680865188e-10	2.2772254097e-05	100.0
-0.000334399239407	-0.000567672496538	-0.000148390064712	-0.0448213296659	-0.0664635614958	-0.0184544812851	1.36680865188e-10	2.2772254097e-05	100.0
-0.000268742463672	-0.00114903795633	-0.000894626768642	-0.0404142022329	-0.144658249848	-0.0882549971695	1.36680865188e-10	2.2772254097e-05	100.0
-0.000180789998731	-0.000428963770418	-0.000187056836752	-0.0272880618854	-0.0426230322274	0.00848180358688	1.36680865188e-10	2.2772254097e-05	100.0
-0.000412377989502	-0.00105288085474	0.00138174820572	-0.0563046354819	-0.133070994034	0.158394753266	1.35845147274e-10	2.2633016021e-05	100.0
-0.000278991454328	-0.000171666373384	1.35957935737e-05	-0.0166503723266	-0.00561353054345	-0.028603410481	1.34175622464e-10	2.2354858261e-05	100.0
-3.65083119428e-05	-0.000597070753013	0.00127630759928	-0.00928528465209	-0.0708907335265	0.142225697897	1.33758568145e-10	2.2285373283e-05	100.0
5.1797658979e-05	-0.000753955150112	-0.0013346141902	0.000791961162347	-0.0915828245542	-0.151287782788	1.33341664697e-10	2.2215913442e-05	100.0
-0.000214072460224	-0.000938424535477	-0.000853064283421	-0.0333596487814	-0.116999577392	-0.081451867148	1.31674905832e-10	2.1938216514e-05	100.0
-1.91983114189e-05	-0.000282908694997	0.00136928422645	-0.0059785509701	-0.0307869748864	0.153340616348	1.30425704185e-10	2.1730088351e-05	100.0
-0.000391343497084	-0.000492308636636	0.00104517905962	-0.0496181930229	-0.0583267987096	0.109170406757	1.29176904856e-10	2.1522027218e-05	100.0
-0.000187276196151	-2.89020270788e-06	0.000595762542601	-0.0165463985999	0.0154983345383	0.0376159383368	1.28344506078e-10	2.138334214e-05	100.0
-5.78061049501e-05	-0.000108607383895	-0.000749142778006	-0.00737254419866	-0.00101588617458	-0.0600554423195	1.28344506078e-10	2.138334214e-05	100.0
-0.000272008359782	-1.9398885243e-05	-0.00062715354748	-0.0272037310759	0.0115182007289	-0.044426175454	1.28344506078e-10	2.138334214e-05	100.0
1.9733083348e-06	0.000131604597504	0.00108924675684	-0.000545851945858	0.0240833138056	0.10641502103	1.27512107299e-10	2.1244657062e-05	100.0
-0.000528095168864	-0.00153674331335	0.0010517046152	-0.0708748797387	-0.19329735357	0.110905392187	1.2667965823e-10	2.1105963604e-05	100.0
-0.000730736498778	-0.000944905819238	-0.000810438339414	-0.0917966190231	-0.120927337309	-0.0755638438625	1.2667965823e-10	2.1105963604e-05	100.0
-0.000800907523746	-0.00095324986387	-0.000878684425687	-0.0990433107597	-0.120655479928	-0.086554149562	1.2667965823e-10	2.1105963604e-05	100.0
-2.45557086101e-05	-0.000451838647614	-0.000345321676681	-0.0116877803333	-0.0433749087621	-0.0120637127116	1.25847108581e-10	2.096725339e-05	100.0
-0.00053379407699	-0.00069513208693	-0.000233334352245	-0.0604412809755	-0.0946757317319	0.000653153758155	1.25847108581e-10	2.096725339e-05	100.0
-0.000167302144756	0.000143873994745	-0.000947163830187	-0.0180590037977	0.026942500047	-0.0860845389384	1.25014307483e-10	2.0828501281e-05	100.0
-0.000416374359518	-0.00139970129882	-0.000985553154401	-0.0586577070675	-0.176248486505	-0.0992380493616	1.24181204645e-10	2.06896989e-05	100.0
7.35676964819e-05	3.68563464854e-05	-0.0015086496042	0.0067219868041	0.00790472049725	-0.170522759498	1.23347749777e-10	2.0550837868e-05	100.0
-0.000390755825263	-9.48183829598e-05	0.000565623109541	-0.0399724037165	-0.000735642225008	0.039137510962	1.21679331345e-10	2.0272864441e-05	100.0
-0.000450485088342	-0.000712205318508	-3.75255723971e-05	-0.0431008800297	-0.100415386264	-0.0262571043059	1.21679331345e-10	2.0272864441e-05	100.0
5.67100769764e-05	-0.000344888250585	-0.000180167384167	0.0122569606284	-0.0207257924141	-0.0255304812448	1.21679331345e-10	2.0272864441e-05	100.0
-0.000215222332473	-0.000186133385814	0.00145908809269	-0.029270316914	-0.0185313570983	0.165390396951	1.21679331345e-10	2.0272864441e-05	100.0
-0.000245299237625	-0.00144815949603	0.00102911930831	-0.0380930868812	-0.18175274812	0.107757425019	1.21679331345e-10	2.0272864441e-05	100.0
0.000211432590143	-0.000631932763532	0.000815948460422	0.0182204655427	-0.0723533640447	0.078387902832	1.2084421691e-10	2.0133726911e-05	100.0
-0.000449421884739	-0.000773715943271	0.000262944659753	-0.0552444887897	-0.10532825759	-0.000876116830282	1.20426408244e-10	2.0064116251e-05	100.0
-1.52166650284e-05	-0.00135918431144	0.00143356748887	-0.00759742437987	-0.171438537106	0.167540610997	1.20426408244e-10	2.0064116251e-05	100.0
-0.000159824125084	-0.00115677374284	-0.000986662671797	-0.0273755557982	-0.144805611644	-0.101758516715	1.20426408244e-10	2.0064116251e-05	100.0
0.000317296361712	-0.000376711579412	0.000865303373399	0.0308694355901	-0.0369002515473	0.0831122834819	1.20008398417e-10	1.9994472077e-05	100.0
-0.000367804520937	-0.000538643011782	-0.00152515179984	-0.0490524731708	-0.0655040517432	-0.17729603815	1.20008398417e-10	1.9994472077e-05	100.0
-0.000288590508461	-0.000418020258486	-0.000702504669273	-0.0359030869486	-0.045246417901	-0.0595960138239	1.20008398417e-10	1.9994472077e-05	100.0
-0.000227676684131	-0.000418756171474	0.000191337150122	-0.0223839088316	-0.04923409203	0.0296471482929	1.19590187431e-10	1.9924794388e-05	100.0
-0.000424296052945	-0.000644648918616	0.0005936963484	-0.052060302567	-0.0802460225566	0.0456055694799	1.19171775285e-10	1.9855083184e-05	100.0
-0.000274321292175	-0.000881791499189	-0.000263434036953	-0.0294321599601	-0.127934359921	-0.0420175548977	1.19171775285e-10	1.9855083184e-05	100.0
-0.000312800209823	-0.000760457395467	2.9304708841e-05	-0.0402382847087	-0.103081478254	0.00193495863572	1.19171775285e-10	1.9855083184e-05	100.0
-0.000540186345019	-0.00106674744616	-0.0016077362065	-0.072258481821	-0.134811847392	-0.191065223149	1.19171775285e-10	1.9855083184e-05	100.0
-0.000335351765739	-0.00130140511265	0.00140477139592	-0.0474281834952	-0.165270091706	0.161803947769	1.18334196644e-10	1.9715535094e-05	100.0
-0.000702185149952	-0.0011359181984	0.00073897191272	-0.0874361326345	-0.146686401983	0.0615717800054	1.17915030149e-10	1.9645698209e-05	100.0
-0.00053558409208	-0.000405512858867	-0.00105439963558	-0.066520480697	-0.0480023879487	-0.109921454644	1.17495612204e-10	1.9575819429e-05	100.0
-0.000665535772114	-0.000369333826167	-0.000659395048642	-0.0780537018554	-0.0426314292235	-0.0575747759982	1.17495612204e-10	1.9575819429e-05	100.0
0.000342433818057	-0.000990000800459	-0.000997265281063	0.0326320775021	-0.122220085712	-0.106772882538	1.17381856402e-10	1.9556866696e-05	100.0
-0.000749630057936	-0.0021670330428	0.000297787569105	-0.0937091819088	-0.251004108018	0.0200268992911	1.16655871097e-10	1.9435911053e-05	100.0
-0.000178924607154	-0.000428296555286	-0.000137820598893	-0.0418746959759	-0.0377302675929	-0.0374565157636	1.16446413574e-10	1.9401013557e-05	100.0
-0.000354627124315	-0.000410867720572	-0.000207921980877	-0.0471772153379	-0.0396693125154	-0.0316451348114	1.15979270494e-10	1.9323183344e-05	100.0
0.000105314564026	-0.00101455114889	0.00185240299186	0.00887394841006	-0.128351984754	0.224874339812	1.15979270494e-10	1.9323183344e-05	100.0
0.000308106411457	-0.00111647277698	-0.000730653403478	0.0251697877452	-0.137263677506	-0.070882346881	1.15814923031e-10	1.9295801587e-05	100.0
-4.02914656171e-05	-0.000532688839147	-0.000831041742762	-0.0107186704758	-0.0588943980572	-0.0784452504848	1.15814923031e-10	1.9295801587e-05	100.0
-0.000336428383776	-0.000411893759902	0.000186925969889	-0.0217437342619	-0.0477271386306	0.0372831562077	1.15814923031e-10	1.9295801587e-05	100.0
-5.15640972736e-05	-0.000246269301432	-0.00151482686906	-0.00951598669391	-0.0279092069997	-0.172821523342	1.15814923031e-10	1.9295801587e-05	100.0
-0.000472674387109	-0.00028325398689	0.000477987667113	-0.0510661311296	-0.0276095863197	0.0308657676289	1.15393996389e-10	1.9225671446e-05	100.0
-0.000270993352488	-0.00078822120414	-1.37852204677e-05	-0.0340601011503	-0.111108554392	0.00411253112472	1.15393996389e-10	1.9225671446e-05	100.0
-0.000237021652715	-0.0022461555536	0.00129151121247	-0.0372307853852	-0.283163683485	0.152014523589	1.15045939843e-10	1.9167682113e-05	100.0
-0.000301114491638	-0.000672557250041	1.89469063252e-05	-0.0515264766441	-0.0836824398778	0.00500948440462	1.15045939843e-10	1.9167682113e-05	100.0
-0.000289695071703	-0.000275186159478	0.000101380917603	-0.01294541669	-0.0239025824923	0.0313365415936	1.14972667428e-10	1.9155474274e-05	100.0
0.000168407485742	-0.00112887625686	0.00105507659047	0.0114140913315	-0.139806794823	0.113371793733	1.14579752272e-10	1.9090011096e-05	100.0
-0.000492070765717	-0.00060712224789	3.37820436986e-06	-0.0702288670557	-0.081874164227	0.00329782305253	1.14579752272e-10	1.9090011096e-05	100.0
-0.000252223630613	-0.000705148661384	0.000196245368685	-0.0581985737454	-0.0864548900272	0.0417134075983	1.14579752272e-10	1.9090011096e-05	100.0
-0.000307278837539	-0.000900296630693	0.000317312120292	-0.0726060896765	-0.120347640018	0.0435235069463	1.14579752272e-10	1.9090011096e-05	100.0
-0.00029891397475	-0.000142148478728	0.00155052319431	-0.0396131513884	-0.0149957484541	0.178079665774	1.14550986437e-10	1.9085218451e-05	100.0
1.7661757681e-05	-0.00119977495275	-0.00157924865437	-0.00299386592802	-0.150942204251	-0.187503234571	1.14550986437e-10	1.9085218451e-05	100.0
-0.000138719654604	-0.00111379367701	-0.000559347767682	-0.0319628643162	-0.140059537869	-0.0382199233614	1.14550986437e-10	1.9085218451e-05	100.0
-0.000369903583908	-0.00189429310701	-0.00109635325892	-0.0541599411785	-0.235192568113	-0.120800455512	1.14128953416e-10	1.9014903977e-05	100.0
0.000519374839879	-0.000831826882346	-0.00188438447373	0.061195269099	-0.106028550387	-0.229566783811	1.13706467787e-10	1.8944514094e-05	100.0
-0.000338570759236	-0.00017660631933	-0.000103057797032	-0.0244655111108	-0.00763942370668	0.0164881975453	1.13706467787e-10	1.8944514094e-05	100.0
-0.000110579690811	-0.000735541811024	-0.000104228426114	-0.0338807405804	-0.0897436196968	0.0147958396879	1.13182647966e-10	1.8857241028e-05	100.0
-0.000162861340486	-0.00194726712618	0.000633769774151	-0.0349343040361	-0.235245306943	0.0569307320946	1.12717365613e-10	1.8779720829e-05	100.0
-0.000257970813217	-0.00048232714839	-0.000247011754566	-0.0339476591249	-0.0533402335188	0.0015110065951	1.12717365613e-10	1.8779720829e-05	100.0
-0.000157322786173	-0.000517464444191	-0.00184029522026	-0.0233718431876	-0.0637808137643	-0.22078501875	1.12436647272e-10	1.8732950643e-05	100.0
-0.000522268297399	-0.000779855279317	-0.000199475789965	-0.0609188652099	-0.108993613902	0.00841241143454	1.12436647272e-10	1.8732950643e-05	100.0
-0.000247961157598	-0.00162810426586	-0.00100472237611	-0.0406851229576	-0.201483724291	-0.104123274306	1.11787354096e-10	1.8624772595e-05	100.0
0.000127362370459	-0.00128237369665	-0.000430200983041	-0.00727215128944	-0.158486161063	-0.0286747269322	1.11787354096e-10	1.8624772595e-05	100.0
-0.000498724145978	-5.74672677216e-05	0.000982357587059	-0.059006589635	-0.00138750453144	0.0975789450393	1.11587803688e-10	1.8591525713e-05	100.0
-0.000716931094662	-0.000724531406114	0.00105425974429	-0.0899914446821	-0.090181750346	0.111774134715	1.11587803688e-10	1.8591525713e-05	100.0
-0.000749203944117	-0.00089359138218	0.00170173087972	-0.0982583918014	-0.112591325916	0.203556609603	1.11587803688e-10	1.8591525713e-05	100.0
-0.000663686804668	-0.00195567378694	0.000888621636845	-0.0882376957689	-0.24122389434	0.0909083543168	1.11587803688e-10	1.8591525713e-05	100.0
0.000362901378475	-0.000107971978481	0.00147530559598	0.0400713082541	-0.00845653311563	0.167618901905	1.11587803688e-10	1.8591525713e-05	100.0
-0.000434879705878	-0.00171969208757	-0.000777719276655	-0.0629465061833	-0.211390907472	-0.0682237671392	1.11587803688e-10	1.8591525713e-05	100.0
1.79262502832e-05	0.000457485287523	-0.00119097749625	0.00157661883323	0.0601766703846	-0.118319716538	1.11587803688e-10	1.8591525713e-05	100.0
-0.000144102886452	0.000234178140625	-0.00115164084745	-0.0167872614223	0.0342209785847	-0.115370007474	1.11587803688e-10	1.8591525713e-05	100.0
-0.000433784726068	-0.00138451999966	0.00195251272102	-0.0599095027554	-0.177574815265	0.240013615528	1.10857845479e-10	1.846990815e-05	100.0
-0.000451471302599	-0.00166152314038	0.00133148746214	-0.0629259612913	-0.2086786814	0.152977471271	1.10736998798e-10	1.8449774012e-05	100.0
-0.000147596910195	-0.00158479751209	-0.000796856355322	-0.0300770364192	-0.196819750208	-0.0740711321205	1.10736998798e-10	1.8449774012e-05	100.0
0.000500641569312	-0.00112787985311	-0.00133154138082	0.0551891461483	-0.141520003183	-0.154531175552	1.10393216895e-10	1.8392496874e-05	100.0
0.000170217911818	-0.00188588606155	-0.00112080187021	0.0117618451321	-0.237866240292	-0.12662028448	1.10393216895e-10	1.8392496874e-05	100.0
0.000128677279475	-0.000414327937737	0.000202087280712	0.000572140985176	-0.0341451446136	-0.00190455890927	1.09928688891e-10	1.8315102355e-05	100.0
-0.000132396271754	-0.000122412653665	0.00199481543216	-0.0200397618844	-0.0140851741256	0.240624596075	1.09884132021e-10	1.8307678782e-05	100.0
-0.000518733527021	-0.00204822748002	0.00180984167203	-0.0717341257755	-0.262404848052	0.22261915604	1.09884132021e-10	1.8307678782e-05	100.0
0.000309680842055	-0.0013046892259	0.000877443803149	0.0255773926826	-0.16137199266	0.0914826761213	1.09464160888e-10	1.8237707837e-05	100.0
0.000312471723202	-0.000632991633871	0.00196465403976	0.0357205549147	-0.0805330756912	0.238858938306	1.09456868849e-10	1.8236492918e-05	100.0
0.000377129030567	0.000416898458876	-0.00113692125339	0.0404571621891	0.0563878405296	-0.110678016119	1.09456868849e-10	1.8236492918e-05	100.0
-0.000516727261172	-0.000688667070446	0.000872020250352	-0.0653148248998	-0.0858753510301	0.0838238668688	1.09029002198e-10	1.8165206509e-05	100.0
-0.000227800027009	-0.000614193854545	-0.000217419870288	-0.0127635030783	-0.0778117684296	-0.0316196109367	1.09029002198e-10	1.8165206509e-05	100.0
-0.000149005035772	-0.000467389029996	0.00162791746006	-0.0221895548097	-0.0568412898403	0.189861838472	1.09029002198e-10	1.8165206509e-05	100.0
0.00052127825443	-0.000402226929531	0.000805895671615	0.0530990382383	-0.0411851331339	0.0773499660328	1.08999632884e-10	1.8160313319e-05	100.0
-0.00128927101474	-0.00279763751571	0.000588657567778	-0.167956270817	-0.350959455074	0.0699607744743	1.08999632884e-10	1.8160313319e-05	100.0
-0.00122065500127	-0.0025240390606	-0.000748324687686	-0.157771496154	-0.314152147378	-0.0859451789546	1.08999632884e-10	1.8160313319e-05	100.0
1.78449602973e-05	-0.001788794697	-0.00133265079668	-0.00554376300602	-0.225562509862	-0.154211886171	1.08999632884e-10	1.8160313319e-05	100.0
-0.000245321225605	-0.000862521996779	-0.000100460758269	-0.0444152993593	-0.119870102598	-0.00861704595156	1.0853510488e-10	1.80829188e-05	100.0
0.000527161939324	-0.00151563419465	0.00167630615848	0.0612191428283	-0.193460057817	0.203094636048	1.08070526586e-10	1.8005515903e-05	100.0
-0.000282925624903	-0.00239788150641	-0.00112863885081	-0.0429110561715	-0.301411295952	-0.132101862641	1.0774178137e-10	1.7950744011e-05	100.0
-0.000263984824063	-0.00109398370775	0.000872128885455	-0.0412481569419	-0.13722365034	0.0834813203098	1.07141118548e-10	1.7850668215e-05	100.0
-0.000681690692139	-0.00196573061096	0.000757117538037	-0.0894580221888	-0.239003664717	0.0708447800263	1.06448576041e-10	1.7735284442e-05	100.0
-0.000133590114769	-0.000227595965736	0.00109663443111	-0.0190367296568	-0.0227315404847	0.112529640081	1.06448576041e-10	1.7735284442e-05	100.0
-0.00038455176996	-4.89556237307e-05	-0.00112255426801	-0.0468626233497	-0.000830359950637	-0.116194152349	1.06448576041e-10	1.7735284442e-05	100.0
-0.000479176186904	-2.80698117503e-05	-0.000590692982544	-0.0495747916459	0.00570993707067	-0.0423323193871	1.06448576041e-10	1.7735284442e-05	100.0
-0.000295897702954	0.000336024727389	-0.0017463217293	-0.0390821376919	0.043644821267	-0.204131258029	1.06448576041e-10	1.7735284442e-05	100.0
-0.000304259114431	-0.000688879558832	-0.000172972569863	-0.0423869846804	-0.0802381461967	-0.0370218157617	1.06211257902e-10	1.7695745118e-05	100.0
-0.000135600872012	-0.00119501619237	-0.00187711510582	-0.0223699822639	-0.152548347639	-0.228285281298	1.06211257902e-10	1.7695745118e-05	100.0
0.000414046292793	-0.000627141707372	-0.000822051284384	0.0397750260072	-0.0715655319665	-0.0814311245246	1.06211257902e-10	1.7695745118e-05	100.0
-0.000381659990913	-0.00191601997447	-0.00190290519877	-0.054612599077	-0.244921846999	-0.233777061332	1.06211257902e-10	1.7695745118e-05	100.0
-0.000628126302369	-0.000774457947348	0.000289207670641	-0.0705596210047	-0.107523848432	0.00505728604788	1.05582835044e-10	1.7591044252e-05	100.0
-0.000432391739885	-0.00110013231271	0.00204044377973	-0.059210338685	-0.139931784656	0.250373791877	1.05582835044e-10	1.7591044252e-05	100.0
-0.000787808136296	-0.00182872576227	0.00151223855488	-0.1047572956	-0.23141746864	0.179928364668	1.05582835044e-10	1.7591044252e-05	100.0
0.000369819493607	-0.000357066912323	-0.00200674671053	0.0430363568528	-0.0442077416001	-0.243798165877	1.05582835044e-10	1.7591044252e-05	100.0
-0.000533065561875	-0.000970315663657	-0.00142697696612	-0.070483863768	-0.122722160082	-0.163304861227	1.05582835044e-10	1.7591044252e-05	100.0
-0.000457789832018	-0.00024326289965	-0.000100811723238	-0.039423453308	-0.0212694696937	0.0138455049663	1.05582835044e-10	1.7591044252e-05	100.0
-0.000397866716775	-0.000432186466101	2.89616100131e-05	-0.0459656569861	-0.047649577864	0.00846234729005	1.05280642906e-10	1.754069634e-05	100.0
-0.000991723426783	-0.00242894706522	0.00054301514819	-0.126776699838	-0.296044869612	0.0579672856572	1.05280642906e-10	1.754069634e-05	100.0
9.85898213657e-05	-0.00119559851249	-0.00214632011851	0.00788314106993	-0.152785188753	-0.265597978342	1.04714076652e-10	1.7446301337e-05	100.0
-0.000904149420624	-0.000845626747948	-0.000713766785586	-0.108930644609	-0.108854189911	-0.0649814668499	1.04714076652e-10	1.7446301337e-05	100.0
-0.000782210756025	-0.000535623083444	0.00053346670467	-0.0909350356093	-0.0681154626198	0.0419057324916	1.04278415063e-10	1.7373716221e-05	100.0
-0.0005487176538	-0.000696148954478	5.04837278463e-05	-0.0560132569971	-0.0983497383012	-0.0194992592826	1.04278415063e-10	1.7373716221e-05	100.0
-0.000661960375857	-0.00262601014421	-0.000357790233688	-0.0897033489086	-0.320810589231	-0.0374756349626	1.04278415063e-10	1.7373716221e-05	100.0
-2.74071180426e-05	-0.00157459956186	-0.00145080790625	-0.0102587776415	-0.199030455904	-0.169909144695	1.04278415063e-10	1.7373716221e-05	100.0
-0.000449120010857	-0.00158841111774	-0.000958448152765	-0.0629469794682	-0.197603638066	-0.0960751533039	1.04278415063e-10	1.7373716221e-05	100.0
-0.000626388468436	-0.000630018916807	-0.00179389872753	-0.0825116589337	-0.0788648559012	-0.214755212003	1.04278415063e-10	1.7373716221e-05	100.0
-0.000645778527288	-0.000624891312166	-0.00104960231008	-0.0815182256417	-0.0770721094648	-0.109997167682	1.04278415063e-10	1.7373716221e-05	100.0
0.000633721870642	-0.000511596864914	0.0012512092744	0.071399051294	-0.0608188724616	0.140413002603	1.03882834541e-10	1.7307808969e-05	100.0
-9.70712615965e-05	-0.000773647076382	0.00150246583169	-0.0167998091125	-0.0956256858046	0.174273523802	1.03882834541e-10	1.7307808969e-05	100.0
0.000162232196705	-0.000449256200817	-0.000283656113202	0.00524920289773	-0.0401641377189	-0.00770723351725	1.03882834541e-10	1.7307808969e-05	100.0
-0.000911982711462	-0.00238080645576	-0.000164064588661	-0.114964137887	-0.282401663465	-0.0123402077427	1.03882834541e-10	1.7307808969e-05	100.0
-0.000640490915771	-0.000996857853539	0.00109938572822	-0.0830846067979	-0.124691740457	0.117201636929	1.03841948835e-10	1.7300997045e-05	100.0
-0.000366033591506	0.000387328099811	0.000884113687121	-0.0367170251303	0.0538278190504	0.0763406977002	1.03841948835e-10	1.7300997045e-05	100.0
-0.000751203902664	-0.00121452396561	0.000758394990444	-0.09265708721	-0.15400985309	0.0641705663707	1.03841948835e-10	1.7300997045e-05	100.0
0.00014460069692	-0.00151287119583	0.00146684499654	0.0117071440104	-0.191854589196	0.173076861042	1.03841948835e-10	1.7300997045e-05	100.0
-0.000323594615468	-0.000557770941007	0.000498380440291	-0.0415953887164	-0.0658478294802	0.0320130552353	1.03841948835e-10	1.7300997045e-05	100.0
-0.000177041173849	-0.000842709490383	0.000207431573082	-0.0213928158114	-0.116005185478	0.025223491746	1.03841948835e-10	1.7300997045e-05	100.0
-0.000484582143715	-0.000603693648555	-0.00168060075844	-0.0642970312451	-0.0761551310928	-0.19806425199	1.03841948835e-10	1.7300997045e-05	100.0
-0.000831741907808	-0.000396353725073	-0.00087259804982	-0.100191263511	-0.0484607552497	-0.087407322235	1.03841948835e-10	1.7300997045e-05	100.0
-8.26932847982e-05	-0.000984733355967	4.06770371599e-05	-0.041415407879	-0.126693214688	-0.0197133021687	1.0341629494e-10	1.7230079301e-05	100.0
-0.000380020723891	-0.000782487770997	0.00174643449775	-0.0524322090345	-0.0986313397159	0.208455882885	1.03404627679e-10	1.7228135431e-05	100.0
-0.000414516597929	0.000391452541543	0.00146900131868	-0.0515744395269	0.0504279421339	0.164043523057	1.02966401304e-10	1.7155122999e-05	100.0
-0.000530538478373	-0.00222718654357	0.000697352371139	-0.0734676187659	-0.270330420876	0.0703200971177	1.02966401304e-10	1.7155122999e-05	100.0
0.00023662377879	-0.000758232187926	0.00058512946972	0.0159585686832	-0.0880679523509	0.048975314125	1.02966401304e-10	1.7155122999e-05	100.0
-0.000700674663212	-0.00217554728431	0.000404469197081	-0.0912368030484	-0.25318616427	0.0331074879393	1.02966401304e-10	1.7155122999e-05	100.0
0.000199403781688	-0.000771694021578	-0.000682940591413	0.0134175918303	-0.0920810002865	-0.0614011423411	1.02966401304e-10	1.7155122999e-05	100.0
0.000138692811314	-0.000744264266055	-0.00167298382617	0.0126970386686	-0.0926065140187	-0.199124789109	1.02966401304e-10	1.7155122999e-05	100.0
-0.000397261087427	-0.000631491671559	0.000137905238006	-0.0319767600908	-0.0852476455637	0.0346357501313	1.02966401304e-10	1.7155122999e-05	100.0
0.000469383278308	-0.000987719251541	0.000542546353028	0.0423954575044	-0.119394822185	0.0480345461005	1.0294940331e-10	1.7152290981e-05	100.0
-0.000644062878463	-0.000614999770047	0.00128782078581	-0.0823630130658	-0.0761548657824	0.143579619292	1.0252721942e-10	1.7081951371e-05	100.0
-0.000426970897929	-0.0020946312157	0.00135721874229	-0.0601451524828	-0.26442109216	0.160857985519	1.02482059071e-10	1.7074427253e-05	100.0
-0.00167545389013	-0.00232213351597	-9.78726900489e-05	-0.211234619828	-0.286828529226	-0.0115491954531	1.02482059071e-10	1.7074427253e-05	100.0
0.000372612734821	0.000484040538967	0.00128389121063	0.0414515145076	0.0619764694009	0.133948671192	1.01546163633e-10	1.6918498706e-05	100.0
-0.000488384036585	-0.00150992503505	-0.00091736947677	-0.0673075547345	-0.19006889679	-0.0893987040679	1.01546163633e-10	1.6918498706e-05	100.0
0.000154387619877	0.000406170958575	0.00120475340629	0.0165904356918	0.0534450893018	0.120293153286	1.01203890428e-10	1.686147293e-05	100.0
-0.000186122424014	-0.000478438615136	-5.78217967483e-06	-0.0176402681921	-0.0542843813275	-0.00381415840074	1.01203890428e-10	1.686147293e-05	100.0
-0.000691563817091	-0.0016403117364	-0.000946808460423	-0.0900260740295	-0.203145157292	-0.0947492744149	1.01203890428e-10	1.686147293e-05	100.0
0.000490856047993	0.000174975300942	0.00105531824806	0.052567532493	0.028774619115	0.102142971755	1.00608256599e-10	1.6762235009e-05	100.0
-0.000259047434697	-0.00242894108532	0.00083686687828	-0.0412036679584	-0.301104430786	0.091873478541	1.00608256599e-10	1.6762235009e-05	100.0
-0.000598081564245	-0.00219742565627	0.00139152494094	-0.0818875046717	-0.277589499968	0.164654264854	1.00608256599e-10	1.6762235009e-05	100.0
-0.000985507019185	-0.00242284988599	0.000292712080173	-0.124699199623	-0.291394080376	0.0265035070807	1.00608256599e-10	1.6762235009e-05	100.0
-0.000729730504847	-0.00239473330605	5.26485159618e-05	-0.0962082890302	-0.279332476813	0.00276755090144	1.00608256599e-10	1.6762235009e-05	100.0
0.000404943182517	-0.000115599936965	-0.000730300369376	0.0378958324585	0.000151490959644	-0.0599234812007	1.00608256599e-10	1.6762235009e-05	100.0
-0.000105442595768	-0.00234856381047	-0.00147269690784	-0.0196861690929	-0.299119355519	-0.177054527139	1.00608256599e-10	1.6762235009e-05	100.0
-0.0012564122673	-0.0021176219049	-0.000632992752717	-0.15722772401	-0.258957879126	-0.0661976259039	1.00608256599e-10	1.6762235009e-05	100.0
-0.000663756127499	-0.000240530400196	0.00090265242405	-0.0789224960954	-0.0252907030952	0.0903294926041	1.00316524765e-10	1.6713629877e-05	100.0
-0.000376823961205	-0.000369532481882	-0.000126039480166	-0.0246630245254	-0.0406079382352	-0.0324504986619	1.00316524765e-10	1.6713629877e-05	100.0
-0.000361199868428	-0.000954033702968	-0.00182740817293	-0.050212570625	-0.120461657872	-0.219507543024	1.00316524765e-10	1.6713629877e-05	100.0
-0.000488604998186	-0.000568663671575	-0.00072285182539	-0.0605008974796	-0.0687182675142	-0.0633205590044	1.00316524765e-10	1.6713629877e-05	100.0
-0.00045966856442	-0.000285535058214	0.000568387167773	-0.0512298895982	-0.0291156887366	0.0408021005873	9.98712075113e-11	1.6639436041e-05	100.0
-0.000411823747235	-0.00169551860433	0.00199694654357	-0.0577464978008	-0.217176737395	0.245975903963	9.98712075113e-11	1.6639436041e-05	100.0
-0.000827123865674	-0.00246258624769	-7.07433979139e-05	-0.106256300203	-0.292649497973	-0.0117079538142	9.98712075113e-11	1.6639436041e-05	100.0
-0.00153559748515	-0.00150050213208	-0.00173969411732	-0.200863838534	-0.190983094682	-0.214511059759	9.98712075113e-11	1.6639436041e-05	100.0
3.52480505239e-05	0.000671287634845	-0.00151363774926	0.00233418651188	0.0840294626941	-0.168298510247	9.98712075113e-11	1.6639436041e-05	100.0
0.000889759890279	-0.000218668102493	0.00123132607295	0.103181287727	-0.0228907800553	0.137606578558	9.96680362289e-11	1.6605585889e-05	100.0
-0.0004746382494	-0.000746280227971	3.40311992462e-05	-0.0487377221038	-0.107271104473	0.029784678907	9.94246832992e-11	1.6565041116e-05	100.0
-0.000334991798122	-0.00223511196801	0.00141695439359	-0.0488198850163	-0.283532891155	0.167762005174	9.91970208251e-11	1.6527110512e-05	100.0
-0.00193555972492	-0.00302163341079	0.000315092156155	-0.253486631105	-0.385498721299	0.0364260642697	9.91970208251e-11	1.6527110512e-05	100.0
-0.00117915033526	-0.00229314411291	4.49144044582e-05	-0.144338577722	-0.272971043947	0.00234435895462	9.91970208251e-11	1.6527110512e-05	100.0
-0.000997300324743	-0.00227939109771	-0.000655667793592	-0.1275446519	-0.279081952104	-0.0668478317535	9.91970208251e-11	1.6527110512e-05	100.0
0.000279076051221	-0.00024812026124	-0.000577188747032	0.0219854646895	-0.013799111092	-0.0412287559985	9.91970208251e-11	1.6527110512e-05	100.0
-0.000782897561255	-0.00243354457003	-0.00180569664819	-0.105889347031	-0.311660528973	-0.223637526599	9.91970208251e-11	1.6527110512e-05	100.0
0.000406949285241	-0.000304997113833	0.00158289040186	0.0455790046589	-0.0360758948704	0.183512377987	9.87253013624e-11	1.6448517832e-05	100.0
-0.000338593634662	-0.000821258441882	0.000409275841491	-0.048353087059	-0.106990226949	0.017897298996	9.87253013624e-11	1.6448517832e-05	100.0
0.00045084829061	-0.00158340382147	-0.000677707646276	0.0414704393494	-0.197148327121	-0.0682429165304	9.87253013624e-11	1.6448517832e-05	100.0
-0.000684408109025	-0.00119431012543	0.00079013178481	-0.0864332315802	-0.152117479834	0.0678880127748	9.85281648705e-11	1.641567313e-05	100.0
-0.000664365391372	-0.000109171404075	0.00149310600348	-0.0842759436225	-0.0115370927799	0.171094531073	9.85281648705e-11	1.641567313e-05	100.0
-0.000993367024709	-0.00119135318428	0.000956533361006	-0.123581558077	-0.150313217022	0.0982367859028	9.85281648705e-11	1.641567313e-05	100.0
-0.000339815919345	-0.000534867075538	0.00224564708193	-0.04714220765	-0.0690571527662	0.276821225656	9.85281648705e-11	1.641567313e-05	100.0
-0.00086752955074	-0.00201877140348	0.00120216360773	-0.113986818292	-0.253146855565	0.13733521737	9.85281648705e-11	1.641567313e-05	100.0
-0.000240083951623	-0.000494261670143	7.79896025753e-05	-0.0275956370952	-0.0520479841305	0.00419922158963	9.85281648705e-11	1.641567313e-05	100.0
-0.000452024872771	-0.00152509802354	0.00101745780102	-0.0631569541321	-0.191068527441	0.104737036837	9.85281648705e-11	1.641567313e-05	100.0
-0.00108336664206	-0.00217100692216	0.000192983911863	-0.129838019386	-0.254888488205	0.0166841565436	9.85281648705e-11	1.641567313e-05	100.0
-0.000335518163502	-0.00236882059986	-0.000482294667467	-0.051667922409	-0.286778246474	-0.0452350466989	9.85281648705e-11	1.641567313e-05	100.0
-0.000601878694915	-0.00225239557932	-0.000442634458393	-0.0813320024511	-0.267987065621	-0.0365781228502	9.85281648705e-11	1.641567313e-05	100.0
-0.000100964191952	-0.00228846521363	-0.0013491869902	-0.01913136178	-0.289930119861	-0.161092192163	9.85281648705e-11	1.641567313e-05	100.0
-0.00113941499617	-0.00179461483271	-0.000533003411632	-0.133913541759	-0.218285415907	-0.0432169540462	9.85281648705e-11	1.641567313e-05	100.0
-0.000348361944493	-0.000184934238198	-0.00201593758126	-0.0469899599227	-0.0227845164385	-0.243721020864	9.85281648705e-11	1.641567313e-05	100.0
-0.000477074378559	-0.000157369588269	-0.00029755035024	-0.04488114838	-0.00930309024688	-0.00717122564331	9.85281648705e-11	1.641567313e-05	100.0
0.000191475033013	0.000180904773219	-0.00148782821599	0.0203265039685	0.0249780327221	-0.165159074837	9.85281648705e-11	1.641567313e-05	100.0
6.7209839986e-05	-0.00173539485686	0.000481883320001	-0.0133601896927	-0.20987335199	0.0373179258028	9.77795993905e-11	1.6290955429e-05	100.0
0.000138420770089	-0.00156279161158	0.00155337381657	0.0106196179483	-0.198411685192	0.18397161144	9.77795993905e-11	1.6290955429e-05	100.0
-0.000344917207929	-0.00250372309089	0.00150181061434	-0.0499508343638	-0.318826515085	0.181908539813	9.77795993905e-11	1.6290955429e-05	100.0
0.000235102194132	-0.00190688898348	0.00220059087479	0.0251030369779	-0.245562360959	0.276159474307	9.77795993905e-11	1.6290955429e-05	100.0
-0.000266784946097	-3.32060711149e-05	0.000349089210713	-0.0258139300713	0.0219993646285	0.0422646395721	9.77795993905e-11	1.6290955429e-05	100.0
0.000324528584149	-0.00148250881755	-0.00155545094045	0.0343092868951	-0.18866856256	-0.186009857349	9.77795993905e-11	1.6290955429e-05	100.0
0.000778820060839	-0.000611636172733	-0.00129496909584	0.0910998039629	-0.0743221507917	-0.147637560973	9.77795993905e-11	1.6290955429e-05	100.0
0.000459675574045	-0.000461564346611	0.0017920983245	0.0534271624166	-0.0567969445022	0.213852794168	9.76266174496e-11	1.626546727e-05	100.0
-9.40198335991e-05	-0.00216852051017	0.000530954672619	-0.0254771426307	-0.262136128482	0.049442453036	9.76266174496e-11	1.626546727e-05	100.0
-0.0010786248487	-0.00282592775928	0.00159273516498	-0.144535526416	-0.363398523597	0.199195450107	9.76266174496e-11	1.626546727e-05	100.0
0.000729130453259	0.000204576020232	0.00153918230809	0.0852777394915	0.0285695650728	0.176924355412	9.68307291536e-11	1.6132865165e-05	100.0
0.000551955426662	-0.000935726969609	-0.000398741981767	0.0514813129614	-0.111790406224	-0.0313892351476	9.68307291536e-11	1.6132865165e-05	100.0
-7.93472338708e-05	-0.00206437417642	-0.00111118861834	-0.018960717852	-0.25687300085	-0.126208837987	9.68307291536e-11	1.6132865165e-05	100.0
-0.00031270297263	-0.00188274316006	0.000907484539752	-0.0487178497792	-0.231063563167	0.093109666353	9.6719789587e-11	1.6114381641e-05	100.0
-0.000142403372951	-0.00188188806467	0.000414427404962	-0.0381586169887	-0.221886038822	0.0252791568675	9.63549362072e-11	1.6053593806e-05	100.0
0.000356076450492	-0.00212822804061	0.00112308747153	0.0366611141992	-0.269415613088	0.130015819981	9.63549362072e-11	1.6053593806e-05	100.0
0.000450825593195	9.3584870697e-05	-0.00122196953823	0.0485180100463	0.0175300001666	-0.127782871944	9.63549362072e-11	1.6053593806e-05	100.0
0.000454448918824	-0.000974605049776	-0.0014320990302	0.0503917004647	-0.122268268293	-0.166435943628	9.63549362072e-11	1.6053593806e-05	100.0
9.99748980117e-05	-0.00128422725044	-0.00010547302812	-0.020983879006	-0.159380674105	0.00871128865484	9.58782380423e-11	1.597417163e-05	100.0
-0.000402792062788	-0.00141641252665	-0.00234212863726	-0.056331142393	-0.182474619396	-0.293449305368	9.48887838388e-11	1.5809319714e-05	100.0
-0.000982861390687	-0.00206041974533	0.000319117139927	-0.116228182546	-0.240812804731	0.0208857813103	9.44271726503e-11	1.5732411163e-05	100.0
-0.000719939056058	-0.00282820093074	-0.00139735488033	-0.0977961242109	-0.362005804009	-0.170748479566	9.44271726503e-11	1.5732411163e-05	100.0
0.000258441421232	-0.00185487637893	0.000814109491266	0.0200255273995	-0.231056449558	0.0853765543355	9.39639018944e-11	1.5655226113e-05	100.0
5.08850609977e-05	-0.000587124640979	-0.00187542654128	0.00221959130583	-0.0732892328696	-0.22544480661	9.39639018944e-11	1.5655226113e-05	100.0
-0.000576850902197	-0.00249708170265	0.000839744583945	-0.0794240162462	-0.30922287379	0.0931084219306	9.39609347891e-11	1.5654731767e-05	100.0
0.000304964770952	0.000533041475042	-0.00130188520999	0.0337701123112	0.0678945445943	-0.136383861985	9.39609347891e-11	1.5654731767e-05	100.0
0.0003769995619	-0.000170910137179	-0.00200641627909	0.0441000894404	-0.0193017091227	-0.244383324046	9.39609347891e-11	1.5654731767e-05	100.0
-0.00071717197182	-0.00216717559557	-0.000843375954013	-0.0947538336881	-0.267286727823	-0.0886606994985	9.39609347891e-11	1.5654731767e-05	100.0
-0.000542716041619	-0.000360053641332	-8.81539332431e-05	-0.0465500221514	-0.0415416328678	-0.0256087754257	9.34989715711e-11	1.5577764565e-05	100.0
-0.000138619277821	-0.00200431338499	0.00117504963826	-0.0252777914568	-0.251911459616	0.133136203275	9.34989715711e-11	1.5577764565e-05	100.0
0.000421581143949	-0.00134139866818	0.00138026981717	0.04630365008	-0.167854895312	0.162102481967	9.34989715711e-11	1.5577764565e-05	100.0
-0.00119999258639	-0.00203431980372	7.7548072601e-05	-0.138929585736	-0.237771987504	0.0101711520955	9.34989715711e-11	1.5577764565e-05	100.0
-0.000267162268079	-0.000681361998423	-0.00252711793417	-0.0383280593814	-0.0869202704263	-0.316172751833	9.34989715711e-11	1.5577764565e-05	100.0
-0.000620703035735	-0.000716210137675	-0.000574178750079	-0.0743496937042	-0.0923085434811	-0.0427116935005	9.34989715711e-11	1.5577764565e-05	100.0
0.000144181014469	-0.000884256013077	-5.73940596776e-05	-0.0103706476087	-0.105658581926	-0.0240095221022	9.34787550227e-11	1.5574396307e-05	100.0
0.000852907055648	-0.000910617705202	0.00200562257094	0.104517724687	-0.116490638108	0.247943580073	9.34787550227e-11	1.5574396307e-05	100.0
-0.00037557874556	3.52839394211e-05	0.000804579022394	-0.0400272433241	0.011992190306	0.068978778184	9.30322308106e-11	1.5500001381e-05	100.0
-0.000101736728951	-0.00073005464021	0.0024070991598	-0.0169588480897	-0.0938556252118	0.299435975794	9.30322308106e-11	1.5500001381e-05	100.0
-0.000991080447644	-0.00200169371214	0.000622245923892	-0.122452097899	-0.240993041019	0.0575628569759	9.30322308106e-11	1.5500001381e-05	100.0
0.000476554753416	0.000426746300614	0.00130517699621	0.0529839005619	0.0566490378137	0.138143538253	9.30322308106e-11	1.5500001381e-05	100.0
-0.00100262019177	-0.00166491818042	0.00142984759943	-0.131105807663	-0.210061619691	0.16906229779	9.30322308106e-11	1.5500001381e-05	100.0
-0.000920612591914	-0.00245170477838	0.00054831581284	-0.119243176327	-0.299147069774	0.0562436393873	9.29953180083e-11	1.5493851378e-05	100.0
-0.0011785267806	-0.00211827761262	-0.000235661681647	-0.141300250942	-0.2514525803	-0.0177241990935	9.25637299029e-11	1.5421944941e-05	100.0
-0.000763887251505	-0.00140242330007	-0.00141709328126	-0.100219180147	-0.177433490772	-0.163293796858	9.25637299029e-11	1.5421944941e-05	100.0
0.000549539541033	0.000578535381988	-0.00183413739244	0.0661633861776	0.0731481304353	-0.217712747894	9.20933179781e-11	1.5343570109e-05	100.0
0.000102720565828	-0.000118074166947	-0.0021799585489	0.0100072217252	-0.0148219790934	-0.266843157113	9.20933179781e-11	1.5343570109e-05	100.0
-0.000311508317344	-9.32974037444e-05	0.000152030752828	-0.0113688284957	0.00599097739377	0.0366363779065	9.20933179781e-11	1.5343570109e-05	100.0
-0.000521880729222	-0.000555788504762	-0.000361392896704	-0.0790466313682	-0.0701245284173	-0.040223796253	9.20244207858e-11	1.5332091221e-05	100.0
-0.00046822233298	-0.000310377076757	-0.000363483528145	-0.0669962680287	-0.0281162632217	-0.0447477410685	9.20244207858e-11	1.5332091221e-05	100.0
-4.66205562249e-05	-0.000488294768316	-0.000203020571482	-0.0296096267264	-0.0456375003394	-0.0396443300153	9.20244207858e-11	1.5332091221e-05	100.0
-0.000428141059136	-0.000684239661574	-0.000201416245185	-0.0663917167758	-0.094548410025	-0.0271299435808	9.20244207858e-11	1.5332091221e-05	100.0
1.58339956987e-05	-0.000832731918557	0.00248522702162	-0.00247897082254	-0.106374480641	0.311655509444	9.20244207858e-11	1.5332091221e-05	100.0
0.000610386629454	-0.000721700864356	0.00113607793517	0.0683544562285	-0.0872072708716	0.126092573786	9.20244207858e-11	1.5332091221e-05	100.0
-0.00128521947478	-0.00224049330055	9.35299548819e-05	-0.156247801623	-0.268438820346	0.0155263205093	9.20244207858e-11	1.5332091221e-05	100.0
0.000955238491907	0.000133486467585	-0.00137310629282	0.111974341511	0.019383677275	-0.155283360612	9.20244207858e-11	1.5332091221e-05	100.0
0.000572311154152	-0.00139272595816	-0.00204537057091	0.0683787123673	-0.178623826206	-0.253235475833	9.20244207858e-11	1.5332091221e-05	100.0
-0.000531760037859	-0.00261285839318	-0.000303569418766	-0.0749261765504	-0.316351084244	-0.0300892169394	9.20244207858e-11	1.5332091221e-05	100.0
0.000376466926939	-0.000807270846469	-0.00193615877789	0.0428686589217	-0.102681173867	-0.2348033221	9.20244207858e-11	1.5332091221e-05	100.0
0.000436219591279	-0.00133355433013	-0.00239231322261	0.0517185491493	-0.172057126168	-0.29941947431	9.20244207858e-11	1.5332091221e-05	100.0
0.000986815091613	0.000323230261746	0.00105428276273	0.110697855015	0.0441964106554	0.109127159712	9.15368599979e-11	1.5250859235e-05	100.0
-0.00112240195742	-0.00236547784654	0.000567912633739	-0.142320272462	-0.290962121644	0.0578613051931	9.15368599979e-11	1.5250859235e-05	100.0
-0.00141817781662	-0.00319865618107	-3.35234251526e-05	-0.186429419621	-0.40559522181	-0.0037969486399	9.15368599979e-11	1.5250859235e-05	100.0
0.000258912143059	0.000564448196982	0.00137839924415	0.0284080184419	0.0704547182162	0.146804724912	9.11466604978e-11	1.518584851e-05	100.0
-0.000284753193797	-0.000793010696709	-2.30869436392e-05	-0.0364538411556	-0.108732116905	-0.000439788673816	9.11466604978e-11	1.518584851e-05	100.0
-0.000206544641327	-0.000399434818647	-1.95542889014e-05	-0.0201698700307	-0.0422665651398	-0.0133599205489	9.11466604978e-11	1.518584851e-05	100.0
-0.000397657718981	-0.00206780035687	-0.000505241284012	-0.0616755163783	-0.240173197298	-0.0438728737468	9.11466604978e-11	1.518584851e-05	100.0
-0.00084780660471	-0.00318676286547	-0.000962224706852	-0.114383308094	-0.406372632412	-0.1190271812	9.11466604978e-11	1.518584851e-05	100.0
-0.000772939961972	-0.00090579136719	-0.00163543472541	-0.1011977382	-0.113750405924	-0.193451635323	9.11466604978e-11	1.518584851e-05	100.0
0.000494234035819	-0.00106815717358	0.000612747728234	0.0461773527717	-0.129493758135	0.0580905514136	9.10477402224e-11	1.5169367507e-05	100.0
0.000834261187716	-0.00103799957722	0.00152434116116	0.0992330401636	-0.13113068848	0.182214977172	9.10477402224e-11	1.5169367507e-05	100.0
-0.000233964534731	-0.00177620906592	0.00153688668979	-0.0365983880861	-0.224804018022	0.18181277603	9.10477402224e-11	1.5169367507e-05	100.0
-9.97014104961e-05	-0.00198492378595	0.00204387276095	-0.0179517941348	-0.25544597436	0.252907967198	9.10477402224e-11	1.5169367507e-05	100.0
-0.000261317341832	-0.0015352979758	0.00180717391354	-0.038673689742	-0.195586890417	0.219230177675	9.10477402224e-11	1.5169367507e-05	100.0
-0.00149310853226	-0.00295633290662	-0.000321218512343	-0.194664482833	-0.372133172981	-0.038173850986	9.10477402224e-11	1.5169367507e-05	100.0
0.000606580985842	-0.00134791511521	-0.000772824212464	0.0631545225459	-0.167732973579	-0.0808044694088	9.10477402224e-11	1.5169367507e-05	100.0
-5.71910998751e-06	-0.00133637232712	-0.000459046844395	-0.023981935059	-0.165407571604	-0.027172254112	9.10477402224e-11	1.5169367507e-05	100.0
-0.00104843900261	-0.00091348952676	0.00105703856145	-0.131071761307	-0.115968852856	0.113727794146	9.01917051804e-11	1.5026744416e-05	100.0
-0.00066288905336	-0.000481309248642	0.00148201433572	-0.0852820633712	-0.0588455698143	0.170568039481	9.01917051804e-11	1.5026744416e-05	100.0
-0.000931404049924	-0.00122276213234	0.00131663389444	-0.11993075886	-0.154025828227	0.149604540615	9.01917051804e-11	1.5026744416e-05	100.0
-0.0012502396368	-0.00227598099242	0.000321501460254	-0.155482096936	-0.274986305217	0.0317972313971	9.01917051804e-11	1.5026744416e-05	100.0
-0.000860894521876	-0.00150253871	-0.000821354719924	-0.106952066386	-0.186714499723	-0.0767111398725	9.01917051804e-11	1.5026744416e-05	100.0
0.000153686809387	-0.00232627472224	-0.000982547680072	0.0114264206238	-0.2917748439	-0.112488760444	9.01917051804e-11	1.5026744416e-05	100.0
-0.000667802062018	-0.0027444869586	-0.00145335893294	-0.0916930133162	-0.350706133582	-0.17873950385	9.01917051804e-11	1.5026744416e-05	100.0
-0.000359751842003	-6.23648155829e-05	-0.00228803634636	-0.0487768240155	-0.00768534781749	-0.281284062572	9.01917051804e-11	1.5026744416e-05	100.0
-0.000582982490632	-0.000263341760385	-0.000260606368417	-0.0587286142824	-0.0266802724819	-0.00602052014402	9.01917051804e-11	1.5026744416e-05	100.0
0.000211463693367	-0.00103151804794	-0.00013639461617	-0.00025890831642	-0.12540791289	0.00312173450175	9.00647734188e-11	1.500559645e-05	100.0
-0.000799853305399	-0.000815688688475	0.000413813108464	-0.0904899892605	-0.110304017071	0.0222313960609	8.92279491267e-11	1.4866174042e-05	100.0
-0.000742358241132	-0.00130521287453	0.00216934284246	-0.099321952895	-0.167385913235	0.26867369625	8.92279491267e-11	1.4866174042e-05	100.0
-0.000767828358803	-0.00310834730992	0.00207848432271	-0.104992342713	-0.402382861993	0.265166804396	8.92279491267e-11	1.4866174042e-05	100.0
-0.00112931993283	-0.00233037380625	-0.000862403188002	-0.145627981781	-0.290563359959	-0.0955596283765	8.90749671858e-11	1.4840685883e-05	100.0
0.00051241730331	-0.000422025297637	-0.000338279959917	0.0448148356765	-0.0369149849749	-0.0191041062565	8.90749671858e-11	1.4840685883e-05	100.0
0.000881189475246	-0.000353915377159	-0.00186430248796	0.107030296527	-0.0440126366129	-0.225714127519	8.90749671858e-11	1.4840685883e-05	100.0
1.64846847783e-05	-0.00202321898596	-0.00193304839071	-0.00338833691325	-0.259722423988	-0.238025757759	8.90749671858e-11	1.4840685883e-05	100.0
-7.69942909622e-05	-0.00283815317045	-0.00150940643836	-0.0160533514346	-0.362891651914	-0.185832946706	8.90749671858e-11	1.4840685883e-05	100.0
-0.000540482544769	-0.0024864599651	0.000682479758918	-0.0749479284008	-0.306547830471	0.0722511692688	8.87426010953e-11	1.478531072e-05	100.0
-9.29751444851e-05	-0.00060002321652	0.000222758550781	-0.00103580997251	-0.0719140286026	0.0267995799706	8.87426010953e-11	1.478531072e-05	100.0
0.000328648509407	8.48740591065e-05	0.00213290208221	0.0384949639831	0.011499344421	0.259644788692	8.82547888578e-11	1.470403684e-05	100.0
0.000785350889623	-0.000534623849583	0.00133995727507	0.0912519023911	-0.0649220140141	0.15327887682	8.80775671748e-11	1.4674510124e-05	100.0
0.000352804419421	-0.000922945463688	0.00218848591987	0.0406469039413	-0.11845660862	0.269636120173	8.80775671748e-11	1.4674510124e-05	100.0
-0.000381337708144	-0.000667595212724	-1.39804430164e-05	-0.0392319570929	-0.0894270967827	-0.0299424211631	8.80775671748e-11	1.4674510124e-05	100.0
0.000566249051598	-0.000992405392238	-0.000678586085116	0.0567348472376	-0.120786349314	-0.0667247042003	8.80775671748e-11	1.4674510124e-05	100.0
-0.000262713174968	-0.00230687382157	-0.00212692627302	-0.0391413631078	-0.296748553614	-0.266668531071	8.80775671748e-11	1.4674510124e-05	100.0
0.000272996031126	6.15075338255e-05	-0.00214337932793	0.0311004924213	0.00901883072881	-0.262200667798	8.75758749189e-11	1.4590923709e-05	100.0
-0.000835280860585	-0.00033833473831	0.00112911508285	-0.103530087564	-0.0408570816344	0.122253178116	8.72714197348e-11	1.4540198753e-05	100.0
-0.00068736089751	-0.00199050245593	0.00216288253968	-0.0935886831023	-0.255581760847	0.270654696327	8.72714197348e-11	1.4540198753e-05	100.0
-0.000353153856006	-0.00183198709345	0.000906841736685	-0.0525014270489	-0.226960589865	0.0914205456564	8.72714197348e-11	1.4540198753e-05	100.0
-0.00119447607987	-0.00230135950952	-0.00176240471436	-0.158964440452	-0.294542524982	-0.219696012511	8.72714197348e-11	1.4540198753e-05	100.0
-0.000764471742311	-0.00241923986208	-0.00068612886079	-0.101350647946	-0.297647728613	-0.0724285710305	8.72714197348e-11	1.4540198753e-05	100.0
-0.000433737951358	-0.00217363097415	-0.00194382870752	-0.060310491503	-0.278702621719	-0.242232946107	8.72714197348e-11	1.4540198753e-05	100.0
0.000457277621479	0.000693465143017	-0.00169533713363	0.0536023276981	0.0870251371306	-0.196050728844	8.72714197348e-11	1.4540198753e-05	100.0
-0.000745596109678	-6.52680995499e-05	-0.000885372776766	-0.087265053442	-0.00432302562245	-0.0870832632633	8.72714197348e-11	1.4540198753e-05	100.0
0.000477806731603	-0.00170395877767	0.000689568410882	0.0456902749708	-0.212556126482	0.0705818535629	8.70720201964e-11	1.4506977007e-05	100.0
0.00031968226874	-0.00105189535154	0.00149710974235	0.0336572033663	-0.131830240648	0.174989740618	8.70720201964e-11	1.4506977007e-05	100.0
-0.000405883868005	-0.00162985202837	0.00117271453423	-0.0579257674384	-0.205358605285	0.128583502287	8.70720201964e-11	1.4506977007e-05	100.0
-0.00054381826803	-0.00128898215889	-0.00237550715526	-0.073993880477	-0.165289851948	-0.296836334174	8.67757119796e-11	1.4457609409e-05	100.0
0.000298410956681	-0.000560730370155	2.45101668088e-05	0.0137008449741	-0.0544204115138	0.0197449529567	8.65659527174e-11	1.4422661641e-05	100.0
0.000187951407479	0.000199551204461	0.00158269509113	0.0203034755761	0.0274066110843	0.179617070012	8.62771879888e-11	1.4374550856e-05	100.0
-0.0011474887665	-0.00211239020068	-2.89256501029e-05	-0.134765535275	-0.245927820342	-0.00747101023223	8.62771879888e-11	1.4374550856e-05	100.0
-0.000221768656705	-0.000393475527316	-0.00132013091434	-0.0303754433007	-0.0459623623731	-0.146710627148	8.62771879888e-11	1.4374550856e-05	100.0
-0.000323536123974	-0.00153595425633	-0.000855184367273	-0.0507416352595	-0.190088535091	-0.079475072143	8.62771879888e-11	1.4374550856e-05	100.0
-0.000751128593838	-0.00141820545939	-0.00108880673888	-0.0970562361777	-0.177760630276	-0.115052692526	8.62771879888e-11	1.4374550856e-05	100.0
-0.000354150277234	-0.000518034183404	0.000186335395842	-0.0229500401799	-0.0659722860094	0.0329719959451	8.62771879888e-11	1.4374550856e-05	100.0
0.000124199886616	0.000292345911625	0.00130616546944	0.0120380219048	0.0416219554611	0.137671543462	8.60575216121e-11	1.4337952473e-05	100.0
-0.000569270335771	-0.00121556838101	-0.00158988407928	-0.0765407852149	-0.15423976202	-0.187718197323	8.60575216121e-11	1.4337952473e-05	100.0
-0.000294275174032	-0.000699254014716	0.000293649043335	-0.0528021004859	-0.0939897986417	0.0314510083729	8.60575216121e-11	1.4337952473e-05	100.0
-0.000308631127007	-0.00244800635495	-0.000547191638684	-0.049276365879	-0.297271630845	-0.0559429939132	8.60575216121e-11	1.4337952473e-05	100.0
-0.000423126480042	0.000637823602853	0.00069920505914	-0.0361665794791	0.079456984601	0.0488075778133	8.57756968926e-11	1.4290997955e-05	100.0
0.000805407637597	-7.61003938808e-05	0.00075226964671	0.0849593649341	0.00191163746042	0.0686392294899	8.57756968926e-11	1.4290997955e-05	100.0
-0.00128451654165	-0.00271635248937	-0.000218420061055	-0.165488101843	-0.336441334156	-0.0268820890268	8.57756968926e-11	1.4290997955e-05	100.0
-0.000883407038761	-0.00232172231627	-0.000165319992118	-0.11013079964	-0.271720532177	-0.0134908499794	8.57756968926e-11	1.4290997955e-05	100.0
-0.000635662222049	7.63294809383e-05	-0.000754455903095	-0.069891104373	0.014926048994	-0.0662053036327	8.57756968926e-11	1.4290997955e-05	100.0
-0.00049013190298	8.49711146524e-05	-0.000181617020609	-0.0367421102529	0.024591876919	0.00804573779559	8.57756968926e-11	1.4290997955e-05	100.0
