# x[AU] y[AU] z[AU] vx[AU/yr/2pi] vy[AU/yr/2pi] vz[AU/yr/2pi] m[MSUN] m[mtot] wf[%]
-0.00049335053784	-0.0010276817365	1.13456439943e-06	-0.068703650708	-0.126408368327	0.000170293657272	2.99657741294e-06	0.496696294631	19.242615395
0.000493941188092	0.00103024045424	1.76975495e-07	0.068754843087	0.126721186227	-4.92595820437e-05	2.98770970027e-06	0.495226431053	19.2776024915
6.89109706707e-06	3.16311538167e-05	1.48157600601e-05	0.00144308639845	0.0071098719178	0.00190499759852	1.14664269011e-08	0.00190061225517	26.3280567857
6.17460776199e-05	0.000177354297979	-1.11846249065e-06	0.0132030536639	0.0314156132454	4.17620978805e-05	1.76488315137e-09	0.000292537385474	30.8561603904
-5.48799610329e-05	-0.000248784775873	1.6430273237e-05	-0.0131307359002	-0.0459488569898	0.00459581461439	9.23001000769e-10	0.000152991601368	14.8801886148
5.87190160087e-05	6.41496926828e-05	0.000170680373528	0.00726315783361	0.0126225614024	0.0230235882574	4.15747484247e-10	6.8912030785e-05	0.0
-5.68378339987e-05	-0.000192034929472	-0.000138050269876	-0.013281504115	-0.0321210389962	-0.0261088840167	3.94860571193e-10	6.5449930231e-05	0.0
3.71089069064e-05	0.000176480227215	0.000259904355918	0.0109437511971	0.0327982353235	0.043721986064	3.88287779046e-10	6.4360460128e-05	0.0
-6.11036497881e-05	-0.000186770673332	4.18158675383e-05	-0.0175831412597	-0.0317394601027	0.000758510868113	6.38632818197e-10	0.000105856285595	39.2001525787
-5.08985703123e-05	-8.97226618547e-05	0.000193949500185	-0.00696335544296	-0.0165566932117	0.025634616019	3.88287779046e-10	6.4360460128e-05	0.0
-8.27419323155e-05	-0.000171519941487	9.4906651656e-05	-0.0183101957024	-0.0298934608159	0.00878969820222	3.80410214889e-10	6.3054718146e-05	0.0
-6.78427878118e-05	-0.000132066287064	9.18604079303e-05	-0.00968737385494	-0.0236578786571	0.00962293779319	3.74631601181e-10	6.209688672e-05	0.0
-1.11617698099e-05	-0.000216234953998	0.000104833016931	-0.00942849996811	-0.0396523407946	0.00938628211282	3.69909226692e-10	6.1314131734e-05	0.0
-8.02996603414e-05	-0.00022120284561	0.000316339501181	-0.017216894708	-0.0396760936477	0.0568851114838	3.69909226692e-10	6.1314131734e-05	0.0
-3.59082196616e-05	-0.000198581657453	0.000286438216744	-0.0107219846125	-0.0342884838438	0.0394079197694	3.58923443653e-10	5.9493188379e-05	0.0
7.8457913158e-05	1.05815652208e-05	2.7321169475e-05	0.0196397500151	0.00127789782557	-0.00236070104721	1.60798855401e-10	2.665313945e-05	100.0
4.04488102811e-05	0.000206904498989	-0.000343539445939	0.0116922257347	0.0341219762995	-0.0089978124032	1.60798855401e-10	2.665313945e-05	100.0
-6.0632355455e-05	-0.000202720977766	-0.00019533395495	-0.0127548117537	-0.0350069652843	0.0100379749248	1.58863749516e-10	2.6332386874e-05	100.0
-1.83153569498e-05	0.000261908470546	0.000245930226439	0.000268533360579	0.0450916769375	0.0492684128787	1.58863749516e-10	2.6332386874e-05	100.0
6.05260683252e-05	0.000370565076592	0.000244094311431	0.00557619469797	0.071901670325	0.0448442810785	1.58863749516e-10	2.6332386874e-05	100.0
0.000208028763634	0.000183180382587	-0.00019958374945	0.0230235742857	0.0374666334315	0.00893730130774	1.58863749516e-10	2.6332386874e-05	100.0
-8.10444601936e-05	0.000147211320709	0.000534302170973	-0.00495180071193	0.0199361431227	0.0351773835022	1.57420881381e-10	2.6093224938e-05	100.0
2.69074830929e-07	-0.00022630477947	0.00015852403198	-0.00482156317672	-0.0390447644492	0.0205939986012	1.56462808089e-10	2.5934419945e-05	100.0
-2.38054365643e-06	0.00029224823819	0.000101760977043	0.0205651533593	0.0474475134183	0.04005073972	1.56462808089e-10	2.5934419945e-05	100.0
0.000142015449415	-0.000186813690237	-0.00102696463881	0.0148033328597	-0.0247463548725	-0.106131427087	1.56462808089e-10	2.5934419945e-05	100.0
2.89736385185e-05	0.000206476082791	-8.49239626443e-06	0.00382052966992	0.0364331086545	-0.00623211161742	1.55031204896e-10	2.5697125224e-05	100.0
0.000175508820782	1.34433902347e-05	-1.03406124309e-05	0.0169127623059	0.00956610761303	-0.00377020480071	1.54080373352e-10	2.5539520584e-05	100.0
-2.9443230689e-05	-1.67138135369e-05	0.000155786363696	-0.00608420182919	0.000329710724481	0.0176672142195	1.52659230464e-10	2.5303959706e-05	100.0
-6.97944420742e-05	-1.944564076e-05	5.57167952685e-06	-0.013626769672	0.0018683105906	0.00299525177804	1.52659230464e-10	2.5303959706e-05	100.0
0.000123185096892	0.000305314565009	-0.000229281247651	0.0224896093022	0.0537643566484	0.00820351285717	1.49365391482e-10	2.4757990958e-05	100.0
8.81131990069e-05	2.94448588017e-05	0.000281774503278	0.0248369489154	0.00467224744716	0.0487007666868	1.49365391482e-10	2.4757990958e-05	100.0
-3.95012562642e-05	-0.000650202366677	-0.000818065751854	-0.0128044282742	-0.0876917712889	-0.0702220885621	1.47495913944e-10	2.4448116579e-05	100.0
-8.22491226073e-05	0.000285498000621	0.000304299781835	-0.0173247412904	0.0502749401227	0.0407066532096	1.47029927532e-10	2.4370877218e-05	100.0
-7.13225295124e-05	-0.000323038888561	5.92446452682e-05	-0.0118147877647	-0.060419549551	0.00337782654332	1.45634885113e-10	2.4139642611e-05	100.0
-3.99614916952e-05	-9.25152124642e-05	-7.74849084533e-07	-0.000313347149487	-0.0165690949999	0.000981021079652	1.45634885113e-10	2.4139642611e-05	100.0
-0.00021033093846	-0.000171216449393	-1.56711865539e-05	-0.0160302985241	-0.0393259432944	-0.0294151013044	1.45170809718e-10	2.406272001e-05	100.0
5.14607822423e-05	0.000225762325185	-0.000563438997772	0.00973123462436	0.0340444973603	-0.0377928064024	1.44707237223e-10	2.3985880767e-05	100.0
-3.5426697721e-05	-7.96803322215e-05	-0.000172042150363	-0.0108708561636	-0.0127574893478	-0.0462806078324	1.44707237223e-10	2.3985880767e-05	100.0
7.36658848581e-05	-0.000320684128955	-0.000221650596167	0.00708081683628	-0.0551376073211	-0.0402517676674	1.42857423044e-10	2.3679265678e-05	100.0
5.25265987606e-05	0.000291626743254	-9.71069193166e-05	-0.00163072164074	0.0601619788561	-0.0322095152846	1.42857423044e-10	2.3679265678e-05	100.0
-5.43347607654e-06	2.39747386324e-05	9.55582353085e-05	0.0144593465739	0.00153373893302	0.0380487769625	1.41935005306e-10	2.3526370756e-05	100.0
-7.71605061622e-05	0.000291220899042	-0.00103949651551	-0.00606709131274	0.0383858329342	-0.106716408336	1.39176653407e-10	2.306916142e-05	100.0
4.95903446546e-05	-0.000349377348932	-0.000244906328289	-0.00820362153086	-0.0537093652306	0.00398991514129	1.39176653407e-10	2.306916142e-05	100.0
-0.000176832196757	-0.00025166072718	-0.000185153054033	-0.0219390347401	-0.0478680557254	0.0121084230679	1.3825986814e-10	2.2917200105e-05	100.0
-0.000110179926832	0.000244240749858	0.000151519173174	0.00119848488484	0.0359311165382	-0.0127884431167	1.3642976761e-10	2.2613852643e-05	100.0
-2.82874203744e-05	-0.000438842359305	0.000671362413249	-0.0106838796653	-0.0626632954919	0.0507326176335	1.3642976761e-10	2.2613852643e-05	100.0
-0.000346704602935	-0.000136952465233	-0.000694079796418	-0.0395909695086	-0.0238945870084	-0.0579858274313	1.35516200898e-10	2.2462424818e-05	100.0
0.000238629405084	0.000223402000146	-0.000473115834435	0.0288795090763	0.0386540962911	-0.0249955842128	1.35516200898e-10	2.2462424818e-05	100.0
0.000107948811854	9.8171730094e-05	6.36229156328e-05	0.0026255084284	0.0229437001514	0.0361809692974	1.35059819862e-10	2.2386777592e-05	100.0
-0.00028177362223	-0.000221063775101	0.000288862969893	-0.0305917680509	-0.0436807779789	0.00195666920305	1.34603589695e-10	2.2311155373e-05	100.0
-6.95511088648e-07	-0.000396878818857	0.00034925897105	-0.014359502065	-0.0604005148618	0.00718339401741	1.34603589695e-10	2.2311155373e-05	100.0
0.000107805424773	-0.000508481288083	-0.000509528483496	-0.00108152934721	-0.0713506756315	-0.0299266340565	1.34603589695e-10	2.2311155373e-05	100.0
-0.000155951526214	-1.85263698336e-05	0.000776198924535	-0.0176135795153	-0.00414228954774	0.0696280920032	1.32780580044e-10	2.2008983256e-05	100.0
-2.64810802337e-05	0.000346324136116	0.000934631925212	0.00150427451374	0.0465309677582	0.090933347661	1.31869980437e-10	2.1858047242e-05	100.0
-5.56510723645e-05	-7.38391479191e-06	-0.000739089760052	-0.00681836893385	-0.00159622755064	-0.0634986721437	1.3095988373e-10	2.1707194586e-05	100.0
-3.62361081052e-06	-0.000116609955946	0.00023810239513	0.00911205919366	-0.0228184411255	0.0494867869896	1.3095988373e-10	2.1707194586e-05	100.0
0.000305958883264	2.24903428321e-05	-0.000289654842353	0.0282002632692	0.0113066668479	-0.00557979547661	1.3095988373e-10	2.1707194586e-05	100.0
-0.000120808183241	0.000341138007508	-0.000596844077721	-0.00545774093464	0.0478478148098	-0.0438166970185	1.30050189342e-10	2.1556408616e-05	100.0
0.000348156199278	0.000381340598205	-0.000764644809747	0.0422560145451	0.0565242670046	-0.0641817841778	1.30050189342e-10	2.1556408616e-05	100.0
-7.41037940255e-05	-0.00020164555645	-0.000195835273643	-0.00162125930172	-0.0410374333825	-0.0451306554685	1.29140746403e-10	2.1405664325e-05	100.0
-2.59153220715e-05	0.000191573565953	-5.85740854291e-05	0.00458953195414	0.0323399361239	-0.0101054852174	1.29140746403e-10	2.1405664325e-05	100.0
9.19859186338e-05	0.000289717042102	-2.04473660814e-05	0.0175704784485	0.0588246485424	-0.00557045411181	1.29140746403e-10	2.1405664325e-05	100.0
-1.60179238554e-05	-0.00022952388831	-0.000187884630192	-0.0249537468192	-0.036453684202	-0.0427697255249	1.29140746403e-10	2.1405664325e-05	100.0
7.41689033078e-05	-0.000189725859153	0.000322491020803	-0.000542202708195	-0.0281969199785	0.00802652416318	1.29140746403e-10	2.1405664325e-05	100.0
0.000252320423295	-0.000143030405867	0.000108339303442	0.0147087581117	-0.0152730229858	-0.0138663714299	1.29140746403e-10	2.1405664325e-05	100.0
9.33330125801e-05	0.00105163919268	0.00110773255872	0.0166365732441	0.134376569599	0.11345816912	1.29140746403e-10	2.1405664325e-05	100.0
-0.000224964517058	0.000614955604632	0.000941979371636	-0.020050627081	0.0801182765343	0.0930005609269	1.28231454334e-10	2.1254945041e-05	100.0
0.000321194495899	0.000413014043241	0.000806315213817	0.0400917696971	0.0589271405197	0.0697932687015	1.28231454334e-10	2.1254945041e-05	100.0
0.000358059693092	1.58326111255e-06	0.000705398863809	0.0386672387057	0.00468871915325	0.06072455654	1.28231454334e-10	2.1254945041e-05	100.0
9.24918299322e-05	-0.00016676782679	-0.000290299223383	0.0193275014069	-0.0289187038588	-0.0444828662013	1.26412970777e-10	2.0953523145e-05	100.0
-0.000311818015408	0.000123823338068	0.000639363683142	-0.031422351753	0.0141547065585	0.0523288864821	1.26412970777e-10	2.0953523145e-05	100.0
3.23632837516e-05	0.000309024218538	0.00136121512972	0.00491514020924	0.0406707881889	0.153224592896	1.26412970777e-10	2.0953523145e-05	100.0
4.29594453145e-05	0.000146646503238	-0.000131694720539	0.0181443232156	0.0244304962023	-0.0424588855176	1.26412970777e-10	2.0953523145e-05	100.0
-3.57651077483e-05	-8.47127353063e-05	-0.000253432844877	-0.0238760804342	-0.0117858126524	-0.0448044418373	1.26412970777e-10	2.0953523145e-05	100.0
-0.000132982810731	0.000975626926955	0.00107102116768	-0.00874773819371	0.122506315889	0.10977550487	1.25503477548e-10	2.0802770518e-05	100.0
0.00018258536139	0.00101700799917	-0.000948053663708	0.0294857765221	0.130992921642	-0.0863408152442	1.25048655499e-10	2.0727381701e-05	100.0
0.000163387409892	-0.000156653770741	0.000394085916806	0.0103992157836	-0.019972491201	0.0179204546256	1.25048655499e-10	2.0727381701e-05	100.0
-0.000368175267337	0.000155778058023	0.000775567408126	-0.0389769783354	0.0178375791054	0.0713858210861	1.24138709661e-10	2.0576554052e-05	100.0
-0.000174565564896	-0.000211669780083	-8.70019665059e-05	-0.0312638201806	-0.0401166848935	-0.0143984879109	1.23683585873e-10	2.0501115221e-05	100.0
-0.000274292008409	0.000604257582518	-0.000690686646451	-0.0214174608259	0.0801937728418	-0.0582079599456	1.23683585873e-10	2.0501115221e-05	100.0
-0.000383679453353	0.000251157600801	-0.0003959580935	-0.0340708155308	0.0300411320658	-0.0220606704452	1.23683585873e-10	2.0501115221e-05	100.0
8.64072286893e-05	-0.000663848141236	-0.000880314925164	0.00231509221211	-0.0873260561338	-0.0808532425114	1.23683585873e-10	2.0501115221e-05	100.0
9.74641686327e-05	-0.00070879686097	-0.00103653126468	0.00550985162099	-0.0910488626137	-0.103980264981	1.23683585873e-10	2.0501115221e-05	100.0
0.000124284929304	0.00052432385423	0.00063776596609	0.0213462569965	0.0750152315808	0.0424596077293	1.23228311214e-10	2.0425651381e-05	100.0
-0.000138344137989	0.000125087301313	-0.000636226675244	-0.0113845515071	0.0166187937631	-0.0496717771021	1.22772835396e-10	2.0350154199e-05	100.0
0.00032970550274	7.73670215214e-06	-0.000816770453538	0.036966502359	0.0042498869737	-0.0761029272085	1.22772835396e-10	2.0350154199e-05	100.0
-0.000146814615096	-0.000192890903734	-0.000977049457296	-0.0187713501152	-0.0266783172905	-0.0969728397406	1.22772835396e-10	2.0350154199e-05	100.0
0.000285024932036	0.00108426585058	0.000965409188073	0.0410332784085	0.135142314124	0.0880228962965	1.21861481441e-10	2.0199093148e-05	100.0
-0.000221543474495	0.000417081582465	0.00130111856184	-0.0243920855934	0.0535502548726	0.144781473762	1.21861481441e-10	2.0199093148e-05	100.0
-9.31432363696e-05	-0.000289416181009	3.38719230039e-05	-0.0268131356376	-0.052199923218	0.00464574537163	1.21861481441e-10	2.0199093148e-05	100.0
-0.000490224625256	0.000650211105672	-0.000960373763796	-0.0531576269193	0.0839927947893	-0.099429585965	1.20949272556e-10	2.0047890389e-05	100.0
-9.11792836768e-05	0.000343290299459	5.84522785477e-05	0.0148959341922	0.0516731709085	0.0329494017157	1.20949272556e-10	2.0047890389e-05	100.0
0.000100999390963	0.000540428864406	-0.00136415928499	0.0148587868348	0.0702582599261	-0.152314433805	1.20949272556e-10	2.0047890389e-05	100.0
-0.000100239853541	-0.000226889578362	1.85435651244e-05	-0.0252964356054	-0.0434611949154	0.00110338984522	1.20949272556e-10	2.0047890389e-05	100.0
0.000138613061964	-0.000211391997821	-0.00064650564501	0.0102482268333	-0.0277568599948	-0.0506236317507	1.20949272556e-10	2.0047890389e-05	100.0
-0.000196380437359	-0.000933069117942	-0.000900946425436	-0.0310710290238	-0.119045487232	-0.077954815877	1.20949272556e-10	2.0047890389e-05	100.0
4.3674378971e-05	8.298982194e-06	0.00112346843524	0.00554619717597	0.00149221889786	0.119344231025	1.20036108164e-10	1.989652925e-05	100.0
0.000212272977151	0.0002358381768	-0.00135841468932	0.0267022534003	0.0322139378883	-0.152763232773	1.20036108164e-10	1.989652925e-05	100.0
-0.00017189087825	-0.000290153864717	0.000148201806364	-0.0121839998871	-0.0615508483729	0.0388252852135	1.20036108164e-10	1.989652925e-05	100.0
-0.000188042845472	0.000207657128057	0.00066838814544	-0.0160763154535	0.0262545432597	0.0541336040259	1.19579123648e-10	1.9820781995e-05	100.0
-1.9377586274e-05	-0.000104769332148	3.9471942492e-06	-0.0122119167025	-0.0138461574633	0.00435785211937	1.19579123648e-10	1.9820781995e-05	100.0
-0.000154917767309	1.88971020294e-05	0.000333518904009	-0.0315282078682	0.001668502933	0.0458778449647	1.19121837393e-10	1.9744984724e-05	100.0
0.000249274896945	0.000289663203168	-0.000796624212379	0.0305442819345	0.0422222960055	-0.0695995966491	1.18664299688e-10	1.9669145775e-05	100.0
-0.000239252625993	-0.000659879069823	-0.00112048240671	-0.0324019836343	-0.0873285647128	-0.114721143787	1.18664299688e-10	1.9669145775e-05	100.0
0.000114816510119	0.000186221246149	-0.000298645364543	0.0360391851336	0.0322052007366	-0.0467989240098	1.18206359663e-10	1.9593240139e-05	100.0
-3.68550066294e-05	-7.79164621358e-05	2.08779409545e-06	-0.004131541829	-0.0121361520199	-0.00241884308461	1.18206359663e-10	1.9593240139e-05	100.0
0.000163910847656	-0.000521996332398	0.000500361303966	0.00376666903076	-0.0720200770452	0.0293831702513	1.18206359663e-10	1.9593240139e-05	100.0
2.06848561274e-05	0.000422830396957	0.00127416491343	0.00518092190228	0.0548379147486	0.139892857008	1.18206359663e-10	1.9593240139e-05	100.0
-0.000172452019626	-0.000477385011751	0.000737052310398	-0.0256595332586	-0.0687001549167	0.0579809672772	1.177481179e-10	1.9517284489e-05	100.0
0.000523940550566	0.000287093080336	0.000991525388737	0.0627204602995	0.0411999536095	0.0993947322193	1.17289524106e-10	1.9441270488e-05	100.0
0.000126269696464	-0.000695788645473	0.000787606232887	0.00451455767872	-0.0912393390129	0.0671329399792	1.17289524106e-10	1.9441270488e-05	100.0
0.000307742568244	0.000127192647128	0.00155481801807	0.0385565451573	0.0169827991687	0.181547833638	1.17289524106e-10	1.9441270488e-05	100.0
0.000189479020292	0.00104446034853	-0.00127997851697	0.0272024308472	0.13142955686	-0.139007134645	1.16830527994e-10	1.9365189801e-05	100.0
-1.65348250067e-05	0.000149657241759	-0.000121060867459	-0.00372394009044	0.0278371713616	-0.00899086957837	1.16830527994e-10	1.9365189801e-05	100.0
0.000596962114047	0.000109924152831	0.000709602170494	0.0667800685366	0.020527706313	0.0628024301036	1.16830527994e-10	1.9365189801e-05	100.0
0.000270033350261	0.000329685472956	0.00076384266591	0.0336139394908	0.0491275046472	0.0647516974383	1.16830527994e-10	1.9365189801e-05	100.0
0.000288365764935	-0.00043520792452	-0.000456266048284	0.0199637089658	-0.058443746127	-0.0278344615402	1.16830527994e-10	1.9365189801e-05	100.0
-0.000339134756067	6.45011594614e-05	0.000875217643522	-0.0373335447343	0.00666242572836	0.0841334506192	1.1545097487e-10	1.9136522615e-05	100.0
0.000116917215748	0.00022246196561	-5.48088973368e-06	0.0226089067019	0.0416683579629	-0.00724617096943	1.1545097487e-10	1.9136522615e-05	100.0
-0.000108672690907	4.88620664652e-05	-0.000702802622578	-0.0107774372755	0.0054792235694	-0.057978183477	1.1545097487e-10	1.9136522615e-05	100.0
-0.000299196595503	0.000126186818714	6.41462931705e-05	-0.016612458099	0.010314616755	0.0295697393026	1.1545097487e-10	1.9136522615e-05	100.0
-0.000194918860981	-0.000236683610197	-0.00016373550248	-0.0383917512613	-0.0483235837603	-0.0213522827015	1.1545097487e-10	1.9136522615e-05	100.0
-0.00037196858929	-0.000241310271129	0.00180098339588	-0.0478033355087	-0.0304487392069	0.216847318166	1.1545097487e-10	1.9136522615e-05	100.0
0.000323765334663	6.4085024283e-05	-0.000897931135059	0.0368563390016	0.0114044346547	-0.0863035343607	1.1545097487e-10	1.9136522615e-05	100.0
-5.92186887597e-05	-0.00138449857829	-0.00149833432362	-0.0108754922017	-0.175646301912	-0.174577475989	1.1545097487e-10	1.9136522615e-05	100.0
-3.13086683192e-05	-0.000168386255614	2.07717024712e-05	-0.00351053933979	-0.0326673404228	0.00263511287234	1.13604882146e-10	1.8830524374e-05	100.0
0.00012145470503	0.0004185889863	0.00169402195128	0.0164326799958	0.053922857892	0.20066344809	1.13604882146e-10	1.8830524374e-05	100.0
-5.69353780909e-05	5.14169639308e-05	0.000292822640998	-0.0234048918484	0.0110774989341	0.0450628522023	1.13604882146e-10	1.8830524374e-05	100.0
-0.000106129885524	-0.000714348201281	0.0012561054989	-0.01659047345	-0.0917776061598	0.135583051567	1.13141963419e-10	1.8753793496e-05	100.0
-0.000399884238292	-0.000312112986712	0.00052815332647	-0.0446560588022	-0.053388665792	0.0309989932706	1.12678541793e-10	1.867697926e-05	100.0
2.13873441836e-05	0.000861712164998	-0.00109439295248	0.00863750259937	0.110876962636	-0.111182571753	1.12678541793e-10	1.867697926e-05	100.0
-2.55733014775e-05	0.000811027441716	-0.00170787452258	-0.000715512192048	0.104161578531	-0.20255872517	1.12678541793e-10	1.867697926e-05	100.0
-0.000227319633922	0.00107872695036	-0.000732356299775	-0.0127230232772	0.133227478597	-0.0613131919756	1.12678541793e-10	1.867697926e-05	100.0
0.000476532493994	-9.11140142398e-05	0.000571396158594	0.0492938075481	-0.00677024274352	0.0443267007438	2.18316343722e-10	3.618692396e-05	100.0
-2.00272981499e-05	-0.000323060916889	0.000130036527519	-0.0199941402254	-0.0562472953361	0.0130091201678	1.12678541793e-10	1.867697926e-05	100.0
0.000388032681557	0.000114776808812	-0.000481686927099	0.0404557173864	0.0238004134403	-0.0292622515329	1.12678541793e-10	1.867697926e-05	100.0
0.000520313292547	-0.000250778491462	-0.00106421905108	0.0604235365762	-0.030605157624	-0.113307236049	1.12678541793e-10	1.867697926e-05	100.0
0.000206601385136	-0.000878483938408	-0.00067296034134	0.00905289515355	-0.11333770258	-0.0520119794227	1.12678541793e-10	1.867697926e-05	100.0
0.000134607874623	0.000919914068336	-0.00162897277501	0.0193289462583	0.117640422288	-0.1915987528	1.12214466399e-10	1.8600056659e-05	100.0
3.51072701331e-05	9.71399524739e-05	0.00161240448271	0.00539215234268	0.0123239283852	0.188250549557	1.11749737235e-10	1.8523025693e-05	100.0
-0.000391593906383	-0.000329651390339	-0.00145164028682	-0.0492886180559	-0.0430956681047	-0.165685971235	1.11749737235e-10	1.8523025693e-05	100.0
-9.96252734231e-05	-0.000745662570249	-0.00143107166451	-0.0152424905084	-0.0957105540874	-0.162457079292	1.11749737235e-10	1.8523025693e-05	100.0
-0.00017134448435	-0.00132401010658	0.00122734219265	-0.0257036659245	-0.165980262843	0.133114426399	1.10818317601e-10	1.8368638665e-05	100.0
-6.26885279892e-05	-4.06949527558e-05	-0.000116064706735	-0.00513650301915	-0.00876947786851	-0.0161418101274	1.10818317601e-10	1.8368638665e-05	100.0
-0.000134832714207	-0.000432656909742	0.0012680184567	-0.0188554423549	-0.0562395928808	0.137557126265	1.10818317601e-10	1.8368638665e-05	100.0
0.000187790069328	-1.90655116263e-05	-1.83149115858e-05	0.0186103253133	0.00468606875994	-0.00245210930741	1.10818317601e-10	1.8368638665e-05	100.0
-0.000307508906656	-6.03016873629e-06	-8.0618571692e-05	-0.0188462776819	-0.0121024954585	-0.0292293221429	1.09883981151e-10	1.8213768162e-05	100.0
0.000431824659714	0.000624613450658	0.00140658933329	0.0551828887442	0.0810701193551	0.158276266541	1.09883981151e-10	1.8213768162e-05	100.0
-3.54091658405e-05	0.000244097451134	-0.000323168663363	-0.0159724144515	0.0457597357144	-0.0432063091181	1.09883981151e-10	1.8213768162e-05	100.0
0.000259560464633	0.000178887214355	-0.000106111656808	0.0163100892301	0.0427535059125	-0.0348886947428	1.09883981151e-10	1.8213768162e-05	100.0
0.000151073209212	-0.000242211150957	4.81891110312e-05	-0.00378881886586	-0.0337644346552	0.0303098747182	1.09883981151e-10	1.8213768162e-05	100.0
-0.00069753956391	0.000212503511943	0.00120073588521	-0.0836224701022	0.0258590042857	0.133211855858	1.08946627306e-10	1.8058397511e-05	100.0
-0.000570236671784	-0.00123011517175	-0.000926166818295	-0.0696530363241	-0.150442158363	-0.0834712771437	1.08946627306e-10	1.8058397511e-05	100.0
3.83979037484e-06	-0.00142011836763	0.00114582674665	-0.0059269616834	-0.177028994291	0.122169193829	1.08946627306e-10	1.8058397511e-05	100.0
0.000160834355171	0.00112373019525	-0.00107510334945	0.0253561764885	0.141366625796	-0.108227224165	1.08946627306e-10	1.8058397511e-05	100.0
-0.00022325281087	-7.97783300936e-05	-9.58430848308e-05	-0.0122985144627	-0.0235394435697	-0.0345888402311	1.08476667991e-10	1.7980499624e-05	100.0
-0.000294694203057	-0.000231936022543	0.00150529336284	-0.0374797249427	-0.0317875446813	0.173951588344	1.08476667991e-10	1.7980499624e-05	100.0
0.00018108712437	0.000193009730967	-0.000149633781392	0.00803339384292	0.0435877730046	-0.0377670030969	1.08476667991e-10	1.7980499624e-05	100.0
0.000411124445583	-0.000543623799667	0.00121008661255	0.0464295724017	-0.0694826292894	0.132770789105	1.08476667991e-10	1.7980499624e-05	100.0
0.000167842521204	0.000250612473778	-0.00142383291235	0.0223638905894	0.0324220572404	-0.161920573108	1.08005853747e-10	1.7902460028e-05	100.0
0.000508027513135	0.000110536819319	0.00119373108096	0.0618034606523	0.0161673537141	0.129366739562	1.07534184574e-10	1.7824278723e-05	100.0
0.000784909555534	0.000939288156125	0.000926415100038	0.0929660454188	0.120460260766	0.0852490665867	1.07061559893e-10	1.7745939039e-05	100.0
-0.000540886930345	0.000119592712839	-0.00128162194457	-0.0650239041488	0.0131622870001	-0.143481686806	1.07061559893e-10	1.7745939039e-05	100.0
0.000743888108696	0.000191248460517	-0.000837074467063	0.0861690115638	0.0298537318827	-0.0803487978729	1.07061559893e-10	1.7745939039e-05	100.0
-0.000541313763913	0.000468489433152	-0.00125683336407	-0.0643862494334	0.0591283654833	-0.141055080548	1.06113393715e-10	1.7588776196e-05	100.0
9.49365179233e-05	4.24977141336e-05	0.000308640448597	0.0306659673175	0.00565539591344	0.0445064793136	1.06113393715e-10	1.7588776196e-05	100.0
2.32045138073e-05	0.000163211080477	-0.000133079195719	0.0117447154018	0.0246650274482	-0.0438752345947	1.06113393715e-10	1.7588776196e-05	100.0
-0.000364750026151	7.52278601316e-05	-0.000829179244728	-0.0401492332303	0.00719437043555	-0.077632695909	1.05637801928e-10	1.75099447e-05	100.0
0.000223614792948	-0.000577417062702	-0.0015263753353	0.0254056187032	-0.0734215944334	-0.177398368389	1.05637801928e-10	1.75099447e-05	100.0
-3.57974960482e-05	0.000189712410018	-2.41760985058e-05	0.000691030127556	0.03683651614	-0.00043555762124	1.05161103763e-10	1.7430929818e-05	100.0
-0.00036066451006	-0.000181340288014	-3.30743381797e-05	-0.028253736249	-0.0441956929458	-0.0276753660983	1.04204388299e-10	1.7272349891e-05	100.0
0.000111417419312	-0.000393251003117	-0.000240255499031	0.0170567775302	-0.073356071863	-0.0248959890095	1.04204388299e-10	1.7272349891e-05	100.0
-0.000331173918293	0.000441920876739	0.000313310536431	-0.0213995887063	0.0578176780714	0.0101310218874	1.04204388299e-10	1.7272349891e-05	100.0
-0.000240585934195	0.000752215873418	0.000635133180529	-0.0137672315351	0.0966430254319	0.0474829726794	1.04204388299e-10	1.7272349891e-05	100.0
-0.000519147390585	-2.5007026459e-05	0.00189686249485	-0.0652691629304	-0.00399862601342	0.229947998217	1.04204388299e-10	1.7272349891e-05	100.0
-0.000468048383806	-0.00034663760527	0.00115733903377	-0.0576524853856	-0.0467499904082	0.12299331747	1.04204388299e-10	1.7272349891e-05	100.0
0.000324267314722	0.00134840724581	0.00093860875461	0.0452577547142	0.163292083253	0.0867076479932	1.04204388299e-10	1.7272349891e-05	100.0
0.000269498444131	-0.000120435493819	0.00125570813128	0.0320590264097	-0.0148022088846	0.138927421092	1.04204388299e-10	1.7272349891e-05	100.0
5.03554698202e-05	0.000196707550337	0.000420137428895	0.00950538322513	0.0316219130874	0.0185941810488	1.04204388299e-10	1.7272349891e-05	100.0
-0.000331348401558	2.51956037433e-05	-0.00150646476956	-0.0405506822467	0.0027774068306	-0.174028362385	1.04204388299e-10	1.7272349891e-05	100.0
-0.000519163210222	9.99802648795e-05	-0.000723481894318	-0.0569660270194	0.00906146341341	-0.0653433977437	1.04204388299e-10	1.7272349891e-05	100.0
0.00030789189569	-0.000361073967071	0.00150869752961	0.036736398893	-0.046646919032	0.174814480946	1.04204388299e-10	1.7272349891e-05	100.0
0.000193795732061	-0.000469614972595	-0.000825750539443	0.0154089896728	-0.061445303733	-0.0749095720072	1.04204388299e-10	1.7272349891e-05	100.0
-0.000465575395225	-0.000643121858585	0.000850927418581	-0.05587052436	-0.0883445209256	0.0714609368474	1.03242895291e-10	1.7112978065e-05	100.0
0.000403442058183	0.000979495031609	0.00128281573556	0.0521716211267	0.124147572283	0.138176775182	1.03242895291e-10	1.7112978065e-05	100.0
-0.000124061712611	0.000692643979524	0.00113170265718	-0.0098135990126	0.0893283272791	0.118461674164	1.03242895291e-10	1.7112978065e-05	100.0
0.000566359424466	0.00107353466776	0.0012326685827	0.0710611789385	0.135842852437	0.13152256363	1.03242895291e-10	1.7112978065e-05	100.0
0.000110648619479	-0.000899335757591	0.00186311595456	0.0122476863749	-0.115372081075	0.224987523793	1.03242895291e-10	1.7112978065e-05	100.0
0.000303425858875	0.000755197701086	0.00124732839102	0.0396945149218	0.0982425749069	0.134109671114	1.03242895291e-10	1.7112978065e-05	100.0
-0.000157921166334	-0.00029725276416	0.00186502239915	-0.0204056001473	-0.0387225717822	0.225007104409	1.03242895291e-10	1.7112978065e-05	100.0
-0.000223739745769	2.53319599528e-06	-0.000262497282637	-0.0386824089244	-0.00369231881038	-0.030378345965	1.02760313206e-10	1.7032987896e-05	100.0
0.000409438499561	-0.000421337715965	-0.000390560273616	0.0333862064894	-0.0538851019879	-0.0215598588244	1.02760313206e-10	1.7032987896e-05	100.0
0.000215172997312	0.000950299044932	0.00152858869261	0.0291942312289	0.121005225828	0.17507539148	1.02276373292e-10	1.6952772661e-05	100.0
-0.000480210053899	0.000755471593955	0.00175381757716	-0.0592233893447	0.0975245174594	0.210818878614	1.02276373292e-10	1.6952772661e-05	100.0
6.55489706379e-05	-0.000127627376577	-0.0014945537176	0.00796364949837	-0.0160250458231	-0.172064825021	1.01791075551e-10	1.687233236e-05	100.0
-6.32394208717e-05	-0.000194992379674	7.2225541122e-05	-0.0167432985044	-0.0355945060262	0.0125469276783	1.01791075551e-10	1.687233236e-05	100.0
0.00029062714263	0.000132553565069	8.92458884911e-05	0.0190037845922	0.0340770624534	0.0326355814942	1.01791075551e-10	1.687233236e-05	100.0
0.000809171554873	0.000974172003038	-0.00103158740581	0.0966665482229	0.12402670352	-0.102222081078	1.01791075551e-10	1.687233236e-05	100.0
-0.000311182574098	-0.00100024440756	-0.00129097357413	-0.0408370324573	-0.126488316908	-0.140664934245	1.01791075551e-10	1.687233236e-05	100.0
-0.00022796662412	0.00038323847586	7.04042583074e-05	-0.00329392917494	0.0526704324793	-0.0180967115998	1.01304369691e-10	1.6791658657e-05	100.0
-0.000696989609358	-0.000319700388396	0.00182938514492	-0.0881251174977	-0.0414690567742	0.220579171615	1.01304369691e-10	1.6791658657e-05	100.0
0.000134147216736	-0.000544513060746	0.000145873615085	0.0133599886527	-0.0946385035076	0.0126521576868	1.01304369691e-10	1.6791658657e-05	100.0
7.57024239049e-05	0.00011479180442	-5.37141334519e-05	0.01204871248	0.0198537482388	-0.00420786153416	1.01304369691e-10	1.6791658657e-05	100.0
0.000243028013847	0.00103887898185	-0.00181688685279	0.0324765558761	0.133669635615	-0.217635150791	1.01304369691e-10	1.6791658657e-05	100.0
-0.000585721763592	0.000537850234315	-0.000733263741567	-0.0617526331524	0.0677628585691	-0.0688878050929	1.01304369691e-10	1.6791658657e-05	100.0
-0.000484778495387	0.000389472476135	-0.000495424220146	-0.045627361732	0.0485067568399	-0.0361809956723	1.01304369691e-10	1.6791658657e-05	100.0
1.41417578312e-05	0.000138515086786	2.22836403506e-05	-0.00312527553514	0.023915586597	-0.00661335999796	1.01304369691e-10	1.6791658657e-05	100.0
0.000754346162161	0.000676419708693	0.00107374192526	0.0905270695422	0.0889894634366	0.109531609114	1.01304369691e-10	1.6791658657e-05	100.0
0.000125098517382	-0.000295838495033	0.00135567132862	0.0136277705202	-0.0382545742324	0.152730129995	1.01304369691e-10	1.6791658657e-05	100.0
-9.11559675027e-07	0.00014961970059	1.99065078738e-05	0.000596193272807	0.0258458086647	0.00541015736931	1.01304369691e-10	1.6791658657e-05	100.0
0.000297051004129	-0.000358486341838	-9.71876301445e-05	0.0140080737736	-0.0480924902744	0.0138590992566	1.01304369691e-10	1.6791658657e-05	100.0
0.000524353477853	-5.56071922861e-05	-0.000495242441883	0.0538141555161	-0.000751799974131	-0.0348876795566	1.01304369691e-10	1.6791658657e-05	100.0
-9.57566312406e-05	-0.000898210435892	-0.00136615453906	-0.0153198242106	-0.114416491648	-0.151229566331	1.01304369691e-10	1.6791658657e-05	100.0
-0.000609162205616	-0.000588514503275	-0.000940341500997	-0.0722832042816	-0.0800310635722	-0.0883733682722	1.00816205424e-10	1.6710743216e-05	100.0
0.000278094607285	7.82478602685e-05	0.00201142403165	0.0352078913142	0.0106551187677	0.246120779019	1.00816205424e-10	1.6710743216e-05	100.0
0.000633315521897	0.00106305201101	-0.000914526419125	0.0762787741052	0.132522683483	-0.0803055269772	1.00816205424e-10	1.6710743216e-05	100.0
4.83203647029e-05	0.000552005351638	-0.0013953731564	0.00888791255568	0.0713959975604	-0.158099480565	1.00816205424e-10	1.6710743216e-05	100.0
-0.000425845469337	2.30744036138e-05	0.00163611309957	-0.0528265407758	0.00250054546765	0.193405787658	1.0032658275e-10	1.6629586037e-05	100.0
-5.7672446418e-05	-0.000208519960619	-9.9447335476e-06	-0.00767453246567	-0.0421497610253	0.00344358222392	1.0032658275e-10	1.6629586037e-05	100.0
0.000102053302581	0.000167035826928	1.6640342189e-05	0.0210588851291	0.0313554349247	0.00876552209868	1.0032658275e-10	1.6629586037e-05	100.0
-0.000303767015188	0.000871013433014	-0.000587141623754	-0.0187627744277	0.11025288721	-0.0428298825773	1.0032658275e-10	1.6629586037e-05	100.0
-0.000200158763971	-0.000636292966662	0.00121683956268	-0.027976432148	-0.081752955369	0.130049227394	9.98353507973e-11	1.6548162113e-05	100.0
-9.15850775408e-05	-0.000125406256775	-0.00205373242956	-0.0115805792541	-0.0162334285971	-0.251417485923	9.98353507973e-11	1.6548162113e-05	100.0
-0.000417992569636	-7.33202105062e-05	-0.000511105105769	-0.043224415095	-0.0173178950845	-0.0343268414662	9.98353507973e-11	1.6548162113e-05	100.0
0.00063441695883	-3.91542977537e-05	-0.00158730388901	0.0785448066166	-0.00410441551276	-0.186602223363	9.98353507973e-11	1.6548162113e-05	100.0
-0.000319570118982	-0.00121834233159	-0.00132838596251	-0.042965645939	-0.153581240243	-0.146368961349	9.98353507973e-11	1.6548162113e-05	100.0
-0.000472013120465	-0.000393960899873	0.0012650053465	-0.0578529950234	-0.052866449456	0.137760110277	9.93425095677e-11	1.6466471445e-05	100.0
0.000528502088499	0.000895050793594	0.000923907127109	0.0642105879836	0.116246423224	0.0812562832626	9.93425095677e-11	1.6466471445e-05	100.0
-0.000773900237672	-0.000768748838683	-0.000946126846109	-0.0908880414309	-0.101937642284	-0.0889762140484	9.83517478262e-11	1.6302248193e-05	100.0
-0.000541468320184	0.000763474061132	-0.000932474125984	-0.0588244530504	0.0969035394657	-0.0949586691561	9.83517478262e-11	1.6302248193e-05	100.0
-0.000155847282304	0.000438647368147	2.55117190782e-05	0.0108048141106	0.0631618564505	0.0287161231273	9.83517478262e-11	1.6302248193e-05	100.0
0.000380893383819	0.000159801726075	-1.29109508468e-05	0.029721947257	0.0399270610832	-0.0257557607295	9.83517478262e-11	1.6302248193e-05	100.0
0.000541734245687	0.000136418231326	0.00182938213351	0.0683487858713	0.0174525988894	0.22021911881	9.83517478262e-11	1.6302248193e-05	100.0
-2.31400435996e-05	-0.000355932520429	0.000201246630772	-0.0334411568682	-0.0581731630389	0.040893225952	9.83517478262e-11	1.6302248193e-05	100.0
0.000463476102718	0.000124503831685	-0.00176107933681	0.0588219890931	0.0165072046123	-0.210669430409	9.83517478262e-11	1.6302248193e-05	100.0
0.00019213616245	-0.000612720575561	-0.00155321805219	0.0217892807551	-0.0782136333579	-0.179765670687	9.83517478262e-11	1.6302248193e-05	100.0
-0.000818405853954	-0.00106659276822	-0.0013657862399	-0.102198733024	-0.134290561383	-0.153803279851	9.83517478262e-11	1.6302248193e-05	100.0
-0.000497093938303	-0.000781085655653	-0.00103777929641	-0.0616127649478	-0.101120943343	-0.100353790308	9.7353794626e-11	1.6136832925e-05	100.0
0.000732087560321	0.000329280883461	-0.000862679886192	0.0860097933459	0.0474511652913	-0.0819663465493	9.7353794626e-11	1.6136832925e-05	100.0
0.000365426746458	0.000390369021716	-0.00155501734511	0.0459544396221	0.0507354800381	-0.180782932362	9.7353794626e-11	1.6136832925e-05	100.0
-0.000514779308259	-9.06783688399e-05	0.000230155126499	-0.0490494029093	-0.0256152993794	0.00107692045046	9.68520017903e-11	1.6053658487e-05	100.0
0.000240006120067	-0.000313321935872	-0.000264916393539	0.0349388077528	-0.0496880591736	-0.0319339589512	9.68520017903e-11	1.6053658487e-05	100.0
-0.000244411342701	0.000988826892307	-0.0013675369102	-0.0257713683445	0.125624426907	-0.155107118357	9.68520017903e-11	1.6053658487e-05	100.0
-0.000750408270417	-0.000254355891999	-0.00128054167826	-0.0918794927727	-0.034195947753	-0.142752278659	9.68520017903e-11	1.6053658487e-05	100.0
-0.000661481513159	-0.000183747569771	-0.000353694515058	-0.0679216260362	-0.0375168792427	-0.0158360946681	9.68520017903e-11	1.6053658487e-05	100.0
-0.000240463381121	-0.00117227168949	0.00151310624243	-0.0331018926455	-0.149562225669	0.173839054181	9.68520017903e-11	1.6053658487e-05	100.0
0.000366666531899	0.000672522836784	-0.00169585114429	0.0469714335116	0.0872844541068	-0.200179213268	9.68520017903e-11	1.6053658487e-05	100.0
0.000223700908304	-6.98454931551e-05	-0.00122226277108	0.0260651598174	-0.00792046320186	-0.132607899552	9.68520017903e-11	1.6053658487e-05	100.0
-0.000293104872762	-0.000574775264325	-0.000884658959855	-0.038891261019	-0.0781111446338	-0.0786056442602	9.63481973578e-11	1.5970150618e-05	100.0
-0.000679728233525	-0.000952838614434	0.00198299753093	-0.0875694307969	-0.122408933198	0.242786096085	9.53343525424e-11	1.5802101242e-05	100.0
-0.000268517272612	0.000662612495346	-0.00201886345799	-0.0331058840913	0.0861093428235	-0.247675931887	9.53343525424e-11	1.5802101242e-05	100.0
-4.54038953016e-06	-1.94039169864e-05	0.000307245660884	0.0181996156937	-0.00775602570885	0.0489291849273	9.53343525424e-11	1.5802101242e-05	100.0
0.000428519429174	-0.000122444401075	8.92045575352e-05	0.0341965681479	-0.00864782131833	-0.0129327739168	9.53343525424e-11	1.5802101242e-05	100.0
0.000849642160315	0.00025947715082	0.00103958442017	0.101593856798	0.0368711143148	0.109238120793	9.53343525424e-11	1.5802101242e-05	100.0
0.000508665200366	-0.000400907675573	0.00053705256726	0.049556085992	-0.0492477088609	0.0413372709096	9.53343525424e-11	1.5802101242e-05	100.0
0.000324534171401	-0.000415771440215	0.00138616288627	0.0376399310117	-0.0520880125822	0.156695484578	9.53343525424e-11	1.5802101242e-05	100.0
-7.66305535992e-05	-8.98726700593e-05	-1.02990376293e-05	-0.0183374351196	-0.0131095379478	0.00500271798594	9.53343525424e-11	1.5802101242e-05	100.0
0.00077300530321	0.000641154491619	-0.000892941034087	0.0897876631368	0.0869615230628	-0.0822613623029	9.53343525424e-11	1.5802101242e-05	100.0
9.6834076623e-05	-0.000342964160626	0.000605042958523	0.0048896596464	-0.0484170327976	0.0447060913075	9.4311606411e-11	1.5632576433e-05	100.0
-0.000337397533273	-0.000584426266837	-0.00152878579956	-0.0431354010304	-0.0749331684102	-0.176376664514	9.4311606411e-11	1.5632576433e-05	100.0
0.000330083479972	0.000620402938482	0.00212723498851	0.0428757745718	0.0799344586757	0.262558705838	9.4311606411e-11	1.5632576433e-05	100.0
0.000230596662617	-0.000220788917953	0.00192958242714	0.0285865779084	-0.0284284970464	0.233615528553	9.4311606411e-11	1.5632576433e-05	100.0
6.00929276235e-05	0.000827971949136	-0.00188740111747	0.00911030395613	0.105591683213	-0.228911646511	9.4311606411e-11	1.5632576433e-05	100.0
0.000119243905087	4.07198114492e-05	-0.00175138247927	0.015055359288	0.00487220295838	-0.209091472517	9.4311606411e-11	1.5632576433e-05	100.0
-0.000420807938144	-0.00103399911627	0.00130211958044	-0.0544054451167	-0.131283611528	0.142045563289	9.32793554844e-11	1.5461476161e-05	100.0
9.36806731568e-05	0.000405726470517	-0.000700960394619	0.0172971201592	0.0574086636883	-0.0548386401598	9.32793554844e-11	1.5461476161e-05	100.0
0.000238101658094	0.000126834190127	0.000323739227713	0.0469119713626	0.0253598272969	0.0402626379808	9.32793554844e-11	1.5461476161e-05	100.0
-0.000275007508546	-0.000819395122714	0.00136466106613	-0.0363322089962	-0.104634044982	0.15008354092	9.32793554844e-11	1.5461476161e-05	100.0
8.45802024306e-05	-3.27176422385e-05	0.000288350165107	-0.0119906981069	0.000790205964159	0.0413993086862	9.32793554844e-11	1.5461476161e-05	100.0
-0.000831620783624	-0.000269348750289	-0.00227605456914	-0.107461292984	-0.0343487299787	-0.284266454874	9.22367951239e-11	1.5288667054e-05	100.0
-8.41741210425e-05	0.000263497925496	-0.0021889594597	-0.0099027876503	0.0337363193605	-0.270699442043	9.22367951239e-11	1.5288667054e-05	100.0
-0.000247551974796	-9.80640603262e-05	-4.43447861615e-05	-0.0182446959754	-0.0257996706165	0.0234401302917	9.22367951239e-11	1.5288667054e-05	100.0
3.45809381757e-05	0.000499018554213	-0.00181053841497	0.00564128173223	0.0639674974687	-0.216236193852	9.22367951239e-11	1.5288667054e-05	100.0
-2.13459744892e-05	0.000413380165872	0.000222004915502	0.0308406478855	0.0642347573229	0.0435968875625	9.22367951239e-11	1.5288667054e-05	100.0
-0.000103808263328	-0.00102925740667	0.000973023576264	-0.0206404165197	-0.128781101611	0.0909985166039	9.22367951239e-11	1.5288667054e-05	100.0
0.000530205601195	0.00113525588182	-0.00138526882602	0.0676187393045	0.144362961052	-0.154602145058	9.22367951239e-11	1.5288667054e-05	100.0
-0.000493400670749	-0.000290181719993	-0.00212380488728	-0.063932322527	-0.0373096460771	-0.262395324532	9.22367951239e-11	1.5288667054e-05	100.0
0.000780295416865	0.00023850938361	-0.00100827031524	0.0923565967659	0.0349375811878	-0.103950674443	9.22367951239e-11	1.5288667054e-05	100.0
0.000663688396007	-0.000284880407479	-0.00114932959423	0.0784539214497	-0.0344998773384	-0.125800613582	9.22367951239e-11	1.5288667054e-05	100.0
-4.73747858338e-05	0.00054459139255	0.00119146625908	-0.00268224262773	0.0705639210677	0.126074793853	9.11831709807e-11	1.5114024074e-05	100.0
5.38699145101e-05	0.000144987398246	0.000147828193166	0.000635933317249	0.0285115582796	0.0438038248563	9.11831709807e-11	1.5114024074e-05	100.0
0.000129605088751	-0.000150581328074	0.00030762693744	0.0163710007487	-0.0225125261964	0.0356664988936	9.11831709807e-11	1.5114024074e-05	100.0
