# x[AU] y[AU] z[AU] vx[AU/yr/2pi] vy[AU/yr/2pi] vz[AU/yr/2pi] m[MSUN] m[mtot] wf[%]
2.43790165076e-05	4.82316617779e-05	8.7203358691e-08	0.00341926009399	0.00603163855129	2.64972390821e-05	6.69812454953e-08	0.910232915085	10.4088205311
-0.000250554052596	-0.00049329312229	-1.45053298719e-07	-0.0355167356644	-0.0621727802201	-3.42482930053e-05	6.5017979366e-09	0.088355336564	18.4655253541
-0.000197808788458	-0.000359130211096	2.12224066883e-05	-0.0283813604078	-0.0465645084785	0.00281163132222	4.27694559133e-12	5.812099528e-05	0.0
-0.000130468958217	-0.000166301050122	1.8469232784e-05	-0.0167537947923	-0.0131259682173	0.00208867239228	5.72767353795e-12	7.7835473835e-05	25.4036351817
-0.000168513481202	-0.000325353704556	-5.0141257058e-05	-0.0221425438371	-0.0401863385574	-0.00686744631876	1.4604580406e-12	1.98467044e-05	100.0
-0.000289730842432	-0.000366333577193	-9.96392571515e-06	-0.0361040057167	-0.0473151319424	-0.00020775329459	1.45735062636e-12	1.9804476598e-05	100.0
-0.000138765517376	-0.000244282562265	1.83970589362e-05	-0.018681000591	-0.0261059524081	-0.000928543970584	1.45646803824e-12	1.9792482782e-05	100.0
-0.000211839432003	-0.000314466482617	-2.10921063217e-05	-0.0265764105774	-0.0389258474433	-0.00260576900531	1.45646803824e-12	1.9792482782e-05	100.0
-0.000179295361989	-0.000546580336367	8.32040283846e-05	-0.0272630077799	-0.0676883726468	0.00621478119868	1.45558746172e-12	1.9780516302e-05	100.0
-0.000174342905283	-0.000301669731961	-0.000147621290187	-0.0241071821085	-0.0360787398003	-0.0148900596801	1.4551479278e-12	1.9774543313e-05	100.0
-0.000179364850926	-0.000199016659974	-2.45416099836e-06	-0.0217088652355	-0.0199881233784	0.00162691105645	1.4541265395e-12	1.976066329e-05	100.0
-0.000236122509416	-0.00032900070557	3.62194225576e-05	-0.0308548923655	-0.041259709307	0.00157462007744	1.45383234346e-12	1.9756665351e-05	100.0
-0.000165178513614	-0.000414925867939	-0.00027334333383	-0.0237813699893	-0.0525166323681	-0.0324443626603	1.45383234346e-12	1.9756665351e-05	100.0
-0.00013966847226	-0.000256405270687	-0.000136355190883	-0.0194264479489	-0.0289268099176	-0.0131177315122	1.45383234346e-12	1.9756665351e-05	100.0
-0.000182117313866	-0.000230559798884	-4.14792446354e-05	-0.0226757757629	-0.0250783842385	-0.00212019652804	1.45148229543e-12	1.9724729679e-05	100.0
-0.000164424984733	-0.000186555184398	-0.000174322545642	-0.0217069422345	-0.0198919208654	-0.0170382482512	1.44991526148e-12	1.9703434675e-05	100.0
-0.000176376291859	-0.000215123890991	-0.000144531297122	-0.0232416527691	-0.0234575146783	-0.0140139281534	1.44991526148e-12	1.9703434675e-05	100.0
-0.000325103418046	-0.000295948520549	7.14805244417e-05	-0.0419371049822	-0.0361994839949	0.00701194320471	1.44861878731e-12	1.9685816408e-05	100.0
-0.000363069619246	-0.000656144542664	7.0752909199e-05	-0.0485410470364	-0.0835937148697	0.00802720002401	1.44775681806e-12	1.967410279e-05	100.0
-8.31237784189e-05	-0.000191468587774	9.39350411222e-06	-0.0126475811991	-0.0162298802074	-0.00164026338615	1.44773519339e-12	1.9673808924e-05	100.0
-0.000213674083792	-0.000678770599908	-8.73730828777e-05	-0.0302925681413	-0.0858073984683	-0.00964689375842	1.4468968604e-12	1.9662416507e-05	100.0
-7.23388190779e-05	-0.000191000071179	-9.70916993941e-06	-0.0119109819351	-0.0158293489787	-0.00232255678767	1.44653728746e-12	1.9657530137e-05	100.0
-0.00028819610766	-0.000800368909261	4.32984119813e-05	-0.0397840285791	-0.10320454463	0.00532937393191	1.44653728746e-12	1.9657530137e-05	100.0
-8.99219258005e-05	-0.000275896423698	-6.59400665601e-05	-0.0141644203251	-0.0306881770129	-0.00453007512516	1.44614351738e-12	1.965217905e-05	100.0
-0.000159990617721	-0.00062292643827	-8.57529807074e-05	-0.0243203340841	-0.0779558636626	-0.00858456599109	1.44614351738e-12	1.965217905e-05	100.0
-0.000200108621071	-0.000275940545068	0.000134247520055	-0.0269348616251	-0.0324973234086	0.0133122014619	1.44561094711e-12	1.9644941756e-05	100.0
-0.000167342879092	-0.000168512728704	0.00010282474461	-0.0208186537461	-0.0157665946428	0.00835343755307	1.44561094711e-12	1.9644941756e-05	100.0
-0.000149389935568	-0.000155902303301	-7.78074068871e-06	-0.0167134728079	-0.0122590117183	-0.00284299818272	1.44432905701e-12	1.9627521677e-05	100.0
-0.000134014506932	-0.000150983566446	-1.75463127838e-05	-0.0141310992426	-0.0110644930114	-0.00296036641246	1.44432905701e-12	1.9627521677e-05	100.0
-0.000214322367858	-0.00059828806431	-0.000158940163739	-0.0302849845012	-0.0757794633379	-0.0178509394055	1.44432905701e-12	1.9627521677e-05	100.0
-6.75183389091e-05	-0.000203503217783	0.000128624983551	-0.0106717424822	-0.0201575143312	0.0109356471487	1.4442108757e-12	1.9625915668e-05	100.0
-0.000126982501516	-0.000136579592921	0.000103915406652	-0.015575587512	-0.0106430221673	0.0065713146473	1.4442108757e-12	1.9625915668e-05	100.0
-0.000129861623873	-0.00059663361643	0.000186878425683	-0.0198915394261	-0.0762285255746	0.0216003403229	1.4442108757e-12	1.9625915668e-05	100.0
-6.08482564939e-05	-0.000195318845451	-4.06571186832e-05	-0.0101058930142	-0.0169972659796	-0.000807990356034	1.44345451528e-12	1.9615637206e-05	100.0
-0.000134618536071	-0.000244117699063	-0.000104768657118	-0.0187620703223	-0.0269815891495	-0.00877274681426	1.44345451528e-12	1.9615637206e-05	100.0
-0.000129934060739	-0.000835519153415	-3.23139557935e-05	-0.0196019806778	-0.108047669832	-0.00350610947496	1.44345451528e-12	1.9615637206e-05	100.0
-8.22778918403e-05	-0.000259933435202	-1.75187023354e-05	-0.013843488479	-0.0277105733909	-0.00434341671298	1.44233657033e-12	1.9600445039e-05	100.0
-6.59329872153e-05	-0.000418020381917	0.000242178127459	-0.011295440893	-0.0524808533378	0.0284437387127	1.4419679452e-12	1.9595435656e-05	100.0
-0.000212069092725	-0.000326827538669	0.000228251893153	-0.0292092674535	-0.0402897850613	0.0259097345774	1.4417788551e-12	1.959286604e-05	100.0
-0.000277227429595	-0.000185541372929	4.63161660923e-05	-0.0344558821596	-0.0197919542506	0.00330243071051	1.4417788551e-12	1.959286604e-05	100.0
-0.000109010249937	-0.000194949238479	-3.60416461128e-06	-0.0161917483599	-0.0173538189922	0.000454522743734	1.44160183458e-12	1.9590460443e-05	100.0
-0.000336048933422	-0.000387171610324	9.79803636202e-05	-0.0434187286967	-0.0489688332424	0.0101555336166	1.44093247572e-12	1.9581364278e-05	100.0
-0.000413386218063	-0.000527181244292	4.5140020255e-05	-0.053551570594	-0.0668861683223	0.00526059787212	1.44093247572e-12	1.9581364278e-05	100.0
-0.000336573056457	-0.000654265543086	0.000236326065428	-0.0460954776098	-0.084429159527	0.0291380888055	1.44051506937e-12	1.9575691989e-05	100.0
-8.44185594147e-05	-0.000240740736385	-9.49953227041e-05	-0.0129347757736	-0.0255909329906	-0.00734333878122	1.44051506937e-12	1.9575691989e-05	100.0
-7.96503711399e-05	-0.000325077315669	0.000161798806345	-0.0129221338045	-0.0388551109	0.0171207891507	1.44008810794e-12	1.9569889852e-05	100.0
-0.00037617623367	-0.000371838526075	6.86799198205e-05	-0.0484756829137	-0.0467612135232	0.00749124146641	1.44008810794e-12	1.9569889852e-05	100.0
-0.000107118842989	-0.000361486301757	-3.22647821457e-05	-0.0187077970246	-0.0443794850875	-0.00495742872792	1.43979994669e-12	1.9565973922e-05	100.0
-0.000114446998115	-0.000532126601458	0.000143264239549	-0.0184174315296	-0.0675684909283	0.0151022597431	1.43979994669e-12	1.9565973922e-05	100.0
-0.000120282985445	-0.000450897120363	0.000355989576388	-0.0180351913612	-0.0576955927575	0.0438011655245	1.43979994669e-12	1.9565973922e-05	100.0
-2.14577138396e-05	-0.000237264686194	-5.8407875018e-05	-0.00699558383647	-0.0238954917452	-0.00637008855259	1.43979994669e-12	1.9565973922e-05	100.0
-0.000156502470807	-0.000773322008119	9.39465244742e-05	-0.023057582419	-0.0996720059673	0.0107727026252	1.43979994669e-12	1.9565973922e-05	100.0
-0.000171234337923	-0.000350092403601	2.33786317662e-05	-0.0265733052025	-0.0440339659911	0.00379060205491	1.43979994669e-12	1.9565973922e-05	100.0
-0.000187604920028	-0.000722192691945	1.19270049978e-05	-0.0270642085537	-0.0913997930921	0.00150825030753	1.43979994669e-12	1.9565973922e-05	100.0
-0.00018229217177	-0.000233515598107	-3.7599021393e-05	-0.0236139985778	-0.0251738075286	-0.00152854407234	1.4396666784e-12	1.956416289e-05	100.0
-0.000195374479471	-8.81002506809e-05	-4.72298387653e-05	-0.0208074671222	-0.00398661997975	-0.00258373053262	1.43924575176e-12	1.9558442762e-05	100.0
-0.000250794957204	-0.000543493465566	-0.000118370959079	-0.0341948813344	-0.067911658886	-0.0109080383516	1.43924575176e-12	1.9558442762e-05	100.0
-6.03821347586e-05	-0.000217845835683	-2.90466666829e-06	-0.0108704103649	-0.020385687766	-0.00283488903826	1.4390928704e-12	1.9556365201e-05	100.0
-0.000113923497689	-0.000576074536541	-0.000236104087703	-0.0176188541859	-0.0740520722953	-0.0280749964154	1.4390928704e-12	1.9556365201e-05	100.0
-5.48842065785e-05	-0.000258231862868	0.000149735270791	-0.00973066423672	-0.0289522223468	0.0144095429415	1.43874184675e-12	1.9551595011e-05	100.0
-0.000184125577384	-0.000688932590536	3.54240304972e-05	-0.0267541131841	-0.0865244889303	0.00374797563066	1.43874184675e-12	1.9551595011e-05	100.0
-0.000149802351612	-0.000328151209006	-3.04847595381e-06	-0.0234181969982	-0.0400518738821	0.000355339179473	1.43839283469e-12	1.9546852157e-05	100.0
-7.49045458573e-05	-0.000253735384758	-5.98505341574e-05	-0.012289322501	-0.0271443992307	-0.00360515193763	1.43839283469e-12	1.9546852157e-05	100.0
-0.00015414624459	-0.000613499739345	-0.000280586840211	-0.0225528608095	-0.0791842722245	-0.0343050220502	1.43839283469e-12	1.9546852157e-05	100.0
-0.000116756286191	-0.000316111157156	2.69248534498e-05	-0.0189292449343	-0.0374187376644	0.00527592436054	1.43804533134e-12	1.9542129805e-05	100.0
-0.00020969442529	-0.000327310770654	-0.000454376329268	-0.0294033289934	-0.0418049667794	-0.0568174343748	1.43804533134e-12	1.9542129805e-05	100.0
-0.000244260850405	-0.000129066635024	7.13832519944e-05	-0.0292750212043	-0.0114937263463	0.0053232851447	1.43798498343e-12	1.9541309715e-05	100.0
-0.000172611951822	-0.000225443022165	-4.59136748849e-06	-0.0212826208857	-0.024033109455	0.000624082950462	1.43769983958e-12	1.953743479e-05	100.0
-0.000287688480221	-0.000754761139525	-8.00540579285e-05	-0.0397746399415	-0.0968279883637	-0.00932793066214	1.43769983958e-12	1.953743479e-05	100.0
