# x[AU] y[AU] z[AU] vx[AU/yr/2pi] vy[AU/yr/2pi] vz[AU/yr/2pi] m[MSUN] m[mtot] wf[%]
5.49702942191e-05	0.000101600423984	-2.64421799468e-08	0.00764320971274	0.0127681760868	-1.69599769909e-05	5.87997220914e-07	0.9103615895	19.7361634089
-0.000572874304854	-0.00104614147939	9.38657377812e-08	-0.0801766621498	-0.131798848849	1.85627979992e-05	5.58314538515e-08	0.0864405634285	9.07706652429
-0.000332132135906	-0.00034375594033	2.48329983074e-05	-0.0390526319595	-0.029921262732	0.00370050624603	2.07042826897e-10	0.000320552258208	6.10434408971
-0.000451157322341	-0.000750662015338	3.07068964385e-05	-0.0628944499731	-0.096437779917	0.00370475068529	8.95644842517e-11	0.00013866743471	14.259555884
-0.000436287062499	-0.00067884039181	1.43874265323e-05	-0.0594709382187	-0.0848781098352	0.00214627655265	1.79312466369e-10	0.000277618968408	14.8029605101
-0.000366392268684	-0.000369225980434	8.58078803658e-05	-0.0453888963537	-0.0338206653319	0.010481964017	5.07401368892e-11	7.8557976169e-05	24.876664152
-0.000387453054892	-0.000580470051878	-2.1579725095e-06	-0.0509047350835	-0.0678549780865	0.000326926555837	3.96990902553e-11	6.146377163e-05	0.0
-0.000444429719928	-0.00079499509494	-9.6433489297e-06	-0.0620865513539	-0.10405615197	-0.000477615549441	3.93645969011e-11	6.09458952e-05	0.0
-0.00037579005566	-0.000449479623623	4.93371567755e-05	-0.0483403438841	-0.0467483759646	0.00669263524889	3.93163286346e-11	6.0871164275e-05	0.0
-0.000378830909971	-0.000480708688656	-6.03730658868e-06	-0.0482048900147	-0.0520565255877	-0.000311375404991	3.87769189377e-11	6.0036027898e-05	0.0
-0.000351224909774	-0.000385844674686	1.20036365404e-05	-0.0426409818885	-0.0362860295431	0.0024446108665	3.86770984727e-11	5.988148173e-05	0.0
-0.00037899351897	-0.000556963576735	1.09279140468e-05	-0.0490058870618	-0.0649110396781	0.00162059959047	3.8626974508e-11	5.9803877737e-05	0.0
-0.000352511770316	-0.000341338494873	6.82783887244e-05	-0.0430399056265	-0.0297825676439	0.00771845975355	3.85767147606e-11	5.972606352e-05	0.0
-0.000399520520234	-0.000551341992443	-8.55094271472e-05	-0.0536462125729	-0.063473094734	-0.0110583360697	3.84250554446e-11	5.9491258301e-05	0.0
-0.000453475494501	-0.000748840324704	-0.000124643758609	-0.0646247667188	-0.0954131775161	-0.0159705411221	3.81176834451e-11	5.9015372273e-05	0.0
-0.000404588466332	-0.000499331523814	3.2546440902e-05	-0.0527140156069	-0.0550987471919	0.00386069657863	3.81176834451e-11	5.9015372273e-05	0.0
-0.000362229257572	-0.000407456116613	-3.07267586249e-06	-0.0444310809417	-0.039737986792	0.000348289283723	3.80139805981e-11	5.8854815241e-05	0.0
-0.000416131841695	-0.000627731697474	0.00015225694584	-0.0576785318098	-0.0754338045411	0.0209492504809	3.76989192696e-11	5.8367024276e-05	0.0
-0.000481821632211	-0.000831109540919	-0.000143397857855	-0.0702071280839	-0.108862716868	-0.0191623631113	3.74854435823e-11	5.8036512398e-05	0.0
-0.000366939977067	-0.000517848958755	-0.000139121669691	-0.0505738682487	-0.057222685389	-0.0191711118222	3.71597358773e-11	5.7532238273e-05	0.0
-0.000356779464736	-0.000660336723763	-8.23734420773e-05	-0.0518137662332	-0.078959020318	-0.0147751465904	3.71597358773e-11	5.7532238273e-05	0.0
-0.000345534103702	-0.000624693537419	3.66202560201e-05	-0.0486112007362	-0.073149513494	-0.00206697671741	3.71597358773e-11	5.7532238273e-05	0.0
-0.00031027614242	-0.000241753799768	6.64844004481e-05	-0.0329227786976	-0.0129425652148	0.00788650980261	3.71597358773e-11	5.7532238273e-05	0.0
-0.000367735508785	-0.000430723910524	5.10094118967e-06	-0.0441155533454	-0.0438076965617	0.00397296323295	1.38911273492e-11	2.1506817249e-05	100.0
-0.000474075212462	-0.000645812562023	-2.75582758993e-05	-0.0602482923277	-0.0799022057676	-0.00369584240678	1.38145508859e-11	2.1388258405e-05	100.0
-0.000353500854635	-0.000338365173335	6.43359339486e-05	-0.0389299222283	-0.0303655229552	0.0119534156455	1.38145508859e-11	2.1388258405e-05	100.0
-0.000300730907415	-0.000474866268762	-0.00011412242282	-0.0394475400712	-0.0493329011397	-0.00780642000125	1.36314352241e-11	2.1104751172e-05	100.0
-0.000335690662728	-0.00040066407873	1.84390820143e-05	-0.0412952452555	-0.0378031654533	-0.00144162488539	1.36009997636e-11	2.1057629735e-05	100.0
-0.000373083145568	-0.00065869425578	2.25647478771e-05	-0.0501112196285	-0.0800490500293	0.0051477932123	1.34794590816e-11	2.086945543e-05	100.0
-0.000470909617265	-0.000833463253097	4.69839722157e-05	-0.0663753251054	-0.110716771101	0.00474518258429	1.3449124201e-11	2.0822489714e-05	100.0
-0.000430445444682	-0.000787882997121	-2.83415628669e-05	-0.0571220894318	-0.103358008152	-0.00498177912889	1.34187993784e-11	2.0775539571e-05	100.0
-0.000309474942721	-0.00055448191789	-0.000353372448636	-0.0423165473394	-0.0633477034829	-0.0387083912544	1.33582050521e-11	2.0681724932e-05	100.0
-0.000502521954051	-0.000317542092175	-2.34626485315e-05	-0.0594936060443	-0.030047046656	-0.000655660757583	1.32976610158e-11	2.0587988154e-05	100.0
-0.000436933761478	-0.000633633953889	6.9288235638e-05	-0.0582050442842	-0.076404616436	0.0019608109393	1.3267411628e-11	2.0541154802e-05	100.0
-0.000615428858173	-0.00126912218551	0.000217155500041	-0.0831132583906	-0.159525516075	0.0216248963547	1.32371722983e-11	2.0494337022e-05	100.0
-0.000551409793495	-0.000745863588284	0.000203535804464	-0.0729265527916	-0.0936473317446	0.0192945729182	1.31767187838e-11	2.0400740393e-05	100.0
-0.000723270333219	-0.00130136120694	0.000303722003879	-0.0972877489329	-0.165704040342	0.0347044479425	1.3146504599e-11	2.0353961544e-05	100.0
-0.00022716955577	-0.000376431631029	-7.80643265199e-05	-0.0296567813434	-0.0317169141063	-0.00124705785981	1.3146504599e-11	2.0353961544e-05	100.0
-0.000577566834419	-0.000480302024005	0.000102213471351	-0.0722823091557	-0.0549691828441	0.0105884708777	1.30559123346e-11	2.0213702858e-05	100.0
-0.000100512481318	-0.000716717731264	-0.000415153965103	-0.0184400229111	-0.086425972315	-0.0469246104512	1.30408153002e-11	2.0190329006e-05	100.0
-0.000414432934733	-0.000524412854059	-3.50568715508e-05	-0.0563927176616	-0.05818652772	-0.00876528423452	1.30257232948e-11	2.0166962939e-05	100.0
-0.000522068651055	-0.000801434357849	6.70329479028e-06	-0.0682114317348	-0.106092743276	0.00587810995719	1.30257232948e-11	2.0166962939e-05	100.0
-0.000429589024251	-0.000396242665785	3.04204341145e-05	-0.051133762519	-0.040036397488	0.000169510993716	1.2995539284e-11	2.0120230807e-05	100.0
-0.000394435666998	-0.000385487616469	-2.36363563689e-05	-0.0453397073222	-0.0377728408355	-0.00139803043813	1.2995539284e-11	2.0120230807e-05	100.0
-0.000412530399425	-0.000901887608485	-0.0001241564392	-0.0612284809519	-0.115591946383	-0.00651034274671	1.2995539284e-11	2.0120230807e-05	100.0
-0.00031778060928	-0.000865948948563	0.000352846427947	-0.0464088613067	-0.107685501993	0.0386425804064	1.29351813203e-11	2.0026782114e-05	100.0
-0.000426955557329	-0.000124593031744	-1.95379173863e-05	-0.0432417739725	-0.00133467023118	0.00209236159286	1.29351813203e-11	2.0026782114e-05	100.0
-0.000305203246051	-0.000755637140563	0.00046647451071	-0.0439691398954	-0.0930634931814	0.0534430982232	1.28899103331e-11	1.9956691701e-05	100.0
-0.000397286770286	-0.000441543011234	4.82065877486e-05	-0.048932876084	-0.0461887541558	0.000780199760675	1.28899103331e-11	1.9956691701e-05	100.0
-0.000455517549462	-0.000551379950136	2.78448699437e-05	-0.0563068253931	-0.0643674244242	0.00464172766471	1.28899103331e-11	1.9956691701e-05	100.0
-0.000287148183313	-0.000765514833762	-0.000436917720888	-0.0417343542714	-0.0941043999261	-0.0500974927891	1.28748233567e-11	1.9933333421e-05	100.0
-0.000491944124951	-0.00106543560997	-0.000331618992509	-0.0687462967681	-0.135408533025	-0.0350842159642	1.28597313512e-11	1.9909967355e-05	100.0
-0.000586031268051	-0.000642912227086	3.87079193127e-05	-0.0746520502012	-0.0795514161177	0.000717541105327	1.28446443748e-11	1.9886609074e-05	100.0
-0.000277752970009	-0.000469636053236	9.75936840791e-05	-0.0378612670979	-0.0481630805471	0.00453604915895	1.28231454334e-11	1.9853323525e-05	100.0
-0.000978906323832	-0.00133592481541	-2.13456592762e-05	-0.129663839297	-0.170679450846	-0.00167873126577	1.28231454334e-11	1.9853323525e-05	100.0
-0.000341018604993	-0.000801136752878	-0.000281514328639	-0.0490200670625	-0.0991341320842	-0.0292532713787	1.2814460364e-11	1.9839876942e-05	100.0
-0.000443086834544	-0.000643362815919	0.000156406182886	-0.061610623751	-0.0779723176512	0.0228939982219	1.28058104975e-11	1.9826484861e-05	100.0
-0.00088994212068	-0.00122126524144	0.000134948115802	-0.116300836099	-0.154738867707	0.014766886658	1.27885962574e-11	1.9799833064e-05	100.0
-0.000250813395073	-0.000707199666312	0.000236372983723	-0.0373705627884	-0.0847345765831	0.0232340332256	1.27714976841e-11	1.9773360346e-05	100.0
-0.000535180632608	-0.00126380911349	-0.000492022180173	-0.0742636548628	-0.161781150393	-0.0591405519513	1.27545147777e-11	1.9747066709e-05	100.0
-0.0003925813339	-0.000367821148774	0.00022090451147	-0.049188741272	-0.0364675780367	0.0186200766753	1.27540873134e-11	1.9746404891e-05	100.0
-0.000514212292334	-0.000870787320638	0.000182062805651	-0.0702599813768	-0.111438827193	0.0133534602288	1.27540873134e-11	1.9746404891e-05	100.0
-0.000351471386043	-0.000345410854367	0.00012213433606	-0.0448902376339	-0.0297870156955	0.0163102779612	1.27376374801e-11	1.9720936579e-05	100.0
-0.000141510284865	-0.000497882085978	-0.000521615084031	-0.0228380231165	-0.0572664204008	-0.0580329590004	1.27376374801e-11	1.9720936579e-05	100.0
-0.000203555206665	-0.000608407714215	0.000259875559519	-0.0311777826741	-0.0699235360875	0.0250679712104	1.27208758493e-11	1.969498553e-05	100.0
-0.000278892111651	-0.00121674647412	-0.000405010207615	-0.0423804449243	-0.155530219042	-0.0469899852099	1.27042147983e-11	1.9669190203e-05	100.0
-0.000365508070069	-0.00132598330753	-0.000352832959975	-0.05319940319	-0.168558011609	-0.040818849407	1.27042147983e-11	1.9669190203e-05	100.0
-0.000405719768363	-0.000270118966834	-3.40504588499e-05	-0.0455594750236	-0.0207528519688	0.00179660671548	1.26785920834e-11	1.9629520057e-05	100.0
-0.000378413416789	-0.000192816875194	4.34019698437e-05	-0.03781471851	-0.00877548639383	0.00540480183322	1.266349002e-11	1.9606138418e-05	100.0
-0.000507851463885	-0.000528220741908	6.04056408204e-05	-0.0628119724147	-0.0614421242082	0.00880230229102	1.266349002e-11	1.9606138418e-05	100.0
-0.000395203772188	-0.000598689190233	5.11946069043e-05	-0.0506973234003	-0.071137717059	0.00942990172793	1.266349002e-11	1.9606138418e-05	100.0
-0.000626893078953	-0.00122895085966	-0.000262144490376	-0.0843338252131	-0.154434871906	-0.0273579008101	1.266349002e-11	1.9606138418e-05	100.0
-0.000398620030867	-0.000423453390209	4.26093103851e-05	-0.0501152825522	-0.0436510711877	0.00504065010954	1.26386065669e-11	1.9567612828e-05	100.0
-0.000440250175606	-0.00134483335912	0.000208951712807	-0.0631615706505	-0.169171189565	0.0213021139533	1.26386065669e-11	1.9567612828e-05	100.0
-0.000469241518823	-0.000859295069031	0.000131476868006	-0.0706759620338	-0.112851395114	0.0180080553001	1.26386065669e-11	1.9567612828e-05	100.0
-0.000176211843823	-0.000889796006769	-0.000289041473469	-0.0296156598305	-0.110479723432	-0.0306474980543	1.26386065669e-11	1.9567612828e-05	100.0
-0.000480866006624	-0.000666761484607	-1.9336498857e-06	-0.0658440484251	-0.0834088774572	0.00128951194803	1.26224534441e-11	1.9542603896e-05	100.0
-0.000543934100935	-0.00121093436586	0.00020244049495	-0.0752486096401	-0.150855770437	0.0165792748792	1.26224534441e-11	1.9542603896e-05	100.0
-0.000463730258141	-0.000739689606892	0.000197640608189	-0.0631479772771	-0.0918310303812	0.0175672591176	1.26181637138e-11	1.9535962358e-05	100.0
-0.000530270132361	-0.00161459851113	0.000266822543518	-0.0738553370953	-0.207332204342	0.0319260325313	1.26063908432e-11	1.9517735114e-05	100.0
-0.000148137143312	-0.000652450007184	-5.39826834247e-05	-0.0262858835749	-0.074986226505	-0.00101826309422	1.26063908432e-11	1.9517735114e-05	100.0
-0.000728639602088	-0.00145097830801	-6.34112339187e-05	-0.0975688838244	-0.183221101439	-0.00666936482021	1.2574542236e-11	1.9468425784e-05	100.0
7.39484407648e-06	-0.000528231825415	-0.000464506998615	-0.00523891162367	-0.0606597678781	-0.0506636698647	1.25587512007e-11	1.9443977451e-05	100.0
-0.000535010515989	-0.000834328570493	5.10520700373e-05	-0.0703803437629	-0.110328429254	-0.00195270294287	1.25274457246e-11	1.939550902e-05	100.0
-0.000384401321616	-0.000732647165947	-0.000402897781873	-0.0536744157448	-0.0901725225364	-0.0444381107525	1.25274457246e-11	1.939550902e-05	100.0
-0.00048253843984	-0.000674592928347	-2.71065482271e-06	-0.0603502437701	-0.0839324656217	-0.00116026205457	1.25123134873e-11	1.9372080665e-05	100.0
-0.00045541178809	-0.000535620664259	-0.000420064524073	-0.0607311303291	-0.0626541938025	-0.0469983169166	1.25123134873e-11	1.9372080665e-05	100.0
-0.000326548489637	-0.000279476019354	-0.000234634582369	-0.0393441800178	-0.0227557624492	-0.0181299350212	1.24971812499e-11	1.934865231e-05	100.0
1.3642346989e-05	-0.000665679485784	0.000405258153043	-0.0045359803441	-0.0791118849654	0.045017729022	1.24810733881e-11	1.9323713453e-05	100.0
-0.000355889967343	-0.000286649852283	-6.23709665695e-05	-0.0426789197312	-0.0210900618661	-0.00700516053302	1.24810733881e-11	1.9323713453e-05	100.0
-0.000383115513863	-0.00102979273976	0.000269024220704	-0.0565476722331	-0.130134591284	0.0259268230639	1.24810733881e-11	1.9323713453e-05	100.0
-0.000403084790959	-0.000470688319697	3.79850123061e-05	-0.0519112888132	-0.05097592225	0.00435533504298	1.24810733881e-11	1.9323713453e-05	100.0
