# x[AU] y[AU] z[AU] vx[AU/yr/2pi] vy[AU/yr/2pi] vz[AU/yr/2pi] m[MSUN] m[mtot] wf[%]
0.000208950160949	0.000361612328556	-3.90853394352e-07	0.0299647364705	0.0463723030993	-9.95976750166e-05	4.31251397054e-07	0.667852875235	10.5811436727
-0.000421471507188	-0.000729225135714	-6.43208563995e-07	-0.0604577894107	-0.0935787457216	-0.00011758957899	2.13367486223e-07	0.330429281225	19.0139896906
-0.000199156037847	-0.000331103909676	8.48997010891e-05	-0.0283843997524	-0.0465989427468	0.0105673288585	3.73559017737e-11	5.785081875e-05	0.0
-0.000225348101148	-0.000407325621774	0.000115627344568	-0.0345384562033	-0.0603019377548	0.0136329409806	3.73083174501e-11	5.7777127795e-05	0.0
-0.000127707916614	-0.000220639325089	-0.00014910869839	-0.0200020228383	-0.0252984872153	-0.022946924998	1.32702630666e-11	2.0550851324e-05	100.0
-0.000172030055418	-0.000312999396221	-1.75052123807e-05	-0.0291404134168	-0.0420748888627	-0.00303306405771	1.3239903041e-11	2.0503834594e-05	100.0
-0.000100664424524	-0.000153363245236	0.000129423467676	-0.0111763062943	-0.0142482756568	0.0176398365149	1.32179464613e-11	2.0469831772e-05	100.0
-0.000224324202584	-0.000357089470218	-8.93574431404e-05	-0.0337976851842	-0.0518168601603	-0.00988010225481	1.32096989142e-11	2.0457059296e-05	100.0
-0.000196070694635	-0.000323941516796	9.5809690191e-05	-0.0277671140851	-0.0465182281555	0.0148153824022	1.32013004974e-11	2.0444053177e-05	100.0
-0.000199498497969	-0.000440878565339	-5.30502806956e-05	-0.0308291516913	-0.0665720104024	-0.00968917371733	1.31646743476e-11	2.0387332481e-05	100.0
-0.000111087109437	-9.67669536288e-06	-2.7816066241e-05	-0.00976121229164	0.0107042223802	-0.00255852797147	1.314974327e-11	2.0364209627e-05	100.0
-0.000119563925885	-7.67779959451e-05	-0.000113777631048	-0.0116705324913	-0.002672405344	-0.0173632721768	1.30169125006e-11	2.0158502673e-05	100.0
-0.000181090579019	9.76335617322e-05	-5.79395706907e-05	-0.0100774243687	0.0228243923021	-0.00666906974737	1.28555220848e-11	1.9908567127e-05	100.0
-0.000106366253799	1.51331586661e-05	-7.53721448226e-05	-0.011015360016	0.0152766571073	-0.00928883546032	2.4796557152e-11	3.8400923691e-05	100.0
-0.000119510394341	-5.91660044871e-05	0.000145794434065	-0.0119029102766	0.00116167936653	0.0215384698938	1.28013045206e-11	1.9824603675e-05	100.0
-0.000175743104557	-3.01374365384e-05	-6.72046468172e-05	-0.0132688420027	0.00335748439647	-0.00963185562523	1.27417109637e-11	1.9732314749e-05	100.0
-0.000297185897179	-0.000149610065031	6.44504050518e-05	-0.0348527859429	-0.0185564826985	-0.00133472838738	1.27093091673e-11	1.9682136053e-05	100.0
-0.000124350969014	-0.000159217409142	-0.000132750730235	-0.016002183731	-0.0158749240743	-0.0053969539224	1.26446514154e-11	1.9582004515e-05	100.0
-0.000187516355178	-0.000241608815018	9.45930088161e-05	-0.0285020168813	-0.0305296620245	0.0123894633389	1.26057571902e-11	1.9521771388e-05	100.0
-0.000129984032186	-0.000134474016875	-9.59463031782e-06	-0.0151216986069	-0.0116581108357	0.00882966843913	1.2596282569e-11	1.9507098617e-05	100.0
-0.000222408388918	-0.000449437164422	1.26636217871e-05	-0.0366208059772	-0.0667855017007	-0.0101647387785	1.25801797362e-11	1.9482161137e-05	100.0
-8.66597868829e-05	-8.39822709923e-05	0.000139167387213	-0.0114779453497	-0.00109587740109	0.0231248054882	1.25507752191e-11	1.9436624145e-05	100.0
-0.000131162130518	-1.84438533783e-05	-5.19195332852e-05	-0.0146686076517	0.0089256530357	-0.00683845306571	1.25097839042e-11	1.9373143382e-05	100.0
-0.000139535860794	-0.000170823697312	-0.000113143312012	-0.0200467875676	-0.0174607080412	-0.0202156604691	1.24825669987e-11	1.9330994212e-05	100.0
-0.000105862685832	-0.000435051978718	-4.59383119161e-05	-0.0230079956186	-0.0589483566529	0.00514290018316	1.24825669987e-11	1.9330994212e-05	100.0
-0.000130375518206	-0.000182945929484	-2.48022363509e-05	-0.0176468732034	-0.0193201330873	-0.0118181435509	1.246898872e-11	1.9309966356e-05	100.0
-0.000178214997187	-4.73453995726e-05	-1.24218751745e-05	-0.0138144138978	7.39800526837e-05	-0.00106699495042	1.24677515879e-11	1.9308050484e-05	100.0
-0.000187900831111	-0.000198726560545	-7.80559407922e-05	-0.0220718340185	-0.024174531353	-0.0168596816441	1.24517292189e-11	1.9283237613e-05	100.0
-0.000231139371625	-0.000236413147597	9.58194804373e-05	-0.0283702829908	-0.031713534957	0.0195687637554	1.24517292189e-11	1.9283237613e-05	100.0
-9.64299497279e-05	-0.000419481479919	6.09923059894e-05	-0.0210311583036	-0.0562462218269	-0.0032159139367	1.24419025683e-11	1.9268019676e-05	100.0
-7.48738879944e-05	1.7094940866e-05	-2.9303945036e-05	-0.00389153313113	0.015896749748	-0.0132949157513	1.24419025683e-11	1.9268019676e-05	100.0
-0.00017011405401	-0.000132613164701	0.000124651590191	-0.020529700019	-0.0128458628667	0.00437669890396	1.24419025683e-11	1.9268019676e-05	100.0
-0.000193707750093	-0.000259665536008	4.17618422519e-05	-0.0245001014034	-0.0347383564077	0.00833410529057	1.2435716908e-11	1.9258440319e-05	100.0
-0.000211317806217	-0.00037496440451	-0.000104974168486	-0.0359729576115	-0.053585958874	-0.0151246191276	1.23611319256e-11	1.9142935082e-05	100.0
-0.000153287692329	-0.000317771181532	6.14646215409e-06	-0.0247131528743	-0.0425247241573	-0.00928695978251	1.23611319256e-11	1.9142935082e-05	100.0
-0.000229000559672	-0.000412793006585	4.29941047971e-05	-0.0349388920981	-0.060115572584	-0.00727020296334	1.23611319256e-11	1.9142935082e-05	100.0
-7.40430114558e-05	-0.000244323662576	5.39491374839e-05	-0.01482956961	-0.0275742563168	0.0151310317077	1.23611319256e-11	1.9142935082e-05	100.0
-0.000179877348769	-0.000308740992368	-2.75734205012e-05	-0.0261488053496	-0.0415376273573	0.00795576921682	1.23611319256e-11	1.9142935082e-05	100.0
-0.000246433539492	-0.000294409317492	-0.000110094049367	-0.0301636978093	-0.0421398625822	-0.0188092468294	1.23557861069e-11	1.9134656337e-05	100.0
-0.000207673680358	-1.42804899408e-05	-7.30679421763e-05	-0.0176874624956	0.00477600903031	-0.0127035425745	1.23557861069e-11	1.9134656337e-05	100.0
-6.00238515895e-05	5.21245201072e-05	0.000139028106822	-0.00344116504323	0.022917502716	0.0220010425794	1.23477397195e-11	1.9122195385e-05	100.0
-0.000204439644494	-0.000485245652357	0.000140829638406	-0.0402035005564	-0.0705767072597	0.0216012040491	1.23343676294e-11	1.910148684e-05	100.0
-0.000196435540356	-2.25811886974e-05	-5.02553122148e-05	-0.0170732809526	0.00491593487877	-0.00733618684244	1.23079302177e-11	1.9060544824e-05	100.0
-0.00013398173036	-0.000384936388184	-0.000104949633995	-0.0266875849802	-0.0522516647573	-0.0202813004513	2.44174465795e-11	3.7813818148e-05	100.0
-0.000245109711137	-0.000561427724853	-0.000282058281174	-0.0372055752939	-0.0765945388779	-0.0202501426852	1.22943619969e-11	1.9039532544e-05	100.0
-0.000127100484065	4.00435536954e-05	8.90766489833e-05	-0.0140818560226	0.0185954981943	0.013102117384	1.22677837735e-11	1.8998372462e-05	100.0
-0.000126687962819	6.61907029991e-05	-0.000111189616839	-0.00857763614086	0.0187951352921	0.000169638427187	1.22280497066e-11	1.8936838723e-05	100.0
-0.000227965228365	-0.000395806514237	-8.7586148925e-05	-0.0324956278497	-0.0589932432881	-0.0197024450078	1.21647397245e-11	1.8838794395e-05	100.0
-0.000223481509346	-0.000162842215681	-4.01459631718e-05	-0.0260433186432	-0.0205218393465	-0.0096292144205	1.21647397245e-11	1.8838794395e-05	100.0
-0.000203224918234	-0.000188178879106	7.80635120898e-05	-0.0248758171528	-0.0226450478482	-0.00143381429365	1.21647397245e-11	1.8838794395e-05	100.0
-0.000100145403808	-0.00022952601802	-8.7508753532e-05	-0.0184366758044	-0.0258442696978	-0.0165663481575	1.2149049269e-11	1.8814495538e-05	100.0
-8.89104776944e-05	-0.000149923287163	-9.64722420277e-05	-0.0149227909544	-0.0122213246754	-0.0177831650027	1.2149049269e-11	1.8814495538e-05	100.0
-0.000120180559662	2.21427029369e-05	5.20913974339e-05	-0.00848054519842	0.0132482473764	-0.00634599986433	1.21359386865e-11	1.8794191974e-05	100.0
-0.000171890565786	-0.000107510323909	4.71829246832e-05	-0.0233579385192	-0.00745049441677	0.00739941701547	1.21359386865e-11	1.8794191974e-05	100.0
-0.000174387348255	-0.00046564599119	0.000117143544965	-0.0351627066753	-0.0665891229719	0.0212658739285	1.21359386865e-11	1.8794191974e-05	100.0
-0.000105402782935	-0.00023184641864	-8.11752809728e-05	-0.0109253598574	-0.0278776577988	-0.0112802482009	1.21329916971e-11	1.8789628151e-05	100.0
-0.000227503050536	-0.00035638312715	0.000100361361601	-0.02895940288	-0.0526676506296	0.0154956622377	1.21329916971e-11	1.8789628151e-05	100.0
-0.000261522510534	-0.000287050363772	5.82048861421e-05	-0.0333041757191	-0.0401042383492	-0.00385146356187	1.20695610193e-11	1.8691396908e-05	100.0
-0.000128530372966	-8.49638213667e-05	-2.54749925568e-06	-0.00936466359817	-0.00386404093129	0.000594868144237	1.20695610193e-11	1.8691396908e-05	100.0
-0.000179706132676	-0.000146181085597	-4.05060184169e-05	-0.0173918723488	-0.0155108191359	-0.00653784116728	1.2053714665e-11	1.8666856621e-05	100.0
-2.15856534842e-05	-0.000343199125668	-0.000369036974328	-0.00671500178711	-0.0433566802473	-0.0370457803931	1.20446071603e-11	1.8652752381e-05	100.0
-0.00017783186892	-7.5080880319e-05	-5.19699194629e-05	-0.0155013398077	-0.00380662520227	-0.00812265331556	1.20378733398e-11	1.8642324121e-05	100.0
-0.000108453714783	-7.67274533139e-05	2.28837882443e-05	-0.00262633347898	-0.00152823575205	0.00271845068875	1.20378733398e-11	1.8642324121e-05	100.0
-4.82491230806e-05	-0.000343531207266	0.000210393885005	-0.011138145386	-0.0432520403989	0.0153987731554	1.20316172736e-11	1.8632635731e-05	100.0
-0.000146744712209	-8.1525504467e-05	-5.00989784482e-05	-0.0196548902484	-0.00217681250985	-0.00634247159593	1.20316172736e-11	1.8632635731e-05	100.0
-6.83556831601e-05	-6.81486141433e-05	0.00020648085822	-0.00783844758912	-0.00145263077662	0.0128450876353	1.20056877901e-11	1.8592480313e-05	100.0
-8.95657238322e-05	-0.00021232799387	5.91487915516e-05	-0.0157473601827	-0.0229701313289	0.0156639066621	1.20056877901e-11	1.8592480313e-05	100.0
-0.000185731963684	-0.000457165735628	-0.000102284483585	-0.0356755307445	-0.0663182268561	-0.0185807382494	1.19927381354e-11	1.8572425969e-05	100.0
-0.000142738736348	-0.000505136421845	7.97976021125e-05	-0.0294200320454	-0.0697872777493	-0.00371234486772	1.19927381354e-11	1.8572425969e-05	100.0
-0.000134344527559	-1.07920834324e-06	-2.92844221686e-05	-0.0145402633819	0.0110953396173	-0.00321884294112	1.19927381354e-11	1.8572425969e-05	100.0
-0.000110413389868	-0.00012895149898	-0.000144166683176	-0.0141753047738	-0.0113413968645	-0.00587467020492	1.19927381354e-11	1.8572425969e-05	100.0
-0.000235908293359	-0.00040136802407	6.58765990558e-05	-0.0290924184039	-0.0611803782041	0.00903835918336	1.19745532998e-11	1.8544264217e-05	100.0
-0.000183758083002	-0.000321126390665	0.000110726460393	-0.0215429059089	-0.0456697084578	0.0202147133192	1.19745532998e-11	1.8544264217e-05	100.0
-0.000216147211185	-0.00030504285937	0.000314757926451	-0.0296320561465	-0.0400283341569	0.0288323085144	1.19668891158e-11	1.853239516e-05	100.0
-0.000218231388597	-0.000101479257091	1.47049282293e-05	-0.0226245623256	-0.00884784072159	0.00225964172443	1.19270997299e-11	1.8470775752e-05	100.0
-0.000123923248053	-0.000260926048248	-0.000122721716279	-0.0217319172045	-0.0316924828197	-0.0213379011246	1.19153520043e-11	1.8452582762e-05	100.0
-0.000178679317038	-0.000494578254702	-0.000116463343178	-0.0374265002153	-0.0709268448251	-0.0211096827283	1.19153520043e-11	1.8452582762e-05	100.0
-0.000121164459221	-8.06060534323e-05	0.00010098865579	-0.0170732011141	-0.00135660988475	0.0155949807252	1.19153520043e-11	1.8452582762e-05	100.0
-0.00026559967273	-0.000367697894232	4.55521224929e-05	-0.0319412296325	-0.0558303458874	0.00947322171099	1.19112936076e-11	1.844629777e-05	100.0
-0.000139813238572	4.95001080821e-05	-9.15449694031e-05	-0.00627485893457	0.0171013256954	-0.0160456133386	1.18796813631e-11	1.8397341804e-05	100.0
-0.000177549546606	0.000109537151581	0.000377120945973	-0.0193453991796	0.0184004226742	0.0348472860055	1.18796813631e-11	1.8397341804e-05	100.0
-0.000246833688509	-0.000364343383619	-8.57826037894e-05	-0.0297186318664	-0.0545685305949	-0.0142645718823	1.18796813631e-11	1.8397341804e-05	100.0
-0.000240688008235	-0.000368166621385	2.51907892817e-05	-0.0335785932866	-0.0543324884029	0.0127194657322	1.18796813631e-11	1.8397341804e-05	100.0
-0.000231826455488	-0.000113268289633	4.5812927947e-05	-0.0238862279179	-0.0112689024757	0.013232082904	1.18796813631e-11	1.8397341804e-05	100.0
-0.000182936879756	-0.000464674365623	-8.89368492195e-06	-0.0367039085635	-0.0675347296	0.00282799444714	1.18640160525e-11	1.8373081888e-05	100.0
-2.89095537521e-05	-0.00036074540206	-5.55802780347e-05	-0.0115257984634	-0.0455250548459	0.0031502752291	1.18640160525e-11	1.8373081888e-05	100.0
