# x[AU] y[AU] z[AU] vx[AU/yr/2pi] vy[AU/yr/2pi] vz[AU/yr/2pi] m[MSUN] m[mtot] wf[%]
0.000310323961815	0.000533994611042	2.4059718903e-07	0.0447553076772	0.0685975296019	4.32132573502e-05	3.22970396114e-07	0.501071073626	10.1575289856
-0.000312120112142	-0.000538761291773	3.81160075926e-07	-0.045049534121	-0.0693051019499	8.01336212493e-05	3.20613866505e-07	0.4974150456	19.45318688
1.66687026816e-05	0.000115449181042	3.83609058942e-06	0.00664944671508	0.0202159940602	-0.000410607231502	3.83375560104e-11	5.9478641329e-05	0.0
-5.8316631873e-05	-2.81161984146e-05	4.17580813114e-05	-0.00859287939685	-0.00603705495319	0.00562919976758	3.76445256906e-11	5.8403442331e-05	0.0
-8.5158554085e-05	-0.000182990161544	-8.85852417818e-05	-0.0171588100463	-0.0340888887001	-0.0151335262116	1.4094721067e-11	2.1867196197e-05	100.0
1.21887537955e-05	4.54860471045e-05	-0.000134563834337	0.00623684652759	0.00774994956118	-0.0184801330153	1.35232062842e-11	2.0980521971e-05	100.0
-5.4222761442e-05	-0.000207347879257	-2.55159146346e-05	-0.0157708074506	-0.0367732833536	-0.00345982803796	1.34633109878e-11	2.0887597664e-05	100.0
-3.33400002183e-05	1.28834259992e-05	-5.15039520706e-05	-0.00691698390215	0.00184189605129	-0.00700314055448	1.3403732518e-11	2.0795164895e-05	100.0
2.52297273306e-05	0.000199062012184	0.000128995988932	0.0120640317122	0.0336552879847	0.0198323537129	1.33496758815e-11	2.0711298952e-05	100.0
-1.40750416617e-05	2.49870224577e-05	9.24928318649e-05	0.00161362342613	0.0026900089747	0.0192203740633	1.33444608166e-11	2.0703208061e-05	100.0
-4.48061068887e-05	-0.000111671092923	-0.000154851504654	-0.00853598088261	-0.0202725982261	-0.0250543368581	1.31975237243e-11	2.0475243122e-05	100.0
-3.27037206827e-05	-3.17721401338e-05	-8.64034102058e-05	-0.00249204501861	-0.00642459717862	-0.0105319121169	1.31600175009e-11	2.0417054249e-05	100.0
2.71939564752e-05	0.000123623408612	-0.000108415467962	0.00361501107251	0.0228666581876	-0.016606330486	1.31392175894e-11	2.0384784313e-05	100.0
-4.90245986864e-05	-0.000256453334874	6.56659137616e-05	-0.0119503508681	-0.046685135893	0.00831723163344	1.30522210544e-11	2.0249813901e-05	100.0
2.42992621385e-05	9.31083437005e-05	2.5049986418e-05	0.00578558155424	0.0166602254176	0.0128129519314	1.303777276e-11	2.0227398155e-05	100.0
5.73674652576e-05	0.000160454415385	-0.000151306105669	0.0162738808643	0.0276053052456	-0.0193957311139	1.30069299512e-11	2.0179547208e-05	100.0
-2.87445562599e-05	3.463238987e-05	3.03530085071e-05	-0.0034298282639	0.00579929385994	-0.00805368366428	1.2973140153e-11	2.0127124167e-05	100.0
9.58698406995e-06	-8.79808094755e-05	0.000107682927736	-0.00509513955701	-0.0135962187285	0.0199706025673	1.29083717632e-11	2.0026639519e-05	100.0
2.65077000311e-05	8.96057580584e-05	0.000148220491831	0.00478393378496	0.0161849617484	0.0253939808149	1.29083717632e-11	2.0026639519e-05	100.0
-5.36146449717e-05	5.1237531816e-05	0.000122672266705	-0.001800579716	0.00620576408666	0.0218857435899	1.29083717632e-11	2.0026639519e-05	100.0
-5.66285046469e-05	1.84037233426e-05	5.77679470066e-05	-0.00368236392573	0.00079146547466	0.016962094928	1.28890151725e-11	1.9996608817e-05	100.0
-5.40082539577e-05	-0.000131299080148	-7.19939099842e-05	-0.0142539501072	-0.023311124773	-0.0111654200149	1.28797618269e-11	1.9982252752e-05	100.0
0.000102263556295	0.000156669736242	5.11758652378e-05	0.0153766461351	0.0292687192704	-0.00614630713715	1.28797618269e-11	1.9982252752e-05	100.0
2.34474333832e-06	-0.000125455183274	-5.41084739691e-05	-0.00445604751417	-0.0204695591713	0.00464023606094	1.28226877951e-11	1.9893705484e-05	100.0
-7.03717454382e-05	-0.000147579684027	0.000120797910374	-0.00976970964069	-0.0282079862926	0.0165137557413	1.27886817503e-11	1.9840946947e-05	100.0
1.22064282035e-05	0.000259942219238	-7.58955143404e-05	0.0150561430863	0.0425649950294	-0.00986852519473	1.27720206993e-11	1.9815098229e-05	100.0
4.85263105386e-05	0.000239320605965	-5.32921553041e-05	0.00948238869443	0.0443322839485	-0.00687943130924	1.2765804865e-11	1.9805454699e-05	100.0
2.92726609787e-05	-5.89073686458e-05	7.94813018952e-07	-0.00311061705179	-0.00790505195431	0.000999893355405	2.54323927442e-11	3.945697962e-05	100.0
7.9188139474e-05	0.000122778084067	-0.000198059766094	0.0121358063983	0.0206284237873	-0.0118474650667	1.27374363204e-11	1.9761442439e-05	100.0
8.07968230727e-05	-3.16587421274e-05	1.56094151065e-06	0.00687954261572	-0.00260260503418	-0.0106663963485	1.26949564238e-11	1.9695537181e-05	100.0
1.41741486572e-05	0.000251020694621	-0.000105701922755	0.0140612484039	0.0416408292418	-0.0186911090045	1.26889618652e-11	1.9686236948e-05	100.0
-3.06711071116e-05	0.000116490737913	-1.39044465918e-05	0.00534714129145	0.0177920026091	-0.00247974491553	1.26889618652e-11	1.9686236948e-05	100.0
-6.80355359831e-05	0.000108220718853	0.000106936883441	-0.000983190194159	0.0151228312515	0.0208837913057	1.26889618652e-11	1.9686236948e-05	100.0
0.000109325634666	0.000192019834685	3.30800342815e-05	0.0162593602672	0.037257510732	0.0148383233864	1.2652572078e-11	1.9629780164e-05	100.0
-2.12499241301e-05	0.000211581904996	3.68570144929e-05	0.00611201149	0.0329983949241	-0.00764830220362	1.26228004446e-11	1.9583591088e-05	100.0
-3.68970830866e-05	-5.29950980078e-07	-6.61604185834e-05	-0.00866147523526	8.30856435178e-07	-0.00924541899868	1.25962021051e-11	1.9542325205e-05	100.0
-5.21098656674e-05	-0.000232974049249	-6.38706170435e-06	-0.0150325630443	-0.0403802600436	-0.0131821194031	1.25962021051e-11	1.9542325205e-05	100.0
-8.21496245e-05	-0.000111410068686	-0.000120134859179	-0.00914805937981	-0.0223452341585	-0.021829871406	1.25898102561e-11	1.9532408598e-05	100.0
1.80575945183e-05	-0.00014398050437	2.94028704741e-05	0.00430300432912	-0.0248394519106	0.00584179789057	1.25898102561e-11	1.9532408598e-05	100.0
-0.000114989703553	-6.24817890493e-05	2.53515843511e-07	-0.00882431867558	-0.0147567377994	0.00125100829127	1.25898102561e-11	1.9532408598e-05	100.0
-0.000106672833499	-0.000141887075195	0.000100295279236	-0.0129501113456	-0.0283357465247	0.0178611171214	1.25680749521e-11	1.9498687451e-05	100.0
-1.1065452719e-05	0.000305015514482	0.00028460528119	0.00459576853528	0.0434810185627	0.0221384447463	1.2539977973e-11	1.945509651e-05	100.0
-8.14047214109e-05	-0.000274350604784	-0.000285168857059	-0.0142780548383	-0.0411730095414	-0.0206081387064	1.2539977973e-11	1.945509651e-05	100.0
-4.86026818876e-05	-9.28659809728e-05	-5.61325466165e-05	-0.00285604303792	-0.0184295697179	-0.00805721352271	1.2523995836e-11	1.943030109e-05	100.0
-0.000141593060529	-0.000209107258751	0.000366104107436	-0.0191419710955	-0.0316101915275	0.0335051471813	1.24979054248e-11	1.938982323e-05	100.0
3.05627495379e-05	0.000194318054943	3.13723173341e-05	0.00572765564063	0.0358007675666	0.00453386117456	1.24838996817e-11	1.9368094079e-05	100.0
0.000102318736486	0.00014837885712	5.45271799935e-05	0.0136844149032	0.0295935735481	0.0162791510183	1.24838996817e-11	1.9368094079e-05	100.0
4.02239800142e-05	0.000134667933853	7.6284523654e-05	0.00439759152028	0.0255714759824	0.0117399712899	1.24698989675e-11	1.9346372729e-05	100.0
2.64830566643e-05	1.20975456925e-05	-0.000217482737761	0.00372906913621	0.00250290354682	-0.01515645018	1.24583976625e-11	1.9328529077e-05	100.0
-7.24817089726e-05	-0.000207078024153	1.49240451649e-05	-0.0147139026802	-0.0374050621614	0.0142202636396	1.24583976625e-11	1.9328529077e-05	100.0
-0.000206640096863	-0.000154730911528	4.86548971094e-05	-0.0221985820823	-0.0334040433943	0.0138670798606	1.24420282931e-11	1.9303132888e-05	100.0
1.06352049221e-05	0.000273805864043	9.25003134821e-05	0.0155405725451	0.0439864308716	0.0198434636978	1.24256689817e-11	1.9277752302e-05	100.0
-3.35570613887e-05	-0.000152758084551	-0.000110995659626	-0.00300746207201	-0.0280709536439	-0.0159503663009	1.24093247572e-11	1.9252395123e-05	100.0
-6.13571082994e-05	-0.000183985208006	-9.59765181203e-05	-0.0165085523922	-0.0326114232035	-0.0186611024329	1.24000160928e-11	1.9237953235e-05	100.0
3.90475809433e-06	-0.000217469900091	0.000203479801949	-0.00460113443198	-0.033086932647	0.0119892404689	1.24000160928e-11	1.9237953235e-05	100.0
-1.6887158309e-05	-6.09978326202e-05	-5.21422602013e-06	-0.0083913368225	-0.00977645485736	-0.00147547497837	1.24000160928e-11	1.9237953235e-05	100.0
8.20218942194e-05	-7.9282118345e-05	-0.000107848549237	0.00688194408795	-0.0107836639234	-0.0015884521239	1.24000160928e-11	1.9237953235e-05	100.0
-9.12385077283e-05	-2.86705949559e-05	-5.03890545322e-05	-0.00772034139332	-0.00816962393245	-0.0161234952357	1.23929956197e-11	1.9227061351e-05	100.0
-0.000105585126487	-0.00017809163858	-0.000110428355696	-0.0112736954037	-0.0350353829909	-0.0164807569613	1.23929956197e-11	1.9227061351e-05	100.0
1.10059104558e-05	-3.92148924751e-05	-2.46653244771e-05	-0.00451631818889	-0.00537939983886	-0.00443938649514	1.23721152444e-11	1.919466658e-05	100.0
2.38537956563e-05	0.000462203149493	-0.000455126093469	0.00730588748568	0.0615801676212	-0.0454692775386	1.23603624898e-11	1.9176432818e-05	100.0
-0.000128991993821	-4.50595455674e-05	-2.40245578235e-05	-0.0133401708273	-0.0113364218593	0.00786326498104	1.23603624898e-11	1.9176432818e-05	100.0
-6.87571672101e-05	-0.000195300239571	-5.12002843901e-05	-0.019043814831	-0.0350213600647	-0.0081695974652	1.23442445699e-11	1.9151426738e-05	100.0
4.36825371566e-05	-0.000111812523017	-4.27387682938e-05	0.000523619905187	-0.016710723149	0.00657191788778	1.23303192907e-11	1.9129822422e-05	100.0
0.000163525337376	0.000263544868717	-0.000355339649918	0.022527433344	0.038900169929	-0.0307134180285	1.23163990405e-11	1.9108225908e-05	100.0
-5.30059692106e-05	0.000165417742781	-0.000334267166204	-0.00355797620802	0.0229492919945	-0.0310351541189	1.23163990405e-11	1.9108225908e-05	100.0
-2.03263670804e-06	0.000128583643905	-0.000176924903858	0.00884792058799	0.0202721610237	-0.0249425923877	1.22952269836e-11	1.9075378608e-05	100.0
-1.68002802135e-05	0.000160790805607	0.000202199204764	0.00199609714131	0.0238753011206	0.0129294035055	1.22952269836e-11	1.9075378608e-05	100.0
4.49034332913e-06	6.78104284141e-05	0.000103187749055	0.00721632756013	0.0108531404859	0.017217163281	1.22952269836e-11	1.9075378608e-05	100.0
-5.9339768193e-05	1.64191156211e-05	0.000119013307808	-0.00134124292858	0.000333692277388	0.0196273803436	1.22952269836e-11	1.9075378608e-05	100.0
3.04086553065e-05	0.000147493581993	-0.000139340938688	0.00601391328894	0.0262834236478	-0.0236695827694	1.22746785217e-11	1.9043498783e-05	100.0
0.000129475506211	5.6902989289e-05	0.000137272340388	0.0153402267951	0.0120205708933	0.00475560047511	1.22746785217e-11	1.9043498783e-05	100.0
-6.9532009736e-07	-3.09928075821e-05	0.000106893823409	-0.00434274012362	-0.00462317130982	0.0194639111373	1.22746785217e-11	1.9043498783e-05	100.0
-9.08214414779e-05	-0.000197057002363	7.21841955535e-05	-0.0152636205675	-0.0374059216361	0.0181658760199	1.22746785217e-11	1.9043498783e-05	100.0
