# x[AU] y[AU] z[AU] vx[AU/yr/2pi] vy[AU/yr/2pi] vz[AU/yr/2pi] m[MSUN] m[mtot] wf[%]
0.000135709534169	0.000235051728729	1.47577908293e-06	0.0181962891938	0.029236972059	0.000433366259894	5.4810214138e-06	0.911550964799	10.0162465111
-0.00142416307141	-0.00244677629751	-7.54738394823e-07	-0.192238425146	-0.304904888539	-4.57253426527e-05	5.17288925103e-07	0.0860305375866	17.5182808156
-0.00106244329443	-0.00131758231339	-2.81667473194e-05	-0.136494473857	-0.154954938705	-0.00498958211081	6.73338244982e-10	0.000111983165273	24.0430725553
-0.00102145856218	-0.00104971585682	-2.19422390876e-05	-0.12516116648	-0.115294731865	-0.0023545244971	4.93678104271e-10	8.2103812095e-05	0.0
-0.000855791020092	-0.0006906627546	8.93711606618e-05	-0.096978920984	-0.0592120748776	0.0174519634316	2.66891881698e-10	4.4386900523e-05	0.0
-0.00094659801097	-0.000947418341697	-9.87969921152e-05	-0.115787668773	-0.0985955049914	-0.0143636958954	2.61814510654e-10	4.354248082e-05	0.0
-0.000959394431912	-0.000930055034353	4.59471299432e-05	-0.116291167127	-0.0969380828897	0.0064103832828	5.03512046951e-10	8.3739299216e-05	0.0
-0.00106479911983	-0.00128495349419	-0.000149234740705	-0.133779463948	-0.150786157759	-0.0211593944996	2.53852258269e-10	4.2218275294e-05	0.0
-0.00120968680532	-0.00180223770752	-0.000196383054027	-0.160872986413	-0.231387277525	-0.0259411622035	2.51092598832e-10	4.1759315178e-05	0.0
-0.00110557452386	-0.00143784845956	7.81283271701e-05	-0.14291482329	-0.17350824117	-2.6431339879e-05	2.51092598832e-10	4.1759315178e-05	0.0
-0.000798104834523	-0.000542247433332	0.000101848549626	-0.0844959498128	-0.0361560501898	0.0163844372239	2.51092598832e-10	4.1759315178e-05	0.0
-0.0011026566955	-0.00148803123011	0.000246981091851	-0.142929333797	-0.180770162315	0.0356635425116	2.51092598832e-10	4.1759315178e-05	0.0
-0.00104502961605	-0.00119979276744	-8.09088861584e-05	-0.132382201427	-0.138128208768	-0.0119013693531	2.48273396129e-10	4.1290452397e-05	0.0
-0.00118458814829	-0.00135152159676	-0.000101680243996	-0.149418978083	-0.161747145795	-0.00558019845163	1.04500344486e-10	1.7379496018e-05	100.0
-0.00081242500245	-0.000321426551641	9.62298022134e-05	-0.076523245322	-0.00746410069097	0.0139042474981	1.03319537132e-10	1.7183115453e-05	100.0
-0.00148338235686	-0.000936610604378	-0.000267602789503	-0.184042441581	-0.105544483917	-0.0280620998275	1.00946355741e-10	1.6788430663e-05	100.0
-0.00108144820353	-0.00160364882185	-5.69156790278e-05	-0.138422703667	-0.199144152894	-0.0114049388334	9.93543779891e-11	1.6523668177e-05	100.0
-0.000873453646958	-0.00117542329144	-0.000234299626459	-0.110537343204	-0.130728583092	-0.0176198233385	9.65459373287e-11	1.6056595236e-05	100.0
-0.00126009362752	-0.000579815275653	0.000126807797044	-0.147752103696	-0.0540901682802	0.00607735462353	9.24726548552e-11	1.5379165923e-05	100.0
-0.000783845709309	-0.000489898667348	3.13042775548e-05	-0.0795463529948	-0.0292006873343	0.0046974940769	9.24726548552e-11	1.5379165923e-05	100.0
-0.000765278270501	-0.000679725756351	2.85227453602e-05	-0.0879485425778	-0.0546756519659	0.00374429109485	9.22454952803e-11	1.5341386919e-05	100.0
-0.00124590084363	-0.00160013599097	5.75402891473e-05	-0.158508747856	-0.199529818028	0.000599023573529	9.22454952803e-11	1.5341386919e-05	100.0
-0.0009375705892	-0.000892118014827	8.3005828513e-06	-0.114406068075	-0.0915911462171	0.000440487253924	1.83504905782e-10	3.0518777666e-05	100.0
-0.000982157575723	-0.000930628625318	8.96460915336e-05	-0.120450502114	-0.0977761146601	0.016187312093	9.19162974548e-11	1.5286637891e-05	100.0
-0.00136371159326	-0.000941446659508	4.55959549095e-06	-0.166240319348	-0.104622109667	-0.00370706858097	9.16476486947e-11	1.5241958803e-05	100.0
-0.00102145684798	-0.00186081301537	1.10693586129e-05	-0.143047628514	-0.235104184069	-0.00903574170667	9.09374544248e-11	1.5123846097e-05	100.0
-0.000786552009727	-0.000353548943474	-8.68295396466e-05	-0.0765697996979	-0.00957785648917	-0.0138140582589	9.09374544248e-11	1.5123846097e-05	100.0
-0.000835971778374	-0.000867969465223	-4.07968240119e-05	-0.101491020067	-0.0841343916695	-0.0133031609724	9.09374544248e-11	1.5123846097e-05	100.0
-0.000910619673546	-0.0014727797248	0.000536635532173	-0.120251083944	-0.175026884739	0.0549128173854	9.09374544248e-11	1.5123846097e-05	100.0
-0.000876285290202	-0.000864805716249	-0.000111838286205	-0.106456348595	-0.085167256318	-0.00263327368462	9.09374544248e-11	1.5123846097e-05	100.0
-0.00102853906703	-0.00147602489592	0.00010817895404	-0.13156466102	-0.177367401477	0.00566151590338	9.04026714006e-11	1.5034906109e-05	100.0
-0.00113677465324	-0.00176502466235	-0.000633498200753	-0.14969413761	-0.217701895525	-0.0677655453971	8.91480887315e-11	1.482625594e-05	100.0
-0.0011616334836	-0.0012488929042	2.28790441755e-05	-0.146984593525	-0.14658272625	-0.00422852868281	8.90158765282e-11	1.4804267673e-05	100.0
-0.000802170833238	-0.000495915384342	-4.34889784685e-05	-0.0854952604662	-0.0293791126781	-0.00741944614809	8.90158765282e-11	1.4804267673e-05	100.0
-0.00127474316177	-0.00198062416954	8.88709598325e-05	-0.17090930793	-0.263683497007	0.0121297042652	8.90158765282e-11	1.4804267673e-05	100.0
-0.00096161253965	-0.00149247368947	1.93782682436e-06	-0.128694260517	-0.178920532006	0.00835063747434	8.90158765282e-11	1.4804267673e-05	100.0
-0.00149103582769	-0.00202012554541	-0.000664940938601	-0.193953406357	-0.254339391935	-0.0701645056334	8.90158765282e-11	1.4804267673e-05	100.0
-0.000987179484567	-0.00105598324703	3.46223876059e-05	-0.12512726622	-0.11435979149	0.00529211809384	8.83850397542e-11	1.4699352945e-05	100.0
-0.00198975680374	-0.00224731025607	-3.39761202731e-05	-0.245694154838	-0.284434591529	-0.0055420094384	8.83850397542e-11	1.4699352945e-05	100.0
-0.00116096672952	-0.00188591280277	8.28260818621e-06	-0.158931215268	-0.242734497336	0.012548803753	8.83850397542e-11	1.4699352945e-05	100.0
-0.000895584944713	-0.00200694139165	-0.000550858542507	-0.124450607257	-0.24913830998	-0.0555503977199	8.83850397542e-11	1.4699352945e-05	100.0
-0.000602908425935	-0.000949308939061	-0.000158995661995	-0.0757948510054	-0.0914796039696	-0.00643637824922	8.83059337078e-11	1.4686196785e-05	100.0
-0.000968494777312	-0.0003496309073	-0.000437776811057	-0.106627414019	-0.0209814415208	-0.0346796838245	8.83059337078e-11	1.4686196785e-05	100.0
-0.00134200056278	-0.00122719617693	-1.6612970631e-05	-0.16587115928	-0.145299893261	0.000883529800048	8.74587999819e-11	1.4545309621e-05	100.0
-0.00114838490245	-0.00177267674138	-7.39808046011e-05	-0.154496533329	-0.225770922037	-0.00938905746406	8.74469818504e-11	1.4543344143e-05	100.0
-0.00105524905716	-0.000826796734213	1.74107128277e-06	-0.126641476357	-0.083889720885	-0.00584135650135	8.71363912958e-11	1.4491689698e-05	100.0
-0.00127909435585	-0.00167049675848	-9.03754192672e-05	-0.166179021432	-0.210900508438	-0.0125886051051	8.71363912958e-11	1.4491689698e-05	100.0
-0.000661500780165	-0.00042016351587	0.000488473707975	-0.0703030746312	-0.0226783964495	0.0349690880407	8.66063858142e-11	1.4403544264e-05	100.0
-0.00129259877788	-0.00200829006699	0.000201108443832	-0.170805962894	-0.261021822569	0.00695061817656	8.66063858142e-11	1.4403544264e-05	100.0
-0.00083559379044	-0.000950435643935	0.000122756891659	-0.104742754878	-0.0961492623058	0.0190200199606	8.62103023933e-11	1.4337671465e-05	100.0
-0.00190767895956	-0.00207425857399	0.000505488272147	-0.242194653542	-0.260815037787	0.0543681566524	8.59034332929e-11	1.4286635936e-05	100.0
-0.000991430351555	-0.000790624111604	0.000111487583052	-0.116080678351	-0.0775606160272	0.00351633992084	8.57484397552e-11	1.4260858896e-05	100.0
-0.00102624851652	-0.00128810237758	-8.63638398564e-05	-0.135305047029	-0.149654955882	-0.0148331158148	8.52922598782e-11	1.418499143e-05	100.0
-0.00111595324552	-0.00192573827958	-3.20311034434e-05	-0.155628287948	-0.24747629896	-0.0163145521267	8.52922598782e-11	1.418499143e-05	100.0
-0.00119635295845	-0.00167932354174	-1.1507437889e-05	-0.159900334293	-0.211843478611	-0.00359676721717	8.52922598782e-11	1.418499143e-05	100.0
-0.00232563239224	-0.00288908839055	-2.93819544204e-05	-0.298461275558	-0.362116622341	-0.00330863591579	8.52922598782e-11	1.418499143e-05	100.0
-0.001489815491	-0.00164697605566	0.000334696287519	-0.190050365722	-0.205873824578	0.032070582531	8.48845594854e-11	1.4117186607e-05	100.0
-0.000840687380653	-0.000524971205335	7.11356784104e-05	-0.0864533002766	-0.0362065817607	0.00679545686507	8.48845594854e-11	1.4117186607e-05	100.0
-0.000901930348598	-0.00107180223442	3.66340068027e-05	-0.118249204702	-0.113810421228	0.00530943558967	8.46843553084e-11	1.4083890566e-05	100.0
-0.000914751313636	-0.00142059635057	4.92235990569e-05	-0.122678954439	-0.167392576949	-0.00318242470884	8.46843553084e-11	1.4083890566e-05	100.0
-0.000700428856238	-0.0013247906225	0.000130416933896	-0.0948569614434	-0.149614038868	0.00497186401612	8.46843553084e-11	1.4083890566e-05	100.0
-0.000937740958301	-0.00172676072869	0.00058532379637	-0.126909777446	-0.210783402334	0.0601116624442	8.43815596916e-11	1.4033532501e-05	100.0
-0.0011764961172	-0.00170218379532	5.82256379656e-05	-0.158185493283	-0.214889509152	0.00896199866186	8.43815596916e-11	1.4033532501e-05	100.0
-0.000782061008372	-0.00109302776654	7.65430799009e-05	-0.0974109075982	-0.117164040762	0.01307452261	8.37781309248e-11	1.393317601e-05	100.0
-0.00180001547054	-0.00206224472184	7.56818243938e-05	-0.22057852275	-0.264660591425	0.00614622371201	8.34774474847e-11	1.3883169221e-05	100.0
-0.0010447577194	-0.000962275695746	0.000207020452558	-0.12796479207	-0.103037632522	0.0135672021862	8.31374876161e-11	1.3826630353e-05	100.0
-0.000724768874802	-0.000897243293584	-0.000636855896245	-0.090692352697	-0.0917704866958	-0.0622741388225	8.31374876161e-11	1.3826630353e-05	100.0
-0.00110976973314	-0.00163097500471	3.80653021418e-05	-0.149265738104	-0.202826896368	0.00607588435583	1.61030792519e-10	2.6781098486e-05	100.0
-0.000754733129032	-0.000557513683021	-3.4176880051e-06	-0.0839672280087	-0.0352654766938	0.00059634252786	8.28780419116e-11	1.378348183e-05	100.0
-8.02536875012e-05	-0.000816343684763	-0.000592105773595	-0.018630640534	-0.072491598733	-0.050406178073	8.28780419116e-11	1.378348183e-05	100.0
-0.00148419936448	-0.00144318965163	-0.000539787971287	-0.190067937828	-0.175818972647	-0.0561146327436	8.28780419116e-11	1.378348183e-05	100.0
-0.00231947583997	-0.00234486182269	-0.000500316595763	-0.297992130891	-0.29562417497	-0.0568104694908	8.28780419116e-11	1.378348183e-05	100.0
-0.00092344269483	-0.00103403347385	0.000112294650528	-0.117047051036	-0.11030714758	0.015958808277	8.25792191987e-11	1.3733784499e-05	100.0
-0.00167115038389	-0.00143369458747	-0.00011704063348	-0.210893322577	-0.176703220526	-0.00978256802359	8.25792191987e-11	1.3733784499e-05	100.0
-0.000837031902286	-0.000620729624944	-0.00015821012427	-0.0958876991401	-0.0479971728141	-0.0202853073073	8.16862210644e-11	1.3585269606e-05	100.0
-0.0018884594693	-0.00246490724356	0.00025029951931	-0.23280252187	-0.309139705723	0.0194907468634	8.16862210644e-11	1.3585269606e-05	100.0
-0.00052331214221	-0.000705576637462	7.606530038e-05	-0.0631323982236	-0.0496619604259	0.0154945923158	8.16862210644e-11	1.3585269606e-05	100.0
-0.00147120175348	-0.00134294946933	0.000426243690727	-0.187261071943	-0.162093900813	0.0423487350086	8.10934537609e-11	1.3486686228e-05	100.0
-0.000928871340546	-0.00240459655359	-0.000228053319505	-0.140296772402	-0.300810229899	-0.0112794763053	8.10934537609e-11	1.3486686228e-05	100.0
-0.0011329623568	-0.00217461313652	-0.000519772282969	-0.154101121274	-0.273016038472	-0.0468395212012	8.10934537609e-11	1.3486686228e-05	100.0
-0.000648620217293	-0.000636121394046	0.000150955260268	-0.0725648717747	-0.0456744230027	0.00249741905071	8.07977490231e-11	1.3437507449e-05	100.0
-0.00131718472762	-0.000422411225001	-5.41658920978e-05	-0.151999873134	-0.0335513331206	-0.00691298617182	8.04621140877e-11	1.3381687862e-05	100.0
-0.000593493138943	-0.00112262547872	0.000198528350825	-0.0790669626488	-0.118336215099	0.0108296972686	8.02075967955e-11	1.3339358985e-05	100.0
-0.000820475163421	-0.00138133007952	-0.00115093313704	-0.109855142031	-0.16529179632	-0.132195257727	8.02075967955e-11	1.3339358985e-05	100.0
-0.00222338186288	-0.00237413191711	-0.000250958244555	-0.281826609914	-0.297767684682	-0.0258606695665	8.02075967955e-11	1.3339358985e-05	100.0
-0.00116349547173	-0.00122902196054	-0.000963026815461	-0.150917129862	-0.145779018494	-0.108289481962	8.00090521859e-11	1.3306338948e-05	100.0
-0.00104488438885	-0.00138019294916	-0.00013453968543	-0.138189893105	-0.163599924976	-0.0169039014952	7.99130990158e-11	1.3290380936e-05	100.0
-0.00132662888831	-0.00115447896699	0.000764633062521	-0.169239455826	-0.135652192444	0.0830504117068	7.99130990158e-11	1.3290380936e-05	100.0
-0.000867189873044	-0.000791339263962	7.80394393007e-05	-0.108040486334	-0.071837364983	0.0133179949846	7.99130990158e-11	1.3290380936e-05	100.0
-0.00246216751967	-0.00231165887042	0.000405170252153	-0.316166327947	-0.290211823321	0.046747859985	7.96189532656e-11	1.3241461433e-05	100.0
-0.000353452851599	-0.00124566898618	-0.000655534913232	-0.0521908972323	-0.138698893166	-0.0661255905566	7.96189532656e-11	1.3241461433e-05	100.0
-0.000975759130441	-0.000100957891702	0.000218959537484	-0.0968088359912	0.0112746018702	0.00938329900499	7.95537272375e-11	1.3230613665e-05	100.0
-0.00125528413688	-0.00170218333201	1.36149357893e-05	-0.15900057592	-0.216375926973	-0.00123178293723	7.95537272375e-11	1.3230613665e-05	100.0
-0.00152111751922	-0.00115789556395	-0.00037410974042	-0.190846108257	-0.136483175743	-0.0397088798155	7.95537272375e-11	1.3230613665e-05	100.0
-0.000782400786604	-0.000746449919157	-0.000146910237567	-0.0944155909892	-0.0643773439176	-0.0232720158937	7.93251595448e-11	1.3192600477e-05	100.0
-0.000879200199004	-0.00213987282655	0.00105883518962	-0.120448848545	-0.266637375354	0.122725966831	7.93251595448e-11	1.3192600477e-05	100.0
-0.000869005651028	-0.0021444587866	0.000124625863809	-0.13020013803	-0.269427544223	0.00222695045151	7.87384773218e-11	1.3095029111e-05	100.0
-0.00110774820233	-0.00145576293146	1.47018821452e-05	-0.14614912165	-0.175806075413	0.00046285480855	7.87384773218e-11	1.3095029111e-05	100.0
-0.00126309227889	-0.00194951828943	-0.000554875937435	-0.167156867885	-0.244918064879	-0.0534571715827	7.87384773218e-11	1.3095029111e-05	100.0
-0.00144823622673	-0.001380420578	-1.16308799474e-05	-0.180186547045	-0.167765929834	-0.00133171434351	7.8635986462e-11	1.3077983813e-05	100.0
-0.00101206413929	-2.40300104352e-05	-7.42284445363e-06	-0.0973194436468	0.0221388095663	0.000146354223033	7.8635986462e-11	1.3077983813e-05	100.0
-0.000806705626125	-0.00111486329979	0.000123103970209	-0.103351756482	-0.120321263015	0.015938952676	7.81527506073e-11	1.2997616656e-05	100.0
-0.00181264192439	-0.00283895735409	4.23478399355e-05	-0.225333999058	-0.345894423959	0.00381479060327	7.81527506073e-11	1.2997616656e-05	100.0
-0.00211713636777	-0.00252973676951	-4.87936923136e-05	-0.26491270382	-0.315178345643	-0.00381032958038	7.81527506073e-11	1.2997616656e-05	100.0
-0.000667846778109	-0.00108931049204	-0.00096943906602	-0.0883767311793	-0.122565929916	-0.106250047989	7.7275744668e-11	1.2851761431e-05	100.0
-0.000777395226589	-0.00151756087261	-0.000151531789804	-0.109332228045	-0.179268362625	-0.0256693757934	7.69836608045e-11	1.2803184841e-05	100.0
-0.000612891005801	-0.00175415590979	0.000129799991752	-0.0905118031739	-0.211714329332	0.00634969783605	7.69836608045e-11	1.2803184841e-05	100.0
-0.00112860708752	-0.00206433566945	0.000174991203501	-0.165299123429	-0.268636171331	0.0262110350477	7.69836608045e-11	1.2803184841e-05	100.0
-0.000742835225929	-0.00162921443634	-2.64378125357e-05	-0.105805225867	-0.195219081377	0.00605762680161	7.69836608045e-11	1.2803184841e-05	100.0
-0.00134209250085	-0.00180910717488	0.00113928109707	-0.176570732644	-0.224316160318	0.134259372103	7.67698783487e-11	1.2767630592e-05	100.0
-0.00121643237032	-0.000872665007457	-0.000279508865396	-0.147763204132	-0.0936001479897	-0.0257461902755	7.67698783487e-11	1.2767630592e-05	100.0
-0.00146110518336	-0.00141360919945	-0.000457123098197	-0.186123639917	-0.171584081106	-0.0483020529644	7.67698783487e-11	1.2767630592e-05	100.0
-0.000817918088322	-0.000760700575132	-0.000184085920629	-0.0983258533115	-0.0677007690229	-0.0241816829278	7.66917278108e-11	1.2754633343e-05	100.0
-0.00102265908167	-0.00234117998619	0.000610126829927	-0.141373634667	-0.292838376795	0.0603526066291	7.66917278108e-11	1.2754633343e-05	100.0
-0.00103802151376	-0.00117532493222	2.150644357e-05	-0.135451603083	-0.132838754606	0.00143046326111	7.6399845107e-11	1.2706090208e-05	100.0
-0.000891523278279	-0.00116739204163	0.000992362093226	-0.116553551807	-0.135862693418	0.109542008657	7.6399845107e-11	1.2706090208e-05	100.0
-0.00101078434735	-0.00101097325832	-2.20795660088e-05	-0.129581234057	-0.109246693708	-0.00448393179762	7.6399845107e-11	1.2706090208e-05	100.0
-0.00167590841819	-0.00198327818793	0.000304781651434	-0.211193293338	-0.253286106316	0.0239292645817	7.6399845107e-11	1.2706090208e-05	100.0
-0.000987967789638	-0.00115130100044	-9.15627851847e-05	-0.131114375488	-0.128574544152	-0.0146200859535	7.6399845107e-11	1.2706090208e-05	100.0
-0.000669920008561	-0.00196963789599	0.000203431460265	-0.0998555574042	-0.242326940222	0.0134962427382	7.61080629831e-11	1.2657563801e-05	100.0
-0.00202306269597	-0.00155896404861	0.000316479103649	-0.257128495732	-0.192895457385	0.0326115789864	7.58162808592e-11	1.2609037394e-05	100.0
-0.000997899678261	-0.0014932137008	3.66680789074e-05	-0.133875380938	-0.18008315446	0.00550924315924	7.58162808592e-11	1.2609037394e-05	100.0
-0.00266868281428	-0.00268670501819	0.000169275841204	-0.346292109459	-0.340391837159	0.0187633017308	7.58162808592e-11	1.2609037394e-05	100.0
-0.00219969569701	-0.00247903854062	-4.08697714399e-05	-0.276940494074	-0.309898482077	-0.00693231552253	7.58162808592e-11	1.2609037394e-05	100.0
-0.00198638137936	-0.00291267526323	-0.000198313234722	-0.252228203473	-0.361218039637	-0.020005879965	7.58162808592e-11	1.2609037394e-05	100.0
-0.000883845336042	-0.00210708672386	-8.58673185781e-06	-0.133466678699	-0.265092691519	0.010423295848	7.58162808592e-11	1.2609037394e-05	100.0
-0.000768035684815	-0.00171449513212	-0.000645097742504	-0.105498078753	-0.207904410465	-0.0673330756275	7.58162808592e-11	1.2609037394e-05	100.0
-0.0012742369317	-0.00248536671886	-0.00064204000679	-0.170686286766	-0.310585130701	-0.0627463946538	7.58162808592e-11	1.2609037394e-05	100.0
-0.000793084200696	-0.00105516370856	-7.46555139972e-05	-0.101879248685	-0.111811741179	-0.00744550673133	7.55244987352e-11	1.2560510987e-05	100.0
-0.00180908074208	-0.0022159905776	0.000707235510338	-0.232877207159	-0.278805900899	0.0767642396145	7.55244987352e-11	1.2560510987e-05	100.0
-0.000553238771633	-0.000465945717842	0.00050939411893	-0.0601510033216	-0.027284288911	0.0341346660732	7.53403370431e-11	1.2529882979e-05	100.0
-0.00110752639168	-0.0019363692097	0.000591577844858	-0.148358471207	-0.240962126319	0.0605121223773	7.53403370431e-11	1.2529882979e-05	100.0
-0.00103572577166	-0.000106249692002	6.80239142802e-05	-0.104074744799	0.0112251466923	-0.00040236823566	7.53403370431e-11	1.2529882979e-05	100.0
-0.00142716652671	-0.000905650282561	0.000117957342785	-0.173983050122	-0.100583411146	0.0154846308542	7.53403370431e-11	1.2529882979e-05	100.0
-0.000962065001571	-0.00150842277403	-0.000283572519378	-0.131704643685	-0.180921782966	-0.0389140470377	7.52326663213e-11	1.2511976216e-05	100.0
-0.000423574593559	-0.001233914491	0.00014452414303	-0.0619669234471	-0.132633842699	0.00615368582341	7.52326663213e-11	1.2511976216e-05	100.0
-0.000770362473816	-0.00225986481618	0.000264020537901	-0.115549010173	-0.281516121244	0.0189348602604	7.52326663213e-11	1.2511976216e-05	100.0
-0.00118033915385	-0.00207588098853	0.000266980773196	-0.170673934273	-0.270535288736	0.0315295819404	7.52326663213e-11	1.2511976216e-05	100.0
-0.000466597027407	-0.000658201784593	4.76691534073e-05	-0.0550053683255	-0.0404565467664	0.0170801997523	7.52326663213e-11	1.2511976216e-05	100.0
-0.00117891732533	-0.00137163606567	-0.000809097936445	-0.152820671284	-0.163878739529	-0.0898465411463	7.48575035077e-11	1.2449582732e-05	100.0
-0.00196193837778	-0.00143825382984	7.05143135704e-06	-0.247701768312	-0.176643091953	0.00628015581565	7.46488506238e-11	1.2414881583e-05	100.0
-0.00111385605243	-0.00197303732653	-0.000747895372217	-0.1498441988	-0.245885317838	-0.0817278328931	7.43713005477e-11	1.2368722114e-05	100.0
