# x[AU] y[AU] z[AU] vx[AU/yr/2pi] vy[AU/yr/2pi] vz[AU/yr/2pi] m[MSUN] m[mtot] wf[%]
0.00049663403085	0.000809863335629	4.20813202354e-07	0.0687067645391	0.102322896369	-0.000127983496429	4.02043385578e-06	0.66841198553	10.2818121931
-0.00100498092709	-0.00163885249411	-6.70802249748e-07	-0.139090682251	-0.207040866313	-0.000248831192455	1.98418978214e-06	0.329878883598	19.0696631977
-0.000417472335888	-0.000535357498046	3.84391826113e-05	-0.0515819842597	-0.0682288904953	0.00283713059689	3.18403596735e-10	5.2935774577e-05	0.0
-0.000264391884015	-0.000208733290306	0.000165988865248	-0.030498776813	-0.0111658036552	0.0252363398562	1.30971500702e-10	2.177449598e-05	100.0
-0.00034339868542	-2.59689915827e-05	0.000206943728685	-0.0302720580373	0.0142712969367	0.0315812252037	1.28546017793e-10	2.1371250483e-05	100.0
-0.000157705773977	1.93890582715e-05	-3.4824069274e-05	-0.0112813206324	0.0307271764078	0.000378374028429	1.26168159439e-10	2.0975922745e-05	100.0
-0.000493338396942	-0.000810121518996	-0.0001265716302	-0.0734020983979	-0.113044478821	-0.0278043496203	1.23814591118e-10	2.0584633314e-05	100.0
-0.000407854337462	-0.000275766741973	-0.00014541826964	-0.0452920443635	-0.0263501923377	-0.0210694376576	1.23814591118e-10	2.0584633314e-05	100.0
-0.000431014701448	-0.00052288792307	0.000213350572449	-0.0563657184063	-0.0654398793636	0.0313763465152	1.22646104794e-10	2.0390368145e-05	100.0
-0.000185716658198	5.28636082412e-05	-3.61875374293e-05	-0.0110451959461	0.0351463225386	-0.00771654715413	1.22257766021e-10	2.0325805389e-05	100.0
-0.000581714204673	-0.00100361484891	2.91566514596e-05	-0.0857966351217	-0.150871952166	0.00971073442637	1.19169713398e-10	1.9812405229e-05	100.0
-0.000203108007519	-2.62016290624e-05	-9.75938819362e-05	-0.0153810311139	0.0210048542995	-0.0162572662216	1.17636977173e-10	1.9557582168e-05	100.0
-0.000389290606053	-4.03489489787e-05	-0.000142816182289	-0.0338601510061	0.0100207693767	-0.0233895671746	1.17380649444e-10	1.9514966735e-05	100.0
-0.000408872708467	-0.000191352513422	3.97759486914e-05	-0.0396085897249	-0.0132475989366	0.00666703067387	1.17254824061e-10	1.94940478e-05	100.0
-0.000388637063148	-0.000399307667452	9.96440603416e-05	-0.0496856381092	-0.0440287292221	0.0148423986522	1.14590111996e-10	1.9051029572e-05	100.0
-0.000476906022714	-0.000106359882721	8.23810032946e-05	-0.0494316214825	-0.000658377269805	0.0159339786786	1.14590111996e-10	1.9051029572e-05	100.0
-0.00053793360383	-0.000901093311551	-0.000123211569314	-0.0747146816252	-0.131381702707	-0.0245878105024	1.12831724894e-10	1.8758691219e-05	100.0
-0.000173348823474	3.76669325301e-05	0.000113779197246	-0.0154943590746	0.0345131677594	0.0195952719016	1.12318264797e-10	1.867332658e-05	100.0
-0.000129607109562	-2.75919984963e-05	-0.000128086433252	-0.00999527902999	0.0242003126648	-0.0272872240535	1.11562960467e-10	1.8547754444e-05	100.0
-0.000386867723559	-0.000126479056316	-0.000126924314458	-0.035359142777	-0.00278315722241	-0.0252654287892	1.11003233642e-10	1.8454697791e-05	100.0
-0.000478001438452	-0.000887781308508	9.82049940367e-06	-0.0717401614536	-0.124335992909	-0.0176980722389	1.10086498665e-10	1.8302287214e-05	100.0
-0.000327247135784	-0.000306944825753	0.000116668725239	-0.0370804030393	-0.0284853021795	0.0275661652051	1.10086498665e-10	1.8302287214e-05	100.0
-0.00033532047663	-0.000372063135923	0.000192371400658	-0.0444703466492	-0.0380047046062	0.0289212762823	1.09678094213e-10	1.8234388464e-05	100.0
-0.000281443232313	0.000208894499158	2.2450451767e-05	-0.0130866159593	0.0503759815765	-0.0174593986366	1.0870780047e-10	1.8073073544e-05	100.0
-0.000414858924453	-0.000164303298189	-2.97147261615e-05	-0.0417998396497	-0.00952105246672	-0.0188805403597	1.0870780047e-10	1.8073073544e-05	100.0
-0.000265829735583	-7.73137265917e-05	-4.49397038778e-07	-0.0226209343713	0.00896751354835	-0.0155856936167	1.08548984898e-10	1.8046669868e-05	100.0
-0.000310304746196	-0.000809582437994	-3.02720667882e-05	-0.0523970080704	-0.106067817504	-0.0209206826803	1.077860365e-10	1.7919826878e-05	100.0
-0.000431817564145	-0.000523264479272	-0.00024659206735	-0.0548523322109	-0.0654533238812	-0.0330291390462	1.07420780801e-10	1.7859101768e-05	100.0
-0.000262061641563	7.51667918894e-05	-5.70796769041e-05	-0.018193600439	0.0319242625119	0.014633375182	1.06293129894e-10	1.7671625638e-05	100.0
-0.000584486368896	-0.000755468662764	-6.69081004974e-05	-0.0811676643988	-0.10811687862	-0.00571979394172	1.05541446439e-10	1.7546655485e-05	100.0
-0.000364559044349	-0.000290837736603	3.35039909154e-05	-0.049781298269	-0.0245099121579	0.00504837557	1.04789712694e-10	1.7421676972e-05	100.0
-7.79648587405e-05	6.27168978228e-05	-0.000101760428178	-0.000359296257372	0.0406633256427	-0.0274766550824	1.04413845821e-10	1.7359187716e-05	100.0
-0.000355396832403	1.42731065516e-05	-0.000103864766225	-0.0278589495712	0.0189547720088	-0.0243897218162	1.04073584213e-10	1.7302617966e-05	100.0
-0.000621893977372	-0.000847351898305	3.6199733768e-05	-0.0905370593206	-0.124086120879	0.00538264269774	1.04037878369e-10	1.7296681738e-05	100.0
-0.000460262267429	-0.000669820616437	-0.000143774626252	-0.0613724061143	-0.0904531692265	-0.0283815653161	1.04037878369e-10	1.7296681738e-05	100.0
-0.000697035904669	-0.000821633561326	6.72121639964e-06	-0.0884043444809	-0.121180012789	0.0170895554625	1.04037878369e-10	1.7296681738e-05	100.0
-0.000405713537412	-0.000750378671733	0.000166260892729	-0.0618345040808	-0.100097790183	0.0354256208509	1.04037878369e-10	1.7296681738e-05	100.0
-0.000770625211713	-0.000791084317486	0.000122548040605	-0.0924875997087	-0.118027107352	0.0238674135383	1.03606290263e-10	1.722492862e-05	100.0
-0.000524867284485	-0.000681657542336	-0.000212603933112	-0.0744713249001	-0.0926307656218	-0.0319324702018	1.03285692014e-10	1.7171627977e-05	100.0
-0.000546911962899	-0.00107621399373	-0.000268748701742	-0.0925034131251	-0.155837465748	-0.0355554261922	1.03285692014e-10	1.7171627977e-05	100.0
-0.00037078038348	-0.000802365938087	2.10606695935e-05	-0.0620901632482	-0.107079319319	0.00328485707427	1.03285692014e-10	1.7171627977e-05	100.0
-0.000528826381437	-0.000840887298137	-0.000194585073643	-0.0732834034907	-0.120521098749	-0.0255343472996	1.03285692014e-10	1.7171627977e-05	100.0
-0.000150932469609	-1.02315752319e-05	-0.000217736094508	-0.013946580185	0.0261770622413	-0.0360388405541	1.02533153631e-10	1.7046515689e-05	100.0
-0.00019232036189	2.42652912526e-05	-0.00010301448824	-0.0090266875781	0.0278338117111	-0.021996802517	1.01256795426e-10	1.6834316421e-05	100.0
-0.000404495589836	-0.00100907737646	-0.000133452517202	-0.0596178659668	-0.145295840597	-0.0152101114269	1.01256795426e-10	1.6834316421e-05	100.0
-0.000229105127517	-0.00018202995656	-0.000203037183062	-0.0267207762128	-0.00458836325889	-0.0297904258673	1.01026216136e-10	1.6795981762e-05	100.0
-0.000201945340209	-0.000607057720963	-0.000191614091804	-0.0337541591709	-0.0715758093209	-0.00449141494652	1.01026216136e-10	1.6795981762e-05	100.0
-0.000461727768923	-0.000844303179711	0.000264717880199	-0.0705357671104	-0.116475548814	0.0404947131638	1.00649041726e-10	1.6733275123e-05	100.0
-0.000440955660427	-0.000598777412331	-0.000170313257233	-0.0670337664752	-0.0759478286392	-0.0235221638932	1.00271615865e-10	1.6670526679e-05	100.0
-0.000345984002946	-0.000397935244101	-7.19053322796e-05	-0.0489962111639	-0.0416253562285	-0.0164660545323	1.00271615865e-10	1.6670526679e-05	100.0
-0.000551563904178	-0.000169969624989	3.18241976341e-05	-0.0549606942744	-0.0141411114621	0.00696338128642	9.9835602247e-11	1.6598037803e-05	100.0
-0.000496010869833	-0.000840251933746	5.54549512214e-05	-0.0661661760914	-0.120905173706	0.0119935032968	9.88828093962e-11	1.6439632471e-05	100.0
-0.000534508382785	-0.00067038782411	-0.000208898292467	-0.0606648455045	-0.0936537330291	-0.0282601548544	9.87593979291e-11	1.6419114859e-05	100.0
-0.000235688368671	9.1627391726e-05	-2.19237379493e-05	-0.0169897821052	0.0384742247339	-0.00457777458237	9.83806142411e-11	1.6356140671e-05	100.0
-0.000519669996653	-0.000737722175547	0.000152899753686	-0.0644590409312	-0.10433598692	0.0258744139589	9.79253898726e-11	1.6280457937e-05	100.0
-0.0001661046112	7.3042973258e-05	9.22266472941e-05	-0.00893450518121	0.039400273992	0.013030761886	9.72422012904e-11	1.6166875311e-05	100.0
-0.000285892119519	-0.000117292536838	8.54845528827e-05	-0.0354638912373	0.00490542647823	0.0170712648844	9.72422012904e-11	1.6166875311e-05	100.0
-0.000400971934175	0.000561728612973	-0.000270459953024	-0.0135849094018	0.089138421899	-0.039221164615	9.69629413569e-11	1.6120447315e-05	100.0
-0.000225091793776	1.86403918535e-05	5.74119955372e-05	-0.00701949779722	0.0238191684679	0.0109622114463	9.69629413569e-11	1.6120447315e-05	100.0
-0.000341411763062	-0.000467530842175	-7.48196423694e-05	-0.0435642967692	-0.0538553092231	0.0106931370681	9.69629413569e-11	1.6120447315e-05	100.0
-0.000818321894003	-0.000673404148927	3.09825416907e-05	-0.0952164798239	-0.0982193368113	0.0130836342793	9.64798060821e-11	1.604012429e-05	100.0
-0.000171372568126	-1.42434213424e-05	0.000153380506612	-0.0121975790861	0.0207239138919	-0.00543857983016	9.57186681217e-11	1.5913582291e-05	100.0
-6.75793241421e-05	-1.40987488487e-05	-0.000179225078228	-0.00470515500105	0.0290751986384	-0.0350239183485	9.49540601568e-11	1.5786463392e-05	100.0
-0.00052642770142	-1.3714727967e-05	-8.19000183136e-05	-0.0478266112799	0.00937495170832	-0.0194856995426	9.40423038819e-11	1.5634880542e-05	100.0
-0.000721172821145	-0.000791227029544	-1.02772624871e-06	-0.0902400006853	-0.116761044371	0.0178793796554	9.40423038819e-11	1.5634880542e-05	100.0
-0.000228250120281	0.00014699992409	-2.00846425931e-05	-0.000970742259283	0.0425197263607	-0.00254562687223	9.30562693931e-11	1.5470948664e-05	100.0
3.0411632901e-05	-0.000211155269565	-0.000122832229169	-0.00266918908868	-0.000965378495373	-0.026522367032	9.26469094329e-11	1.5402891058e-05	100.0
-0.000399531523653	-8.58024699144e-05	-9.74658553412e-05	-0.0309781946096	0.0017190913973	-0.0149271581596	9.20632446051e-11	1.5305854624e-05	100.0
-4.71064577753e-05	-0.00056821995828	-0.000270341077482	-0.0143240206108	-0.0630599850797	-0.0134385540794	9.1872696093e-11	1.5274175229e-05	100.0
-0.000357671629206	-0.000856067065866	-0.000674791926099	-0.0529557125884	-0.110318233234	-0.0629681817189	9.1872696093e-11	1.5274175229e-05	100.0
-0.000750325588157	-0.000730114362183	0.00013458995041	-0.0854263222456	-0.10739167989	0.0222278080091	9.15639159756e-11	1.5222839394e-05	100.0
-0.000370728370153	-0.000567691111562	0.000243455929437	-0.0505049743713	-0.0698033204523	0.00799792267144	9.0705718467e-11	1.5080160887e-05	100.0
-0.000255315102369	-0.000392646989387	0.000127777687861	-0.0389725542673	-0.0380464562242	0.0205951069849	9.0705718467e-11	1.5080160887e-05	100.0
-0.000371137224355	-0.000974858911411	0.000138585265044	-0.0685687370623	-0.132597212271	0.0312720074665	9.0705718467e-11	1.5080160887e-05	100.0
-0.000104637984436	-0.000577939877068	0.000539248937224	-0.0193735669529	-0.0669235653415	0.0465786992259	9.03151166475e-11	1.5015221891e-05	100.0
-0.000926718889455	-0.00093544438457	-0.000181251868193	-0.105131511331	-0.143736140458	-0.0264581294691	9.03151166475e-11	1.5015221891e-05	100.0
-0.000187365354873	6.31742034554e-05	-2.62866646831e-05	-0.0155448453123	0.0352012100514	-0.00283918676968	9.03151166475e-11	1.5015221891e-05	100.0
-0.000280220620473	-0.000647879981102	0.000105496753023	-0.0485228762604	-0.0794417780699	0.0225564025819	9.03151166475e-11	1.5015221891e-05	100.0
-0.000121170428825	2.62727051495e-05	0.000194557042917	-0.013430533961	0.0345099760073	0.0293728396525	9.03151166475e-11	1.5015221891e-05	100.0
-0.000282945708819	-0.000423825086375	-0.000652243214849	-0.0377854644974	-0.0475336891804	-0.0608928212566	9.03151166475e-11	1.5015221891e-05	100.0
-0.000702835526054	-0.000673490441198	-0.000481243935339	-0.0897063726213	-0.0906617131246	-0.0391537376381	8.95466363586e-11	1.4887459203e-05	100.0
-0.000275913310563	-0.000365600781001	0.000113712100369	-0.0371836167583	-0.0360882041348	0.016329427488	8.95312476427e-11	1.4884900772e-05	100.0
-0.000460379099674	-8.64435939261e-05	0.000257105810477	-0.0474796337166	5.29795719082e-05	0.0109634805667	8.80103798398e-11	1.463205088e-05	100.0
-0.000423065912294	-0.000306072824364	-0.000109939680799	-0.0452092830632	-0.0317403077985	-0.029802267853	8.80103798398e-11	1.463205088e-05	100.0
-0.00077623565741	-0.000509429243815	-9.83597761529e-05	-0.0885918006288	-0.0707814617631	-0.0212850198765	8.80103798398e-11	1.463205088e-05	100.0
-0.000463291309286	-9.59804532967e-05	8.52620443815e-05	-0.039834092361	-0.00198212022211	0.00996519958558	8.80103798398e-11	1.463205088e-05	100.0
-0.000432371630628	-0.000819311641713	7.83339708792e-05	-0.0652731718956	-0.111822884098	-0.00851667629599	8.79520938209e-11	1.4622360614e-05	100.0
6.14560879268e-06	-8.95943136977e-05	8.20059256298e-05	0.000624064661956	0.0185603430123	0.0259983559538	8.79520938209e-11	1.4622360614e-05	100.0
-0.00016173423467	-0.000506550499171	0.000122991350598	-0.0303193346373	-0.054093074521	0.0282477419281	8.79520938209e-11	1.4622360614e-05	100.0
-0.000280986025111	-0.00118704673883	7.4547895166e-08	-0.0631181695219	-0.158798494235	0.0195434964652	8.63556402661e-11	1.4356944311e-05	100.0
-0.000408941966318	-0.000670549168451	8.55658370343e-05	-0.0578225098497	-0.0871734444822	-0.0095445118011	8.59534717647e-11	1.4290082311e-05	100.0
-0.000343027559897	-0.000333029107693	-6.72044483451e-05	-0.0478745996782	-0.0311824481053	-0.0078824701215	8.55500460153e-11	1.4223011289e-05	100.0
-0.000434191707062	-0.000157337543769	-4.77237438119e-05	-0.0451156206462	-0.00891211387856	0.0113603551372	8.53985224821e-11	1.4197819942e-05	100.0
-0.000717935675538	-0.000443615456894	0.000179613838374	-0.0843050577332	-0.0584019592405	0.00518197013737	8.48675112021e-11	1.4109537354e-05	100.0
-0.000358345128297	-9.19306149055e-05	6.83315603703e-06	-0.0263357793765	0.00185054111405	0.00324972428637	8.48675112021e-11	1.4109537354e-05	100.0
-0.000240918513541	-0.000460096867315	0.000116005031534	-0.0368201412795	-0.0487421582179	0.0145780762167	8.47391210328e-11	1.4088192014e-05	100.0
-0.000368180399703	-9.3954137497e-07	-0.000213602568516	-0.0286014458951	0.0154418235629	-0.0372577382023	8.3795883267e-11	1.393137525e-05	100.0
-0.000404057390497	-0.000397986450478	5.33487092942e-05	-0.0416557437351	-0.0466418290473	0.00329979809771	8.3795883267e-11	1.393137525e-05	100.0
-0.000756984424645	-0.000820830415068	-2.77172233822e-07	-0.0915557656565	-0.122607008476	0.0140817371659	8.3795883267e-11	1.393137525e-05	100.0
-0.000383144793009	-0.00115189127334	-0.000156970968043	-0.0787161626417	-0.158264337084	-0.0329402572899	8.30994684355e-11	1.3815593711e-05	100.0
-0.000215977075434	-0.000222705151812	-0.000226796156244	-0.0305909540796	-0.00969110701818	-0.0351883898802	8.30994684355e-11	1.3815593711e-05	100.0
-0.000111496945605	-0.000383026853049	0.000293318034205	-0.0246852945897	-0.0328119738282	0.0435130491137	8.30994684355e-11	1.3815593711e-05	100.0
-0.0010126524994	-0.000580746078801	0.000128065021062	-0.118291938528	-0.0833369843351	0.0228778947774	8.30994684355e-11	1.3815593711e-05	100.0
