# x[AU] y[AU] z[AU] vx[AU/yr/2pi] vy[AU/yr/2pi] vz[AU/yr/2pi] m[MSUN] m[mtot] wf[%]
0.000738879019966	0.00119927101269	1.92445401691e-07	0.102563384891	0.151629189243	-0.000142035934161	3.00972745976e-06	0.501091903114	9.77137587073
-0.000744321502787	-0.00120983192198	-2.07616645755e-07	-0.103339067192	-0.15309989866	-7.92546257772e-05	2.98808402863e-06	0.497488471158	19.7924405067
4.87500625047e-05	0.000173448700831	-0.000277985274646	0.00866634030314	0.0300414164554	-0.0402715909923	3.07935447857e-10	5.126841605e-05	0.0
-0.000172559543911	-0.000392618542291	-6.75752665843e-05	-0.0351023446129	-0.067652041462	-0.0112951414325	1.3692869392e-10	2.2797366454e-05	100.0
-8.00412222244e-05	-1.36136726069e-05	0.00017237762701	-0.0090801618518	-0.00422250869232	0.0201348085217	1.3692869392e-10	2.2797366454e-05	100.0
-0.000204309651668	-0.000329321049527	-7.72246621088e-05	-0.0355066892308	-0.057466785423	-0.0133949161848	1.336275629e-10	2.2247758542e-05	100.0
-6.55572216323e-05	-2.41005194454e-05	-0.000178358711572	-0.0104469446766	-0.00508022723483	-0.0284772804097	1.30349313794e-10	2.1701960258e-05	100.0
-5.3573162797e-05	7.94136444951e-05	0.000104041435083	-0.00613606237911	0.0122131251864	0.0150880389204	1.28309906612e-10	2.1362417744e-05	100.0
-0.000206637729376	-0.000511489346974	9.11102537571e-06	-0.0435637650506	-0.0896472369023	0.00124408157851	1.24999874275e-10	2.0811327845e-05	100.0
-6.44363476726e-05	-0.000199857138782	4.65390391496e-05	-0.0155946599962	-0.0258687842132	-0.00629610905771	1.24653074977e-10	2.0753588956e-05	100.0
0.000122827202473	0.000423229603963	-6.73585089136e-05	0.0229208339658	0.0750180478897	-0.00842146531903	1.23842300864e-10	2.0618602533e-05	100.0
0.000190731861092	0.000331879371903	-2.50688273099e-05	0.0411630016806	0.0569168776712	-0.00543053364107	1.23589845459e-10	2.0576571033e-05	100.0
-5.92216380891e-05	-4.03566031004e-05	-0.000125347679043	-0.0105926185644	-0.00716739289928	-0.0195261546706	1.22627095204e-10	2.0416281983e-05	100.0
3.15034577989e-05	0.000185844075159	0.000157162937748	0.00461598552277	0.0321803365785	0.0219669548375	1.22627095204e-10	2.0416281983e-05	100.0
-0.000138533690901	-0.000442035543117	0.000161114889451	-0.0355602207112	-0.0744733967552	0.0238192942232	1.21412694182e-10	2.0214095397e-05	100.0
6.05900479665e-06	0.000257519268167	0.000156252186843	0.00945904426421	0.0412241646631	0.0299645139956	1.20603428767e-10	2.0079360158e-05	100.0
0.000102064900406	0.000401981604274	3.0900156115e-05	0.0316070104174	0.0652951443775	0.000677459943792	1.19836306306e-10	1.9951641334e-05	100.0
-3.49522396123e-05	-8.19677294712e-05	-0.000119665407283	-0.0118766053372	-0.0119970357843	-0.0174179015541	1.18985350546e-10	1.9809965037e-05	100.0
8.29147072947e-05	0.000266382917989	0.000105386074997	0.0159060532787	0.0460497466412	0.0266680960449	1.1655780575e-10	1.9405801185e-05	100.0
-0.00022963515226	-0.000533290266851	0.000160456033209	-0.0407536205229	-0.0956009765146	0.0320737718981	1.1467721414e-10	1.9092700002e-05	100.0
0.000213917338704	0.00053873297089	-9.74659791999e-05	0.0410785741034	0.0958408887234	-0.0288513030386	1.14207606854e-10	1.9014514714e-05	100.0
-0.000168880505262	-0.00044370983787	-0.000145769450668	-0.028145721644	-0.0786908174561	-0.0160815656638	1.13267738513e-10	1.8858035291e-05	100.0
5.01631395627e-05	0.000492009978054	-0.000168068148192	0.0299584339223	0.0778884191001	-0.0197434174432	1.09497352236e-10	1.82303007e-05	100.0
0.000137051788926	0.000254752254498	0.000146117489472	0.0346936369995	0.0419422916738	0.0179385990902	1.09497352236e-10	1.82303007e-05	100.0
-4.65296602273e-05	-9.5844201852e-05	-0.000170556328273	-0.0114023263638	-0.0150984144962	-0.0274180734561	1.09246958717e-10	1.8188612486e-05	100.0
-5.84419313911e-05	7.82629789329e-05	0.000176229010424	-0.01849380048	0.0116497480417	0.0223397294601	1.09246958717e-10	1.8188612486e-05	100.0
-6.76423623054e-05	-0.0001649330552	0.000255381089538	-0.00821822564679	-0.02922716608	0.0376791173124	1.09246958717e-10	1.8188612486e-05	100.0
-5.41645720516e-06	0.000451639643966	-6.74104775343e-05	0.0153088034643	0.070025898933	0.0117818717742	1.08838453685e-10	1.812060016e-05	100.0
5.6829468901e-05	0.000382632256918	0.000117616657401	0.0197795411658	0.0635389553439	0.0161631586307	1.08077215145e-10	1.7993860954e-05	100.0
0.000123333130329	0.000214392462158	0.000157987171157	0.01503823668	0.0401699365163	0.0303680161126	1.06790396637e-10	1.7779617524e-05	100.0
-0.000197270011324	-0.000454037486397	0.000158740117201	-0.0359720481667	-0.082177730207	0.0305052090685	1.06790396637e-10	1.7779617524e-05	100.0
-0.000223204921893	-0.000542586346458	-8.96197682712e-05	-0.0384989764097	-0.0967705685223	-0.00818745922018	1.05700010561e-10	1.7598078284e-05	100.0
9.45552934397e-06	-0.000235481427163	0.000176647254311	-0.0107138143434	-0.0355771558239	0.0362328321105	1.0514415606e-10	1.7505533629e-05	100.0
-5.59424865925e-06	-2.24125966132e-05	9.21588038017e-05	-0.00278695210862	-0.00309925742305	0.0286896329541	1.0514415606e-10	1.7505533629e-05	100.0
0.000354280441413	0.00037336683141	-6.35554267324e-05	0.0422065326196	0.0742586974679	-0.0201763044795	1.04317993231e-10	1.7367985127e-05	100.0
1.5078574242e-05	-0.00046355908049	6.98697565553e-05	-0.0154870752135	-0.0704660545796	-0.0119149078203	1.04317993231e-10	1.7367985127e-05	100.0
2.37189001053e-05	0.000501573809352	-0.000261882769726	0.0207073129376	0.0799350484957	-0.0424730979363	1.04317993231e-10	1.7367985127e-05	100.0
-0.000126980476969	-0.000199132986456	5.8387103086e-05	-0.0121726473802	-0.0377710375339	0.00576908582435	1.04266295192e-10	1.735937788e-05	100.0
6.01212190656e-05	0.000585487925772	0.000100219212565	0.0308382670751	0.0947051227861	0.0097838135865	1.03306813781e-10	1.7199633061e-05	100.0
-8.54622391226e-05	-0.000267279164502	9.1806118441e-05	-0.0230749343023	-0.0505934395514	0.00863966942641	1.02825891263e-10	1.7119563891e-05	100.0
-8.99266806409e-05	0.000136456062927	0.000106819088235	-0.00378811927062	0.0184408543145	0.0247794253342	1.02825891263e-10	1.7119563891e-05	100.0
-0.000157063308047	9.73212446265e-05	0.000128969823318	-0.00814956466708	0.00971289682816	0.0273130932869	1.02825891263e-10	1.7119563891e-05	100.0
0.000103621989741	0.00013010990014	7.54369203732e-05	0.0220274937986	0.0258031285764	-0.00406189705886	1.02658878434e-10	1.7091757793e-05	100.0
2.47449998591e-06	-0.000364019353833	7.03729809237e-05	-0.014096799665	-0.0558479607622	0.0276474780238	1.02658878434e-10	1.7091757793e-05	100.0
0.000147167241599	0.00051627233439	-6.80000925307e-05	0.0282181728989	0.0914769811215	-0.0159138630839	1.00989454203e-10	1.6813814034e-05	100.0
-0.000324745077732	5.08208947001e-06	-7.27438986336e-05	-0.0312204323201	-0.00860172313167	-0.024827830185	9.99215980125e-11	1.6636025813e-05	100.0
-0.000247415241327	7.35267865596e-05	-0.000225832013064	-0.0180484543961	0.00354501296175	-0.0372192706543	1.96900229825e-10	3.2782074858e-05	100.0
-0.000135807045153	-0.000307686330699	0.00014690082518	-0.0235148570857	-0.0516317249891	-0.00581473349162	9.88856759217e-11	1.6463554325e-05	100.0
-0.000184441372955	-0.000296564844582	-6.83806784023e-05	-0.0361068872915	-0.052195856363	-0.00728459250166	9.88856759217e-11	1.6463554325e-05	100.0
0.000226392245608	-0.000208447940242	4.70541972493e-05	0.0155540873589	-0.0253334863546	0.0214303886293	9.76130894607e-11	1.62516804e-05	100.0
-0.000333021970693	5.67472270506e-05	-9.59502473721e-05	-0.0312274221457	-0.000861171901495	-0.0252865903751	9.74722273909e-11	1.6228228163e-05	100.0
-0.000116920276045	8.41297992953e-05	0.00010356447911	-0.00367350018848	0.00710657395613	0.0156881574689	9.74722273909e-11	1.6228228163e-05	100.0
0.00017284694732	0.000555013632651	-0.000116216054431	0.0339531863136	0.096064867929	-0.0175939439435	9.69786318124e-11	1.6146049045e-05	100.0
-0.000422885959446	-0.000206325930594	-0.000136573196693	-0.0490881625713	-0.0434851784652	0.00313269235254	9.69786318124e-11	1.6146049045e-05	100.0
-1.88872046064e-05	-0.000126696505955	-5.23677706477e-06	-0.0148095724208	-0.0186596462842	-1.34754871143e-05	9.67599209442e-11	1.6109635699e-05	100.0
4.36418729909e-05	3.10937946465e-05	7.31386641521e-06	-0.00284514672031	0.00955664469561	0.0024544845856	9.67599209442e-11	1.6109635699e-05	100.0
5.35337898356e-05	0.000220491366633	0.000194848212876	0.0212560606476	0.0348238868839	0.0227174179143	9.59873168818e-11	1.5981004239e-05	100.0
0.000130141757439	0.000567253138443	-0.00010256041633	0.0296537549727	0.0983263302391	-0.0135892018793	9.59025783643e-11	1.5966896056e-05	100.0
-0.00013195432162	-0.000314016444059	0.000250716973052	-0.0330724172134	-0.0512402973097	0.0324381583072	9.59025783643e-11	1.5966896056e-05	100.0
-5.92857257901e-05	-6.8025724199e-05	1.42325166303e-05	-0.0177698573127	-0.00978844105613	0.00194179342219	9.50408102712e-11	1.5823419605e-05	100.0
-8.46004827728e-05	6.68967235842e-05	-0.00012133494128	0.00236619706472	0.00623010976795	-0.0194627725647	9.49902186103e-11	1.5814996559e-05	100.0
-0.000129484493338	1.90896257416e-06	-0.000101508547655	-0.0125013713352	-0.00346295834312	0.00759811169713	9.39867838087e-11	1.5647933906e-05	100.0
2.65985433441e-05	0.000128091585905	-0.00016165963518	-0.0017857881473	0.0240178196199	-0.025506454548	9.28649162421e-11	1.5461153289e-05	100.0
0.000181807706204	6.13959658404e-06	0.000426669941045	0.0216238746066	0.00472534897427	0.0317360055926	9.28649162421e-11	1.5461153289e-05	100.0
6.72366039031e-07	0.00060616177172	-0.000244634273708	0.0283614718624	0.0914993364998	-0.0343225068734	9.24687322414e-11	1.5395192301e-05	100.0
-0.000314398740904	-0.000385042513844	-0.00014489385995	-0.0453289012137	-0.070659625752	0.00338808830641	9.24687322414e-11	1.5395192301e-05	100.0
-0.000208350717535	0.000372195301534	-7.83732552485e-05	-0.0105186805439	0.0512796390835	0.00913052760953	9.24687322414e-11	1.5395192301e-05	100.0
-0.00020894150204	-8.65016446922e-06	-0.000233441700491	-0.0217775766455	-0.00650452889459	-0.0066522607209	8.98994201572e-11	1.4967425502e-05	100.0
0.0003046933438	-0.000102650832382	2.92962988844e-05	0.0283681075496	-0.00736124246313	-0.0140490742254	8.97586083773e-11	1.4943981638e-05	100.0
-0.000218680245841	-0.000640418745165	0.000410741190389	-0.0407528538439	-0.0989690217999	0.0187495631203	8.97586083773e-11	1.4943981638e-05	100.0
0.000113201621211	-0.000194562349783	-0.000153084935881	0.00631618668917	-0.0267772236054	0.0029998271689	8.97586083773e-11	1.4943981638e-05	100.0
-0.000210466399773	-0.000565508533498	0.000119610530767	-0.0344691612027	-0.101727087929	0.0180321917117	8.8856055158e-11	1.4793714839e-05	100.0
-3.38208625338e-05	-0.00027016413868	-0.000320492233383	-0.0103383075703	-0.0415383610375	-0.0156660135856	8.84020377476e-11	1.4718125121e-05	100.0
-6.14616351615e-05	0.000796227471973	-0.000169377855075	0.0259836300714	0.114479513156	-0.0349832526449	8.78026824644e-11	1.4618337987e-05	100.0
-2.47646479249e-05	0.000484646823058	0.000236733677326	0.0205574792973	0.0731070721964	0.0341506781375	8.78026824644e-11	1.4618337987e-05	100.0
5.92511177119e-05	0.000425023868271	-1.96018665365e-05	0.0216862061769	0.0683135717969	0.0189099716729	8.78026824644e-11	1.4618337987e-05	100.0
-0.000174867236543	2.5709354694e-05	0.000276345019609	-0.0107177098517	-0.00236315297703	0.0422091322251	8.78026824644e-11	1.4618337987e-05	100.0
2.51063495692e-05	0.000193993426218	-0.000363905044592	0.00774657238524	0.0298257166462	-0.0220046844463	8.70279159354e-11	1.4489346495e-05	100.0
-5.73312284959e-05	0.000340508580915	-1.21372739412e-05	0.00960785171443	0.0522296968597	-0.00206876943111	8.67383968579e-11	1.4441144235e-05	100.0
4.15328805238e-05	-0.000326901513579	-0.000109639653875	-0.0112455033719	-0.0485735051896	-0.0281005144148	8.56341810538e-11	1.4257302473e-05	100.0
8.53974138751e-05	-0.000416555899849	0.000473299981682	0.00100052716554	-0.0591850166044	0.0354056494523	8.56341810538e-11	1.4257302473e-05	100.0
