# x[AU] y[AU] z[AU] vx[AU/yr/2pi] vy[AU/yr/2pi] vz[AU/yr/2pi] m[MSUN] m[mtot] wf[%]
2.73915920087e-08	2.47307914894e-07	5.42359356533e-08	2.41049826518e-06	1.72106228928e-05	1.55815054548e-05	9.37559910006e-10	0.991452869997	12.2898654789
3.28034517994e-06	-2.99948597985e-05	5.54108466605e-05	0.00023549560259	-0.003186674728	0.00444701722712	4.03169421716e-14	4.2634446716e-05	100.0
-0.000107395639181	-3.06783265512e-05	-0.000230371644681	-0.0135439118058	-0.00406934553358	-0.0289743978377	4.03134570801e-14	4.2630761294e-05	100.0
5.48843769853e-05	-2.71421670549e-05	-5.90320235581e-05	0.00564467877901	-0.00330734814125	-0.00607564238693	4.03103793369e-14	4.2627506635e-05	100.0
4.42369650352e-05	-2.29617723911e-05	-4.14198121765e-05	0.0037903630862	-0.00248040228782	-0.00341482655603	2.01666306256e-14	2.1325851926e-05	100.0
-0.000114097292182	-2.68973088124e-05	8.70203872895e-05	-0.0137490049454	-0.00350930482305	0.0104661448248	2.01659215377e-14	2.1325102078e-05	100.0
0.000171699128409	-1.77279402961e-05	-6.40569846039e-05	0.0211898180284	-0.00239371605619	-0.00787078752714	2.01655695082e-14	2.1324729813e-05	100.0
-9.93553743543e-05	-2.91570503771e-05	8.49423548246e-05	-0.0118165843329	-0.00376402410749	0.010071665963	2.01648654493e-14	2.1323985283e-05	100.0
-0.000118216373998	-2.17061363474e-05	8.88385092235e-05	-0.0142715213123	-0.00287843960911	0.0107394527747	2.01648654493e-14	2.1323985283e-05	100.0
-0.000139660503965	-2.55341026014e-05	-4.41820317059e-05	-0.0168533029613	-0.00331444322709	-0.00534933892807	2.01648654493e-14	2.1323985283e-05	100.0
0.000103900737867	-3.41707658229e-05	-0.000129051915008	0.0127177599611	-0.00444942425735	-0.0158025013809	2.01648654493e-14	2.1323985283e-05	100.0
-5.04631104759e-05	-1.93592078306e-05	4.30007438749e-05	-0.00460861941563	-0.00218922131721	0.00384083550525	2.01645134199e-14	2.1323613018e-05	100.0
0.000167458102443	-1.94772439726e-05	-6.46204761984e-05	0.0206799305043	-0.00259509858806	-0.00794148888869	2.01645134199e-14	2.1323613018e-05	100.0
0.000174153419471	-1.54851049461e-05	-8.26973665809e-05	0.0215937772937	-0.00210985466982	-0.0102304134895	2.01645134199e-14	2.1323613018e-05	100.0
-0.000117798070264	-2.74779804129e-05	1.32916372699e-05	-0.0137444083914	-0.00349667283041	0.00152674938126	2.01645134199e-14	2.1323613018e-05	100.0
0.000171702449044	-1.8654698142e-05	-0.00012182276589	0.0214163544713	-0.002539885931	-0.0151766674831	2.01645134199e-14	2.1323613018e-05	100.0
0.000141263457181	-1.58473869e-05	-0.000117478415373	0.0174322798401	-0.00216210207383	-0.0145186794571	2.01645134199e-14	2.1323613018e-05	100.0
6.23889830853e-05	-2.60313778784e-05	4.26962114381e-06	0.00548299508976	-0.00288536323031	0.000373242918121	2.01642770572e-14	2.1323363069e-05	100.0
6.66747818176e-05	-1.87000711535e-05	-0.00016943945138	0.00823562470883	-0.00252386951274	-0.02094752434	2.01641613904e-14	2.1323240754e-05	100.0
-0.00013571291136	-2.30911715978e-05	-4.44674617645e-05	-0.0163401863573	-0.00303620277079	-0.00534866170821	2.016381439e-14	2.1322873807e-05	100.0
-0.000165580244766	-1.81758236102e-05	-3.04591306546e-05	-0.0203342622939	-0.00243739756254	-0.00374393358166	2.016381439e-14	2.1322873807e-05	100.0
0.000122849404968	-1.8876470586e-05	-0.000191166672809	0.0153693674225	-0.00256639121792	-0.0239516189081	2.016381439e-14	2.1322873807e-05	100.0
8.49954352926e-05	-2.48100713856e-05	-9.89560741321e-05	0.0100784459787	-0.00320913836177	-0.0117289284158	2.016381439e-14	2.1322873807e-05	100.0
3.55022310842e-05	-3.01858146153e-05	5.29253316438e-05	0.00324150268576	-0.00336972708937	0.00477661573149	2.01636484332e-14	2.1322698311e-05	100.0
9.55779478731e-05	-3.57702316736e-05	2.29197133605e-06	0.0105869486257	-0.00445239318625	0.000252278894635	4.03248175733e-14	4.2642774813e-05	100.0
1.63447283358e-05	-3.11608060896e-05	6.37615049483e-05	0.00144944078167	-0.00352558464853	0.00594204650115	2.01630248382e-14	2.132203887e-05	100.0
9.51797883511e-05	-3.46217573189e-05	4.34050160074e-05	0.0108103468736	-0.00434886000377	0.00493182876919	2.01630248382e-14	2.132203887e-05	100.0
-0.000128521256433	-2.55507189843e-05	1.21359263331e-05	-0.0152173423461	-0.00328956623549	0.00142309691537	2.01624213591e-14	2.1321400702e-05	100.0
0.000189454498299	-2.12868328139e-05	-0.000104355997822	0.0236784730065	-0.00288200721826	-0.0130179944587	2.01624213591e-14	2.1321400702e-05	100.0
0.000126276887462	1.45612329467e-06	-9.6896439917e-05	0.0153676086262	2.46199474989e-05	-0.0118166923895	2.01624213591e-14	2.1321400702e-05	100.0
-0.000182000043708	-2.74897312506e-05	-1.13948210227e-05	-0.0224612990147	-0.00363981806185	-0.00139978437253	2.01624213591e-14	2.1321400702e-05	100.0
4.87404659637e-05	-1.81110661584e-05	-3.82807861382e-05	0.00416499478989	-0.0019960312886	-0.00321622656283	2.01624213591e-14	2.1321400702e-05	100.0
-8.2056558416e-05	-3.89005938458e-05	6.31699738377e-06	-0.00867066425062	-0.00466468274214	0.000778647387344	2.01624062722e-14	2.1321384747e-05	100.0
1.94491116651e-05	-3.4714638683e-05	0.000109247931742	0.00223735474132	-0.00440527838123	0.012579845756	2.01617877061e-14	2.1320730625e-05	100.0
-7.25405968028e-05	-3.06273587369e-05	3.04712153466e-05	-0.00742038474964	-0.00368003742833	0.00310381311913	2.01617877061e-14	2.1320730625e-05	100.0
-7.1423695177e-05	-3.09928302034e-05	8.40526454966e-05	-0.00822512384442	-0.00394293060437	0.00964098758601	2.01617877061e-14	2.1320730625e-05	100.0
-8.4252117396e-05	-3.36262461673e-05	9.70771131715e-05	-0.00996549452874	-0.0043311091709	0.0115137483173	4.03229618752e-14	4.2640812445e-05	100.0
-8.41954596283e-05	-3.60702202094e-05	-4.03734884804e-05	-0.00928111956755	-0.00443432850455	-0.00441979998118	2.01617877061e-14	2.1320730625e-05	100.0
-1.5349104364e-05	-2.68980017809e-05	9.98281163503e-05	-0.00166510917292	-0.00336897244755	0.0112127992474	2.01617323872e-14	2.1320672126e-05	100.0
-9.94900468326e-05	-2.80916125199e-05	0.000135605012605	-0.0121840703954	-0.00369198858127	0.0166326049016	2.01617323872e-14	2.1320672126e-05	100.0
-0.000109861593498	-2.44051120254e-05	7.63974447198e-05	-0.0130708641157	-0.00316888713753	0.0091186596682	2.01617323872e-14	2.1320672126e-05	100.0
-6.7119222612e-05	-2.68919237563e-05	-9.82542271944e-05	-0.00786341110885	-0.00349448469711	-0.0114320786389	4.03124060207e-14	4.2629649817e-05	100.0
3.35549378859e-05	-3.09840793837e-05	0.000100279366503	0.00376229303275	-0.00391398308307	0.0114227750142	2.01614809376e-14	2.1320406223e-05	100.0
9.71519883538e-05	-4.25691351221e-05	0.000100916657191	0.0117106315162	-0.00545153958329	0.0121254025148	2.01614809376e-14	2.1320406223e-05	100.0
-7.43056856691e-05	-2.68374641959e-05	-0.000101958682705	-0.00878602267101	-0.00346404759331	-0.0120236694807	2.01614809376e-14	2.1320406223e-05	100.0
0.000163269856701	-1.97543110131e-05	-7.41871869905e-05	0.0201485631404	-0.00265425614893	-0.00913300885584	2.01613853868e-14	2.1320305179e-05	100.0
0.000122577810414	-1.66293995828e-05	-7.20623225889e-05	0.0147083629424	-0.00219065016571	-0.00864649172999	2.01613853868e-14	2.1320305179e-05	100.0
-0.000162194326005	-2.70586588663e-05	-5.36131996436e-06	-0.0198395290252	-0.00355986994984	-0.000649075004088	2.01613853868e-14	2.1320305179e-05	100.0
-0.000195029496566	-2.35497170917e-05	-1.39895584684e-06	-0.0241928781296	-0.00313742776725	-0.000171579362798	2.01613853868e-14	2.1320305179e-05	100.0
-1.12370289673e-05	-3.62417191537e-05	-0.000217335885249	-0.0014099071089	-0.00476398338129	-0.0271950481372	2.01610434153e-14	2.1319943551e-05	100.0
5.32675150362e-05	-1.8810700057e-05	-0.000191968950251	0.00659668106171	-0.00253423312933	-0.0238814212683	2.01610434153e-14	2.1319943551e-05	100.0
3.00162492754e-05	-3.32046818017e-05	0.000115917994339	0.00351953578864	-0.00425784401413	0.0135599248698	2.01608724296e-14	2.1319762736e-05	100.0
-6.35053207719e-05	-3.0307688961e-05	4.68734753569e-06	-0.00574698032403	-0.00340214743634	0.000349404197354	2.01608724296e-14	2.1319762736e-05	100.0
-0.000143546793725	-2.89494934282e-05	-4.04933896877e-05	-0.0173616697621	-0.00379779467271	-0.00491899178737	2.01608724296e-14	2.1319762736e-05	100.0
4.60919260571e-05	-2.99048665691e-05	-5.49622148927e-05	0.00451504605465	-0.00347531702762	-0.00534340608764	2.01608724296e-14	2.1319762736e-05	100.0
3.73528468323e-05	-2.50119092083e-05	7.21620359199e-05	0.00386970990496	-0.0029859217283	0.0074452229004	2.01606964148e-14	2.1319576604e-05	100.0
-0.000133027963044	-2.19165222711e-05	-4.7372506417e-05	-0.0160021407116	-0.00288817636325	-0.00563805504478	2.01606964148e-14	2.1319576604e-05	100.0
-0.000171269036772	-1.7825452539e-05	-2.76000195737e-05	-0.0210118582966	-0.00238871528277	-0.00343014069429	2.01606964148e-14	2.1319576604e-05	100.0
0.000145775985279	-3.19273265719e-05	-0.000224155535437	0.0183967215654	-0.00424214238604	-0.0282671960148	2.01606964148e-14	2.1319576604e-05	100.0
6.61056944629e-05	-2.10609557199e-05	-7.70097036147e-05	0.00738086998413	-0.00264317645845	-0.00862395872523	2.01606964148e-14	2.1319576604e-05	100.0
-5.50106120555e-05	-2.76693097818e-05	3.37225791296e-05	-0.00500472586142	-0.00311645313719	0.00297745775448	2.0160565661e-14	2.1319438334e-05	100.0
6.26648038193e-05	-3.26964721978e-05	9.38974794312e-05	0.00722331855177	-0.00415206791007	0.0108585238839	2.0160565661e-14	2.1319438334e-05	100.0
-0.000139164041771	-2.96618422872e-05	1.86145417764e-05	-0.0167063570712	-0.00386855864416	0.00223190590052	2.0160565661e-14	2.1319438334e-05	100.0
6.24223613004e-05	-3.44590242995e-05	4.72299481606e-05	0.00639518996311	-0.00408769756371	0.00488335478187	2.0160565661e-14	2.1319438334e-05	100.0
0.0001067240162	-3.89519634199e-05	8.23901078827e-08	0.012182309995	-0.0049156362811	-3.43644547792e-05	2.0160565661e-14	2.1319438334e-05	100.0
0.000155520493321	-3.51225641616e-05	3.69254738717e-05	0.0189604643952	-0.00459268660071	0.00454962185683	2.0160565661e-14	2.1319438334e-05	100.0
-0.00010108939719	-2.0927971539e-05	-7.66373735291e-05	-0.0119039121155	-0.00276563734855	-0.00905674049046	2.0160565661e-14	2.1319438334e-05	100.0
-7.48167183773e-05	-2.44996153685e-05	-0.000104128626926	-0.00882286694609	-0.00321777095775	-0.012303592219	2.0160565661e-14	2.1319438334e-05	100.0
8.28168507882e-05	-3.26277676852e-05	-1.80764953568e-05	0.00876660886715	-0.00395984582786	-0.00195526854057	2.0160565661e-14	2.1319438334e-05	100.0
0.000176222153729	-4.92003103471e-05	-2.56611187742e-05	0.0217422665255	-0.00638580745968	-0.00316007928097	2.0160565661e-14	2.1319438334e-05	100.0
1.68768898487e-05	-3.77530376888e-05	-6.24178643319e-05	0.00152962789583	-0.00424654790845	-0.0058751802324	2.0160565661e-14	2.1319438334e-05	100.0
8.23545804452e-05	-2.25063367443e-05	8.99872128528e-06	0.00856291919491	-0.00270531487987	0.000875110375844	2.01603544434e-14	2.1319214975e-05	100.0
0.000143624440177	-2.50177463776e-05	-1.38341293704e-05	0.0172864285695	-0.00327228355654	-0.00171126556064	2.01603544434e-14	2.1319214975e-05	100.0
8.62335413307e-05	-2.11139603105e-05	-9.40771409589e-06	0.00912496206143	-0.00259359152639	-0.00102450945675	2.01603544434e-14	2.1319214975e-05	100.0
-2.29493382823e-05	-3.72463738409e-05	-0.000217235359647	-0.00288438564913	-0.00486761092536	-0.0271510988818	2.01603544434e-14	2.1319214975e-05	100.0
-6.8061894627e-05	-2.67855207882e-05	9.33829226555e-05	-0.00790647888997	-0.00344995703505	0.0108225209582	2.01602639215e-14	2.131911925e-05	100.0
-0.000156754032416	-3.60102248481e-05	0.000119638116841	-0.0194715526801	-0.00474060390156	0.0148693659494	2.01602639215e-14	2.131911925e-05	100.0
-0.000102694010163	-3.08464321805e-05	-9.09414559201e-06	-0.0116176602431	-0.00384885485578	-0.00100430841816	2.01602639215e-14	2.131911925e-05	100.0
-6.9073345664e-05	-2.57954670072e-05	-0.00014206625752	-0.00840827010302	-0.00337943016699	-0.017300682011	4.03123406438e-14	4.2629580682e-05	100.0
3.66660527188e-05	-2.76278259126e-05	6.21855811267e-05	0.00362138845566	-0.00326984278167	0.0060128485477	2.0159962182e-14	2.1318800166e-05	100.0
-4.93744276448e-05	-3.2670016574e-05	0.000111997399098	-0.00578901720389	-0.0041905162013	0.0131491363161	2.0159962182e-14	2.1318800166e-05	100.0
-0.000138997782734	-4.13298562999e-05	0.000124080187125	-0.0171880172048	-0.00541260185758	0.0153678135029	2.0159962182e-14	2.1318800166e-05	100.0
0.000287654234433	-3.54287382033e-05	4.08067493316e-05	0.0363886545265	-0.00470134772615	0.00512425166442	2.0159962182e-14	2.1318800166e-05	100.0
-0.000100844897213	-2.40627646754e-05	-4.03171623933e-05	-0.0115274267464	-0.00306402234724	-0.00459632369792	2.0159962182e-14	2.1318800166e-05	100.0
-3.41415928342e-06	-2.80161725744e-05	-8.69659723038e-05	-0.000421662353457	-0.00342104884046	-0.00927913816134	2.0159962182e-14	2.1318800166e-05	100.0
-3.08006236087e-05	-4.53425456683e-05	-0.000203595849937	-0.00383773301866	-0.00593146232978	-0.0253707565844	2.0159962182e-14	2.1318800166e-05	100.0
5.38934121233e-06	-3.07104712641e-05	-0.000128553003642	0.00063671013737	-0.00397400708576	-0.0152173178254	2.0159962182e-14	2.1318800166e-05	100.0
0.000208562989433	-3.86579607246e-05	-0.000115042450614	0.0261775608737	-0.00510901833227	-0.0144039759803	2.01593587029e-14	2.1318161997e-05	100.0
-7.19771718449e-05	-2.07785374328e-05	0.00020796792599	-0.00901378983794	-0.00280813499755	0.026012356793	2.0159333558e-14	2.1318135407e-05	100.0
0.000121858901612	-2.77983455061e-05	5.90593175335e-05	0.0145316758733	-0.00361275342453	0.00706840787325	2.0159333558e-14	2.1318135407e-05	100.0
-0.000169716350014	-2.53252400597e-05	-7.39773468447e-05	-0.020972929635	-0.0033458775433	-0.00914255789061	2.01589915865e-14	2.1317773778e-05	100.0
-0.000151162258668	-2.52772855389e-05	-5.01847422384e-05	-0.0184268736647	-0.00330504653622	-0.006076365308	2.01589915865e-14	2.1317773778e-05	100.0
-2.15158365773e-06	-3.77409057982e-05	9.57875277098e-05	-0.000221389277714	-0.00467218361118	0.010635836074	2.01587552239e-14	2.1317523829e-05	100.0
8.04613208509e-05	-3.35862462827e-05	5.74329442271e-05	0.00898908209131	-0.00418791990177	0.00640849792569	2.01587552239e-14	2.1317523829e-05	100.0
-8.0709334421e-05	-2.54969893499e-05	-8.10388903684e-05	-0.0093188540464	-0.00330780014503	-0.00937205737112	2.01587552239e-14	2.1317523829e-05	100.0
0.000281113561157	-2.99889865451e-05	-3.47471768306e-06	0.0354998624224	-0.00400758995223	-0.000384055771712	2.01587552239e-14	2.1317523829e-05	100.0
0.000128633069027	-3.97521453405e-05	-5.395219174e-05	0.0154630959057	-0.00510490532981	-0.00648756130667	2.01587552239e-14	2.1317523829e-05	100.0
-4.42962336535e-05	-2.47605097938e-05	-5.10215437919e-05	-0.0041277355586	-0.00285384472212	-0.00472615381271	2.01587552239e-14	2.1317523829e-05	100.0
7.05416634048e-05	-2.48699274441e-05	0.000160478685015	0.00868382408959	-0.00329104703121	0.0197435893848	2.01583126726e-14	2.1317055839e-05	100.0
0.000236559839725	-2.59879147257e-05	5.85048304655e-05	0.0297369003052	-0.0034547563402	0.00733142419327	2.01583126726e-14	2.1317055839e-05	100.0
3.73339238277e-05	-2.877700903e-05	0.000142719457697	0.00448052474241	-0.003760171826	0.0172557982846	2.01583126726e-14	2.1317055839e-05	100.0
0.000116643149654	-3.26762031767e-05	0.000118641799565	0.0143136517546	-0.00426515219346	0.0145230494194	2.01583126726e-14	2.1317055839e-05	100.0
0.000247041067891	-2.83287374163e-05	3.84041903465e-05	0.0310711856028	-0.00375820651669	0.00484676062709	2.01583126726e-14	2.1317055839e-05	100.0
-0.000253956937209	-3.59606850053e-05	5.25351717904e-05	-0.0319908187427	-0.00473532874119	0.00661573750144	2.01583126726e-14	2.1317055839e-05	100.0
-0.000262058602088	-2.53272909138e-05	7.50817825243e-05	-0.0330450272708	-0.00340485306894	0.00947692611831	2.01583126726e-14	2.1317055839e-05	100.0
-0.000147432822638	-2.50305128675e-05	1.68151933054e-05	-0.0178140615132	-0.00324686193407	0.00203840913961	2.01583126726e-14	2.1317055839e-05	100.0
0.00011204202246	-2.38888488926e-05	-0.000104837100887	0.0135942663968	-0.00316532679296	-0.0127458667537	2.01583126726e-14	2.1317055839e-05	100.0
7.41495431392e-05	-1.52712470466e-05	-5.5357832063e-05	0.00800771725422	-0.00191372357314	-0.00599679984291	2.01583126726e-14	2.1317055839e-05	100.0
-0.000157018498285	-2.93438727688e-05	-1.88845598335e-05	-0.0191562976026	-0.00383211461495	-0.00229111628359	2.01583126726e-14	2.1317055839e-05	100.0
-0.000176131246873	-1.76527048389e-05	7.5235214267e-06	-0.0216631304215	-0.00236787118563	0.000934491824948	2.01583126726e-14	2.1317055839e-05	100.0
-4.63086326609e-05	-1.76655710341e-05	-6.22232375584e-05	-0.00465805367451	-0.00213635414639	-0.00622411731938	2.01583126726e-14	2.1317055839e-05	100.0
-0.000103589702905	-1.75127220404e-05	-0.000118897250929	-0.012578426972	-0.00233781623029	-0.0144864342577	2.01583126726e-14	2.1317055839e-05	100.0
-5.31327927276e-05	-1.55146242092e-05	-4.4171336305e-05	-0.00493954205475	-0.00181146428689	-0.00410364545223	2.01583126726e-14	2.1317055839e-05	100.0
-5.01687947915e-05	-1.84857585135e-05	-7.03428299398e-05	-0.00527786376831	-0.00224570922802	-0.00742859005749	2.01583126726e-14	2.1317055839e-05	100.0
6.00799651402e-05	-3.38612709793e-05	0.000114656285465	0.00713563142522	-0.00436004941724	0.0135890092336	2.01581618028e-14	2.1316896297e-05	100.0
-0.000133988067405	-4.80791127504e-05	3.85389174633e-05	-0.0161039561469	-0.00616004027791	0.00461796654894	2.01581618028e-14	2.1316896297e-05	100.0
0.000178805763965	-2.82125725223e-05	0.000111467490306	0.0223190631414	-0.00374693308585	0.0138864396757	2.01581618028e-14	2.1316896297e-05	100.0
-0.000167886006555	-1.98298041751e-05	-2.85642106689e-05	-0.0205820810316	-0.00267064401465	-0.00352640465323	2.01581618028e-14	2.1316896297e-05	100.0
0.000144041083267	-1.3059229847e-05	-7.74786174614e-05	0.0175951931756	-0.00184546613624	-0.00948072210766	2.01581618028e-14	2.1316896297e-05	100.0
3.94757095777e-05	-3.01993977412e-05	-0.000173919800625	0.00487448665125	-0.00396585028246	-0.0214593922504	2.01581618028e-14	2.1316896297e-05	100.0
0.00011264342225	-2.61866309177e-05	-0.000112348580206	0.0136988742807	-0.00348424322839	-0.0137024593908	2.01581618028e-14	2.1316896297e-05	100.0
0.000114827740152	-3.27871720423e-05	-0.000202942000705	0.0144129386463	-0.00434754436769	-0.0254277225161	2.01581618028e-14	2.1316896297e-05	100.0
-7.43739001093e-06	-2.95699095228e-05	-0.00023273134673	-0.000923079612855	-0.00395392122422	-0.0291493061154	2.01581618028e-14	2.1316896297e-05	100.0
2.23329434728e-05	-3.22722567735e-05	8.07216566084e-05	0.00231866537806	-0.00395183115405	0.00851397782719	2.01578650923e-14	2.1316582531e-05	100.0
-0.000148311461909	-3.65051388903e-05	2.32849513379e-05	-0.01796776412	-0.00472914475278	0.00278434141941	2.01578650923e-14	2.1316582531e-05	100.0
-0.000150770150046	-2.38774417683e-05	2.19122701096e-05	-0.0182733103034	-0.00317502365107	0.00266348893059	2.01578650923e-14	2.1316582531e-05	100.0
0.000321938580547	-7.04891145419e-05	6.68768619312e-05	0.0408240742711	-0.00918387500728	0.00850431447141	2.01578650923e-14	2.1316582531e-05	100.0
8.10769233429e-05	-2.78575380298e-05	-0.000132553797639	0.00988806998219	-0.00368348665724	-0.0160913951292	2.01578650923e-14	2.1316582531e-05	100.0
-2.82865407409e-05	-2.28372935545e-05	8.26184068073e-05	-0.00299893444149	-0.00278358332747	0.00878209428027	2.01576387876e-14	2.1316343218e-05	100.0
4.61892383212e-05	-3.93236019843e-05	0.00017921484821	0.00573337719997	-0.00510215559845	0.0221516883492	2.01576387876e-14	2.1316343218e-05	100.0
9.674532792e-05	-3.04700482732e-05	0.000133922818555	0.0118139013755	-0.00395712412455	0.01640590893	2.01576387876e-14	2.1316343218e-05	100.0
-0.00023044086312	-2.98812856245e-05	9.04992210895e-05	-0.0289806102063	-0.00395558309029	0.0113544412407	2.01576387876e-14	2.1316343218e-05	100.0
0.000266955082035	-6.01202897255e-06	-9.90945495122e-05	0.0337135758519	-0.000919986720137	-0.0125163425021	2.01576387876e-14	2.1316343218e-05	100.0
-0.000203796364757	-1.84363689964e-05	-0.000111992496094	-0.0255357553902	-0.00249418928439	-0.0140180646035	2.01576387876e-14	2.1316343218e-05	100.0
-0.000199869114173	-1.96211117596e-05	-9.27110810475e-05	-0.0249737825788	-0.00263244454156	-0.011572346455	2.01576387876e-14	2.1316343218e-05	100.0
-0.000106411858889	-2.54264473298e-05	-0.000174054512676	-0.013258470735	-0.00338249387917	-0.0216514126047	2.01576387876e-14	2.1316343218e-05	100.0
-9.28908031376e-06	-2.92369731182e-05	-0.000229673531343	-0.00114709079445	-0.0038827033583	-0.0288060978966	2.01576387876e-14	2.1316343218e-05	100.0
6.94414129652e-05	-2.0475331581e-05	-0.000171194608888	0.00855155719085	-0.00273591073692	-0.0211587625271	2.01576387876e-14	2.1316343218e-05	100.0
9.15564803758e-05	-2.13350417467e-05	-0.000159397364116	0.0113278655699	-0.00283525253412	-0.0196727628747	2.01576387876e-14	2.1316343218e-05	100.0
-1.67158732587e-06	-2.73394161198e-05	0.000237117027555	-0.000220819541275	-0.00365775483328	0.0297499064337	2.01575683817e-14	2.1316268765e-05	100.0
-7.72848360735e-05	-3.22253290554e-05	1.91063100726e-05	-0.00796703976407	-0.00387899069438	0.00196189695537	2.01575683817e-14	2.1316268765e-05	100.0
-7.83265434874e-05	-4.73119606876e-05	0.000251669934023	-0.00985527945495	-0.00619784760036	0.0317263731622	2.01575683817e-14	2.1316268765e-05	100.0
-0.000159219363622	-5.17764459805e-05	0.000139195606719	-0.0198302195013	-0.00675057445941	0.017408653636	2.01575683817e-14	2.1316268765e-05	100.0
-0.000153777379529	-2.57190380475e-05	-4.63201442717e-05	-0.0187378582952	-0.00342000456408	-0.0056363313989	4.03088002333e-14	4.2625836762e-05	100.0
-0.000122920775068	-3.3421876361e-05	-2.94375975974e-05	-0.0145317513014	-0.00428323776734	-0.00347523657268	2.01575683817e-14	2.1316268765e-05	100.0
1.67189943687e-05	-2.39794957997e-05	-0.000187266459976	0.00206354176826	-0.00320511778244	-0.023176673736	2.01575683817e-14	2.1316268765e-05	100.0
1.49505737183e-05	-2.70224730672e-05	-0.000216813439337	0.00189024744214	-0.00360722675863	-0.0270733337032	2.01575683817e-14	2.1316268765e-05	100.0
0.000159595376975	-5.84063795268e-05	-0.000207148505584	0.0200682637225	-0.00760844474873	-0.0261397649292	2.01572716712e-14	2.1315954998e-05	100.0
-7.76477988533e-05	-3.37120788324e-05	-0.000118459438968	-0.00935988026973	-0.00437950090508	-0.014213511672	2.01572716712e-14	2.1315954998e-05	100.0
-1.28403965358e-05	-2.7990895351e-05	7.30255978102e-05	-0.00123963540662	-0.00334299542867	0.00721982722773	2.01569749606e-14	2.1315641232e-05	100.0
-1.16321702372e-06	-3.6017972824e-05	0.000101855493689	-0.000168374301174	-0.0045107349767	0.0114757176317	2.01569749606e-14	2.1315641232e-05	100.0
-0.000155718795448	-3.68724554487e-05	-9.72768497366e-05	-0.019257987113	-0.00484490480863	-0.0119880842763	2.01569749606e-14	2.1315641232e-05	100.0
-8.4243700716e-05	-2.7797913141e-05	-0.000117508388714	-0.0101497938805	-0.00364593060194	-0.0141418125443	2.01569749606e-14	2.1315641232e-05	100.0
0.000106968642783	-3.49917461746e-05	-0.000101822710529	0.0129525901615	-0.00455260996602	-0.0122789839135	2.01569749606e-14	2.1315641232e-05	100.0
-1.34930938138e-05	-3.26967420774e-05	0.000135119446877	-0.00165473808983	-0.00418839461753	0.0161334731578	2.01569649027e-14	2.1315630596e-05	100.0
-0.000172756796444	-2.83309323526e-05	-8.12080538456e-05	-0.0214184904539	-0.00372731480044	-0.0100364861458	2.01569649027e-14	2.1315630596e-05	100.0
-0.000170683860917	-1.98623959231e-05	-3.82343038977e-05	-0.0209692610893	-0.00264869716209	-0.00467233435852	2.01569649027e-14	2.1315630596e-05	100.0
3.99249721226e-05	-3.52294958494e-05	0.000155841656234	0.00486496416599	-0.00460997689471	0.0190121369731	2.01566832791e-14	2.1315332784e-05	100.0
0.000130302069868	-2.67702825686e-05	0.000100304367574	0.0159042599946	-0.00352493653174	0.0123186544066	2.01566832791e-14	2.1315332784e-05	100.0
-0.000100779149339	-2.17527933691e-05	-3.47603595804e-05	-0.0114427091276	-0.00284354838307	-0.00391990293647	2.01566832791e-14	2.1315332784e-05	100.0
-2.07307294321e-05	-2.16469647051e-05	0.000109485674765	-0.00234340504047	-0.00276330335698	0.012558730611	2.01566329892e-14	2.1315279604e-05	100.0
-2.87513372408e-05	-1.9394999461e-05	5.70554839515e-05	-0.00253899810696	-0.00212319629111	0.00499564550666	2.01566329892e-14	2.1315279604e-05	100.0
5.3420780564e-05	-2.69024928013e-05	3.48816536986e-05	0.00475881539255	-0.00296793466863	0.00317210091379	2.01566329892e-14	2.1315279604e-05	100.0
-8.82385275889e-06	-3.31609880147e-05	0.000217913812432	-0.00108394882691	-0.00436769468665	0.0272234380262	2.01566329892e-14	2.1315279604e-05	100.0
0.000125317786612	-3.72281858274e-05	0.000113685607659	0.0153388986739	-0.00481159087945	0.013982402233	2.01566329892e-14	2.1315279604e-05	100.0
-6.7945676803e-05	-3.55036701428e-05	0.000116027415523	-0.0081181281871	-0.00455866037195	0.0138523278862	2.01566329892e-14	2.1315279604e-05	100.0
-5.67548185818e-05	-2.48432870562e-05	2.72184101535e-05	-0.00502267131583	-0.00271378440747	0.00235505439756	2.01566329892e-14	2.1315279604e-05	100.0
0.000117115839089	-2.83009224736e-05	1.19697063222e-05	0.013639175826	-0.00362728841674	0.00137022114595	2.01566329892e-14	2.1315279604e-05	100.0
-0.000243641975447	-1.46419307384e-05	0.000150893776064	-0.0307882621234	-0.00202778353288	0.0190742969654	2.01566329892e-14	2.1315279604e-05	100.0
-0.000234362250926	-2.52049769269e-05	9.43540050667e-05	-0.0294671644451	-0.0033676623594	0.0118556608295	2.01566329892e-14	2.1315279604e-05	100.0
0.000225886001164	-1.34836053178e-05	-9.76107366948e-05	0.028375872658	-0.00188009980419	-0.0122806215755	2.01566329892e-14	2.1315279604e-05	100.0
0.000169510516054	-1.76382435723e-05	-6.02271182687e-05	0.0208723655184	-0.00235065888315	-0.00743659471581	2.01566329892e-14	2.1315279604e-05	100.0
4.51638170041e-05	-2.92306882574e-05	0.000125528408313	0.00536344053083	-0.00382263044315	0.0149439877133	2.01563865686e-14	2.1315019018e-05	100.0
-6.47311899587e-05	-5.5594741286e-05	0.000231177328696	-0.00812155063518	-0.00724022968674	0.0290305884232	2.01563865686e-14	2.1315019018e-05	100.0
-9.07014706661e-05	-2.90380881685e-05	5.42118278218e-05	-0.010289295983	-0.00369712882464	0.00614463682312	2.01563865686e-14	2.1315019018e-05	100.0
-0.000154506250422	-3.57804346857e-05	-7.22607683814e-05	-0.0189810446557	-0.00467405386602	-0.0088706316141	2.01563865686e-14	2.1315019018e-05	100.0
5.31454772077e-05	-2.55912086876e-05	4.4263530057e-05	0.00505244453244	-0.00288959462415	0.00415148151282	2.01562960467e-14	2.1314923293e-05	100.0
0.000163902202032	-2.6976542606e-05	0.00021653280067	0.0206527961208	-0.00359968929908	0.0273422421926	2.01562960467e-14	2.1314923293e-05	100.0
8.25775659319e-05	-2.88055559203e-05	6.56191095954e-05	0.00938178149565	-0.00363772632209	0.00742366855042	2.01562960467e-14	2.1314923293e-05	100.0
-0.000260105398927	-2.78973469179e-05	7.62468819417e-05	-0.0327974495834	-0.00368057712289	0.00961067812982	2.01562960467e-14	2.1314923293e-05	100.0
0.000149211252356	-3.04493870146e-05	-5.92193137466e-05	0.0182070597794	-0.00397477350968	-0.00726779184325	2.01562960467e-14	2.1314923293e-05	100.0
0.000102914916877	-1.7195151021e-05	-7.36977778254e-05	0.0120862545974	-0.0022209217864	-0.00871570374656	2.01562960467e-14	2.1314923293e-05	100.0
5.4754449749e-05	-9.73908256035e-06	-4.13223398988e-05	0.00502643750883	-0.00117498830088	-0.00373885541874	2.01562960467e-14	2.1314923293e-05	100.0
-9.19545808215e-05	-1.99488175837e-05	-0.000119848515023	-0.0111215469275	-0.00264077561752	-0.0145030269295	2.01562960467e-14	2.1314923293e-05	100.0
-5.51721214712e-05	-1.48376591018e-05	-4.71745666371e-05	-0.00523844544048	-0.00175851286877	-0.00454281601811	2.01562960467e-14	2.1314923293e-05	100.0
3.97705114455e-06	-2.78479383377e-05	-9.99525483152e-05	0.000446181880147	-0.00344771655528	-0.0111718174354	2.01562960467e-14	2.1314923293e-05	100.0
-6.23765486864e-05	-2.75119653959e-05	-9.57297901901e-05	-0.00724235974433	-0.00345254648032	-0.0110701368883	2.01562960467e-14	2.1314923293e-05	100.0
1.22351097327e-05	-3.40994951214e-05	0.000117054426364	0.00140165104513	-0.00438093808304	0.0136281738649	2.0156094887e-14	2.131471057e-05	100.0
-2.30461803538e-05	-3.67799857762e-05	0.000155514658131	-0.0027601372075	-0.00480297992719	0.0189373545565	2.0156094887e-14	2.131471057e-05	100.0
0.000101753247929	-4.34251741252e-05	8.6379606752e-05	0.0121262127588	-0.00558184744582	0.0103213411091	2.0156094887e-14	2.131471057e-05	100.0
0.000207183362697	-2.10660941185e-05	-2.7751669317e-05	0.0258140870306	-0.00284337030045	-0.0034870532219	2.0156094887e-14	2.131471057e-05	100.0
-8.90000971852e-05	-3.79930509185e-05	-7.80931306865e-05	-0.0103949483069	-0.00484553899902	-0.00910526214871	2.0156094887e-14	2.131471057e-05	100.0
-0.000152767203283	-3.98128718085e-05	-0.000185073726033	-0.0191587080684	-0.0052449895789	-0.0232672198985	2.0156094887e-14	2.131471057e-05	100.0
2.22345263468e-05	-3.74330772971e-05	-7.21923920205e-05	0.00227749474244	-0.00443666564761	-0.00731982359317	2.0156094887e-14	2.131471057e-05	100.0
4.65458059444e-05	-2.53839399243e-05	-0.000193712471376	0.00578509803985	-0.00336683574998	-0.0240739011861	4.0311591324e-14	4.262878829e-05	100.0
3.67992585833e-05	-2.81630682749e-05	5.85513219995e-05	0.00344957715252	-0.00331441559989	0.00557700199294	2.01558032055e-14	2.1314402122e-05	100.0
0.000131469270084	-3.89138633816e-05	5.17600927798e-05	0.0157947596221	-0.00503324632715	0.00623293264676	2.01558032055e-14	2.1314402122e-05	100.0
0.000150579061397	-3.43433599814e-05	7.39440687708e-05	0.0184559964107	-0.00450298280961	0.00908144816189	2.01558032055e-14	2.1314402122e-05	100.0
5.71507870519e-05	-1.98175957454e-05	-0.000164414768512	0.00703187276863	-0.00268398027495	-0.0202203780153	2.01558032055e-14	2.1314402122e-05	100.0
-6.36061519798e-05	-4.10565611165e-05	-0.000318867968774	-0.00806127565674	-0.0054214813419	-0.0404126781241	2.01558032055e-14	2.1314402122e-05	100.0
0.000129342248907	-2.14812637744e-05	0.000249667251514	0.0163776835763	-0.00290010622912	0.0315140100178	2.01556271908e-14	2.131421599e-05	100.0
0.000158502609944	-4.97346861916e-05	0.000203553420403	0.019973965789	-0.00648846354198	0.0256302984863	2.01556271908e-14	2.131421599e-05	100.0
-8.66053035941e-05	-1.62544026036e-05	-6.48604684157e-05	-0.00984254423986	-0.00213552823688	-0.007411027903	2.01556271908e-14	2.131421599e-05	100.0
-0.000163328707091	-2.67686359095e-05	-9.45409581689e-06	-0.0199506624024	-0.00348361498646	-0.00112317797132	2.01556271908e-14	2.131421599e-05	100.0
8.30504265393e-05	-2.86393505058e-05	-0.000151683915759	0.010232970838	-0.00377196880818	-0.0186474886095	2.01556271908e-14	2.131421599e-05	100.0
5.97205141289e-05	-1.51462533825e-05	-4.67763720751e-05	0.00593801718503	-0.00179154248162	-0.00452544570629	2.01556271908e-14	2.131421599e-05	100.0
-0.000299041783801	-1.1214151532e-05	-0.000208253000569	-0.0379893861326	-0.0015839474308	-0.0264455452558	2.01556271908e-14	2.131421599e-05	100.0
-0.000191748673192	-7.82758333405e-06	-6.04932814154e-05	-0.0238243201133	-0.001130793546	-0.0074911317204	2.01556271908e-14	2.131421599e-05	100.0
-6.01123004661e-05	-4.56123595053e-05	0.000194203237346	-0.00752522221824	-0.00596123292837	0.0241511317926	2.01552198424e-14	2.1313785226e-05	100.0
-6.33379658338e-05	-2.80448244221e-05	3.23118507562e-05	-0.00610582280473	-0.00328496311446	0.0030923572834	2.01552198424e-14	2.1313785226e-05	100.0
7.78975089049e-05	-3.75608687297e-05	0.000118996603954	0.00934911113647	-0.00485421771496	0.0143277647195	2.01552198424e-14	2.1313785226e-05	100.0
5.51121425454e-05	-3.01211328344e-05	3.68883006729e-05	0.00510650806347	-0.00343836550569	0.00341322546073	2.01552198424e-14	2.1313785226e-05	100.0
0.000148760860565	-4.00223928548e-05	0.000113013918707	0.0184156947744	-0.00524850797518	0.0139548814377	2.01552198424e-14	2.1313785226e-05	100.0
-0.000211428377556	-3.98618226322e-05	7.01487643634e-05	-0.0264715011192	-0.00524067843079	0.0087358350894	2.01552198424e-14	2.1313785226e-05	100.0
0.000235042616833	-5.86201089532e-05	0.000184333330394	0.0297469794122	-0.007654924511	0.023312254664	2.01552198424e-14	2.1313785226e-05	100.0
-0.000186813142227	-2.84442440911e-05	-0.000119925558452	-0.0233500584828	-0.00379202446479	-0.0149900110705	2.01552198424e-14	2.1313785226e-05	100.0
0.00041141790966	-4.28770561411e-05	-4.43303827893e-05	0.0523614280741	-0.00566165719992	-0.00561531425086	2.01552198424e-14	2.1313785226e-05	100.0
-5.96241742296e-05	-3.41989513551e-05	-6.44969033821e-05	-0.00642697769191	-0.00419284501491	-0.00691602740889	2.01552198424e-14	2.1313785226e-05	100.0
3.57821948337e-05	-2.78525276102e-05	-5.00273954173e-05	0.00314482441051	-0.00312226914855	-0.004327411972	2.01552198424e-14	2.1313785226e-05	100.0
8.99935707775e-05	-2.23582635297e-05	3.09362822234e-05	0.0098736603434	-0.00276501569135	0.00337161736646	2.01549633638e-14	2.1313514005e-05	100.0
0.000291261532829	-2.55694698601e-05	2.37913961893e-06	0.0368125293739	-0.00341441184591	0.000351854876815	2.01549633638e-14	2.1313514005e-05	100.0
0.000237216480395	-6.28454659736e-06	-2.71099810407e-05	0.0297617106743	-0.000945139019767	-0.00336035022988	2.01549633638e-14	2.1313514005e-05	100.0
-1.72875626351e-05	-2.80548068676e-05	5.4128583397e-05	-0.00140409167395	-0.003033852016	0.00438371038182	2.01546415083e-14	2.1313173648e-05	100.0
0.000253914163058	-4.03612393769e-05	-0.000166280013469	0.032115969016	-0.00531796111181	-0.0210667771629	2.01546415083e-14	2.1313173648e-05	100.0
-6.39225180977e-05	-2.14816855565e-05	-7.76802590279e-05	-0.00716309607105	-0.00281262375575	-0.00863371906626	2.01546415083e-14	2.1313173648e-05	100.0
0.000106838370394	-3.35574740624e-05	-0.000148856712725	0.0132160406794	-0.00440824913723	-0.018397103569	2.01546415083e-14	2.1313173648e-05	100.0
-9.27844872728e-05	-3.2441502022e-05	-0.000185613214386	-0.0115659345756	-0.00428735649164	-0.0231079387988	2.01546415083e-14	2.1313173648e-05	100.0
0.000158039048994	-9.47745740675e-05	-0.000227355738473	0.0199160777601	-0.0122586693207	-0.0287393140357	2.01546415083e-14	2.1313173648e-05	100.0
-1.84403979795e-05	-3.36566113444e-05	-5.23102053457e-05	-0.00153956585134	-0.00356926566156	-0.00428617170218	2.01546415083e-14	2.1313173648e-05	100.0
0.00015525558677	-7.17996729548e-05	-0.000254013220016	0.0196393117882	-0.00932925775903	-0.0321252044873	2.01546415083e-14	2.1313173648e-05	100.0
-3.64257695106e-05	-2.2733552882e-05	-0.000234515105468	-0.00454679975019	-0.00309505746129	-0.0294114303412	2.01546415083e-14	2.1313173648e-05	100.0
8.40849834235e-05	-1.68084567857e-05	0.000173227965677	0.0103934997171	-0.00227140866541	0.0214682479704	2.01542995368e-14	2.1312812019e-05	100.0
9.11884765349e-06	-3.06404283975e-05	0.00010862448355	0.00102416571227	-0.00386160721457	0.0124362163123	2.01542995368e-14	2.1312812019e-05	100.0
0.000222186734199	-6.9408116609e-06	5.57815724004e-05	0.0278331096033	-0.00104065261835	0.00693344608795	2.01542995368e-14	2.1312812019e-05	100.0
0.000344489008171	-1.62376691475e-05	7.74216662296e-05	0.0437314418441	-0.00223312612819	0.00983257705978	2.01542995368e-14	2.1312812019e-05	100.0
5.51677006697e-05	-1.84627100718e-05	-0.00020061129723	0.00686691115386	-0.00247893607146	-0.0249743724038	2.01542995368e-14	2.1312812019e-05	100.0
6.70685614311e-05	-2.10194738226e-05	-0.000176892818128	0.00832968960966	-0.00278314295712	-0.0218527586274	2.01542995368e-14	2.1312812019e-05	100.0
5.00897947747e-05	-3.44715659646e-05	8.88539336142e-05	0.00562989059691	-0.00433856438101	0.0100113773748	2.01540682032e-14	2.1312567388e-05	100.0
0.000156795857436	-3.43136260929e-05	7.26478021054e-05	0.0192502349654	-0.00449347060406	0.00892977097875	2.01540682032e-14	2.1312567388e-05	100.0
0.000149994664597	-1.5300899627e-05	-7.08026173664e-05	0.018339711932	-0.00213226727888	-0.0086663257496	2.01540682032e-14	2.1312567388e-05	100.0
0.000235212431864	-6.26779238215e-05	-0.000289618260342	0.0298694779607	-0.00816775120496	-0.0368234932821	2.01540682032e-14	2.1312567388e-05	100.0
-7.4224037281e-05	-3.13686398599e-05	-0.000150072087316	-0.00909849703602	-0.00414462707621	-0.0183612832803	2.01540682032e-14	2.1312567388e-05	100.0
4.58882310088e-05	-5.62364920392e-05	0.000221060956491	0.0057792160398	-0.00731414015257	0.0276649907199	2.01537815506e-14	2.1312264258e-05	100.0
6.00437036769e-05	-3.15128528878e-05	5.89071594667e-05	0.00635473659403	-0.00385699281323	0.0061772080873	2.01537815506e-14	2.1312264258e-05	100.0
-0.000269305326048	-4.58900379757e-05	0.000150528610552	-0.0341194231624	-0.00602800644978	0.0190026431958	2.01537815506e-14	2.1312264258e-05	100.0
0.000115557561409	-3.30765240892e-05	6.34238002981e-05	0.0137328571412	-0.00428665124104	0.00753211341657	2.01537815506e-14	2.1312264258e-05	100.0
-0.000207513492202	-2.18491439805e-05	-8.59200587071e-05	-0.0259549153867	-0.00296219711021	-0.0107226702051	2.01537815506e-14	2.1312264258e-05	100.0
-2.7948017099e-05	-2.54764824016e-05	0.00017639364115	-0.00344673263392	-0.00334895693193	0.0217165257198	2.01536407389e-14	2.1312115352e-05	100.0
0.000123116761808	-3.43569100366e-05	8.87254331689e-05	0.014904953522	-0.0044007675008	0.0107668332239	2.01536407389e-14	2.1312115352e-05	100.0
-0.000208146131809	-3.03769724785e-05	9.08779778909e-05	-0.0260959164696	-0.00403261316862	0.0113566628229	2.01536407389e-14	2.1312115352e-05	100.0
-0.00023386110144	-3.4357364033e-05	8.63907485951e-05	-0.0293867529673	-0.00450011014712	0.0108585625992	2.01536407389e-14	2.1312115352e-05	100.0
0.000210859618338	4.77382764406e-06	-7.50168204968e-05	0.0263787466624	0.000440630239309	-0.00941817367577	2.01536407389e-14	2.1312115352e-05	100.0
0.00015823372976	-2.1634841834e-05	-7.4048237827e-05	0.019443977645	-0.00281999420938	-0.00910296339131	2.01536407389e-14	2.1312115352e-05	100.0
2.64232468384e-05	-3.37032508699e-05	0.000125717641789	0.00310956077264	-0.00438617901745	0.0148750603126	2.01534948981e-14	2.1311961128e-05	100.0
0.000119692777506	-4.07944501298e-05	0.000271751713368	0.0151529788957	-0.00537908828807	0.034353907723	2.01534948981e-14	2.1311961128e-05	100.0
-0.000127931209338	-2.70540176472e-05	5.32022328911e-06	-0.0151079750368	-0.00354955294344	0.000648384497826	2.01534948981e-14	2.1311961128e-05	100.0
0.000163777018706	-3.88425008385e-05	0.000300099422725	0.0207711976604	-0.00513167445717	0.0380761553809	2.01534948981e-14	2.1311961128e-05	100.0
-0.000133174544736	-2.26021572585e-05	-1.93347130181e-05	-0.0158544838853	-0.00301007229292	-0.00233430260319	2.01534948981e-14	2.1311961128e-05	100.0
5.35234718939e-05	-4.48637860926e-05	0.000182684813728	0.00664054758319	-0.00582331325358	0.0226432121426	2.01534948981e-14	2.1311961128e-05	100.0
-0.000225638450214	-3.55542739847e-05	-1.60017021238e-08	-0.0282288279711	-0.00470263042446	-5.76889083253e-06	2.01534948981e-14	2.1311961128e-05	100.0
0.000104012419556	-3.94883380148e-05	0.000162049794937	0.0129095978651	-0.00515162906921	0.020097268108	2.01534948981e-14	2.1311961128e-05	100.0
-0.00020828395252	-4.12346352781e-05	-3.13587620509e-05	-0.0259615958646	-0.0054238603669	-0.00390349664161	2.01534948981e-14	2.1311961128e-05	100.0
0.000170003892315	-4.27918488261e-05	7.48173306921e-06	0.0208903065515	-0.00554665243418	0.000898380847529	2.01534948981e-14	2.1311961128e-05	100.0
-9.7808998875e-05	-1.73955582878e-05	-6.9612559579e-05	-0.0113905349192	-0.00237751762032	-0.0081101267867	2.01534948981e-14	2.1311961128e-05	100.0
0.000149600056447	-4.51836937483e-05	-0.000192640624864	0.0187974201516	-0.00593635009098	-0.0241920779296	2.01534948981e-14	2.1311961128e-05	100.0
-8.08664375194e-06	-3.65370753776e-05	-9.09080997301e-05	-0.00086314384762	-0.00451673220741	-0.00991972736058	2.01534948981e-14	2.1311961128e-05	100.0
5.69919425317e-05	-2.02931182202e-05	-0.000210516899984	0.00711231706866	-0.00276789083898	-0.0262768547023	2.01534948981e-14	2.1311961128e-05	100.0
1.54706621509e-05	-2.88853790624e-05	-0.000202389412679	0.00190990949669	-0.00385903106352	-0.0251665122396	2.01534948981e-14	2.1311961128e-05	100.0
4.87801641123e-05	-4.07823314166e-05	0.000195787447461	0.00604910732764	-0.00529499667323	0.0243421361439	2.01533138544e-14	2.1311769678e-05	100.0
-0.000108621378312	-5.1699953829e-05	0.000240815356705	-0.0136603679327	-0.00672506860337	0.0303619703333	2.01533138544e-14	2.1311769678e-05	100.0
-0.000173745698447	-3.86941107037e-05	0.000170921396791	-0.021829927767	-0.00507060948726	0.021446618606	2.01533138544e-14	2.1311769678e-05	100.0
-0.000161754977252	-1.61950561332e-05	1.84256019427e-05	-0.0197214824778	-0.00217027405245	0.00227600379459	2.01533138544e-14	2.1311769678e-05	100.0
-3.66368203267e-05	-2.73761750902e-05	-0.000373176309982	-0.00463105997151	-0.00365440178321	-0.0474303705157	2.01533138544e-14	2.1311769678e-05	100.0
-3.28623426757e-05	-2.94776895337e-05	-0.000157977486781	-0.00399302511835	-0.0038291714754	-0.0192820403969	2.01533138544e-14	2.1311769678e-05	100.0
-0.000110209246909	-4.32648283583e-05	0.000303896192214	-0.0139883173556	-0.00568545691252	0.0384970358618	2.01532082455e-14	2.1311657998e-05	100.0
-0.000233958830612	-2.09894996146e-05	6.24265511568e-05	-0.0293725385678	-0.00286864048321	0.00779653334393	2.01532082455e-14	2.1311657998e-05	100.0
-0.000270649955755	-2.02928968621e-05	-6.43700371833e-05	-0.0341543845229	-0.00275832758287	-0.008114040453	2.01532082455e-14	2.1311657998e-05	100.0
9.20736835193e-05	-2.77402862693e-05	-3.67569959196e-05	0.0102401318167	-0.00352568412155	-0.00410339137232	2.01532082455e-14	2.1311657998e-05	100.0
0.000204431636559	-4.21376236874e-05	-0.000113735240384	0.0256156476892	-0.00553137353243	-0.0142790422059	2.01532082455e-14	2.1311657998e-05	100.0
0.000139214753489	-9.18976817763e-06	0.000263697509433	0.0176181551684	-0.00132790723308	0.0333328748363	2.01529819409e-14	2.1311418685e-05	100.0
0.000117689344979	-3.08478070932e-05	5.8148446655e-05	0.0139697314468	-0.00392215492941	0.00691265102527	2.01529819409e-14	2.1311418685e-05	100.0
0.0003221949633	-1.42810503031e-05	-3.72311664674e-05	0.0408196951169	-0.00198364442816	-0.00472740125269	2.01529819409e-14	2.1311418685e-05	100.0
0.000161537165308	-1.30501409757e-05	-6.0099123479e-05	0.0198138290919	-0.00178736049607	-0.00741775144967	2.01529819409e-14	2.1311418685e-05	100.0
-0.000285752695904	-2.83679778071e-05	-0.000188771455649	-0.0362870618515	-0.00378436907783	-0.0239527841819	2.01529819409e-14	2.1311418685e-05	100.0
-0.000167094213888	-1.79168662452e-05	-3.27829584175e-05	-0.0204656913865	-0.00239367277265	-0.00398887246252	2.01529819409e-14	2.1311418685e-05	100.0
7.78799617032e-05	-3.66762970912e-05	0.000100792676363	0.00919543693199	-0.00472803065658	0.0119186976175	2.0152926622e-14	2.1311360187e-05	100.0
-0.000113835601505	-2.90155199308e-05	0.000143059498192	-0.0140609743282	-0.00381907124195	0.0176435135505	2.0152926622e-14	2.1311360187e-05	100.0
-0.000275250772904	-7.47770519103e-05	0.000174566940357	-0.0348885663026	-0.00971919319504	0.0221150828021	2.0152926622e-14	2.1311360187e-05	100.0
9.20722489334e-05	-2.87522640026e-05	5.10342727385e-05	0.0104065655008	-0.00369324401867	0.00581449079497	2.0152926622e-14	2.1311360187e-05	100.0
0.000197608265229	2.34361387926e-06	0.000137500295638	0.0247833431736	0.000104917395196	0.0172767655877	2.0152926622e-14	2.1311360187e-05	100.0
-0.000165629603978	-3.03971342314e-05	-6.70914107402e-06	-0.0202793435139	-0.00395781665738	-0.00085248608131	2.0152926622e-14	2.1311360187e-05	100.0
0.000184329609566	-5.46340368125e-05	0.000175789029529	0.0232016112232	-0.00714050652672	0.0221141714305	2.01526399694e-14	2.1311057057e-05	100.0
-0.000132360454159	-5.83927877892e-05	0.00023030456979	-0.0166961980209	-0.00760559473725	0.029048790595	2.01526399694e-14	2.1311057057e-05	100.0
-0.00029517455444	-3.4375095631e-05	-3.31817999686e-06	-0.0373121757165	-0.00455073355894	-0.000474279757523	2.01526399694e-14	2.1311057057e-05	100.0
8.42569566734e-05	-2.69172802758e-05	-0.000130188079261	0.0102376292354	-0.00359813707259	-0.0157972991887	2.01526399694e-14	2.1311057057e-05	100.0
0.000264648091726	-7.29086350625e-05	-0.000340653306444	0.0337108236573	-0.00949109071941	-0.043370042689	2.01523583459e-14	2.1310759245e-05	100.0
-8.45772971754e-05	-6.47707559089e-05	-0.000306640612827	-0.0106965577556	-0.00844579359004	-0.0388396159233	2.01523583459e-14	2.1310759245e-05	100.0
1.58691168269e-05	-3.03339180823e-05	0.000126879602131	0.00187884559956	-0.00387658507522	0.0149850803963	2.01523281719e-14	2.1310727336e-05	100.0
7.82465220008e-05	-2.8204172636e-05	5.70512736676e-05	0.00872821195633	-0.00345279466851	0.00622937821124	2.01523281719e-14	2.1310727336e-05	100.0
2.87301588999e-06	-2.24211636603e-05	0.000158454836356	0.000368725172084	-0.00293930789382	0.0192739025509	2.01523281719e-14	2.1310727336e-05	100.0
-9.70938729076e-05	-6.20122969925e-06	0.00026743546805	-0.0122365944073	-0.000939468806416	0.033774475488	2.01523281719e-14	2.1310727336e-05	100.0
-0.000108897359921	-2.93266021192e-05	0.000108054643321	-0.0132562887186	-0.00380835690314	0.0130364660311	2.01523281719e-14	2.1310727336e-05	100.0
-1.62135209221e-05	-2.74976962824e-05	0.000103475339111	-0.00185142879444	-0.00346219514054	0.011688011451	2.01523281719e-14	2.1310727336e-05	100.0
0.000220995567934	-1.45106468691e-05	0.000159158353395	0.0278655044046	-0.00200921902758	0.0201048315893	2.01523281719e-14	2.1310727336e-05	100.0
-0.000205681499235	-3.14091585008e-05	0.000289125388113	-0.0261109968416	-0.00417192373499	0.0367064457535	2.01523281719e-14	2.1310727336e-05	100.0
-0.00016821534153	-2.48705545961e-05	0.000156307921681	-0.0210577131041	-0.0033001582403	0.0195686761034	2.01523281719e-14	2.1310727336e-05	100.0
-0.000123958193985	-3.25223030972e-05	4.60877517463e-05	-0.0147732693762	-0.00418781972405	0.00544766317325	2.01523281719e-14	2.1310727336e-05	100.0
-0.000240198606497	-3.66958136738e-05	6.72296881629e-05	-0.0301786793955	-0.00479541217509	0.00845779684723	2.01523281719e-14	2.1310727336e-05	100.0
-0.000154015182169	-2.20938707866e-05	1.87233820167e-05	-0.0186757590875	-0.00288781490245	0.00226955716403	2.01523281719e-14	2.1310727336e-05	100.0
5.02723862139e-05	-2.45882983086e-05	-3.11588597003e-05	0.00421806814961	-0.00261685333813	-0.00254106417195	2.01523281719e-14	2.1310727336e-05	100.0
6.61640929492e-05	-1.57117391097e-05	-4.53059981782e-05	0.0067086404797	-0.0018671092348	-0.00459883732838	2.01523281719e-14	2.1310727336e-05	100.0
-0.000134682671449	-1.87929139362e-05	-0.000270996344903	-0.0170361916029	-0.00255953692679	-0.0342759463436	2.01523281719e-14	2.1310727336e-05	100.0
3.82850069309e-05	-1.16313098292e-05	-0.000225227714287	0.00479139201129	-0.001630552372	-0.028186527817	2.01523281719e-14	2.1310727336e-05	100.0
5.65709450529e-05	-3.29324346386e-05	-0.000106995888398	0.00665906533622	-0.00414259650071	-0.0125085725645	2.01523281719e-14	2.1310727336e-05	100.0
-0.000134087985151	-1.15259561465e-05	-0.000167907032663	-0.0167496854357	-0.0016233170338	-0.0209258650242	2.01523281719e-14	2.1310727336e-05	100.0
-3.64637371399e-05	-3.12081430267e-05	-0.000251864831175	-0.00461402705126	-0.00411713214689	-0.031671773221	2.01523281719e-14	2.1310727336e-05	100.0
-6.03085082594e-05	-3.02727184171e-05	9.35506300358e-05	-0.00695588619563	-0.00387434507588	0.0107410966574	2.01517950987e-14	2.1310163621e-05	100.0
-7.25190248981e-05	-2.90073071448e-05	9.30659991339e-05	-0.00843111965072	-0.00377061039812	0.01082123749	2.01517950987e-14	2.1310163621e-05	100.0
-0.000109169432376	-3.15250034471e-05	0.000105761879089	-0.0132573232871	-0.00411463099316	0.012798256223	2.01517950987e-14	2.1310163621e-05	100.0
5.40787470192e-06	-3.34385948516e-05	9.99009397933e-05	0.000596469374734	-0.00414361060149	0.0112070149919	2.01517950987e-14	2.1310163621e-05	100.0
-0.000205533973706	-4.22958853973e-05	2.31652086603e-05	-0.0255869074867	-0.00554456152267	0.0028784224591	2.01517950987e-14	2.1310163621e-05	100.0
4.13311358595e-05	-3.84039409078e-05	0.00014636994759	0.00505268096706	-0.00494899665211	0.0177806145299	2.01517950987e-14	2.1310163621e-05	100.0
-0.000248982325809	-5.81638346414e-05	-2.38395489248e-05	-0.0313047487912	-0.00757264522554	-0.00299962954033	2.01517950987e-14	2.1310163621e-05	100.0
-4.59000413119e-05	-2.15547470804e-05	-0.000190614982918	-0.00571352883799	-0.00290246768613	-0.0236725586066	2.01517950987e-14	2.1310163621e-05	100.0
-7.03579968067e-05	-3.59741385764e-05	-0.000200719492988	-0.00879572878364	-0.00472603995938	-0.0250634847869	2.01517950987e-14	2.1310163621e-05	100.0
0.000131792553702	-7.10964544564e-05	-0.000268054899026	0.0166835237928	-0.00925121098774	-0.0338916646844	2.01517950987e-14	2.1310163621e-05	100.0
4.21639780204e-06	-3.40813482575e-05	-0.000226093703986	0.000529690479368	-0.00452714106341	-0.0282808440461	2.01517950987e-14	2.1310163621e-05	100.0
-0.000195066521873	-4.31196828973e-05	-0.000229558720604	-0.0246736729024	-0.00566803043111	-0.0290609235506	2.01516744029e-14	2.1310035987e-05	100.0
-0.000152663106006	-2.16460143339e-05	-3.7722068877e-05	-0.0185582186493	-0.00283409447456	-0.0045685848603	2.01516744029e-14	2.1310035987e-05	100.0
3.27344724245e-05	-1.68196439483e-05	-0.000295887739036	0.00411704525803	-0.00231548792352	-0.0374203921068	2.01516744029e-14	2.1310035987e-05	100.0
3.99234655363e-05	-4.18301562757e-05	0.000190341441738	0.00493007866328	-0.00548065829619	0.0236030330759	2.01512318516e-14	2.1309567997e-05	100.0
-8.66731912782e-05	-4.57356682999e-05	0.000258724015094	-0.0109711861567	-0.00599694827237	0.032611153536	2.01512318516e-14	2.1309567997e-05	100.0
-0.000171780969066	-2.13334381142e-05	6.3433741074e-05	-0.0212075707313	-0.00290559266397	0.00778777333473	2.01512318516e-14	2.1309567997e-05	100.0
9.81526855181e-05	-9.10213748383e-05	0.000371570941852	0.0124637862574	-0.0118087648977	0.0472338880866	2.01512318516e-14	2.1309567997e-05	100.0
-7.04069201702e-05	-2.64560768618e-05	6.25286052644e-06	-0.00673194936151	-0.00314633458168	0.000598323783803	2.01512318516e-14	2.1309567997e-05	100.0
9.94875149115e-05	-7.43762388524e-05	0.000362619865324	0.0126756681632	-0.00967654143663	0.0460688328448	2.01512318516e-14	2.1309567997e-05	100.0
-0.0001719300534	-3.06319298714e-05	2.44746675903e-05	-0.0211146243522	-0.00405399037788	0.00297051331734	2.01512318516e-14	2.1309567997e-05	100.0
0.000155499236655	-2.42260621982e-05	0.000167954512711	0.0194723455723	-0.00325385020109	0.0210625150169	2.01512318516e-14	2.1309567997e-05	100.0
-0.000265114632176	-6.04493487059e-05	-2.02920644291e-05	-0.0334061622415	-0.00787057052825	-0.00252191833314	2.01512318516e-14	2.1309567997e-05	100.0
0.000360120190635	-5.19118815138e-05	8.43612546151e-05	0.0457754837978	-0.00680550573557	0.0106902466344	2.01512318516e-14	2.1309567997e-05	100.0
-9.76079581793e-05	-3.18202048674e-05	-5.81118825343e-05	-0.0112613705372	-0.00408251646775	-0.00671417469617	2.01512318516e-14	2.1309567997e-05	100.0
-0.000306511436984	-1.99321759063e-05	-0.000106194690858	-0.0388427888611	-0.00271425619022	-0.013428548796	2.01512318516e-14	2.1309567997e-05	100.0
0.000158242323552	-2.38205127408e-05	0.000217950303039	0.0199403363709	-0.0031953240785	0.0274739174249	2.01510256629e-14	2.1309349956e-05	100.0
-8.54259906187e-05	-2.18136805499e-05	-0.000312435461396	-0.0108399404974	-0.00295314425359	-0.0396210195397	2.01510256629e-14	2.1309349956e-05	100.0
-4.94535470016e-06	-3.27911401382e-05	0.000105768249594	-0.000514968630515	-0.00416305434774	0.0120120029883	2.01509502281e-14	2.1309270185e-05	100.0
-0.00012371234205	-2.53590825822e-05	0.000243010704249	-0.0155839317589	-0.00341528006542	0.0306509175479	2.01509502281e-14	2.1309270185e-05	100.0
-0.000115280866996	-4.65021355494e-05	0.00011224206871	-0.0140715905078	-0.00601035596581	0.0137005259171	2.01509502281e-14	2.1309270185e-05	100.0
-0.000192420348982	-3.97588475135e-05	-0.000157780504472	-0.0242150947058	-0.005230928819	-0.0198503461329	2.01509502281e-14	2.1309270185e-05	100.0
0.000120706946753	-1.68950977756e-05	-6.70366217652e-05	0.0144584785027	-0.00226226012183	-0.00800506769318	2.01509502281e-14	2.1309270185e-05	100.0
-0.000234481724739	-8.59706532507e-05	-0.000228115317707	-0.0297370981504	-0.0111577820785	-0.0288993060129	2.01509502281e-14	2.1309270185e-05	100.0
0.000116290261523	-1.84191640503e-05	-0.000105412928755	0.0141044290846	-0.00253847330909	-0.012829259984	2.01509502281e-14	2.1309270185e-05	100.0
6.71828124423e-05	-2.33550356503e-05	0.000125954655677	0.00807419357527	-0.00310977668759	0.0151141814516	2.01506736335e-14	2.1308977691e-05	100.0
0.000360029873179	-5.20879966529e-05	0.000237347234061	0.0458174688453	-0.00683027928456	0.0302392153216	2.01506736335e-14	2.1308977691e-05	100.0
-6.35945041897e-05	-2.93775896317e-05	-3.46550474364e-05	-0.00619516150589	-0.00348740393824	-0.00341894313065	2.01506736335e-14	2.1308977691e-05	100.0
0.000256296661567	-5.18863749048e-05	-0.000194413735422	0.0324538096158	-0.00678912574581	-0.0246565362078	2.01506736335e-14	2.1308977691e-05	100.0
8.97174374555e-05	-2.56212496492e-05	0.000150585525968	0.0110019952599	-0.00343166202458	0.018516747943	2.01503920099e-14	2.130867988e-05	100.0
-0.000131698772114	-4.65332197867e-06	0.000398199228046	-0.0167315932849	-0.00076108071155	0.0506920235309	2.01503920099e-14	2.130867988e-05	100.0
-0.000303055826269	-8.09883399497e-05	0.000213038220784	-0.0384772109186	-0.0105257987962	0.0270988381706	2.01503920099e-14	2.130867988e-05	100.0
0.000259133024057	-4.02431837327e-05	0.00020989690634	0.0328350575475	-0.00531402624351	0.0266332281018	2.01503920099e-14	2.130867988e-05	100.0
-0.000419952241753	-1.848783489e-05	1.04700313084e-05	-0.0534502907789	-0.00252568598958	0.0013395272162	2.01503920099e-14	2.130867988e-05	100.0
0.000183192460219	-1.90644155385e-05	-7.84674840161e-05	0.0227586030049	-0.00262105341662	-0.00969885274967	2.01503920099e-14	2.130867988e-05	100.0
-1.36119824371e-05	-3.94426228996e-05	-0.00034591460518	-0.00176011428099	-0.00520458411207	-0.0438871061583	2.01503920099e-14	2.130867988e-05	100.0
7.4166205375e-06	-2.72655760026e-05	-0.00011284759896	0.000872757373449	-0.00342249017542	-0.0130020177367	2.0150376923e-14	2.1308663925e-05	100.0
-6.25397411241e-05	-4.3534219605e-05	0.000117470188638	-0.00747908774927	-0.00558552817681	0.0139900911409	2.01501154154e-14	2.1308387386e-05	100.0
-8.06715175325e-05	-3.14859995457e-05	7.92673783892e-05	-0.00930446914384	-0.00406043215768	0.00914269166916	2.01501154154e-14	2.1308387386e-05	100.0
3.23331404429e-05	-3.62855596293e-05	0.000131027535955	0.00391957998867	-0.0046801933031	0.0156070020047	2.01501154154e-14	2.1308387386e-05	100.0
-9.08404650374e-06	-2.64997781877e-05	0.000194765267805	-0.00110825278686	-0.00354950216936	0.0241419653231	2.01501154154e-14	2.1308387386e-05	100.0
-9.39953383641e-05	-2.9923327035e-05	0.000135512696218	-0.011505187027	-0.00395268533536	0.0165500620398	2.01501154154e-14	2.1308387386e-05	100.0
-0.000113945887119	-3.65415605979e-05	0.000104566011707	-0.0138594979151	-0.00476108148849	0.0126633933309	2.01501154154e-14	2.1308387386e-05	100.0
0.000188201626843	-8.52036253615e-05	0.000291077780207	0.0238810533922	-0.011058446834	0.036928419528	2.01501154154e-14	2.1308387386e-05	100.0
-0.000149507876344	-5.3239111029e-05	0.000134248618166	-0.0186092337174	-0.00689346952757	0.0166951827971	2.01501154154e-14	2.1308387386e-05	100.0
-0.000320872056029	-3.10883465656e-05	0.000232341202621	-0.0408052356615	-0.00413359255568	0.0295425168683	2.01501154154e-14	2.1308387386e-05	100.0
0.00025852670153	-5.72391672604e-05	0.000273603271019	0.032851189428	-0.00748614080894	0.0347623109773	2.01501154154e-14	2.1308387386e-05	100.0
-0.000100397533325	-2.89769586901e-05	-1.80277403454e-05	-0.0112768191863	-0.00370569633683	-0.00200041198013	2.01501154154e-14	2.1308387386e-05	100.0
-5.4192280563e-05	-2.5247185789e-05	3.2482037137e-05	-0.00481322595294	-0.00281344231896	0.00286573562125	2.01501154154e-14	2.1308387386e-05	100.0
-0.000242095384463	-4.23371862692e-05	7.44714011427e-05	-0.0304850612944	-0.00554281333714	0.00936396359771	2.01501154154e-14	2.1308387386e-05	100.0
0.000174570229441	-4.00947389855e-05	3.40844812907e-06	0.0214596837914	-0.00524264536336	0.000429981466762	2.01501154154e-14	2.1308387386e-05	100.0
0.000251608749268	-0.000103871872536	1.70360815162e-05	0.0316732854161	-0.0133986436651	0.0021620942574	2.01501154154e-14	2.1308387386e-05	100.0
-0.000166357650296	-2.8926280432e-05	-0.000158808133744	-0.0208155291349	-0.00386729423304	-0.0199009265579	2.01501154154e-14	2.1308387386e-05	100.0
-0.000250327288388	-8.98689335222e-05	-0.00022901844276	-0.0317503421927	-0.0116517860741	-0.0290540414502	2.01501154154e-14	2.1308387386e-05	100.0
-6.36834184586e-05	-1.86322602431e-05	-5.59241425981e-05	-0.0066972402404	-0.00231008306861	-0.00581850045009	2.01501154154e-14	2.1308387386e-05	100.0
0.000271180848679	-1.28740110397e-05	-6.69436385233e-05	0.0342463187779	-0.00182458244294	-0.00844439532215	2.01501154154e-14	2.1308387386e-05	100.0
-0.000113510153818	-1.83156128251e-05	-0.000150605384506	-0.0140068682468	-0.00252049964362	-0.018638153642	2.01501154154e-14	2.1308387386e-05	100.0
5.25561747391e-05	-3.62943195534e-05	-0.000103919696245	0.006178728728	-0.00456752156974	-0.012091969744	2.01501154154e-14	2.1308387386e-05	100.0
-0.000246609619391	5.52556415216e-06	-0.000356890570936	-0.031401356245	0.000540895543044	-0.0454486996846	2.01501154154e-14	2.1308387386e-05	100.0
0.000128426290368	-4.79169270836e-05	-0.000124811677791	0.0158185429145	-0.00623364608883	-0.0153917355161	2.01501154154e-14	2.1308387386e-05	100.0
6.17464077288e-05	-2.8683136875e-05	-7.75126086938e-05	0.00687704402864	-0.00363334983661	-0.00861877858576	2.01501154154e-14	2.1308387386e-05	100.0
6.88247031447e-05	-2.27613657445e-05	-0.000174630454623	0.00850314518696	-0.00306119834447	-0.0215716470642	2.01501154154e-14	2.1308387386e-05	100.0
2.64266624184e-05	-2.01723643036e-05	-0.00013297002972	0.00314549989573	-0.00272026065288	-0.0158352534973	2.01501154154e-14	2.1308387386e-05	100.0
-5.16203855086e-06	-8.08851365289e-06	0.000319851369843	-0.000662004383486	-0.00119467460634	0.0405110196798	2.0149733212e-14	2.1307983212e-05	100.0
0.000247768234953	-2.74277682316e-05	0.000213327229162	0.031395915077	-0.00365406013962	0.0270441758989	2.0149733212e-14	2.1307983212e-05	100.0
-6.06091306519e-05	-2.32460652276e-05	2.67536039194e-05	-0.00552431534147	-0.0025937307481	0.00240904642827	2.0149733212e-14	2.1307983212e-05	100.0
0.000103329128213	-2.69562115465e-05	2.83583755768e-05	0.0117653640739	-0.00341527853819	0.00322119517624	2.0149733212e-14	2.1307983212e-05	100.0
