# x[AU] y[AU] z[AU] vx[AU/yr/2pi] vy[AU/yr/2pi] vz[AU/yr/2pi] m[MSUN] m[mtot] wf[%]
4.67100663422e-09	-4.97066865767e-08	1.2180679932e-07	2.75741232071e-06	-6.17945233924e-06	2.47262617599e-05	9.40656513184e-10	0.992415664626	9.24486113189
7.34438577474e-05	6.01232268896e-06	7.04405637707e-05	0.00818008726429	0.000727936645754	0.00785741755528	3.82466268035e-14	4.0351128203e-05	100.0
-3.14524208124e-05	-6.13056638793e-07	-0.000218382965942	-0.00393540720887	-9.00162697149e-05	-0.0272553270504	3.82357189196e-14	4.0339620118e-05	100.0
6.50584603909e-05	6.80101968524e-07	-1.19189093518e-05	0.00574539353887	5.05159185251e-05	-0.00101337616755	1.91320915075e-14	2.0184825218e-05	100.0
6.77689077028e-05	-2.57576130574e-06	-1.53071447032e-05	0.00623650138503	-0.000243742143044	-0.00134883226424	1.91314176226e-14	2.0184114253e-05	100.0
6.33309170463e-05	-3.3388337889e-06	-1.03797878702e-05	0.00544079280829	-0.000335605431725	-0.000930434746666	1.91280984878e-14	2.0180612484e-05	100.0
-0.000131807262989	2.11671280693e-06	-1.46694024596e-05	-0.0156385622662	0.00025852536412	-0.00171435382549	1.91280984878e-14	2.0180612484e-05	100.0
7.36015245169e-05	5.22955189214e-07	6.24106149747e-05	0.00805191886114	4.42921330158e-05	0.00684289818475	1.91277716033e-14	2.0180267613e-05	100.0
-8.17374104844e-05	-5.23240673064e-05	3.59334278553e-05	-0.00903987001336	-0.00611961922281	0.00405867857295	1.91267909498e-14	2.0179233e-05	100.0
2.12279489711e-06	2.61526765327e-06	0.000154555717336	0.00037536641992	0.00031103172286	0.0187482949454	1.91267909498e-14	2.0179233e-05	100.0
3.31275856321e-05	1.86779500191e-06	-0.000142311274434	0.00404759875609	0.000209469559342	-0.0171222604586	1.91267909498e-14	2.0179233e-05	100.0
4.57212467604e-05	-1.14675450237e-05	-0.000161686014365	0.00568768044096	-0.00142040548135	-0.019788102379	1.91261472388e-14	2.0178553869e-05	100.0
-0.000134036582186	1.51137801836e-05	0.000285568012366	-0.0169600287275	0.00193291222451	0.0361505765702	1.91254984988e-14	2.0177869432e-05	100.0
-7.12576318107e-05	-2.17146529118e-06	6.99053210789e-05	-0.00789525124058	-0.000228955641841	0.0077140492939	1.91254984988e-14	2.0177869432e-05	100.0
9.53258845883e-05	7.05050906918e-06	-0.000141732259315	0.0116550513127	0.000903626667781	-0.0173942702774	1.91254984988e-14	2.0177869432e-05	100.0
0.000106637088137	-2.45848035088e-06	0.000105170491741	0.0128524716909	-0.000328586665925	0.0127158785734	1.91254984988e-14	2.0177869432e-05	100.0
-6.19721735645e-05	1.62694508231e-06	5.32483516585e-05	-0.00629438088704	0.000179532576954	0.00543131439527	1.91248598168e-14	2.0177195607e-05	100.0
-0.000121972366242	6.90933590006e-06	9.79601946433e-05	-0.0147953403142	0.000865540505049	0.0118850614509	1.91248598168e-14	2.0177195607e-05	100.0
8.84408325873e-05	4.91584675944e-07	-1.67185887372e-05	0.00943175424617	7.16749089207e-05	-0.0018323385989	1.91248598168e-14	2.0177195607e-05	100.0
9.51809854604e-05	-3.27666038304e-07	-1.84931019202e-05	0.0104367877471	-9.48207729539e-06	-0.00205003332919	1.91248598168e-14	2.0177195607e-05	100.0
-0.000150485611163	2.01707210663e-06	-0.000145726284365	-0.0187399700791	0.000263102099652	-0.0181379700769	1.91248598168e-14	2.0177195607e-05	100.0
2.63427420668e-05	1.84740801729e-07	-0.00018035224631	0.00327210426566	4.40445430514e-05	-0.0222374084827	1.91248598168e-14	2.0177195607e-05	100.0
-5.19974367796e-05	4.99617896922e-08	5.47735280706e-05	-0.00500618228532	-2.07610366197e-06	0.00535637096181	3.82465563976e-14	4.0351053923e-05	100.0
-2.47017375201e-05	-8.72748635452e-06	-0.000168163883906	-0.00302419414897	-0.00110967658431	-0.020595703532	1.91248598168e-14	2.0177195607e-05	100.0
0.000104560313571	8.27496854807e-06	-0.000148943260688	0.0128874448805	0.00105255352803	-0.018379946883	1.91245379613e-14	2.0176856042e-05	100.0
9.66816648948e-05	-3.59689009892e-05	-0.000107767106307	0.0116439018938	-0.0044378899961	-0.0130014615011	1.91245379613e-14	2.0176856042e-05	100.0
-6.86817624537e-05	4.84577405432e-06	-9.23061019812e-05	-0.00792710656486	0.000576357560147	-0.0106232274287	1.91245379613e-14	2.0176856042e-05	100.0
-0.000124365080017	1.41131351892e-05	5.88838219961e-05	-0.0148389819266	0.00175057039689	0.00701931936057	1.91242211348e-14	2.0176521782e-05	100.0
-0.000133660857106	1.11843973726e-06	-0.000150313733603	-0.016610807158	0.000132074080024	-0.0186636418135	1.91242211348e-14	2.0176521782e-05	100.0
-8.82280379543e-05	-3.34559817856e-05	-1.83070944485e-05	-0.00962070694987	-0.00381408221091	-0.00193141692613	1.91242211348e-14	2.0176521782e-05	100.0
8.04235719647e-05	3.00283961401e-06	-3.73284535593e-05	0.00851945226429	0.000320835754989	-0.00394918681227	1.91242211348e-14	2.0176521782e-05	100.0
6.96896951956e-05	1.3758368373e-05	-0.000118863149133	0.00823927408233	0.00167501847407	-0.014245034819	1.91239043083e-14	2.0176187522e-05	100.0
0.000165110437912	4.4004656476e-07	-0.00011097485697	0.0204638699199	8.12201672134e-05	-0.0137864169864	1.91235874818e-14	2.0175853262e-05	100.0
0.000221696491272	6.04441338415e-06	-0.000115837927859	0.0278359795484	0.000785585233808	-0.014543917417	1.91235874818e-14	2.0175853262e-05	100.0
-5.79355890999e-05	2.56322686035e-06	-9.85545032026e-05	-0.00668660666707	0.000305041243994	-0.0113203882929	1.91235874818e-14	2.0175853262e-05	100.0
-8.72371330483e-05	-3.93325693539e-06	9.68749406471e-05	-0.0103382953836	-0.000515932850659	0.0114185652162	1.91235874818e-14	2.0175853262e-05	100.0
-5.29761142623e-05	-4.9240863933e-06	6.13799377941e-05	-0.00535555865827	-0.000561627051717	0.00622900399147	1.91235874818e-14	2.0175853262e-05	100.0
0.000110070017768	-5.06326094186e-06	3.78869863246e-06	0.012553121183	-0.000599788752457	0.00037469393969	1.91235874818e-14	2.0175853262e-05	100.0
-5.82132333472e-05	-7.03928280378e-06	-2.58374712502e-05	-0.00497503508525	-0.000702902140483	-0.00223650075527	1.91235874818e-14	2.0175853262e-05	100.0
0.000105228407693	2.29872667599e-05	-4.44058485834e-05	0.0122440254725	0.00273824774895	-0.00495680473062	1.91235874818e-14	2.0175853262e-05	100.0
6.32701952615e-05	-1.0307576329e-05	8.83980471789e-05	0.00725147919918	-0.00120609094602	0.0100041506911	1.91229538288e-14	2.0175184743e-05	100.0
-4.70082218831e-05	1.08209462088e-05	0.000186033048658	-0.00581132825875	0.00136560417187	0.0230083732249	1.91229538288e-14	2.0175184743e-05	100.0
9.09480592226e-05	1.00084647281e-05	5.1640230779e-05	0.0101958551188	0.00121398554929	0.00585079944218	1.91229538288e-14	2.0175184743e-05	100.0
-0.000177319956473	1.80157824372e-05	9.29610330744e-05	-0.0220241309455	0.0022881599411	0.0115047628564	1.91229538288e-14	2.0175184743e-05	100.0
0.00010778850371	-6.79649772114e-07	-1.67375403085e-05	0.0122354585354	-6.13158222433e-05	-0.00196681855708	1.91229538288e-14	2.0175184743e-05	100.0
0.000106270891722	2.367633968e-06	-2.55716688406e-05	0.0120703115062	0.000312422721021	-0.00291786728621	1.91229538288e-14	2.0175184743e-05	100.0
-8.45050032921e-05	4.80599877322e-06	0.000104544617178	-0.0100723348887	0.000557921466992	0.0123998092255	1.91229538288e-14	2.0175184743e-05	100.0
-0.000105027054379	-1.62024182715e-07	5.62112697898e-05	-0.0121965534036	-3.42056499218e-05	0.00651551138139	1.91229538288e-14	2.0175184743e-05	100.0
-0.000203563269139	-7.31239019032e-07	2.50417279302e-05	-0.0253115339614	-9.11798243693e-05	0.00313292994526	1.91226370023e-14	2.0174850483e-05	100.0
0.000195989972784	9.38363579596e-06	-0.000185843294165	0.0246708948173	0.00119676915712	-0.0234186970767	1.91226370023e-14	2.0174850483e-05	100.0
-2.52503005405e-05	9.78602000984e-06	-7.07083482172e-05	-0.0024597989957	0.00106576894048	-0.00687706081076	1.91226370023e-14	2.0174850483e-05	100.0
-0.000102567796241	-2.33745988853e-05	0.000114194998459	-0.0124449136724	-0.00293262653213	0.0138178460766	1.91226370023e-14	2.0174850483e-05	100.0
0.000115942020845	-1.03949346573e-05	2.57571129206e-06	0.0133727989111	-0.00128730242583	0.000274901400171	1.91226370023e-14	2.0174850483e-05	100.0
-8.44425995162e-05	6.96172459693e-06	-0.000101752635628	-0.0100193800929	0.000842114282714	-0.0120676251696	1.91226370023e-14	2.0174850483e-05	100.0
4.89890718779e-05	9.97154590984e-07	-8.62768446744e-05	0.00536704539094	7.28423608698e-05	-0.00955426020493	1.91226370023e-14	2.0174850483e-05	100.0
9.69476162337e-05	-4.34715854762e-06	0.000113461589637	0.0116681124915	-0.000502474806995	0.013717912174	1.91223252048e-14	2.0174521529e-05	100.0
-6.6015229073e-06	-5.84037699916e-07	9.64078975089e-05	-0.000668897519885	-8.88276317442e-05	0.0105588363	1.91223252048e-14	2.0174521529e-05	100.0
-5.42170931762e-05	2.71966988064e-05	3.31480438465e-05	-0.00480202634504	0.00271868032434	0.00314189934532	1.91223252048e-14	2.0174521529e-05	100.0
-0.00014935854978	6.20305166041e-06	-8.43081304298e-06	-0.0180402900191	0.00074756316134	-0.000934483248229	1.91223252048e-14	2.0174521529e-05	100.0
2.88906137445e-05	-3.34472362179e-05	7.4291017078e-05	0.00293493602392	-0.00370440626489	0.00774376870748	1.91216965808e-14	2.0173858316e-05	100.0
0.000117802138202	6.17524527393e-06	0.000262441072753	0.0148763333241	0.000781478388498	0.0331445017283	1.91216965808e-14	2.0173858316e-05	100.0
-5.49183919895e-05	1.22197194382e-05	0.000200477879021	-0.00681163356983	0.00154428472649	0.0249490199272	1.91216965808e-14	2.0173858316e-05	100.0
-6.07550212631e-05	2.82229418497e-06	5.9100215264e-05	-0.00627117359133	0.000343263703199	0.00613582309347	1.91216965808e-14	2.0173858316e-05	100.0
8.27440989172e-05	-1.83005046829e-05	0.000232945322563	0.0104037382172	-0.00232619515531	0.0292551610491	1.91216965808e-14	2.0173858316e-05	100.0
0.000105172329408	2.25321925428e-06	0.000113616651784	0.0127700292817	0.000278693121468	0.0137613682703	1.91216965808e-14	2.0173858316e-05	100.0
8.16867545896e-05	4.81183398568e-06	4.39029046755e-05	0.00879152934656	0.000566059371934	0.0047886609663	1.91216965808e-14	2.0173858316e-05	100.0
8.80411228407e-05	3.23470362089e-07	0.000207255597569	0.0110201511269	3.90431576703e-05	0.0259291291325	1.91216965808e-14	2.0173858316e-05	100.0
0.000206018660298	1.89101005807e-06	-0.000123798866216	0.0258365366502	0.000239461633595	-0.015529711615	1.91216965808e-14	2.0173858316e-05	100.0
0.000193352317133	-1.81894255952e-06	-0.000123319686588	0.024175126545	-0.000194126192067	-0.0154285145163	1.91216965808e-14	2.0173858316e-05	100.0
-0.000197605413624	-2.3628227778e-06	8.54466885604e-06	-0.0245209081508	-0.000292128174789	0.00107905304835	1.91216965808e-14	2.0173858316e-05	100.0
-0.000219617443947	6.82341896996e-06	1.2664257254e-05	-0.0274147142732	0.000873638077741	0.00158261229174	1.91216965808e-14	2.0173858316e-05	100.0
0.0001967302233	1.21453704434e-05	-0.00015392068287	0.0247034623375	0.00153690965128	-0.0193381292896	1.91216965808e-14	2.0173858316e-05	100.0
0.000157059363259	1.41272644939e-05	-0.000145391583598	0.0195514682243	0.00180650649486	-0.0181308911593	1.91216965808e-14	2.0173858316e-05	100.0
-2.01690179491e-05	2.14550033278e-05	-0.000137656214902	-0.00249487353943	0.00264768090868	-0.0164765216814	1.91216965808e-14	2.0173858316e-05	100.0
8.5559242268e-05	2.0609321182e-06	-0.000124176281274	0.0103470783359	0.000262943186753	-0.0150117691007	1.91216965808e-14	2.0173858316e-05	100.0
0.000102050334597	1.09228355902e-05	-0.000104311879594	0.0122686308732	0.00138760313186	-0.0125412418802	1.91216965808e-14	2.0173858316e-05	100.0
3.72482726287e-05	-2.14810177034e-06	-0.000173746760876	0.00462929195275	-0.000256991231168	-0.0213727482867	1.91216965808e-14	2.0173858316e-05	100.0
3.45979951792e-05	8.07305686471e-07	-0.000112813596798	0.00405639306276	0.000127601034424	-0.0130537379768	1.91216965808e-14	2.0173858316e-05	100.0
-8.76132067701e-05	3.80514860844e-06	-0.000117911458054	-0.0105356044967	0.000500034778223	-0.0142024895248	1.91216965808e-14	2.0173858316e-05	100.0
-1.2287747268e-05	3.12218631719e-06	-0.000178528651244	-0.00153427305662	0.000434830627974	-0.0219551436335	1.91216965808e-14	2.0173858316e-05	100.0
1.0370679534e-05	-3.41726295727e-06	-0.000150700217854	0.00124466290863	-0.000365265679919	-0.0182119222316	1.91216965808e-14	2.0173858316e-05	100.0
-7.35075955062e-05	-1.18373180194e-05	0.000117224558123	-0.00878388318613	-0.00148561734768	0.0139816984626	1.91216965808e-14	2.0173858316e-05	100.0
-8.65352647763e-05	-8.03424176612e-06	8.69032616719e-05	-0.0101009355401	-0.00101276373687	0.0101467821084	1.91216965808e-14	2.0173858316e-05	100.0
-2.87933113783e-05	-4.33767297812e-07	6.51791876828e-05	-0.00265606548394	-7.69078019102e-05	0.00610010483836	1.91216965808e-14	2.0173858316e-05	100.0
0.000113640363599	-3.86788988381e-06	0.000269547499388	0.0143711510632	-0.000497702138775	0.034027786713	1.91216965808e-14	2.0173858316e-05	100.0
0.000121944696182	-7.88494117383e-06	0.000263579779488	0.0153776068317	-0.00100402025061	0.0332787890679	1.91216965808e-14	2.0173858316e-05	100.0
4.07354984679e-05	-4.06016471236e-06	0.000233224929397	0.00509205154506	-0.000519387580162	0.0292268616614	1.91216965808e-14	2.0173858316e-05	100.0
-9.09362450504e-05	-8.27468209412e-06	9.96000599359e-08	-0.0097387902254	-0.000972930348293	1.62826328294e-05	1.91216965808e-14	2.0173858316e-05	100.0
-9.970180859e-05	1.33638067738e-06	0.000179270051703	-0.0124281392133	0.000175505160321	0.0222872861788	1.91216965808e-14	2.0173858316e-05	100.0
-0.000229395431836	-3.4426828144e-06	4.1031562738e-05	-0.0287329612404	-0.000450108561616	0.00510530913509	1.91216965808e-14	2.0173858316e-05	100.0
0.000166507093807	5.23620316496e-06	0.00023214393343	0.0210252296688	0.000663264175799	0.0292962461658	1.91216965808e-14	2.0173858316e-05	100.0
-0.000137850699328	3.84675135527e-07	-7.43133987067e-06	-0.0164538058536	7.19922635044e-06	-0.000847078303907	1.91216965808e-14	2.0173858316e-05	100.0
0.000139166412808	-1.6509019233e-06	2.06740592331e-05	0.0166384077411	-0.000235353928263	0.00249935777363	1.91216965808e-14	2.0173858316e-05	100.0
-5.16709099376e-05	-3.87509068069e-06	-6.26195861871e-05	-0.00519604031247	-0.00042836750338	-0.00639950924663	1.91216965808e-14	2.0173858316e-05	100.0
-0.000144579725726	-7.1785914644e-06	-0.000163120022363	-0.0180212304984	-0.00093493116413	-0.0203509349574	1.91216965808e-14	2.0173858316e-05	100.0
-9.44636728108e-05	1.40533707108e-06	-0.000116456903414	-0.0113976037494	0.000149272763026	-0.0140627620352	1.91216965808e-14	2.0173858316e-05	100.0
4.49142757331e-05	-1.59105612096e-05	-0.000221962151865	0.00562385356008	-0.00202511480144	-0.0277416169403	1.91216965808e-14	2.0173858316e-05	100.0
2.00634026925e-05	3.18247152291e-06	-0.000226519180296	0.00251295561192	0.000383936138092	-0.0283149770869	1.91216965808e-14	2.0173858316e-05	100.0
4.68413688678e-05	-1.56623818945e-05	-0.000190657416469	0.00579909499616	-0.0020010620785	-0.0236231972834	1.91216965808e-14	2.0173858316e-05	100.0
3.90508278825e-05	-4.50268655635e-06	-0.000175919934507	0.00482191284961	-0.000587564820402	-0.0216267776987	1.91216965808e-14	2.0173858316e-05	100.0
-0.000286439640401	5.70166245247e-06	-0.000110992287412	-0.036232248676	0.000733838656966	-0.0140409216338	1.91210780148e-14	2.0173205713e-05	100.0
-0.000295254909781	4.24230850119e-06	-6.76285769019e-05	-0.0373130832979	0.0005612716037	-0.00853186742087	1.91210780148e-14	2.0173205713e-05	100.0
-5.48527263116e-05	3.02719442731e-07	-0.00010587341561	-0.00638549202416	4.06048819332e-05	-0.0122807840119	1.91210780148e-14	2.0173205713e-05	100.0
-2.4855398484e-05	-5.40038678071e-06	-0.000180182898285	-0.00310316289187	-0.000669851414528	-0.0222101161337	1.91210780148e-14	2.0173205713e-05	100.0
0.000138846012776	1.43550471932e-05	-0.000186136796334	0.0173814300652	0.00182987108498	-0.023277472803	3.82421560295e-14	4.0346411426e-05	100.0
-0.000178838508923	-3.9354749316e-06	-0.00020545643404	-0.0225467387619	-0.000495919526544	-0.0258700832911	1.91210780148e-14	2.0173205713e-05	100.0
-7.10730415363e-05	-7.19018507795e-07	-3.96847432943e-05	-0.00719157898776	-4.29785881412e-05	-0.00408168188533	1.91210780148e-14	2.0173205713e-05	100.0
9.35418542692e-06	2.71856833895e-06	-0.000174345878962	0.00116353535363	0.000363007311201	-0.0214025178133	1.91210780148e-14	2.0173205713e-05	100.0
0.000100550192323	-3.131581734e-06	-2.11961729914e-05	0.0112197786557	-0.000406890126918	-0.00239569111923	1.91210780148e-14	2.0173205713e-05	100.0
0.000125509983465	-4.83915621e-07	-2.87224738219e-05	0.0147812408396	-7.93857910792e-05	-0.00339891079215	1.91210780148e-14	2.0173205713e-05	100.0
0.000268640306349	-6.26826178175e-06	-0.000125193363805	0.033927519133	-0.000800618551631	-0.0158332214725	1.91210780148e-14	2.0173205713e-05	100.0
-8.74412141482e-05	2.43199736271e-07	-0.000126754729043	-0.0105590942929	-9.63500376233e-06	-0.0153555057382	1.91210780148e-14	2.0173205713e-05	100.0
0.000155400743896	2.24568911869e-07	-0.000106188573184	0.0192082097673	3.90557481755e-05	-0.0131210037703	1.91210780148e-14	2.0173205713e-05	100.0
-0.00011799646891	-1.34059477205e-05	-0.000179147692495	-0.0146893248496	-0.00171817403193	-0.0223340559551	1.91210780148e-14	2.0173205713e-05	100.0
-1.34670072894e-05	4.8320738376e-06	-0.000133484370323	-0.00158639085984	0.000593087363177	-0.0158681708461	1.91210780148e-14	2.0173205713e-05	100.0
-6.26736989225e-05	-5.9435611392e-07	-0.000174404429534	-0.00774499706089	-8.64314330225e-05	-0.0215208172669	1.91210780148e-14	2.0173205713e-05	100.0
0.000120062943276	5.35762112876e-06	-9.01911719189e-05	0.0144859229343	0.000626300400982	-0.0109057230125	1.91210780148e-14	2.0173205713e-05	100.0
0.000119125827872	1.28537134199e-06	-0.000165639854672	0.0148191872894	0.000150908314775	-0.0205577235806	1.91210780148e-14	2.0173205713e-05	100.0
-5.77463827191e-05	-1.89330912542e-05	-0.000202719708022	-0.00718288644882	-0.00242008126644	-0.0252393867728	1.91210780148e-14	2.0173205713e-05	100.0
4.79240530848e-07	-2.58056001281e-05	8.23404659128e-05	-0.000139329694268	-0.00284840872203	0.00858785962774	1.91207662172e-14	2.0172876759e-05	100.0
0.00012451626125	-7.71603321547e-06	2.98266023396e-05	0.014652784672	-0.000940681469396	0.00353412313731	3.82387664888e-14	4.0342835378e-05	100.0
0.000244760582191	1.35571202331e-05	2.08297304642e-06	0.0307054805336	0.00173985723682	0.000266289381161	1.91207662172e-14	2.0172876759e-05	100.0
-0.000143963281036	2.01957219803e-06	9.40776695026e-05	-0.0176562376009	0.000252057879317	0.0115261431315	1.91207662172e-14	2.0172876759e-05	100.0
-9.08310880724e-05	7.72278477156e-06	5.23353508921e-05	-0.0101902025371	0.000907318439981	0.00594837921446	1.91207662172e-14	2.0172876759e-05	100.0
0.000125300429961	4.34014830326e-06	-4.27882296182e-05	0.0148286725137	0.000526909927745	-0.00509387267089	1.91207662172e-14	2.0172876759e-05	100.0
0.000114011874769	-1.71315063216e-06	-0.000283774512607	0.0144043735	-0.000199557031576	-0.0358627816508	1.91204544197e-14	2.0172547805e-05	100.0
0.000107658206649	1.39323542638e-05	-0.000213576410055	0.013489087331	0.00179617887504	-0.0267507597201	1.91204544197e-14	2.0172547805e-05	100.0
1.53808674952e-05	-5.21234912677e-07	-0.0001843676175	0.00190783103498	-7.81340870758e-05	-0.0227429915263	1.91204544197e-14	2.0172547805e-05	100.0
-3.89286205649e-05	6.07176526557e-06	-0.000205262267119	-0.00483142066819	0.000756545452777	-0.0255478718881	1.91204544197e-14	2.0172547805e-05	100.0
5.06100723357e-05	-1.87052234294e-05	0.000197514243303	0.00630100612701	-0.00233277886364	0.0245347167599	1.91201476512e-14	2.0172224157e-05	100.0
0.000125737620028	3.62783245256e-06	0.00013282596932	0.0155050137915	0.000488256403568	0.0163454020597	1.91201476512e-14	2.0172224157e-05	100.0
-8.34361738412e-05	-1.38236480086e-05	3.83077891302e-06	-0.00865404159609	-0.00150358955175	0.000241904317152	1.91201476512e-14	2.0172224157e-05	100.0
2.22444437787e-05	-1.53414164865e-05	7.92614353902e-05	0.00227030406341	-0.00173209942064	0.00814087533772	1.91201476512e-14	2.0172224157e-05	100.0
-4.32534199686e-05	2.32255345069e-05	0.000209244291877	-0.0054048253991	0.0029061209497	0.0260682310889	1.91201476512e-14	2.0172224157e-05	100.0
0.000150613269892	2.54859756771e-07	0.000109890610255	0.0185689521311	3.97992876419e-05	0.0136121707381	1.91201476512e-14	2.0172224157e-05	100.0
-0.000239570136422	5.81175701874e-06	-0.00012393895202	-0.0301530957617	0.000720126318261	-0.0156269367268	1.91201476512e-14	2.0172224157e-05	100.0
3.64180344995e-05	2.94982162283e-06	8.02022556996e-05	0.00387688524611	0.000380624490042	0.0084417320818	1.91198358537e-14	2.0171895203e-05	100.0
4.11461355091e-05	1.53103103826e-06	5.38722749468e-05	0.0037413278545	0.000194717536006	0.00479794851363	1.91198358537e-14	2.0171895203e-05	100.0
0.000177229213978	2.19545032214e-05	0.000180348447546	0.0222694579944	0.00278982999896	0.0226638504608	1.91198358537e-14	2.0171895203e-05	100.0
0.000133532090922	-1.60553679886e-06	4.16120277994e-05	0.0159570883438	-0.000174134817145	0.0049736093775	1.91198358537e-14	2.0171895203e-05	100.0
0.000100120934703	-4.29285677426e-06	2.3283925096e-05	0.011173118521	-0.000446599066876	0.00265748501423	1.91198358537e-14	2.0171895203e-05	100.0
0.000340105596523	2.76382268494e-05	3.22945545488e-05	0.0431101562683	0.00353667949601	0.00409691989554	1.91198358537e-14	2.0171895203e-05	100.0
0.000124030777184	3.31619381926e-06	-2.58463977382e-05	0.0145537920062	0.000429036352659	-0.00310298898835	1.91198358537e-14	2.0171895203e-05	100.0
-0.000284414737081	3.07111228816e-06	-4.28087256926e-05	-0.0358992233611	0.000407866247505	-0.00539811635327	1.91198358537e-14	2.0171895203e-05	100.0
-0.000325853386334	2.1586664893e-05	-3.00060572072e-05	-0.0412568827953	0.00276018121318	-0.00379232795034	1.91198358537e-14	2.0171895203e-05	100.0
2.14262995389e-05	7.46407140874e-06	-0.000242204391603	0.00270150588858	0.000968275821375	-0.0303608536141	1.91198358537e-14	2.0171895203e-05	100.0
2.01889058438e-05	3.03559615284e-06	-6.89347066288e-05	0.00190436366643	0.000350866698563	-0.00647667880085	1.91198358537e-14	2.0171895203e-05	100.0
-8.30023583952e-05	5.47116995296e-06	-0.000125035641573	-0.0100232295952	0.00069157026223	-0.0150835502901	1.91198358537e-14	2.0171895203e-05	100.0
-2.12888416326e-05	-5.70513586949e-07	-0.000190719627997	-0.00263655823445	-3.0144087299e-05	-0.0235817861161	1.91198358537e-14	2.0171895203e-05	100.0
-1.53435892748e-05	1.34244973762e-05	-7.49059960584e-05	-0.00152271885608	0.00149235984367	-0.00738427144575	1.91198358537e-14	2.0171895203e-05	100.0
1.43140427065e-05	-1.32197326155e-06	0.000257706754626	0.00181391477254	-0.000175465671417	0.032417529598	1.91198358537e-14	2.0171895203e-05	100.0
-7.84778609285e-05	-6.8434505151e-06	6.44385879611e-06	-0.00784724402432	-0.000778013172881	0.000609941170894	1.91198358537e-14	2.0171895203e-05	100.0
-0.000184845376833	-9.1797920236e-06	0.000208871712123	-0.0233147802347	-0.00116469763714	0.0263294315221	1.91198358537e-14	2.0171895203e-05	100.0
-0.000270571823941	1.42728873467e-05	0.000149497371629	-0.0342174478262	0.00181136972288	0.0188923289906	1.91198358537e-14	2.0171895203e-05	100.0
4.06294230818e-05	-7.26683027782e-06	0.000200248509072	0.0050555200445	-0.000918396757199	0.0249072019045	1.91198358537e-14	2.0171895203e-05	100.0
-0.000166156152114	-1.75224654725e-05	-1.3581950251e-05	-0.0203037599358	-0.00221288563066	-0.00166647983094	1.91198358537e-14	2.0171895203e-05	100.0
-0.000284934337337	-1.24774093606e-05	8.26572288505e-05	-0.0360122780127	-0.00159040171673	0.0104290625892	1.91198358537e-14	2.0171895203e-05	100.0
0.000104385309643	-9.56438830182e-07	-2.68503336926e-06	0.011719044631	-0.000126649276583	-0.000317187619529	1.91198358537e-14	2.0171895203e-05	100.0
-0.000174441718494	-8.32425163388e-06	-0.000169323948533	-0.0218473565008	-0.00107851934821	-0.0212616572199	1.91198358537e-14	2.0171895203e-05	100.0
6.69880827121e-05	-4.63810326426e-06	-1.05761198712e-05	0.00599744968771	-0.000524408081869	-0.0010515536495	1.91198358537e-14	2.0171895203e-05	100.0
0.000168563141407	-1.28186132739e-05	-2.08716089506e-05	0.0206326295109	-0.00162880954811	-0.00258958137661	1.91198358537e-14	2.0171895203e-05	100.0
7.96632739506e-05	1.47195149075e-05	-0.000282192873505	0.0100446332093	0.00185838345341	-0.0356286541856	1.91198358537e-14	2.0171895203e-05	100.0
-1.25614950808e-05	2.67079763709e-06	-0.000155509988231	-0.00154383630602	0.000290763360124	-0.018869424827	1.91198358537e-14	2.0171895203e-05	100.0
8.35795779813e-05	3.3012965097e-05	-7.03737408476e-05	0.00961285300263	0.00393836191397	-0.00803170178669	1.91198358537e-14	2.0171895203e-05	100.0
7.36420863442e-05	-2.71973255212e-07	-0.000187144859656	0.00913830319108	-7.51414696932e-05	-0.0232261607807	1.91198358537e-14	2.0171895203e-05	100.0
-6.51636373124e-06	2.8326385693e-06	-0.00015413521081	-0.000821778963563	0.00031306995058	-0.0186754042125	1.91198358537e-14	2.0171895203e-05	100.0
3.43784856525e-05	-2.79967705897e-06	-8.36573016811e-05	0.00369101948036	-0.000351020339018	-0.00891807890641	1.91198358537e-14	2.0171895203e-05	100.0
-1.27791944882e-05	-1.63918979924e-06	0.000193732621924	-0.00160056928615	-0.0001771319909	0.0239807357889	1.91195290852e-14	2.0171571555e-05	100.0
-0.000119714059393	1.07702643905e-05	5.35113799745e-05	-0.0141534698038	0.00135545707546	0.00634233611522	1.91195290852e-14	2.0171571555e-05	100.0
4.41901476804e-05	-3.44426922796e-06	8.98599121371e-05	0.00488580077656	-0.000435900322238	0.00995432179743	1.91195290852e-14	2.0171571555e-05	100.0
0.000239846987495	1.80211112791e-05	0.000119353968572	0.030190329405	0.00227748941579	0.015013167667	1.91195290852e-14	2.0171571555e-05	100.0
0.000225088672749	-1.84271303636e-06	-0.000248945946789	0.0284994716167	-0.000240711795283	-0.0315460672382	1.91195290852e-14	2.0171571555e-05	100.0
-3.25007384788e-05	-1.37831068267e-06	-5.97571852619e-05	-0.00290816298823	-0.000194927651505	-0.00539180566081	1.91195290852e-14	2.0171571555e-05	100.0
-7.70532969558e-05	2.51516287618e-05	0.000280372148706	-0.00975387389966	0.00320697683532	0.0353843636586	1.91192223167e-14	2.0171247906e-05	100.0
9.01186641155e-05	-4.92980324345e-07	0.000293037260697	0.0113880124124	-5.4764528096e-05	0.0370348743983	1.91192223167e-14	2.0171247906e-05	100.0
0.000168366340337	-1.60363453622e-05	0.000219795917109	0.0212283388953	-0.00202784569172	0.0276975643369	1.91192223167e-14	2.0171247906e-05	100.0
0.000175336907613	-7.45037325722e-06	0.000114183712275	0.0218079031278	-0.000904817335395	0.0142188228643	1.91192223167e-14	2.0171247906e-05	100.0
-0.000157215869243	4.52033552761e-06	0.00022936169421	-0.0198449079808	0.000571731607487	0.0289251446264	1.91192223167e-14	2.0171247906e-05	100.0
-0.000147471108457	1.81440352099e-05	6.13782234342e-05	-0.0179552988501	0.00228178084348	0.00741413916927	1.91192223167e-14	2.0171247906e-05	100.0
0.000172783295077	-4.77631403854e-06	8.03060442156e-06	0.0211958302873	-0.00058406936336	0.000956623148856	1.91192223167e-14	2.0171247906e-05	100.0
9.69002970508e-05	4.73635793454e-06	-2.49023635969e-05	0.0107328970422	0.000592652313278	-0.00274627252282	1.91192223167e-14	2.0171247906e-05	100.0
-0.000229797223409	5.23311548046e-06	-0.000125376583374	-0.0289148778487	0.000653334239763	-0.0157719368047	3.82363123406e-14	4.0340246191e-05	100.0
-0.000277285842565	3.03199766994e-06	-5.6257728931e-05	-0.034960148247	0.000412313407345	-0.00708598755316	1.91192223167e-14	2.0171247906e-05	100.0
0.000102056560388	1.04149974168e-05	-0.000177009935944	0.0127014091596	0.001343276919	-0.021989274341	1.91192223167e-14	2.0171247906e-05	100.0
0.000121635677272	5.27589952241e-06	-0.000163896716125	0.0150768445744	0.000691554804462	-0.0203740916522	1.91192223167e-14	2.0171247906e-05	100.0
0.000118789131843	3.24978822055e-07	0.000267515758284	0.0150099320102	1.49037884352e-05	0.0337485625332	1.91192223167e-14	2.0171247906e-05	100.0
3.98547319337e-05	-8.42440945251e-06	0.000359334063396	0.00505308371782	-0.00108210725067	0.0455824018003	1.91192223167e-14	2.0171247906e-05	100.0
-0.000117257039695	-1.75003590095e-05	0.000317302597302	-0.0148614132036	-0.00223287233698	0.0401978845706	1.91192223167e-14	2.0171247906e-05	100.0
-0.000217190971389	-3.70178619267e-06	0.000122882354989	-0.027249257199	-0.000494933066623	0.0154513649689	1.91192223167e-14	2.0171247906e-05	100.0
0.000129591593853	1.0067825803e-05	0.000123334350059	0.0159044559956	0.00123066967082	0.0151938563692	1.91192223167e-14	2.0171247906e-05	100.0
0.000136825188763	1.15429784149e-05	0.000187080945946	0.0171134535355	0.00146455070049	0.0234375304207	1.91192223167e-14	2.0171247906e-05	100.0
-0.000129951266044	6.23170922472e-05	-2.80918264146e-05	-0.0155905656342	0.00770224971553	-0.00332699502179	1.91192223167e-14	2.0171247906e-05	100.0
0.000106281777271	-2.79804503213e-07	0.00017528831783	0.0132124347651	-3.49827611534e-05	0.0218018885171	1.91192223167e-14	2.0171247906e-05	100.0
-0.000192543138089	1.30286920949e-05	-3.52770779237e-05	-0.0238543342516	0.00161467893427	-0.00436985335278	1.91192223167e-14	2.0171247906e-05	100.0
-0.000287091882124	1.54951408957e-05	3.30228911694e-06	-0.036216318409	0.00195932849085	0.00041502748781	1.91192223167e-14	2.0171247906e-05	100.0
0.000156367669583	1.6419705685e-06	-3.25220737383e-05	0.0190068659499	0.000191508002899	-0.00396768098599	1.91192223167e-14	2.0171247906e-05	100.0
2.09288216714e-05	-1.28250817002e-06	-0.000101681495825	0.00235597784504	-0.00016222688394	-0.0113953800084	1.91192223167e-14	2.0171247906e-05	100.0
-7.96113194076e-05	-6.67338584185e-06	-0.000211348984715	-0.00992704015518	-0.00086549857167	-0.026408819403	1.91192223167e-14	2.0171247906e-05	100.0
9.42945214393e-05	1.128377414e-05	5.89219752872e-05	0.0108194607238	0.0013961457881	0.00665237189712	1.91189155481e-14	2.0170924258e-05	100.0
-8.24776529724e-05	2.70109006271e-06	-1.51289056623e-05	-0.00851157428116	0.000294208833015	-0.00161555347164	1.91189155481e-14	2.0170924258e-05	100.0
-0.000221572544	-9.57470890527e-07	1.13426340533e-05	-0.0276580283375	-8.45434007279e-05	0.00140947144079	1.91189155481e-14	2.0170924258e-05	100.0
0.000134431944672	8.6690661694e-06	-0.000170255900708	0.0167397857528	0.00109654643707	-0.0212626889058	1.91189155481e-14	2.0170924258e-05	100.0
0.00014846343087	1.50265072824e-06	-0.0001151407543	0.0183331493842	0.000227641990591	-0.0142105623339	1.91189155481e-14	2.0170924258e-05	100.0
-4.17360610488e-05	-6.40810263712e-06	9.41996868275e-05	-0.00466412972851	-0.000786943861857	0.0105236510407	1.91189155481e-14	2.0170924258e-05	100.0
-5.5550605744e-05	-4.41589688656e-06	3.37700878546e-05	-0.00485721562511	-0.000489432897547	0.00284666576368	1.91189155481e-14	2.0170924258e-05	100.0
-0.000165278272687	-8.5237854104e-06	-0.000151298389303	-0.0206463956747	-0.00108442052248	-0.0189043554273	1.91189155481e-14	2.0170924258e-05	100.0
-0.000134829043005	3.9945762829e-06	-0.000234766963732	-0.016989200008	0.00050585709892	-0.0295816934516	1.91186087796e-14	2.017060061e-05	100.0
-6.4617074791e-05	-6.74601361689e-06	-3.73981663477e-07	-0.00559737470799	-0.000596893375702	0.000152663953131	1.91186087796e-14	2.017060061e-05	100.0
3.40251514041e-05	3.02890932304e-05	-0.000393985424674	0.00426926667145	0.00387929152263	-0.0500548112501	1.91186087796e-14	2.017060061e-05	100.0
0.000119481006363	1.07246724355e-05	-0.00017899223819	0.0149041238493	0.0013923344541	-0.0222826057968	1.91186087796e-14	2.017060061e-05	100.0
0.000304542966774	-7.40730874654e-06	-0.000168785144647	0.0386025095184	-0.000955290451797	-0.0213938168932	1.91186087796e-14	2.017060061e-05	100.0
-5.89531918291e-05	7.05242024344e-10	-9.83460753362e-05	-0.00673609320108	-2.50619434488e-05	-0.011331131117	1.91186087796e-14	2.017060061e-05	100.0
7.86091972832e-05	-4.08578431912e-06	-0.000191926681755	0.0098324946885	-0.000520588305635	-0.0238576020344	1.91186087796e-14	2.017060061e-05	100.0
-7.97813376965e-05	-9.55710045143e-06	-0.000265397631131	-0.010055906296	-0.00122040035553	-0.0334472360878	1.91186087796e-14	2.017060061e-05	100.0
0.000121844113828	7.56653030624e-06	0.000104062539675	0.0148172178114	0.00097272794904	0.0126562661646	1.91180002716e-14	2.0169958619e-05	100.0
2.31301791229e-05	1.41527393805e-05	0.000225638683706	0.00288795203907	0.00179198867053	0.028211645318	1.91180002716e-14	2.0169958619e-05	100.0
-3.4816715412e-06	2.62675764843e-06	0.000197488746469	-0.000448446280854	0.0003302018776	0.0245017829519	1.91180002716e-14	2.0169958619e-05	100.0
-0.000281239790079	-9.44220497652e-06	7.41867044569e-05	-0.0354983887939	-0.00118814390607	0.00936991182161	1.91180002716e-14	2.0169958619e-05	100.0
0.000168552449363	-1.50267255836e-06	-7.98981939788e-05	0.0208094902428	-0.000183724991379	-0.00988641897463	1.91180002716e-14	2.0169958619e-05	100.0
0.000174460124746	3.58643383579e-06	-0.000131058402431	0.0217269292975	0.000504812534427	-0.0163658539881	1.91180002716e-14	2.0169958619e-05	100.0
-0.000302505722576	1.02985470468e-05	-0.000102436448228	-0.0383008171451	0.00131830345479	-0.0129904739216	1.91180002716e-14	2.0169958619e-05	100.0
-0.00028552439867	-1.40047487334e-06	-1.79411122414e-05	-0.0360089218604	-0.000157768666497	-0.00226766644112	1.91180002716e-14	2.0169958619e-05	100.0
-8.92082028277e-05	5.6007518736e-06	-7.48076466171e-05	-0.010290724663	0.000690630616392	-0.00863900026977	1.91180002716e-14	2.0169958619e-05	100.0
-9.01711515738e-05	-9.67267041923e-06	-0.000253333835961	-0.0113586799216	-0.00121191229596	-0.0318827875103	1.91180002716e-14	2.0169958619e-05	100.0
-5.08436312556e-05	5.68513907077e-06	-6.97944103425e-05	-0.00533784628555	0.000705715107581	-0.00728276205765	1.91180002716e-14	2.0169958619e-05	100.0
-7.60532959377e-05	-1.19785041065e-05	0.000189230316826	-0.00945269425142	-0.00153291984856	0.0234979851817	1.91180002716e-14	2.0169958619e-05	100.0
0.000159372684246	4.16976100897e-06	0.000237957418474	0.0201136729847	0.000515316527064	0.0300065137653	1.91180002716e-14	2.0169958619e-05	100.0
0.000250507873833	-1.01801263399e-05	0.000237247284496	0.0317551502654	-0.00130709934882	0.0300558437895	1.91180002716e-14	2.0169958619e-05	100.0
-0.000248697167593	-1.17624140863e-05	-0.000112170765957	-0.0313425586172	-0.0014870909979	-0.0141096465149	1.91180002716e-14	2.0169958619e-05	100.0
0.000197630234004	-5.23021843245e-07	-3.59543766133e-05	0.024523967757	-7.80208086637e-05	-0.00450168461402	1.91180002716e-14	2.0169958619e-05	100.0
0.000167858778414	-4.35159002935e-05	-0.000245675301239	0.0211600339274	-0.00555688284448	-0.0310448539124	1.91180002716e-14	2.0169958619e-05	100.0
-2.34331219168e-05	-1.98388598963e-06	-0.000114240314264	-0.00266347670103	-0.000301606272976	-0.0131881501454	1.91180002716e-14	2.0169958619e-05	100.0
-4.2981185422e-05	7.53743255518e-06	0.000177164851719	-0.00527809367635	0.000982063016523	0.0218215922175	1.91173917635e-14	2.0169316628e-05	100.0
-3.75834074616e-05	1.13342787672e-05	0.000125672374433	-0.00440338532699	0.00142205751695	0.0148682022733	1.91173917635e-14	2.0169316628e-05	100.0
0.000114460834762	2.00902001555e-05	5.10977200787e-05	0.0134346791291	0.00248005383094	0.00597486390557	1.91173917635e-14	2.0169316628e-05	100.0
-0.000306283838865	1.60277805298e-05	0.000169995781237	-0.0388196277315	0.0020508013684	0.0215623433615	1.91173917635e-14	2.0169316628e-05	100.0
-0.00031298080736	-1.90254223057e-05	0.000102128047167	-0.0396199869023	-0.00241509496135	0.0129080868602	1.91173917635e-14	2.0169316628e-05	100.0
0.000301242469449	1.02205869926e-05	-0.000135605863527	0.038133584569	0.00131349716499	-0.0171870145826	1.91173917635e-14	2.0169316628e-05	100.0
0.000277628347554	1.58688553433e-07	-0.000135053441793	0.0350775548418	3.99820825924e-05	-0.017082002545	1.91173917635e-14	2.0169316628e-05	100.0
-0.000161972473603	-8.89934274713e-06	0.000210476121857	-0.0203738474304	-0.00115079879716	0.026488195164	1.91173917635e-14	2.0169316628e-05	100.0
-0.000122559026985	-1.54638660502e-05	0.000128148666236	-0.0150440168819	-0.00195106041786	0.0157580077721	1.91173917635e-14	2.0169316628e-05	100.0
6.36328189697e-05	4.34562821361e-06	3.12739209309e-05	0.00588933077515	0.000389306247629	0.0029943001681	1.91173917635e-14	2.0169316628e-05	100.0
-0.000260206709366	-8.69475283982e-07	-3.35971935375e-05	-0.0327705757822	-0.000102673209714	-0.00421413812992	1.91173917635e-14	2.0169316628e-05	100.0
-3.31068058457e-05	1.84693990648e-06	0.00015231037753	-0.00403796488209	0.000274309438269	0.0184543853896	1.9117090024e-14	2.0168998285e-05	100.0
-8.52988823457e-06	8.46963861365e-06	8.07922371919e-05	-0.000724743950969	0.000978961161467	0.00822736246827	1.9117090024e-14	2.0168998285e-05	100.0
8.82366237048e-05	-2.53028780115e-07	0.000170121996402	0.0108986365967	-1.66427700114e-06	0.0210384732593	1.9117090024e-14	2.0168998285e-05	100.0
0.00023277528906	1.9373153479e-05	0.000116862327647	0.0292636121353	0.00246790424727	0.0147216704027	1.9117090024e-14	2.0168998285e-05	100.0
0.000331275465046	-1.83249609949e-06	3.14877684425e-05	0.0419506121403	-0.000226780564594	0.00396555905104	1.9117090024e-14	2.0168998285e-05	100.0
0.00012073393945	2.73812076324e-06	-3.61503102417e-05	0.0141451597987	0.000380528383989	-0.00430023910147	1.9117090024e-14	2.0168998285e-05	100.0
-0.000261215880635	1.51890084048e-05	2.19736255898e-05	-0.0328870107518	0.00193634450155	0.00272870635844	1.9117090024e-14	2.0168998285e-05	100.0
-0.00028568855215	7.11557004467e-06	7.19480842183e-05	-0.0360535064228	0.000914182562787	0.00908421059156	1.9117090024e-14	2.0168998285e-05	100.0
0.000114454888167	-9.90582924721e-07	-0.000163758165476	0.0142516334806	-0.000105553844266	-0.0203074641736	1.9117090024e-14	2.0168998285e-05	100.0
0.000104822955685	1.04584491355e-05	-9.65994102548e-05	0.012558244473	0.00134962869951	-0.0115677074749	1.9117090024e-14	2.0168998285e-05	100.0
-0.000158607547026	-2.20357227491e-06	-0.000156242295553	-0.0198024897418	-0.000261368925148	-0.019492904108	1.9117090024e-14	2.0168998285e-05	100.0
-7.65220390934e-05	2.54211969723e-06	-5.11275744956e-05	-0.00823085448828	0.00031126685133	-0.00547479282496	1.9117090024e-14	2.0168998285e-05	100.0
-1.57659062871e-05	1.12116192019e-05	-8.76578707814e-05	-0.00162120155433	0.00130332560777	-0.00931511415044	1.9117090024e-14	2.0168998285e-05	100.0
-2.19568139328e-06	1.15864218694e-05	0.000171333086548	-0.0002788059749	0.00140007872888	0.0209821865523	1.9117090024e-14	2.0168998285e-05	100.0
-0.00013419571649	-1.33051646222e-05	0.000298137249162	-0.0169746308949	-0.00169642645872	0.0377482491886	1.9117090024e-14	2.0168998285e-05	100.0
-0.000287670586638	-2.52391986245e-05	8.717225528e-05	-0.0363555779223	-0.00322490024968	0.0109918798394	1.9117090024e-14	2.0168998285e-05	100.0
-3.93990822016e-05	4.90296830535e-06	6.58165750898e-05	-0.00389122417217	0.00052751808861	0.00645880359049	1.9117090024e-14	2.0168998285e-05	100.0
-0.000266484520745	1.40567191181e-05	1.81799468981e-05	-0.0335402063822	0.00177711132873	0.00227339610133	1.9117090024e-14	2.0168998285e-05	100.0
0.000110736512936	-6.77265243121e-06	1.79229987984e-05	0.0126747553188	-0.000832374999789	0.00203767468186	1.9117090024e-14	2.0168998285e-05	100.0
0.00012453444458	-6.58201651396e-06	3.55182171219e-05	0.0147121975782	-0.00080714738249	0.00419127000446	1.9117090024e-14	2.0168998285e-05	100.0
6.28726253274e-05	-1.50579815933e-06	-6.17804952681e-05	0.00666081046258	-0.00016806631218	-0.00651888384805	1.9117090024e-14	2.0168998285e-05	100.0
-0.000187065676176	-1.84455645283e-05	-0.000218984872864	-0.0235909775963	-0.00235735729347	-0.0276274366008	1.9117090024e-14	2.0168998285e-05	100.0
0.000131940596739	2.94974531539e-06	-9.07570904617e-05	0.0160307149582	0.000314291433337	-0.0110453178509	1.9117090024e-14	2.0168998285e-05	100.0
0.000147306094585	-1.23084468501e-05	0.000332156447699	0.0186823994095	-0.0015612267627	0.0421278781698	1.91167882845e-14	2.0168679943e-05	100.0
3.78449380496e-05	-7.49783911797e-06	0.000249643908555	0.00473420145384	-0.000966278914989	0.0313457250348	1.91167882845e-14	2.0168679943e-05	100.0
0.00017970786141	-3.56942640655e-06	0.000118498919731	0.02241911893	-0.000453560448395	0.0147546254476	1.91167882845e-14	2.0168679943e-05	100.0
-0.000110688583618	3.00344679852e-05	-5.54880874598e-05	-0.0129698077593	0.00362153126601	-0.00658225349898	1.91167882845e-14	2.0168679943e-05	100.0
5.10956250643e-05	3.73535729376e-06	0.000225899232455	0.00637184422288	0.000500874622061	0.0282537342823	1.91161898344e-14	2.0168048563e-05	100.0
9.35082943196e-06	2.27325137269e-05	0.000274232952615	0.00121280411257	0.00288870543812	0.0345585531378	1.91161898344e-14	2.0168048563e-05	100.0
0.000260584231825	1.65839903649e-05	0.000204637938052	0.0329931475407	0.00212379764892	0.025949003342	1.91161898344e-14	2.0168048563e-05	100.0
-1.14447546686e-05	2.03413192338e-05	-0.000283791573826	-0.00143572344244	0.00259867802547	-0.0357860507879	1.91161898344e-14	2.0168048563e-05	100.0
-7.90189031882e-05	-8.08960316372e-06	-0.000208056638971	-0.00983491013111	-0.000981749394653	-0.0259926252676	1.91161898344e-14	2.0168048563e-05	100.0
-3.58632006298e-05	-2.68883395056e-07	-0.000220682362012	-0.00444675995207	-6.55661173384e-06	-0.0275414315542	1.91161898344e-14	2.0168048563e-05	100.0
-5.79476674276e-05	5.50998293273e-06	-0.000118755781569	-0.00684721966226	0.000720973792563	-0.0140517782421	1.91161898344e-14	2.0168048563e-05	100.0
1.23768631742e-05	1.66798874103e-06	0.000121877873907	0.00140365512089	0.000148506504207	0.0142170681901	1.91161898344e-14	2.0168048563e-05	100.0
0.000163989225583	6.38255810495e-06	0.00018487734184	0.0205804107723	0.000789863066726	0.023180654368	1.91161898344e-14	2.0168048563e-05	100.0
-1.58036405601e-05	2.06859472098e-05	0.000211455151748	-0.0019478690201	0.00261857844725	0.0263570259483	1.91161898344e-14	2.0168048563e-05	100.0
-0.00028859186328	-1.37986780436e-05	3.93671254587e-05	-0.0364067706759	-0.00177405681129	0.00496976642494	1.91161898344e-14	2.0168048563e-05	100.0
0.000397817674988	-2.47888083884e-05	0.000148719047898	0.050578933339	-0.00316947275203	0.0189243492985	1.91161898344e-14	2.0168048563e-05	100.0
0.000133007488983	-8.31759123561e-06	-0.000294767311143	0.0168098677981	-0.00106667121587	-0.0372990639003	1.91161898344e-14	2.0168048563e-05	100.0
0.000104721373852	7.02725855175e-06	-0.000151769155194	0.0128695811592	0.000850225490128	-0.0187067740958	1.91161898344e-14	2.0168048563e-05	100.0
0.00010601992569	3.18688532751e-06	-0.000187510859618	0.0132040335039	0.000378999422937	-0.0233542226917	1.91161898344e-14	2.0168048563e-05	100.0
-1.43479836435e-05	7.31147121802e-07	-0.000157269114078	-0.00172575781896	5.37776670991e-05	-0.0190751489507	1.91161898344e-14	2.0168048563e-05	100.0
0.000107820223507	1.76431064931e-05	4.92436736628e-05	0.0124937386825	0.00215402102166	0.00576170361192	1.91158880949e-14	2.0167730221e-05	100.0
0.000294994551463	-2.16259005804e-06	-5.41988566058e-05	0.037257056191	-0.00025891972091	-0.00682329017972	1.91158880949e-14	2.0167730221e-05	100.0
-0.000295740218995	5.50827709141e-06	-0.000148875298343	-0.0374283548432	0.000716112603163	-0.0188473736866	1.91158880949e-14	2.0167730221e-05	100.0
-0.000167162151219	-2.50499899415e-05	0.000174351071061	-0.020946959825	-0.00317680144484	0.0218584447062	1.91158880949e-14	2.0167730221e-05	100.0
-2.49008761159e-05	2.37457319291e-05	0.000216569411786	-0.00308936490704	0.00302301918045	0.0269967917151	1.91155913843e-14	2.0167417184e-05	100.0
-5.25816898235e-05	1.22158441932e-06	5.44462517373e-05	-0.00532140920696	0.00012583929414	0.00517287652565	1.91155913843e-14	2.0167417184e-05	100.0
0.000182022188809	-2.05935485671e-06	0.000134398900806	0.0227135236249	-0.000215656825238	0.0168026646941	1.91155913843e-14	2.0167417184e-05	100.0
-0.000218612360249	9.15816237751e-06	7.47213035633e-05	-0.0273770950467	0.00115381300316	0.00932569192615	1.91155913843e-14	2.0167417184e-05	100.0
-0.000305045193655	7.8257494931e-06	7.19546936105e-05	-0.0385566730837	0.00101901134787	0.00906160136441	1.91155913843e-14	2.0167417184e-05	100.0
0.00025686271562	4.94540991899e-06	-9.25248421467e-05	0.0323686853636	0.000638844205623	-0.0116729008814	1.91155913843e-14	2.0167417184e-05	100.0
0.000217120242213	-4.95750404147e-06	-0.000121792057579	0.02721858183	-0.000586256003192	-0.0153058542508	1.91155913843e-14	2.0167417184e-05	100.0
-0.000202335352645	-3.26906811488e-06	-0.000120759630705	-0.0253604765082	-0.000419032188128	-0.0151076356862	1.91155913843e-14	2.0167417184e-05	100.0
-0.000266267042804	-1.3274128377e-05	-3.61403441312e-05	-0.033507591963	-0.00164689877688	-0.00454047284031	1.91155913843e-14	2.0167417184e-05	100.0
8.05378338985e-05	-8.60833686184e-06	-0.00028429675248	0.010167538772	-0.00108362185797	-0.0359099082376	1.91155913843e-14	2.0167417184e-05	100.0
0.000109434824048	1.08520733297e-06	-0.000112561778301	0.0132870607734	0.00019156830085	-0.0136329403232	1.91155913843e-14	2.0167417184e-05	100.0
-0.000142740475891	1.55054880089e-05	-0.000289559881757	-0.0180688376323	0.00197744957725	-0.0366427094162	1.91155913843e-14	2.0167417184e-05	100.0
-6.30884731697e-05	-1.59945042981e-05	-4.17943963303e-05	-0.00613434445089	-0.00165552785931	-0.00424721113543	1.91155913843e-14	2.0167417184e-05	100.0
-2.9932899057e-05	1.60482252432e-06	-0.000369422370782	-0.00377847091492	0.000205070127811	-0.046871998924	1.91155913843e-14	2.0167417184e-05	100.0
-0.000159761972882	-1.01885671518e-05	0.000234003879154	-0.0201581245763	-0.0013119455961	0.0294794653931	1.91155913843e-14	2.0167417184e-05	100.0
-0.000156859591418	-1.70111592705e-05	0.000128877995414	-0.019462065148	-0.0021683655823	0.0160146374405	1.91155913843e-14	2.0167417184e-05	100.0
0.000180571539545	2.39803581436e-05	0.000106153938961	0.0224397162744	0.00299667425567	0.0132567951997	1.91155913843e-14	2.0167417184e-05	100.0
-0.000315884656218	4.44612660045e-06	-0.000106565390539	-0.0400020712609	0.000559050880353	-0.0134948686149	1.91155913843e-14	2.0167417184e-05	100.0
0.000288595816565	-7.70432394062e-06	-3.7918716323e-05	0.0364259168911	-0.000991809548155	-0.00475098863304	1.91155913843e-14	2.0167417184e-05	100.0
8.14926150282e-05	-7.64279360027e-06	-0.000191080425699	0.01013120643	-0.000956451647279	-0.0237931581162	1.91155913843e-14	2.0167417184e-05	100.0
-0.000183529370241	-2.13363511537e-05	-0.000250968908543	-0.0232167566647	-0.00272798863853	-0.0317170527976	1.91155913843e-14	2.0167417184e-05	100.0
0.000293684791611	-3.28327822617e-06	-0.000184741522514	0.0372271263511	-0.000423443321317	-0.0233937404254	1.91155913843e-14	2.0167417184e-05	100.0
-3.83693396132e-05	8.27349296222e-07	-8.16000491042e-05	-0.00407479944182	3.44562210955e-05	-0.008694706677	1.91155913843e-14	2.0167417184e-05	100.0
0.000190572371917	8.90281104182e-06	-0.000312010870379	0.024143969698	0.00113344303802	-0.0395913792096	1.91155913843e-14	2.0167417184e-05	100.0
-6.78364296197e-05	-5.37941435105e-06	-0.00020404951358	-0.00843314591177	-0.000716649205121	-0.0254226192427	1.91155913843e-14	2.0167417184e-05	100.0
0.000200005729955	1.63717693583e-05	0.000282605062038	0.0253284976653	0.00210192936893	0.0358166740472	1.91149929343e-14	2.0166785804e-05	100.0
0.000141288471909	2.33615082852e-05	6.94603083879e-05	0.0171445292088	0.00292974754439	0.00843861559931	1.91149929343e-14	2.0166785804e-05	100.0
8.37969421646e-05	-5.49247370471e-06	2.00740527378e-05	0.00876214567343	-0.000534044198782	0.00209219125519	1.91149929343e-14	2.0166785804e-05	100.0
0.000380351353751	8.45049232709e-06	-3.59443648131e-05	0.0482869418577	0.00108420073055	-0.00454666337175	1.91149929343e-14	2.0166785804e-05	100.0
0.000263536806744	1.60739501842e-05	-8.47295775781e-05	0.0331929786848	0.00207062787481	-0.0106777240742	1.91149929343e-14	2.0166785804e-05	100.0
-0.000270081709111	2.65251779469e-05	-0.000245935159029	-0.0342281428182	0.00338592182248	-0.0312300033576	1.91149929343e-14	2.0166785804e-05	100.0
-0.00025622401046	-1.12358603898e-05	-0.000127250110205	-0.0322956009835	-0.00140773058366	-0.0160698977599	1.91149929343e-14	2.0166785804e-05	100.0
4.1536171957e-05	1.58030656047e-05	-0.000410337382182	0.00526014235607	0.00202112631875	-0.0521458208595	1.91149929343e-14	2.0166785804e-05	100.0
8.62592826798e-05	-4.74122961658e-06	-0.000118352914999	0.0103800847706	-0.000519298212205	-0.0142215234757	1.91149929343e-14	2.0166785804e-05	100.0
7.83179047214e-06	-9.02848047155e-06	0.00034294194315	0.00101383996746	-0.00116341504412	0.0434500015024	1.91149929343e-14	2.0166785804e-05	100.0
-7.10222252716e-05	2.36424989163e-06	3.4717256358e-05	-0.00705109326134	0.0001779895161	0.00356919246711	1.91149929343e-14	2.0166785804e-05	100.0
-0.0001672118446	-2.39958428493e-06	0.000228427675829	-0.0210800013146	-0.000313457293862	0.0287933632899	1.91149929343e-14	2.0166785804e-05	100.0
-0.000186891665631	-3.88477433737e-05	0.000159110636058	-0.0234318197608	-0.00493346934227	0.019971782064	1.91149929343e-14	2.0166785804e-05	100.0
-0.000312526399676	9.81437612868e-07	-3.77604564688e-05	-0.0395161530402	0.000107555699026	-0.00473508842788	1.91149929343e-14	2.0166785804e-05	100.0
-0.000267630432737	-1.57001031038e-05	-1.8539474486e-05	-0.0337126441315	-0.00198965747059	-0.00233683659001	1.91149929343e-14	2.0166785804e-05	100.0
0.000214354251146	1.60647636163e-05	-8.46610575186e-05	0.0267957523972	0.00200463235529	-0.0106058946552	1.91149929343e-14	2.0166785804e-05	100.0
7.24666025343e-05	-2.36835840458e-05	-0.000266878351164	0.00909247007477	-0.00301733386645	-0.0336637823626	1.91149929343e-14	2.0166785804e-05	100.0
-0.000176567314524	1.62569784551e-05	-0.000303727507794	-0.0224002063773	0.0020600480502	-0.0384818024219	1.91149929343e-14	2.0166785804e-05	100.0
9.25162924729e-06	6.10748860759e-06	0.000139432126289	0.00107528053326	0.000785176224615	0.0166489511475	1.91143995132e-14	2.016615973e-05	100.0
0.000127317591847	1.2302305272e-05	0.000109415965985	0.0155809456564	0.00157610131784	0.0133396349346	1.91143995132e-14	2.016615973e-05	100.0
-2.31532627362e-05	3.07273206971e-06	0.000187510496772	-0.00288228614499	0.000420912290121	0.0231457578107	1.91143995132e-14	2.016615973e-05	100.0
-0.000127324971137	5.68339571353e-06	0.000315385641047	-0.0161013826847	0.000741480989007	0.0399510101871	1.91143995132e-14	2.016615973e-05	100.0
-0.000138342304126	-8.93029293966e-06	0.000227220515699	-0.0174035583193	-0.00111567449205	0.028599216054	1.91143995132e-14	2.016615973e-05	100.0
-0.000249141642402	-1.62410799802e-05	0.000277667405302	-0.0316173569905	-0.00206016834941	0.0352222332575	1.91143995132e-14	2.016615973e-05	100.0
-0.000223135730467	2.49961662295e-06	0.000204767969101	-0.0281803425951	0.000336566065866	0.0258653360596	1.91143995132e-14	2.016615973e-05	100.0
-0.000210496901712	5.53891203887e-06	6.01836691109e-05	-0.0262929851334	0.000696510143819	0.00752205844922	1.91143995132e-14	2.016615973e-05	100.0
-0.000295482366889	1.5262406148e-05	6.75248341152e-05	-0.0373082291567	0.00196463685519	0.00852935390657	1.91143995132e-14	2.016615973e-05	100.0
-0.000149545944513	-1.57137912826e-05	-4.37155251676e-05	-0.0181751143553	-0.00197143254205	-0.00529241418562	1.91143995132e-14	2.016615973e-05	100.0
-0.000226831770547	-3.65526442316e-06	2.26634564051e-05	-0.0283392842251	-0.000424967949778	0.00282673923177	1.91143995132e-14	2.016615973e-05	100.0
0.000149817729277	3.56954890502e-06	-0.000103483444013	0.0185038826173	0.000454536990323	-0.0127228997337	1.91143995132e-14	2.016615973e-05	100.0
0.000127765621099	-3.38132231256e-06	-9.61527115305e-05	0.0155253034866	-0.000355485604593	-0.0116796763826	1.91143995132e-14	2.016615973e-05	100.0
-0.000271870992179	-1.6867077687e-06	-0.000118425812875	-0.0343748248251	-0.000215521339595	-0.0149911639066	1.91143995132e-14	2.016615973e-05	100.0
-0.000231355189944	5.04879883775e-06	1.69128026366e-05	-0.0289174814173	0.000671874271175	0.00214902040985	1.91143995132e-14	2.016615973e-05	100.0
-0.000198414817919	1.46495765852e-05	-0.00024273194978	-0.0250905403175	0.00187719220993	-0.0306748910275	1.91143995132e-14	2.016615973e-05	100.0
-2.96267837066e-05	1.2196513545e-05	0.000154982423804	-0.00355945470222	0.00147546346338	0.018822214675	1.91143995132e-14	2.016615973e-05	100.0
4.95264587539e-05	-2.47365255086e-06	5.96113708723e-05	0.00483935925961	-0.000345798556241	0.00592053255657	1.91143995132e-14	2.016615973e-05	100.0
8.85150337638e-05	-1.73275153334e-06	5.15751392964e-05	0.00988380088691	-0.000263487616548	0.00570651691495	1.91143995132e-14	2.016615973e-05	100.0
0.000311311523834	-3.7860661345e-05	5.39218100569e-05	0.0393711169046	-0.00484096231725	0.00680171010713	1.91143995132e-14	2.016615973e-05	100.0
0.000403592175881	-2.24250674478e-05	2.18564340682e-05	0.051274806533	-0.00286987977633	0.0027781847178	1.91143995132e-14	2.016615973e-05	100.0
-0.00025237621832	-1.37165675521e-06	-0.00024182296205	-0.0319709778591	-0.000178865351616	-0.0306543563403	1.91143995132e-14	2.016615973e-05	100.0
0.000226800933651	-1.32557680736e-05	-2.95458737923e-05	0.0283505744075	-0.00168104933864	-0.00371345951955	1.91143995132e-14	2.016615973e-05	100.0
0.000178499516725	1.5903191477e-05	-0.000160131747082	0.0223429952144	0.00198325920857	-0.020074703878	1.91143995132e-14	2.016615973e-05	100.0
4.78733601434e-05	4.41291445313e-05	0.000407993409514	0.00610353347327	0.00564508676412	0.0518394505863	1.91138060921e-14	2.0165533657e-05	100.0
0.000300008733634	1.95740869004e-05	0.000262869274977	0.038092608416	0.00251550402233	0.0334046356698	1.91138060921e-14	2.0165533657e-05	100.0
-0.000130773120229	1.0487990673e-05	5.5365300773e-05	-0.015660247113	0.00134727661808	0.00658764343292	1.91138060921e-14	2.0165533657e-05	100.0
0.00029273107067	-8.64505067384e-06	7.31141014295e-05	0.0370088286019	-0.00110647197606	0.00922714215522	1.91138060921e-14	2.0165533657e-05	100.0
6.62249191131e-05	8.40672904578e-06	-2.91060199595e-05	0.00623602566846	0.000955561930324	-0.00283220338752	1.91138060921e-14	2.0165533657e-05	100.0
-0.000251587676789	2.5116730969e-05	-0.00014601643816	-0.0317389134184	0.00321186602978	-0.0184088058234	1.91138060921e-14	2.0165533657e-05	100.0
9.26063184935e-05	1.92728506316e-05	-0.000278332734571	0.0116765853215	0.00247483637297	-0.035119097871	1.91138060921e-14	2.0165533657e-05	100.0
0.000124073257013	-3.00243299753e-06	0.000214588872601	0.0155713961516	-0.000410849664406	0.0269101784535	1.91138060921e-14	2.0165533657e-05	100.0
-0.000139819193329	-2.85393813857e-05	0.000368177180553	-0.0177766913188	-0.00364484085555	0.0467381317199	1.91138060921e-14	2.0165533657e-05	100.0
-0.000231245485822	4.58709663894e-06	3.26601588474e-05	-0.0289414681794	0.000550951425158	0.00403617107626	1.91138060921e-14	2.0165533657e-05	100.0
0.000265221278935	-7.22653439746e-06	0.000271401067977	0.033641371552	-0.000932344440043	0.0344743133175	1.91138060921e-14	2.0165533657e-05	100.0
-0.000333962035216	1.1215065902e-05	-4.17478403535e-05	-0.0422824962495	0.00142023355901	-0.00528720149447	1.91138060921e-14	2.0165533657e-05	100.0
9.56000126411e-05	-8.00453633729e-07	-3.8862976404e-05	0.0106842037203	-0.000145590632318	-0.00432850154012	1.91138060921e-14	2.0165533657e-05	100.0
3.6094618322e-05	-1.16988287555e-05	-0.000379491946799	0.00459823732165	-0.00149742298305	-0.0481602557039	1.91138060921e-14	2.0165533657e-05	100.0
