# x[AU] y[AU] z[AU] vx[AU/yr/2pi] vy[AU/yr/2pi] vz[AU/yr/2pi] m[MSUN] m[mtot] wf[%]
-3.50232085712e-07	3.23937100158e-07	2.3280227152e-08	-4.18900968705e-05	4.00792285466e-05	6.80753010175e-06	9.4005956196e-10	0.994126243452	19.3044742874
1.96766203789e-05	-6.96934863897e-05	6.83508333105e-07	0.000829144113387	-0.00721690271821	0.000198295971068	6.66628915699e-14	7.0496947913e-05	100.0
3.06290723034e-05	-7.23051205835e-05	-6.17455988209e-06	0.0021896324976	-0.00792001788226	-0.000325167644858	4.44246983862e-14	4.6979745019e-05	100.0
1.34922998774e-05	-6.41287566882e-05	7.31352051991e-07	6.31032307654e-05	-0.00620314790253	-0.000160716506725	2.22448867722e-14	2.3524281458e-05	100.0
3.22333246639e-05	-7.57772676907e-05	1.19880445892e-05	0.00255632877964	-0.00837898116797	0.00109954804488	2.22445095978e-14	2.3523882591e-05	100.0
4.46555185421e-05	-8.05773665935e-05	-1.22968890593e-05	0.0041584595567	-0.00929466240529	-0.00119903021121	2.22356636007e-14	2.3514527824e-05	100.0
1.37625330559e-05	-2.3612242884e-05	-9.18260590924e-05	0.00123881971985	-0.00319946302995	-0.00994257686646	2.22345823673e-14	2.3513384405e-05	100.0
4.4042006745e-06	-2.61163837902e-05	-7.97252053535e-05	0.000152538418748	-0.00340917903112	-0.0081027940098	2.22306547245e-14	2.3509230867e-05	100.0
4.02490474017e-05	-7.70979627185e-05	1.03829052468e-05	0.00353515480607	-0.00871429876373	0.000989315936687	2.22299456366e-14	2.3508480997e-05	100.0
7.31735961132e-05	-7.5709099294e-05	-7.62442125789e-05	0.00825052086428	-0.00943437064148	-0.00892857554834	2.22299456366e-14	2.3508480997e-05	100.0
2.30625570976e-05	-6.16303801783e-05	1.33505997108e-05	0.00117353611655	-0.00618023174121	0.000984169187585	2.22295936071e-14	2.3508108721e-05	100.0
-5.16173134161e-05	4.77106357263e-05	0.000228313127394	-0.00664533201618	0.00557367845989	0.0284228473339	2.22295936071e-14	2.3508108721e-05	100.0
2.79645947942e-05	-5.78954324742e-05	-1.84561868406e-05	0.00170050910621	-0.00588391857427	-0.00139351308127	2.22295936071e-14	2.3508108721e-05	100.0
2.56202400761e-05	-5.43335305554e-05	-3.90925221759e-05	0.00176915287185	-0.00586724640029	-0.00340250774784	2.22295936071e-14	2.3508108721e-05	100.0
0.000137579087962	-0.000100611985823	6.655429832e-05	0.0165948927343	-0.0128063519967	0.00815577695214	2.22292415777e-14	2.3507736445e-05	100.0
5.2151591028e-05	-8.00608502244e-05	3.46606086947e-05	0.00528168569278	-0.00952912480983	0.00368453645549	2.22281905183e-14	2.3506624934e-05	100.0
0.000176719253291	-0.000115316942957	4.15237284009e-05	0.0216619949363	-0.0147234603805	0.00515447912467	2.22281905183e-14	2.3506624934e-05	100.0
7.36091405344e-05	-8.62505409644e-05	-3.06745161982e-05	0.00806010282128	-0.0105094411207	-0.00346572681795	2.22281905183e-14	2.3506624934e-05	100.0
4.53767042461e-05	-5.80709473962e-05	-0.00011286456481	0.00510360980461	-0.00743592031474	-0.0132732927637	2.22281905183e-14	2.3506624934e-05	100.0
1.99117010327e-05	-3.41305640188e-05	-0.000105343654086	0.00202671255348	-0.00451640457047	-0.0119257713937	2.22281905183e-14	2.3506624934e-05	100.0
1.18809485963e-05	-4.29135043879e-05	-6.56455518808e-05	0.000786574926537	-0.00507043137863	-0.00634361235242	2.22281905183e-14	2.3506624934e-05	100.0
1.97797791162e-05	-4.24423149139e-05	-0.000113794660281	0.0019990716986	-0.00547813637455	-0.0131714431136	2.22281905183e-14	2.3506624934e-05	100.0
-6.14313282475e-05	9.25727213843e-05	-0.000216854564903	-0.00781728588241	0.0111719875859	-0.0270256271862	2.22274864594e-14	2.3505880382e-05	100.0
3.19950300536e-05	-2.59068738951e-05	-0.000129147592801	0.00357538535773	-0.0035796219772	-0.0152480670358	2.22274864594e-14	2.3505880382e-05	100.0
-2.63689609494e-05	3.14960020644e-05	-0.000136313506179	-0.00334594583059	0.00334316181329	-0.0162524478987	2.22274864594e-14	2.3505880382e-05	100.0
4.05635975105e-05	-5.76452913611e-05	-9.57972671265e-05	0.00436301750284	-0.00724873264248	-0.0109979476583	2.2227139459e-14	2.3505513424e-05	100.0
9.8409208942e-05	-8.35608332492e-05	8.63641059632e-05	0.0115770939866	-0.0105804437702	0.0103857035194	2.22264404291e-14	2.350477419e-05	100.0
2.91630071376e-05	-6.86530292774e-05	-5.48935029641e-06	0.00199465436905	-0.00732969743501	-0.000336360802303	2.22264404291e-14	2.350477419e-05	100.0
2.81438869237e-05	-5.43301017786e-05	3.18951532731e-05	0.00198041015671	-0.00565247260377	0.00263471910172	2.22260934286e-14	2.3504407233e-05	100.0
9.78189122982e-05	-3.28966769157e-05	-0.000198578837606	0.0119571810515	-0.00449272202585	-0.0246395370569	2.22260934286e-14	2.3504407233e-05	100.0
0.000124161044439	-7.96964288075e-05	9.58608715746e-05	0.0149404797626	-0.0102068264415	0.0116599662247	2.22253994277e-14	2.3503673317e-05	100.0
0.000188975649899	-0.000106926384548	5.8170507862e-05	0.0232469869215	-0.0137043126591	0.00719530802287	2.22253994277e-14	2.3503673317e-05	100.0
0.000125305343761	-0.000101530223197	-3.61308461384e-05	0.0149252296906	-0.0128365867399	-0.00434219888269	2.22253994277e-14	2.3503673317e-05	100.0
-1.35132595113e-05	1.75235314335e-05	-8.05706982967e-05	-0.00159301116485	0.0012460948948	-0.00833358151732	2.22253994277e-14	2.3503673317e-05	100.0
4.98928395944e-05	-6.48928228388e-05	5.14851817232e-05	0.0050191833605	-0.00776841274202	0.00547684564793	2.22250524272e-14	2.3503306359e-05	100.0
0.000174682943759	-0.000106277132199	-2.04913965717e-05	0.0213469504754	-0.0135765220348	-0.00254162801857	2.22250524272e-14	2.3503306359e-05	100.0
-9.22149598016e-05	4.42348904014e-05	-2.77251968587e-05	-0.0106191207977	0.00443167676496	-0.00309047943328	2.22250524272e-14	2.3503306359e-05	100.0
-6.97875645499e-05	2.61992264613e-05	-7.65613482492e-05	-0.00813312322435	0.00240980707202	-0.00856625601782	2.22247054268e-14	2.3502939401e-05	100.0
5.88025617226e-05	-8.13563071924e-05	4.27698761323e-05	0.0062002317852	-0.00979670616382	0.00472437134414	2.22240164549e-14	2.3502210804e-05	100.0
-7.4591239573e-05	3.20706605759e-05	0.00012205000609	-0.00915946764708	0.00337038676265	0.0145978910302	2.22240164549e-14	2.3502210804e-05	100.0
-8.66838940175e-05	4.71101739846e-05	0.000132828820424	-0.0107201748799	0.00524656009695	0.0161528139874	2.22240164549e-14	2.3502210804e-05	100.0
0.00012413912386	-7.6789388126e-05	-0.000149237350021	0.0151587489894	-0.00994457697819	-0.0184112243114	2.22240164549e-14	2.3502210804e-05	100.0
1.57638805116e-05	-6.76552052689e-05	1.44146591607e-06	0.000414205713549	-0.00686138163929	0.000437899553753	2.22237901502e-14	2.3501971483e-05	100.0
9.01101374767e-06	-2.16910765021e-05	0.000116816132892	0.000793913638734	-0.00307233284538	0.0134637471592	2.222264354e-14	2.3500758927e-05	100.0
2.73493427731e-05	-7.17055010463e-05	5.33820376562e-07	0.00177169470515	-0.00766572545129	-6.38382557404e-05	2.222264354e-14	2.3500758927e-05	100.0
8.4709826281e-05	-8.54024173821e-05	-7.04615139285e-05	0.00973258487283	-0.0106765607839	-0.00831769197359	2.222264354e-14	2.3500758927e-05	100.0
-2.85676316281e-05	1.38272494543e-05	0.000105090344077	-0.00343500243409	0.00102165072761	0.011929505266	2.22223015685e-14	2.3500397287e-05	100.0
0.000102680239452	-5.98249565059e-05	0.000123932897656	0.0123195552261	-0.00777101250796	0.0150569960704	2.22223015685e-14	2.3500397287e-05	100.0
0.000185821622099	-0.00010587218469	4.30072155713e-05	0.0228066473136	-0.0135522684122	0.0053143303223	2.22223015685e-14	2.3500397287e-05	100.0
-0.000140893648127	8.96054991844e-05	0.000120653524549	-0.0175805454561	0.0106570894924	0.0149234980408	2.22223015685e-14	2.3500397287e-05	100.0
0.000171203619424	-0.00010510638732	-6.57530202407e-05	0.0209567438598	-0.0134525547903	-0.00811920499178	2.22223015685e-14	2.3500397287e-05	100.0
-7.77811409451e-05	0.000127063033017	-0.000259491263996	-0.00988621280234	0.0155840711525	-0.0325637772512	2.22223015685e-14	2.3500397287e-05	100.0
1.95843938419e-05	-3.39156611612e-05	-0.000102883444844	0.00190747236601	-0.00441278593196	-0.0116398837598	2.22223015685e-14	2.3500397287e-05	100.0
2.76049554554e-05	-3.68179851179e-05	6.95062092485e-05	0.00250104384548	-0.00447739232585	0.00700459533475	2.22219595971e-14	2.3500035647e-05	100.0
4.13005889508e-05	-6.46430908278e-05	4.73910103087e-05	0.00385849885371	-0.00748250953731	0.0049485878505	2.22219595971e-14	2.3500035647e-05	100.0
-4.45649861359e-05	5.19996158221e-05	0.000205815821929	-0.00568932538356	0.00602857463437	0.0255153663594	2.22219595971e-14	2.3500035647e-05	100.0
6.97250833999e-05	-8.47391993795e-05	-1.53956018373e-05	0.00745380205033	-0.0101983478709	-0.00167728141965	2.22219595971e-14	2.3500035647e-05	100.0
-0.000123558631132	6.40119740682e-05	1.02720954036e-05	-0.0149043329461	0.00714511394522	0.0012183831508	2.22219595971e-14	2.3500035647e-05	100.0
0.000148101773323	-1.69975761192e-05	-0.000245734659578	0.0183847848575	-0.00249282025335	-0.0307858455242	2.22219595971e-14	2.3500035647e-05	100.0
-6.45966288804e-05	1.87348074748e-05	-6.27605515297e-05	-0.00720280547854	0.00136846222136	-0.0067024362253	2.22219595971e-14	2.3500035647e-05	100.0
4.44254909031e-05	-5.66776257759e-05	-0.00012361676224	0.00502432923439	-0.00727426318607	-0.0146766517532	2.22219595971e-14	2.3500035647e-05	100.0
9.49016429617e-06	-4.84841599019e-06	0.000161466764065	0.000951326897638	-0.00105091397238	0.0195460201155	2.22212756541e-14	2.3499312368e-05	100.0
5.71573991795e-05	-8.02953218237e-05	1.55259323775e-05	0.00575544106276	-0.00943939777113	0.00165248578436	2.22212756541e-14	2.3499312368e-05	100.0
4.08431837499e-05	-6.31126910572e-05	-5.40636431458e-05	0.00391059044275	-0.00742998428789	-0.00566779776975	2.22212756541e-14	2.3499312368e-05	100.0
-9.69409020272e-05	3.01608618651e-05	-4.38605937872e-05	-0.0112453848154	0.00283064557792	-0.00494991767821	2.22212756541e-14	2.3499312368e-05	100.0
-6.57017699577e-05	3.30303988819e-05	-0.000104006859798	-0.00793304969944	0.00339204935693	-0.0121513435954	2.22212756541e-14	2.3499312368e-05	100.0
-1.2955430758e-05	-2.20266758596e-05	8.26951375518e-05	-0.00165884807364	-0.00300047618347	0.00850251909941	2.22199127973e-14	2.3497871128e-05	100.0
0.000240342121614	-0.000137831196678	7.62126794696e-05	0.0299333440065	-0.0177159507578	0.00951342677841	2.22199127973e-14	2.3497871128e-05	100.0
0.00024149936729	-0.000143484184525	7.9425240957e-05	0.0300532021352	-0.0184119689784	0.00995264398957	2.22199127973e-14	2.3497871128e-05	100.0
0.000179743090869	-0.000118745355337	-1.89491229136e-05	0.0220164985238	-0.0151482277526	-0.00234248246786	2.22199127973e-14	2.3497871128e-05	100.0
0.000163039404497	-0.000110476619511	-4.9871414482e-06	0.0198541260512	-0.0140790746037	-0.000631934952083	2.22199127973e-14	2.3497871128e-05	100.0
0.000160326355788	-0.000113530943151	-1.63162194774e-05	0.0195111188213	-0.0144576236003	-0.00199198076849	2.22199127973e-14	2.3497871128e-05	100.0
-7.40519391096e-05	2.86808622999e-05	-1.09433436642e-05	-0.00774668384482	0.00220939007508	-0.00111520299231	2.22199127973e-14	2.3497871128e-05	100.0
-1.3566443174e-05	5.90122799315e-05	0.000277591734954	-0.00185199927928	0.0070033173578	0.0347688023447	2.22192389123e-14	2.3497158485e-05	100.0
1.82045193268e-05	-6.42600230954e-05	4.65834811799e-07	0.000541780340485	-0.00637775201754	6.7823206326e-05	2.22192389123e-14	2.3497158485e-05	100.0
-5.77696586566e-05	3.26100631484e-05	9.59866422818e-05	-0.00684392710531	0.003225412245	0.0111127803978	2.22192389123e-14	2.3497158485e-05	100.0
5.87967515503e-05	-7.86638595117e-05	-4.13919336347e-05	0.00613963273796	-0.00943786355386	-0.00454318114531	2.22192389123e-14	2.3497158485e-05	100.0
8.39817641068e-05	-5.70284065915e-05	0.000196615492048	0.0102314824183	-0.007513187618	0.0243459466179	2.22189019699e-14	2.3496802163e-05	100.0
4.47824136423e-05	-7.25146374293e-05	2.2742199473e-05	0.0041128708439	-0.00828334261035	0.00224394247817	2.22189019699e-14	2.3496802163e-05	100.0
-4.40318746402e-05	3.24710293754e-05	0.000181621945365	-0.00562160902974	0.00356386001782	0.0223163771829	2.22189019699e-14	2.3496802163e-05	100.0
4.12180889524e-05	-8.0006768833e-05	1.98775506629e-07	0.0036595592062	-0.00910343971588	0.000124115609963	2.22189019699e-14	2.3496802163e-05	100.0
-4.96918990031e-05	1.57373486473e-05	9.4982530256e-05	-0.00588199088716	0.00123170545726	0.0107299421404	2.22189019699e-14	2.3496802163e-05	100.0
5.66135289344e-05	-7.56351715239e-05	-3.59221251148e-05	0.00575906369136	-0.00898462079916	-0.00392081551427	2.22189019699e-14	2.3496802163e-05	100.0
0.000132247030632	-7.93750067594e-05	-0.000186424217788	0.0162527093425	-0.0103098847707	-0.0232000891231	2.22189019699e-14	2.3496802163e-05	100.0
-0.000109970656788	6.55471345783e-05	-3.90083689527e-05	-0.0132107993156	0.00727431592753	-0.00460485491035	2.22189019699e-14	2.3496802163e-05	100.0
2.77157905076e-05	-6.75748432695e-05	1.28737456147e-05	0.00179945807384	-0.00722939265618	0.0010207165499	2.22188818539e-14	2.3496780891e-05	100.0
3.07416207522e-05	-6.62794597463e-05	1.83852995041e-05	0.00221366241408	-0.00715618688197	0.00158516722645	2.22188818539e-14	2.3496780891e-05	100.0
-5.76889475847e-05	2.20068699474e-05	0.000141881071252	-0.00718449419526	0.00218942332947	0.017063336068	2.22185650274e-14	2.3496445842e-05	100.0
-0.000117778647414	6.77283556349e-05	6.58463227231e-05	-0.0143690367903	0.00768821390371	0.007914771131	2.22185650274e-14	2.3496445842e-05	100.0
0.000201520654124	-6.5656959477e-05	0.000140700201036	0.0249770404132	-0.00857749706886	0.017527717345	2.22182280849e-14	2.3496089521e-05	100.0
4.96419031578e-05	-6.59111793695e-05	-6.19830392218e-05	0.00516123392509	-0.00801296314266	-0.00674236700457	2.22182280849e-14	2.3496089521e-05	100.0
0.000112052408497	-7.98915550073e-05	9.99561557931e-05	0.0134143019471	-0.0102292568272	0.0121258397248	2.22178911424e-14	2.3495733199e-05	100.0
0.000278087220937	-0.000136885245627	8.86027504133e-05	0.0347336495276	-0.0176060378169	0.0111575448331	2.22178911424e-14	2.3495733199e-05	100.0
0.000275226293465	-0.000123466491666	-4.97980693277e-05	0.034346757993	-0.0159008290868	-0.00624279686458	2.22178911424e-14	2.3495733199e-05	100.0
1.56725457096e-05	-5.75623758554e-05	1.52203512326e-05	0.00033891878232	-0.00548505964514	0.000776302352184	2.22177352437e-14	2.3495568334e-05	100.0
7.2742060586e-05	-9.22881733102e-05	2.22215053159e-05	0.00796871141096	-0.0112717811078	0.00247358228665	2.22177352437e-14	2.3495568334e-05	100.0
-0.000118815000466	7.12616185853e-05	5.01156900912e-05	-0.0144407394446	0.00809244077917	0.00599446364628	2.22175542e-14	2.3495376878e-05	100.0
-7.27229599331e-05	3.11380370944e-05	-7.51309310581e-05	-0.00846845224365	0.00296201611477	-0.00849646908629	2.22175542e-14	2.3495376878e-05	100.0
-3.11089318686e-05	-3.8847481408e-06	8.6448943922e-05	-0.00358393104245	-0.00111654322979	0.00925927462806	2.22173580693e-14	2.3495169467e-05	100.0
0.000130486712101	-5.2560956503e-05	0.000173105197539	0.0159877766817	-0.0069266023252	0.0214753504062	2.22172172575e-14	2.3495020556e-05	100.0
0.000194861247159	-0.000106853314731	0.000136039026543	0.0241276292528	-0.0137576531361	0.0169773353319	2.22172172575e-14	2.3495020556e-05	100.0
9.09765950566e-05	-3.46546157926e-05	0.000213648441822	0.011148864505	-0.00473803866945	0.0265668600456	2.22172172575e-14	2.3495020556e-05	100.0
0.000208257480887	-0.000109878340387	3.82127805934e-05	0.0256983665298	-0.0140836692907	0.00476656551135	2.22172172575e-14	2.3495020556e-05	100.0
1.64921459795e-05	-2.95475050241e-05	-8.44225968184e-06	0.00122925470961	-0.00743535289158	-0.0011493690244	2.22172172575e-14	2.3495020556e-05	100.0
0.000238736904308	-0.000133027948566	-7.77123555543e-05	0.0296901598693	-0.0170840313901	-0.00970009078216	2.22172172575e-14	2.3495020556e-05	100.0
6.36874572193e-05	-7.33764839742e-05	-6.47707710007e-05	0.00696355427518	-0.00906606101988	-0.00734569140981	2.22172172575e-14	2.3495020556e-05	100.0
2.8917645628e-05	-5.52614555523e-05	3.08848342619e-05	0.00200683746365	-0.0059849970966	0.0024754047923	2.22169808949e-14	2.34947706e-05	100.0
1.0260218667e-05	-3.78395469522e-05	5.20754263777e-05	0.000474641097261	-0.00423501437573	0.00419617356208	2.22169808949e-14	2.34947706e-05	100.0
3.30131072681e-05	-5.5974964639e-05	3.48939740571e-05	0.00258166041221	-0.00618347343007	0.00303496176057	2.22169808949e-14	2.34947706e-05	100.0
0.000134367006288	-0.000111092330654	4.77141770528e-05	0.0161706382498	-0.0140925525701	0.00582850322523	2.22169808949e-14	2.34947706e-05	100.0
0.000178823714026	-0.000114964687208	-8.72649966401e-05	0.0220194638306	-0.0147482752233	-0.0108326965146	2.22169808949e-14	2.34947706e-05	100.0
0.000122239195681	-0.000104326601455	5.35565268229e-05	0.0146136368168	-0.013230778305	0.00644507646669	2.22166087494e-14	2.3494377051e-05	100.0
2.64559729559e-05	-5.80694697254e-05	-3.2057817724e-05	0.00179035599471	-0.00619477954419	-0.00272604723868	2.22166087494e-14	2.3494377051e-05	100.0
3.20178649836e-05	-5.39543791067e-05	-0.000113779191959	0.00347648997354	-0.0068998590863	-0.0133134796148	2.22166087494e-14	2.3494377051e-05	100.0
5.09144282225e-05	-7.86673010179e-05	-3.68975622245e-05	0.00513908723946	-0.00939744341967	-0.00385612677898	2.22166087494e-14	2.3494377051e-05	100.0
2.74103568748e-05	-6.98265129853e-05	-9.35725562503e-05	0.00282062273211	-0.00874203184527	-0.0106927868933	2.22166087494e-14	2.3494377051e-05	100.0
-5.56145447002e-05	8.51827581928e-06	-9.27762097084e-05	-0.00653658759419	0.000347650898591	-0.0104755560348	2.2216241633e-14	2.349398882e-05	100.0
9.34680988143e-06	-2.47146864805e-05	0.000139126421089	0.000827679543593	-0.00343028512286	0.0165327183735	2.22158795456e-14	2.3493605907e-05	100.0
3.15863757612e-05	-6.49135741636e-05	1.98309564796e-05	0.00231200382942	-0.00697804467946	0.0016402123082	2.22158795456e-14	2.3493605907e-05	100.0
0.000125660334375	-3.63850859617e-05	-0.000182223054322	0.0154064202891	-0.00490220637142	-0.0225984064552	2.22158795456e-14	2.3493605907e-05	100.0
2.55440472563e-05	-6.99420732865e-05	1.46259121441e-05	0.00168405309784	-0.00755339641168	0.00103914407466	2.22158745166e-14	2.3493600589e-05	100.0
4.06679334995e-05	-7.09174209389e-05	2.86554949208e-05	0.00366779062039	-0.00815720710797	0.00271912008198	2.22158745166e-14	2.3493600589e-05	100.0
1.58877381314e-05	-6.81736950083e-05	1.64143694901e-06	0.000338020901056	-0.00689605453148	-0.000133094470051	2.22158745166e-14	2.3493600589e-05	100.0
7.98836068326e-05	-9.40035061208e-05	2.03422977484e-05	0.00887767559933	-0.0115638694038	0.00233159656677	2.22158745166e-14	2.3493600589e-05	100.0
7.25724835668e-05	-8.95304430292e-05	-6.0885463335e-05	0.00814602202709	-0.0111233395963	-0.00709294692275	2.22155124292e-14	2.3493217676e-05	100.0
2.19520301127e-05	-5.6230642111e-05	-6.79132304254e-05	0.0019804753481	-0.00675190258431	-0.00701240290563	2.22155124292e-14	2.3493217676e-05	100.0
-0.000100946689738	6.41033231892e-05	-0.000110589863643	-0.0124399083242	0.0073165321918	-0.0134172245884	2.22152106896e-14	2.3492898583e-05	100.0
2.79669657444e-05	-4.47083836542e-05	-0.000116033128485	0.00297525498035	-0.00575850312918	-0.0135158044541	2.22152106896e-14	2.3492898583e-05	100.0
-5.54559986949e-05	2.95393723134e-05	-6.48671789257e-05	-0.00618966183903	0.00257961729361	-0.00688595409592	2.22152106896e-14	2.3492898583e-05	100.0
5.16191885337e-05	-7.05274904758e-05	5.4508455251e-05	0.00534734569477	-0.00855368833688	0.0058680486855	2.22151503417e-14	2.3492834764e-05	100.0
0.000139650862758	-0.000135650720843	1.20668474889e-05	0.0168753872153	-0.0172301671812	0.00146911899161	2.22151503417e-14	2.3492834764e-05	100.0
0.000254820455656	-0.000106251978291	0.000202736152674	0.0318714778049	-0.0137704360711	0.025486878164	2.22145468627e-14	2.3492196576e-05	100.0
0.000238489477852	-8.99046622059e-05	0.000185839832458	0.029745121858	-0.0116795522791	0.0233459902284	2.22145468627e-14	2.3492196576e-05	100.0
4.76496990274e-05	-7.45519228637e-05	-3.62654639328e-05	0.00466751091575	-0.00876990056765	-0.00381572986957	2.22145468627e-14	2.3492196576e-05	100.0
9.78799739494e-05	-8.77739290242e-05	-8.51418542483e-05	0.0115113471659	-0.0111224396516	-0.0102394921364	2.22145468627e-14	2.3492196576e-05	100.0
2.43742954257e-05	-7.46692656569e-05	1.18740146126e-06	0.00145694783639	-0.00807476118374	0.00022370189109	2.22144362248e-14	2.3492079575e-05	100.0
6.33394279241e-05	-9.34431595489e-05	-5.92575342698e-06	0.00668401104169	-0.0112903198507	-0.000591756853733	2.22144362248e-14	2.3492079575e-05	100.0
-3.84941729575e-06	-1.01345528449e-05	-0.000155160127476	-0.0006341339885	-0.00176374593804	-0.0187184295095	2.22144362248e-14	2.3492079575e-05	100.0
8.66562054081e-05	-9.89499004614e-05	-0.000108209617899	0.0102777381186	-0.0126212593849	-0.0130818908846	2.22144362248e-14	2.3492079575e-05	100.0
-4.18054421018e-05	-4.0904370203e-06	8.73879617392e-05	-0.00487227277102	-0.0010661044762	0.00943280073446	2.22142149492e-14	2.3491845573e-05	100.0
0.00015862041263	-5.70683128981e-05	0.000212309550266	0.0196670833588	-0.00754213494558	0.0265203695023	2.22142149492e-14	2.3491845573e-05	100.0
0.000188714383921	-0.000108547031205	0.000119491262538	0.0233001810258	-0.0139378714501	0.0149074423058	2.22142149492e-14	2.3491845573e-05	100.0
-0.000194032805709	0.000155739658131	3.17393249749e-05	-0.0243652411881	0.0190570264922	0.00393290935905	2.22142149492e-14	2.3491845573e-05	100.0
0.000228145322586	-9.59790601217e-05	-0.000215452484291	0.0284853125713	-0.0124627106302	-0.0270723773707	2.22142149492e-14	2.3491845573e-05	100.0
7.35836349708e-05	-5.84940512599e-05	9.79371210328e-05	0.00848051425556	-0.00748793126016	0.0115339119189	2.22138830357e-14	2.349149457e-05	100.0
0.000221772044854	-0.000110671646966	-2.42117797576e-05	0.0274350387839	-0.0142161231798	-0.00305294612353	2.22138830357e-14	2.349149457e-05	100.0
0.000269548572726	-0.000121784905325	-9.89835050239e-05	0.0336319934698	-0.0156915545623	-0.012439231427	2.22138830357e-14	2.349149457e-05	100.0
-0.000116524928479	5.97578477145e-05	-4.48837743564e-06	-0.013925076729	0.00655879591845	-0.00053486008055	2.22138830357e-14	2.349149457e-05	100.0
-0.000189174338816	0.000106496102508	-7.00640476028e-05	-0.0236681293297	0.0128090700221	-0.00873092392314	2.22138830357e-14	2.349149457e-05	100.0
-0.000134630140815	8.40284990233e-05	-0.000147352298992	-0.0168386403844	0.0099869434298	-0.0182912013877	2.22138830357e-14	2.349149457e-05	100.0
4.10465978832e-05	-5.95762718426e-05	-0.000102800006163	0.00447848662272	-0.00750336958752	-0.0119087007337	2.22138830357e-14	2.349149457e-05	100.0
6.68130987014e-05	-6.63199295022e-05	0.0001055810331	0.0077121168072	-0.00849924217403	0.0124930633951	2.22137321659e-14	2.3491335023e-05	100.0
-8.2652659728e-05	2.31437159226e-05	2.62663712138e-05	-0.00909701356463	0.00175141498062	0.00268653739231	2.22137321659e-14	2.3491335023e-05	100.0
2.43186703091e-05	-5.82187860766e-05	0.000117322016195	0.0025973520888	-0.00749622414948	0.0137363245922	2.22137321659e-14	2.3491335023e-05	100.0
-5.49409252267e-05	1.01753030419e-05	9.68876309414e-05	-0.00648464893843	0.000548451427406	0.0110482340713	2.22137321659e-14	2.3491335023e-05	100.0
9.70554223671e-05	-8.94232105538e-05	0.000113155854049	0.0115630467515	-0.0114577096963	0.0137567719964	2.22137321659e-14	2.3491335023e-05	100.0
-0.000126305409259	7.03914758661e-05	4.7105922519e-06	-0.0153400351482	0.00793581207909	0.000558532469204	2.22137321659e-14	2.3491335023e-05	100.0
2.48119560896e-05	-5.18885944945e-05	0.000105142087881	0.00256973185566	-0.00662903632143	0.0120636795593	2.22137321659e-14	2.3491335023e-05	100.0
0.000139289527073	-0.000118200420195	3.78171246711e-05	0.0167931376839	-0.0150238134693	0.00461591490841	2.22137321659e-14	2.3491335023e-05	100.0
0.000109819371453	-0.000102734822849	1.0466612098e-05	0.0128635470254	-0.0128734408774	0.00122613414743	2.22137321659e-14	2.3491335023e-05	100.0
0.000193443175599	-0.000119346465852	-2.25074176313e-05	0.0237855524334	-0.015301268464	-0.00279945512381	2.22137321659e-14	2.3491335023e-05	100.0
0.000162759050728	-0.00011547882365	-2.98258405893e-05	0.0198388660262	-0.0147221876332	-0.00364458830959	2.22137321659e-14	2.3491335023e-05	100.0
-7.53213763423e-06	1.84714143435e-05	0.000207129599138	-0.00112771717552	0.00185754602847	0.0256031698502	2.22135511222e-14	2.3491143567e-05	100.0
2.29420819323e-05	-6.83105299506e-05	-1.40693124177e-06	0.00111267462033	-0.00711946035837	-0.000173406262521	2.22135511222e-14	2.3491143567e-05	100.0
0.000107051862644	-8.6531712794e-05	-7.97112810777e-05	0.0126436088016	-0.0109436932535	-0.00959619905541	2.22135511222e-14	2.3491143567e-05	100.0
2.26571112385e-05	-5.44871077774e-05	9.81684522733e-05	0.00232814792344	-0.00694633431521	0.0111074150212	2.22133851655e-14	2.3490968065e-05	100.0
-5.78473925525e-05	1.5861797928e-05	0.000108986864049	-0.00697469121678	0.00126513922288	0.0127172592313	2.22133851655e-14	2.3490968065e-05	100.0
-4.61046316657e-05	2.00268727134e-05	9.65093424689e-05	-0.00548648210571	0.0017159943649	0.010969016067	2.22133851655e-14	2.3490968065e-05	100.0
0.000194145118477	-0.000134091319483	-0.000109094726279	0.0240219346941	-0.017202856769	-0.0136151736016	2.22133851655e-14	2.3490968065e-05	100.0
3.66012428117e-05	-1.70594181946e-05	-0.000211036857612	0.00434656600601	-0.00255793745001	-0.026145645562	2.22133851655e-14	2.3490968065e-05	100.0
0.000110492134739	-9.14299724989e-05	-8.94577014524e-05	0.0131807745646	-0.0116812269687	-0.0108009272922	2.22133851655e-14	2.3490968065e-05	100.0
5.51434936413e-05	-6.39832016613e-05	-0.0001163513476	0.00631213051031	-0.00822414208918	-0.0138177246831	2.22133851655e-14	2.3490968065e-05	100.0
0.000128980656487	-8.29433421341e-05	0.000194165826546	0.015925000098	-0.0108322131373	0.0241569993534	2.2213038165e-14	2.3490601107e-05	100.0
-0.000154953444561	9.79010665424e-05	0.000171509897981	-0.0195121145738	0.0118141875337	0.0214216055145	2.2213038165e-14	2.3490601107e-05	100.0
0.000186080520095	-0.00013802866134	2.11217296444e-05	0.0228885113424	-0.0176307451284	0.00263081853186	2.2213038165e-14	2.3490601107e-05	100.0
-4.79938807364e-06	-8.66948398685e-06	0.000118097906938	-0.000786869342217	-0.00155696568726	0.0136253831033	2.22128923242e-14	2.3490446879e-05	100.0
0.000184351320837	-0.000124333014574	-2.72993055649e-05	0.022623531666	-0.0158574886813	-0.00335176530258	2.22128923242e-14	2.3490446879e-05	100.0
0.000188782411333	-9.19435068002e-05	0.000266319982561	0.0235451769176	-0.0119742376119	0.0334848369264	2.22125604108e-14	2.3490095875e-05	100.0
0.000247132053872	-0.000125399891965	8.34184690638e-05	0.0307591419837	-0.0161273930512	0.0104211340881	2.22125604108e-14	2.3490095875e-05	100.0
0.000312097981238	-0.00011526971429	-0.000186741907417	0.0391543743662	-0.0149141001253	-0.0235247597939	2.22125604108e-14	2.3490095875e-05	100.0
-7.79069232033e-05	5.92294018079e-05	-0.000234159693979	-0.00994228473193	0.00701043995112	-0.0291818501056	2.22125604108e-14	2.3490095875e-05	100.0
1.70599663161e-05	-1.04924942144e-05	-0.000264984520799	0.00196676975299	-0.0017322766817	-0.0330874244112	2.22125604108e-14	2.3490095875e-05	100.0
-4.92732482268e-06	-2.96265745111e-05	6.35749523827e-05	-0.000728455172561	-0.00372323132642	0.00563902375155	2.22123491931e-14	2.348987251e-05	100.0
2.70503817552e-05	-5.11995146178e-05	4.38419410611e-05	0.00208448527789	-0.00576858416527	0.00378147677918	2.22123491931e-14	2.348987251e-05	100.0
0.000205672457041	-0.000120745295454	0.000235683309589	0.0256654963258	-0.0156234195042	0.0296322234759	2.22123491931e-14	2.348987251e-05	100.0
-0.000127604712217	7.11993140889e-05	4.90668290735e-05	-0.0155837647293	0.00812054214176	0.00593924561163	2.22123491931e-14	2.348987251e-05	100.0
0.000161480923445	-0.000128523433669	0.000118710743615	0.0198563829142	-0.0164819441364	0.0147487526047	2.22123491931e-14	2.348987251e-05	100.0
0.000174214225865	-8.59621276548e-05	0.000163558583578	0.0215625703393	-0.0111538940015	0.0204008510904	2.22123491931e-14	2.348987251e-05	100.0
0.00024624256668	-0.000130719003269	0.000146987066996	0.0307096434782	-0.0168485849105	0.0184698046139	2.22123491931e-14	2.348987251e-05	100.0
-0.000116602207928	8.28416800788e-05	-5.91646606191e-05	-0.014290420374	0.00958578712815	-0.00714046709325	2.22123491931e-14	2.348987251e-05	100.0
0.000180869843764	-0.000145902679215	-5.28674171156e-05	0.0222428578076	-0.0186543738644	-0.00656622831105	2.22123491931e-14	2.348987251e-05	100.0
2.48349802896e-05	7.89851638109e-07	-0.000194003341419	0.00292283153254	-0.000352944554148	-0.0239031778216	2.22123491931e-14	2.348987251e-05	100.0
9.94358878264e-05	-0.000104259311179	-4.24688621313e-05	0.011567358643	-0.0131012945468	-0.00504469465134	2.22123491931e-14	2.348987251e-05	100.0
3.3808045314e-06	-2.66741049938e-05	-0.000111767407061	0.000135643643953	-0.00370082359316	-0.0127626916612	2.22123491931e-14	2.348987251e-05	100.0
0.000148131836137	-9.87204226764e-05	-0.000137763140268	0.0181845834633	-0.0127304930507	-0.0170581626643	2.22123491931e-14	2.348987251e-05	100.0
0.00010664649021	-8.38901554566e-05	-0.000147461154191	0.0129509040339	-0.0108460139568	-0.0181353733295	2.22123491931e-14	2.348987251e-05	100.0
8.59719505687e-05	-9.5797626276e-05	-5.30311283916e-05	0.00984113317496	-0.011981412944	-0.00621443702268	2.22123491931e-14	2.348987251e-05	100.0
5.3429415616e-05	-5.81478092997e-05	-9.91178960009e-05	0.00602944233149	-0.0074659562761	-0.0114853236687	2.22123491931e-14	2.348987251e-05	100.0
0.000116654541614	-6.71490667614e-05	0.000129101459905	0.0141187114419	-0.00875125544952	0.0157925015672	2.22120122506e-14	2.3489516188e-05	100.0
-7.32529576973e-05	1.06435821102e-05	2.48880037121e-05	-0.00752643314929	0.000223162628619	0.00240403033623	2.22120122506e-14	2.3489516188e-05	100.0
1.10537776986e-05	-6.60095080237e-05	1.23414130212e-06	-0.000235144518445	-0.00648584808336	4.9414324527e-05	2.22120122506e-14	2.3489516188e-05	100.0
0.00031930595071	-0.000160501789381	1.69604309816e-05	0.0400027249535	-0.020641046444	0.00212467062169	2.22120122506e-14	2.3489516188e-05	100.0
-4.81433559743e-05	3.41817162241e-05	-0.000136378434356	-0.00595898142224	0.00363337931872	-0.0163943527778	2.22120122506e-14	2.3489516188e-05	100.0
2.14852870122e-05	-4.80191177153e-05	4.08096581919e-05	0.00127777010634	-0.00504080101131	0.0033253117826	2.22119066418e-14	2.3489404505e-05	100.0
3.02773608702e-05	-8.44089808626e-06	0.000164357720427	0.0034666748854	-0.00147307592917	0.0199567181669	2.22119066418e-14	2.3489404505e-05	100.0
3.20485269494e-05	-7.22853914257e-05	1.54342734773e-05	0.00246863221412	-0.00789591262575	0.00138854968057	2.22119066418e-14	2.3489404505e-05	100.0
-7.74827285292e-05	4.9535508366e-05	-3.60741089659e-05	-0.00883752348286	0.00496089273766	-0.00396852142219	2.22119066418e-14	2.3489404505e-05	100.0
0.000138796662084	-8.4757931598e-05	-0.000156118817452	0.0170087280308	-0.0109481200635	-0.0193421124116	2.22119066418e-14	2.3489404505e-05	100.0
8.60625811367e-05	-2.16658828066e-05	-0.000273767278835	0.0106350108632	-0.00313669804991	-0.0342826661717	2.22119066418e-14	2.3489404505e-05	100.0
2.87672655858e-05	-5.88885254461e-05	-2.55360035749e-05	0.00197140264502	-0.0063180291147	-0.00195846574964	2.22116753082e-14	2.3489159867e-05	100.0
2.29524358384e-05	-5.52252600565e-05	-3.31592004745e-05	0.00146954292274	-0.00586794171766	-0.00256388071716	2.22116753082e-14	2.3489159867e-05	100.0
-1.62319422652e-05	2.62549144892e-05	0.000209653756409	-0.00219699973853	0.00284487068234	0.0259225725295	2.22112478438e-14	2.3488707817e-05	100.0
2.95120962039e-05	-6.54840374683e-05	3.58102742835e-06	0.00190464758089	-0.00682048899878	0.000233341747411	2.22112478438e-14	2.3488707817e-05	100.0
-0.000112776639601	3.15231219498e-05	2.42495315924e-05	-0.0132446785841	0.00305102276602	0.00277047898928	2.22112478438e-14	2.3488707817e-05	100.0
-0.000114933636225	6.41561567774e-05	-5.52995922923e-06	-0.0138025939359	0.00708213836744	-0.000678788840122	2.22112478438e-14	2.3488707817e-05	100.0
6.38920875255e-05	-7.27882945997e-05	-7.51236718906e-05	0.00705839515479	-0.00901559263159	-0.00864779059839	2.22112478438e-14	2.3488707817e-05	100.0
3.39065822853e-05	-5.41410081501e-05	8.39164058235e-05	0.00341847177723	-0.00666888599478	0.00929704371259	2.22109209593e-14	2.3488362132e-05	100.0
4.19557290597e-05	-6.3470772349e-05	6.71209386605e-05	0.00420292690275	-0.00763008424681	0.00732786533854	2.22109209593e-14	2.3488362132e-05	100.0
-3.01078896646e-06	9.98327818379e-06	-0.000278465363404	-0.000548422995498	0.000837210295264	-0.0348566661524	2.22109209593e-14	2.3488362132e-05	100.0
0.000120786814194	-3.34482343919e-05	-0.000331072521997	0.0150318258279	-0.00460446283143	-0.0416546323187	2.22109209593e-14	2.3488362132e-05	100.0
-4.61620398679e-05	5.05147971842e-05	-0.000195041358801	-0.0058848509947	0.00582104315709	-0.024096828426	2.22105940748e-14	2.3488016447e-05	100.0
1.49470158308e-05	-2.81369760211e-05	-0.00021574520674	0.00165115859981	-0.00393325164187	-0.0266945983095	2.22105940748e-14	2.3488016447e-05	100.0
-4.18917865139e-06	-2.04373060264e-05	5.94890279872e-05	-0.000570506427094	-0.00278368369698	0.00482979810499	2.22103426252e-14	2.3487750536e-05	100.0
6.10984534254e-05	-8.7482824794e-05	2.32826206984e-05	0.00639458702144	-0.010596952751	0.00244357842843	2.22103426252e-14	2.3487750536e-05	100.0
7.22577210319e-05	-8.3458517067e-05	4.67598087725e-05	0.00795121854034	-0.0103144422913	0.00526994160616	2.22103426252e-14	2.3487750536e-05	100.0
-0.000120923484434	5.4612010384e-05	-2.72647450122e-05	-0.0145502372766	0.00593800735318	-0.00324404146895	2.22103426252e-14	2.3487750536e-05	100.0
0.000161990507389	-8.73960664067e-05	0.000301669856328	0.0202089974897	-0.0114272518067	0.0379614056435	2.22103426252e-14	2.3487750536e-05	100.0
-6.69185176845e-05	3.68347189924e-05	7.3907986439e-05	-0.00775761416459	0.00360678065274	0.00837570652018	2.22103426252e-14	2.3487750536e-05	100.0
4.87644775869e-05	-8.06986360468e-05	1.25637252924e-05	0.00462678553611	-0.00947266583862	0.00122175416106	2.22103426252e-14	2.3487750536e-05	100.0
0.00013612016723	-9.92298026338e-05	4.60942564171e-05	0.0163237931627	-0.0126503593281	0.00557843715954	2.22103426252e-14	2.3487750536e-05	100.0
-0.000125288955567	7.37941013488e-05	-8.8923583516e-05	-0.0154688840009	0.00853282072403	-0.0108609994406	2.22103426252e-14	2.3487750536e-05	100.0
0.000209485451313	-0.00011614748548	8.80101641246e-05	0.0259744098187	-0.0149382275675	0.0109577845537	2.22103426252e-14	2.3487750536e-05	100.0
2.51258637153e-05	-7.73065692438e-05	1.65524065056e-06	0.00158187768258	-0.00846202471994	0.000423483584709	2.22103426252e-14	2.3487750536e-05	100.0
0.000184441041994	-0.000129936830719	-9.00553733283e-05	0.0227278532493	-0.0166687919431	-0.0112017675409	2.22103426252e-14	2.3487750536e-05	100.0
2.91828774098e-05	-3.04530496576e-05	-0.000218274500033	0.00343485239078	-0.00425733400042	-0.0270613237267	2.22103426252e-14	2.3487750536e-05	100.0
0.000223186723192	-0.000130515423894	-0.000169425934757	0.0278142005902	-0.0168196771647	-0.0212519619993	2.22103426252e-14	2.3487750536e-05	100.0
0.000115311141852	-5.06761523913e-05	-0.000248059341282	0.0142718512537	-0.00677312592125	-0.0310406168065	2.22103426252e-14	2.3487750536e-05	100.0
7.58222433042e-06	-6.2796482513e-05	1.7604931802e-06	-0.000653357019326	-0.00590183296227	0.000624478361964	2.22103426252e-14	2.3487750536e-05	100.0
0.00011896938999	-0.000105624103485	-0.000105719755221	0.0143342465737	-0.0135136876357	-0.0129508732311	2.22103426252e-14	2.3487750536e-05	100.0
6.78805818792e-05	-6.12541752006e-05	-0.000184800635635	0.00819259394347	-0.00808484475661	-0.0227866525829	2.22103426252e-14	2.3487750536e-05	100.0
1.21954855123e-05	-8.96670452342e-06	0.000302646239002	0.00132634263818	-0.00154372162552	0.0379645475767	2.22102671904e-14	2.3487670762e-05	100.0
0.000173396567168	-0.00011015198084	-1.47207801882e-05	0.021157653303	-0.0140315757987	-0.00185690874359	2.22102671904e-14	2.3487670762e-05	100.0
0.000219071036383	-0.000103163722109	-0.000109622588051	0.0271620995259	-0.0132917941529	-0.0136874479639	2.22102671904e-14	2.3487670762e-05	100.0
-9.00306970278e-05	4.46651833795e-05	0.000132126712931	-0.0111232166796	0.00498346628581	0.0160162018005	2.22099403059e-14	2.3487325077e-05	100.0
-9.13070652482e-05	6.03708763169e-05	0.00014169718163	-0.011326645929	0.00693784976888	0.0173418338214	2.22099403059e-14	2.3487325077e-05	100.0
-7.49240464423e-05	3.67156700647e-05	0.000206343656294	-0.00945234955101	0.00409567331268	0.0256143734647	2.22099403059e-14	2.3487325077e-05	100.0
5.45349663456e-05	-7.93049861237e-05	-1.67588634676e-05	0.00541182432034	-0.00928073491162	-0.00172062305819	2.22099403059e-14	2.3487325077e-05	100.0
-0.000167243371646	0.00010056662858	0.00015030860597	-0.021025155256	0.012123239745	0.0187250583435	2.22099403059e-14	2.3487325077e-05	100.0
