# x[AU] y[AU] z[AU] vx[AU/yr/2pi] vy[AU/yr/2pi] vz[AU/yr/2pi] m[MSUN] m[mtot] wf[%]
3.46682158742e-07	1.12372632564e-05	2.66599322043e-08	0.000107397713065	0.00138444339188	7.90747523295e-06	8.70643482889e-10	0.921461994665	10.0115641789
-5.83714262329e-06	-0.000135188665293	-5.02803477059e-08	-0.00150931855836	-0.0165244680683	-2.42598484028e-06	6.32083700131e-11	0.0668977737238	16.224331467
-7.25056817812e-06	-0.000107110683668	1.4014236038e-07	-0.00159204768824	-0.013545258299	5.93923970127e-05	1.50645200078e-12	0.0015943819632	9.01141349186
-9.50423794563e-06	-9.60603394015e-05	1.06481455731e-06	-0.00183957819431	-0.0117575235591	0.000149361864142	1.39136257525e-12	0.00147257489323	5.57447508418
-1.22820438133e-05	-8.76307741088e-05	1.82519688661e-06	-0.00208348955366	-0.0105541835679	0.000168009038322	1.02935345265e-12	0.0010894356925	5.64999936537
-2.2534830487e-05	-4.98412849991e-05	3.2542271372e-06	-0.00322266853534	-0.0042966243303	0.000390200996143	7.4345841275e-13	0.000786853270517	7.82447057768
-1.54308518916e-05	-7.81264368565e-05	2.41117306226e-06	-0.00248463748213	-0.0090200659492	0.000254006668208	5.71157523121e-13	0.000604495365639	0.0
-1.66111373129e-05	-7.20578326311e-05	2.11738316082e-08	-0.00257897360612	-0.00804919856574	7.47848689142e-05	2.2848375887e-13	0.000241820107011	0.0
-1.01116466967e-05	-9.69637680946e-05	9.54449094776e-06	-0.00221222018558	-0.0118675279825	0.00115836798115	1.33570001056e-13	0.00014136633653	14.51752587
-1.90059604734e-05	-6.55011005455e-05	1.73629702496e-07	-0.0028014401995	-0.0069256534798	1.52843560278e-05	1.14261718809e-13	0.000120931050881	0.0
-2.20005023768e-05	-4.37519616982e-05	1.96557213625e-06	-0.00309178098328	-0.0034102260821	0.000262762583439	5.71187395334e-14	6.0452698146e-05	0.0
-1.52610561816e-05	-5.22140523187e-05	-4.1673541961e-06	-0.00256123326464	-0.00472269069299	-0.000440312845549	5.71154203986e-14	6.0449185277e-05	0.0
-1.89476019567e-05	-5.85860752014e-05	2.90137022539e-06	-0.00281383412019	-0.00570494741685	0.000285289821034	5.71143140203e-14	6.044801432e-05	0.0
-2.01279533299e-05	-5.61369999734e-05	-5.60039478897e-06	-0.00306312029292	-0.005361501301	-0.000756634992763	5.71021941493e-14	6.0435187026e-05	0.0
-1.23714648152e-05	-7.62129407902e-05	-8.37932164966e-06	-0.00233788931438	-0.00864697124131	-0.00177520729112	5.70855984752e-14	6.041762268e-05	0.0
-4.44210557985e-06	-4.65503528868e-05	6.50115066444e-08	-0.0016582022013	-0.00372979817058	-0.000916884955124	5.70855984752e-14	6.041762268e-05	0.0
-1.30488491545e-05	-5.60341624575e-05	1.48130454727e-05	-0.00257829577709	-0.00536526270683	0.00223063954513	5.70833857187e-14	6.0415280767e-05	0.0
-1.72050391557e-05	-6.71762693545e-05	5.46728812317e-06	-0.0029171384431	-0.00724153051849	0.000701740867548	5.70833857187e-14	6.0415280767e-05	0.0
-1.71238277083e-05	-6.38342250984e-05	1.91552097165e-06	-0.00260922652009	-0.00669657201239	0.00038102746681	5.70789602056e-14	6.0410596942e-05	0.0
-1.97999303014e-05	-6.74644987778e-05	3.8849470429e-06	-0.00306864770593	-0.00728596855768	0.000399795212367	5.7076747449e-14	6.0408255029e-05	0.0
-1.75946551825e-05	-5.49093686746e-05	-4.10718951095e-06	-0.00285305435436	-0.00510553707005	-0.000564535349768	5.70756410708e-14	6.0407084073e-05	0.0
1.81712947907e-05	-0.000156059866532	4.63985384756e-05	0.00157976349835	-0.0193348473492	0.00515306659467	5.81637238681e-14	6.1558677078e-05	100.0
3.9007284952e-06	-0.000167880804416	-3.07814776457e-06	-0.000462486276442	-0.0200784794177	-0.000479417708291	3.87611027574e-14	4.1023546106e-05	100.0
-1.06939570578e-05	-5.18892701278e-05	8.34315742169e-06	-0.00198137972838	-0.0047141529993	-0.000266125618439	1.94014242106e-14	2.053386421e-05	100.0
-1.64958800092e-05	-6.69585283542e-05	-4.56615225567e-07	-0.0024134148941	-0.00702458837273	3.7208184471e-05	1.94004184121e-14	2.0532799704e-05	100.0
-1.1864394876e-05	-7.80484568755e-05	-8.07053749262e-06	-0.00202325415364	-0.00877779868182	-0.00169881570751	1.93961085659e-14	2.0528238296e-05	100.0
-1.76096099735e-05	-5.92489745304e-05	-3.18435878239e-06	-0.00250570635034	-0.00581652148563	-0.000405948079975	1.93961085659e-14	2.0528238296e-05	100.0
-8.14289622038e-06	-5.70470016783e-05	2.12727918714e-05	-0.00167147642093	-0.00571874655401	0.00127398493155	1.93957816814e-14	2.0527892332e-05	100.0
-2.17915126054e-05	-0.000160435443023	-2.43549202502e-05	-0.00302746827335	-0.0195477223564	-0.00244885273262	1.93941522879e-14	2.0526167833e-05	100.0
-4.06424531569e-05	-0.000186157970075	-2.10633395539e-05	-0.00548359962917	-0.0230553896652	-0.0025685865744	1.93931816925e-14	2.0525140585e-05	100.0
-2.52971379953e-05	-0.000120917163168	-1.75574992913e-05	-0.00305964160723	-0.014627178449	-0.00158796406255	1.9392211097e-14	2.0524113337e-05	100.0
-1.35097992661e-05	-4.51493435515e-05	1.27467406286e-05	-0.00249524960884	-0.00350993559974	0.00184138297697	1.93917534587e-14	2.0523628986e-05	100.0
3.76548696582e-06	-0.000165945552121	9.08306735466e-07	-0.000380277057784	-0.0197629136302	0.000215228878027	3.87764914733e-14	4.1039833045e-05	100.0
3.4252226098e-05	-0.000176095490168	-5.88760465258e-05	0.00364760930183	-0.0219487733497	-0.00695930446455	1.93912505595e-14	2.0523096734e-05	100.0
-1.33456794382e-05	-0.000106361026173	1.26626998669e-05	-0.00256264960913	-0.0133951808831	0.00151367082534	1.93910594578e-14	2.0522894477e-05	100.0
1.51960289158e-06	-9.44287344258e-05	1.01253601987e-05	-0.000723316499102	-0.0113836642571	0.000255698427406	1.93903805438e-14	2.0522175936e-05	100.0
3.18366704647e-06	-0.000162031569016	-2.53696299188e-06	-0.000579703204422	-0.0191627877812	-0.000453475175467	1.93903805438e-14	2.0522175936e-05	100.0
2.36292367208e-06	-0.000105956701053	-1.02356227106e-06	-0.000796240352016	-0.0132181876507	0.000875394357381	1.93903805438e-14	2.0522175936e-05	100.0
2.18568747075e-05	-0.000180784720561	-2.75965772212e-05	0.00203437073522	-0.0223126323188	-0.00305889900689	1.9390290022e-14	2.052208013e-05	100.0
-1.80612165525e-05	-7.44857879986e-05	-1.06714459707e-05	-0.00259427406317	-0.00815278036577	-0.000393647604132	1.9390290022e-14	2.052208013e-05	100.0
2.94774840034e-05	-0.00014966300404	-8.66804833941e-05	0.00308917201586	-0.0186882193571	-0.0103704154328	1.9390290022e-14	2.052208013e-05	100.0
-1.27945523967e-05	-8.06621754076e-05	-9.13329897549e-06	-0.00237975854399	-0.00927470690155	-0.0017148975099	1.93897167169e-14	2.0521473362e-05	100.0
-1.08050394543e-07	-9.40135299332e-05	9.16399443913e-06	-0.00128422707724	-0.011484322991	0.0016515500169	1.93897167169e-14	2.0521473362e-05	100.0
-1.20761853965e-05	-5.37026793056e-05	1.3434836274e-05	-0.00205135965628	-0.00511903006737	0.000260268290068	1.93893848034e-14	2.0521122075e-05	100.0
2.32168319271e-05	-0.000190990590336	-2.11948442539e-05	0.00218288086308	-0.0236462929516	-0.00234372107996	1.93893848034e-14	2.0521122075e-05	100.0
-3.83595857057e-05	-0.000156354436942	8.86086407245e-06	-0.00489966949336	-0.0190051455131	0.000928276967234	1.93893395425e-14	2.0521074173e-05	100.0
2.26474330687e-05	-0.000171630936068	-3.24173668235e-05	0.00209824107241	-0.0211267131127	-0.00358737905938	1.93893395425e-14	2.0521074173e-05	100.0
2.269015089e-05	-0.000119870752372	-9.7553013166e-05	0.00225335640924	-0.0148773549788	-0.0116518664609	1.93893395425e-14	2.0521074173e-05	100.0
1.33617065092e-05	-0.000183350851651	-1.42375922581e-06	0.00091006947314	-0.022407746759	-0.000134156182325	1.93890579189e-14	2.0520776111e-05	100.0
-4.78544950934e-06	-7.64418816491e-05	9.51693202877e-06	-0.00137008347521	-0.00862596271968	0.000139275600773	1.93887360634e-14	2.0520435469e-05	100.0
5.5743045717e-06	-0.000169210730036	-1.22026165891e-06	-0.000212156542505	-0.0202267522171	-0.00035654173672	1.93887360634e-14	2.0520435469e-05	100.0
5.6219160731e-08	-8.38956707356e-05	-1.27446651244e-06	-0.00101327514645	-0.00987858559889	0.000738150847891	1.93887360634e-14	2.0520435469e-05	100.0
-8.84198970621e-06	-5.49384508686e-05	-2.42265314643e-05	-0.00171158788815	-0.00551013704428	-0.00154018950059	1.93887360634e-14	2.0520435469e-05	100.0
1.29277116402e-05	-0.000181461701647	-5.90126916887e-06	0.000846740606356	-0.0221431630167	-0.00050047500212	1.93887360634e-14	2.0520435469e-05	100.0
-1.17798293556e-05	-5.09383574816e-05	1.60463927125e-05	-0.00195844590385	-0.00470913843568	0.000466473850919	1.93887058895e-14	2.0520403534e-05	100.0
7.96493988133e-05	-0.000268948395734	-4.93071705378e-05	0.00950317027185	-0.0339806137082	-0.00612649397744	1.93887058895e-14	2.0520403534e-05	100.0
3.14446982453e-05	-0.000121084586039	-0.000112190482461	0.00339302395172	-0.0151576741051	-0.0135143031538	1.93887058895e-14	2.0520403534e-05	100.0
1.23248654194e-05	-0.000179278891147	-3.64567452436e-06	0.000728253706436	-0.0218825888486	-0.0001950688433	1.93884142079e-14	2.0520094827e-05	100.0
2.55695231623e-05	-0.000179602522852	-2.84427223689e-05	0.00243542773896	-0.0222264116153	-0.00312451821773	1.93884142079e-14	2.0520094827e-05	100.0
3.205950822e-06	-7.76626337637e-05	5.40796203625e-05	-0.000287472013394	-0.00910806705088	0.00566707158103	1.93883890629e-14	2.0520068215e-05	100.0
2.96062252141e-05	-0.00010551492657	0.000234276990247	0.00331771327893	-0.0134962519419	0.0292530756802	1.93883890629e-14	2.0520068215e-05	100.0
2.13815911138e-05	-0.000168658205855	-3.26171091926e-05	0.00194906150545	-0.0207946142426	-0.00354920137166	1.93883890629e-14	2.0520068215e-05	100.0
4.19955292873e-05	-0.00016660335975	-8.46864228864e-05	0.00466940201571	-0.0208239412905	-0.0102440515107	1.93883890629e-14	2.0520068215e-05	100.0
3.90682706141e-05	-0.000177340854217	7.29311766334e-05	0.00430267756104	-0.022213905155	0.00874849915598	1.93877755259e-14	2.0519418866e-05	100.0
-1.6569783166e-05	-5.67603741983e-05	-6.82151225098e-06	-0.00263543457942	-0.00537721422203	-0.000968385131173	1.93877755259e-14	2.0519418866e-05	100.0
-1.79794417348e-05	-9.18207662698e-05	6.82101493106e-06	-0.00308367930717	-0.0111259077576	0.00066957578504	1.93877755259e-14	2.0519418866e-05	100.0
-2.83195959212e-05	-0.000176477193956	9.02005017575e-05	-0.00408786473461	-0.0220704431884	0.0110370307771	1.93877554099e-14	2.0519397576e-05	100.0
4.1967969115e-05	-0.000221944543386	4.01779965696e-05	0.00468252552973	-0.0278455679119	0.00484578544107	1.93877554099e-14	2.0519397576e-05	100.0
1.2312604664e-05	-0.000143694880003	1.62400455777e-05	0.000399781238457	-0.0175795638876	0.000863590549153	1.93874637284e-14	2.0519088869e-05	100.0
-3.73153249614e-05	-0.000126361882275	-2.18570842613e-06	-0.00447359711472	-0.0152702614569	-0.00049523181691	1.93871267859e-14	2.051873226e-05	100.0
1.94832908106e-05	-0.000164136237709	6.12894209289e-05	0.0018066021642	-0.0204031139677	0.00717383590853	1.93865383938e-14	2.0518109524e-05	100.0
-3.69901461118e-06	-8.54489292942e-05	-4.330645616e-05	-0.00102563285386	-0.010162586776	-0.00428027592765	1.93865383938e-14	2.0518109524e-05	100.0
3.26877457869e-06	-0.000102245507288	-8.91962851313e-05	-0.000113099047303	-0.0126798762198	-0.0103602156306	1.93865383938e-14	2.0518109524e-05	100.0
6.11588625646e-05	-0.000223658964613	5.05891624258e-05	0.00710361793733	-0.0281140907084	0.00618680407723	1.93865031909e-14	2.0518072266e-05	100.0
-1.9508840425e-05	-4.528276501e-05	6.79672155053e-06	-0.00299154358426	-0.00360158486659	0.000684429913579	1.93859298858e-14	2.0517465498e-05	100.0
3.61363699243e-05	-0.000188324312928	5.94877363104e-05	0.00390777544083	-0.0235587280992	0.00708634095534	1.93859298858e-14	2.0517465498e-05	100.0
2.41385688058e-05	-0.000199787803858	-5.63175663188e-06	0.00231118222511	-0.0247307961014	-0.000705914159272	1.93859298858e-14	2.0517465498e-05	100.0
-4.54515095795e-06	-0.000103360590225	-4.49479130815e-05	-0.0011423003157	-0.0125278318907	-0.00465009278997	1.93859298858e-14	2.0517465498e-05	100.0
1.49847623172e-05	-0.000185846863588	-1.44290090895e-06	0.00104912069022	-0.0227526967912	-9.18759050006e-05	1.93859298858e-14	2.0517465498e-05	100.0
4.47621667051e-05	-0.000217619299658	-3.8792675156e-05	0.0050062154122	-0.0272626218646	-0.00467184264543	1.93858745669e-14	2.051740695e-05	100.0
3.22944625775e-05	-0.000126345157672	-0.000102010685677	0.00348021006044	-0.0158161705501	-0.0122336855619	1.93858745669e-14	2.051740695e-05	100.0
2.38974339319e-05	-0.000117505430129	-7.78016819928e-05	0.0023550975644	-0.0145399792505	-0.00905798827389	1.93858745669e-14	2.051740695e-05	100.0
-2.0987869443e-05	-7.90008301368e-05	-1.10730827915e-05	-0.00346429990862	-0.00916927335325	-0.00149938296051	1.93856281463e-14	2.0517146146e-05	100.0
-1.31128669387e-05	-4.77668833484e-05	-2.95862596252e-06	-0.0023006190495	-0.00395389030755	-0.00141654857707	1.93856281463e-14	2.0517146146e-05	100.0
-1.72095678578e-05	-8.73292507164e-05	-2.35196738933e-06	-0.00316280374176	-0.0106349133757	-0.000245742518686	1.93856281463e-14	2.0517146146e-05	100.0
1.55287833993e-05	-0.000145285937636	3.65253583492e-05	0.00117169629594	-0.0179337157724	0.00371833252744	1.93856281463e-14	2.0517146146e-05	100.0
-2.25420019972e-05	-2.87174831694e-05	4.30747074156e-05	-0.00271586243609	-0.0028238736015	0.00305518986793	1.93856281463e-14	2.0517146146e-05	100.0
0.000152204246273	-0.00029931901131	0.000105548388283	0.0187626966465	-0.0379931523888	0.0132184731546	1.93856281463e-14	2.0517146146e-05	100.0
-1.43030209527e-05	-8.06813967573e-05	9.68913409942e-06	-0.00298051970205	-0.00953123715768	0.00134407345511	1.93856281463e-14	2.0517146146e-05	100.0
7.99568661107e-05	-0.00026248489589	3.78986523603e-05	0.00950828761677	-0.0331332089867	0.00468461339819	1.93856281463e-14	2.0517146146e-05	100.0
1.01889983097e-05	-0.000110404251656	-8.74532167389e-06	0.000152918142907	-0.0137757227527	-6.31943682331e-05	1.93856281463e-14	2.0517146146e-05	100.0
2.23739788169e-05	-0.000193349880608	-3.15322070851e-06	0.0020127095133	-0.0238807209617	-0.000256446092306	1.93856281463e-14	2.0517146146e-05	100.0
1.381315038e-05	-0.000155515344016	-1.53033288996e-05	0.000699189069859	-0.0188530188574	-0.00108182035178	1.93856281463e-14	2.0517146146e-05	100.0
1.927791361e-05	-0.000165603249084	-3.115524634e-05	0.00162730553379	-0.0204570164617	-0.00326051404904	1.93856281463e-14	2.0517146146e-05	100.0
-1.41343486308e-06	-0.000135365494711	2.77554120294e-05	-0.000832826800889	-0.0165195049974	0.00231368944632	1.93855677984e-14	2.0517082276e-05	100.0
-5.97818623671e-06	-7.56302987139e-05	4.4803502385e-05	-0.00134335454081	-0.00872551468071	0.00443557673584	1.93855677984e-14	2.0517082276e-05	100.0
8.83506541247e-06	-0.000165374374222	-1.69128262265e-05	0.000333738324375	-0.0200096018202	-0.00154439207459	1.93855677984e-14	2.0517082276e-05	100.0
4.99881767468e-05	-0.000155559210269	-0.000146199103735	0.00579162772963	-0.0196622109683	-0.0180517127956	1.93855677984e-14	2.0517082276e-05	100.0
-1.4120481888e-05	-8.38421295992e-05	5.09877098371e-06	-0.00212678147182	-0.00995427706346	0.000582524023499	1.93853314357e-14	2.0516832117e-05	100.0
4.62403050413e-05	-0.000208331517195	6.82127279436e-05	0.0052177289728	-0.0262101166252	0.00824855394984	1.93853314357e-14	2.0516832117e-05	100.0
3.30097742394e-05	-0.000215323911298	-6.58788565966e-06	0.0034390152689	-0.0268496740277	-0.000818918601369	1.93853314357e-14	2.0516832117e-05	100.0
0.0001026248572	-0.000281203304132	-9.37354484485e-06	0.0124199429772	-0.0355534808769	-0.00116788237198	1.93852560008e-14	2.0516752279e-05	100.0
2.88483177114e-05	-8.71633641307e-05	-0.000161116702245	0.00315046954261	-0.0110548899409	-0.0197346746187	1.93852560008e-14	2.0516752279e-05	100.0
9.93333726641e-06	-7.27428584049e-05	1.511407601e-05	0.000122397100713	-0.00824138332468	0.000929151887473	1.93850347252e-14	2.0516518088e-05	100.0
-2.79099803912e-05	-1.15446756783e-05	7.56280668372e-05	-0.00350208009639	-0.00164172410101	0.00764001637604	1.93849442033e-14	2.0516422282e-05	100.0
-8.10255780198e-06	-7.15985621646e-05	5.31295102725e-05	-0.00154787388892	-0.00836218149827	0.00538641040857	1.93847380147e-14	2.0516204059e-05	100.0
1.09935423499e-05	-0.000131624645256	9.99362455565e-05	0.000894638690123	-0.0165482823779	0.0118861360139	1.93847380147e-14	2.0516204059e-05	100.0
2.2780851203e-05	-0.000186861834023	1.94639287817e-05	0.00208709767741	-0.0230988331085	0.0020870643602	1.93847380147e-14	2.0516204059e-05	100.0
6.44576111343e-05	-0.00023091675006	2.80755446267e-05	0.00748201907113	-0.0290387308428	0.00338045268721	1.93847380147e-14	2.0516204059e-05	100.0
2.04851312339e-05	-0.000199718691985	3.1009690277e-06	0.00183005010153	-0.0247236693837	0.000240163682731	1.93847380147e-14	2.0516204059e-05	100.0
1.70713128546e-06	-8.74664424485e-05	-4.70814110906e-05	-0.000403148630765	-0.0105114208889	-0.00477698790264	1.93847380147e-14	2.0516204059e-05	100.0
4.20770037504e-05	-0.000125379789045	-0.000103629221355	0.0046838828161	-0.0157400172436	-0.0124427862999	1.93847380147e-14	2.0516204059e-05	100.0
1.96692565464e-05	-0.00011809303358	-6.87108302872e-05	0.00181325803632	-0.0146305402377	-0.00784621257302	1.93847380147e-14	2.0516204059e-05	100.0
2.93735765813e-05	-0.000121099880468	-9.56287930574e-05	0.00307525153353	-0.0151693230644	-0.0113616793747	1.93847380147e-14	2.0516204059e-05	100.0
5.04987439049e-05	-0.000240004158355	-5.15010576985e-05	0.00576604138743	-0.0302201963368	-0.00628471543732	1.93847380147e-14	2.0516204059e-05	100.0
7.36598503003e-05	-0.000241632427954	-6.23364418034e-05	0.00871615939958	-0.030496051173	-0.00763708799887	1.93847380147e-14	2.0516204059e-05	100.0
-2.17602821669e-05	-5.73070662589e-05	-7.92790496516e-06	-0.0027808484286	-0.00536056420251	-0.000310773211273	1.93846324058e-14	2.0516092285e-05	100.0
-4.38021020944e-05	6.5478928526e-05	5.30951800111e-05	-0.00516202291037	0.00673000922118	0.00566410816677	1.93846324058e-14	2.0516092285e-05	100.0
2.40212225574e-06	-0.000161847105609	-1.01731817484e-06	-0.000545763170901	-0.019073147956	-0.000252906360359	1.93844463331e-14	2.0515895352e-05	100.0
-4.40903175756e-06	-7.58457904374e-05	5.95481397116e-05	-0.00115112378207	-0.00889967370777	0.00631501641566	1.93843206083e-14	2.0515762289e-05	100.0
5.09786521146e-05	-0.000228285419032	-2.74757451257e-05	0.00579290973097	-0.0286240103853	-0.00335186243825	1.93843206083e-14	2.0515762289e-05	100.0
7.49142460622e-06	-9.68598395966e-05	-0.000109760350673	0.000419261464289	-0.0120477487923	-0.0130332010594	1.93843206083e-14	2.0515762289e-05	100.0
8.61979678699e-06	-9.21455208854e-05	1.16401896407e-06	-0.000149264584442	-0.011178836395	-0.000568841278831	1.93841546516e-14	2.0515586645e-05	100.0
2.26670054375e-05	-0.00010924518171	8.77178962815e-06	0.00161778648068	-0.0135320323543	0.000345898622091	1.93841546516e-14	2.0515586645e-05	100.0
2.64440610852e-06	-9.30210919707e-05	1.24163394914e-05	-0.00061598595442	-0.0112222749853	0.000504304873814	1.93841546516e-14	2.0515586645e-05	100.0
-9.64111310376e-06	-6.81783567057e-05	-1.52632180493e-06	-0.00205460108206	-0.00740063801942	-0.00114750614651	1.93841546516e-14	2.0515586645e-05	100.0
-3.06125923348e-05	9.41930456768e-06	7.7650591119e-05	-0.00373621359493	0.000597655512214	0.00795569873272	1.93840138398e-14	2.0515437614e-05	100.0
3.76381835113e-06	-0.000168676529986	3.89220193172e-05	-0.000117250985755	-0.0207778185913	0.00434781611403	1.93840138398e-14	2.0515437614e-05	100.0
-4.3250284182e-05	-0.00023296409894	-6.30357898864e-06	-0.00594488289812	-0.0292411205871	-0.000618462776146	1.93840138398e-14	2.0515437614e-05	100.0
-5.0018068927e-05	6.44171456185e-05	-5.46405747024e-05	-0.00591723907234	0.00670454127976	-0.00587882853291	1.93840138398e-14	2.0515437614e-05	100.0
-1.73880079491e-05	-8.07163875963e-05	-4.86907328334e-06	-0.00321781363171	-0.00953400414421	-0.000683625892336	1.93830130704e-14	2.0514378431e-05	100.0
-4.07160634426e-05	1.65611919515e-05	9.87664497955e-05	-0.00510637905195	0.00144002140745	0.0111271120788	1.93830130704e-14	2.0514378431e-05	100.0
4.05547052308e-05	-0.000148673915711	6.03913396476e-05	0.00439342991054	-0.0185927833634	0.00696618169451	1.93830130704e-14	2.0514378431e-05	100.0
-3.24407321447e-05	-3.54445296633e-05	5.19566849457e-05	-0.00390015854729	-0.00394458289576	0.0045973708251	1.93830130704e-14	2.0514378431e-05	100.0
-7.85100666677e-05	7.41325781785e-05	-5.50331734815e-05	-0.00951619840003	0.00816452001504	-0.00635369752738	1.93830130704e-14	2.0514378431e-05	100.0
0.000131120431816	-0.000312962870748	0.000100120660267	0.0160854417173	-0.0397020140457	0.0125181778169	1.93830130704e-14	2.0514378431e-05	100.0
-7.87825450045e-05	1.2863566875e-05	-0.000131605099283	-0.00990007051057	0.0010777570533	-0.0158098176174	1.93830130704e-14	2.0514378431e-05	100.0
-7.38473353418e-05	6.52217555266e-05	-0.000131005607488	-0.00935721506	0.00754987694275	-0.0158819196859	1.93830130704e-14	2.0514378431e-05	100.0
0.000151613124491	-0.000323976946084	5.43087279604e-05	0.0186619861947	-0.0410818517889	0.00680481564853	1.93830130704e-14	2.0514378431e-05	100.0
1.27672903134e-05	-0.000107725560782	-5.97097794628e-05	0.000941126919563	-0.0132860593803	-0.00657992308763	1.93830130704e-14	2.0514378431e-05	100.0
6.24206301955e-06	-0.000173524116096	2.64848792644e-07	-0.000136607569162	-0.0209294123795	0.000252161055998	1.93830130704e-14	2.0514378431e-05	100.0
5.5423529091e-05	-0.000154411722031	-0.000145123477276	0.00645530142809	-0.0195524945061	-0.0178802838463	1.93830130704e-14	2.0514378431e-05	100.0
4.34705772727e-05	-0.000212954459251	-1.94376832711e-05	0.00473782383769	-0.0266192852801	-0.00225697157211	1.93830130704e-14	2.0514378431e-05	100.0
8.05522554473e-05	-0.000226093098637	-0.000101225535204	0.0096272058786	-0.0285829049717	-0.0125033900383	1.93830130704e-14	2.0514378431e-05	100.0
3.65116084497e-06	-0.000166492017282	4.17142934448e-06	-0.000532880101689	-0.0199186069114	0.000716766204741	1.93830130704e-14	2.0514378431e-05	100.0
4.36006217654e-05	-0.00017249864267	-4.57651719972e-05	0.00474640368123	-0.0215452263128	-0.00525260885477	1.93830130704e-14	2.0514378431e-05	100.0
2.23787706331e-05	-0.000155920493573	6.02972972342e-05	0.00218235274609	-0.0193906493694	0.00694141461168	1.93827817367e-14	2.0514133595e-05	100.0
3.00681250245e-05	-0.000171066266286	-5.61277332686e-05	0.00311638315528	-0.0212335598135	-0.0066201025476	1.93827817367e-14	2.0514133595e-05	100.0
2.95663971406e-05	-0.00014445427642	-7.90883330868e-05	0.00308764304608	-0.0179543203343	-0.00939437651169	1.93827817367e-14	2.0514133595e-05	100.0
-1.27787303158e-05	-4.91803937307e-05	4.25893808808e-06	-0.00218235422243	-0.00425620449289	-0.000779981170253	1.93824548522e-14	2.051378763e-05	100.0
9.7349488598e-06	-0.000173824434575	8.7619998832e-06	0.000408627822778	-0.021154233761	0.000595306612738	1.93824548522e-14	2.051378763e-05	100.0
9.51391688491e-05	-0.000245559722241	9.38165301039e-05	0.0114601936815	-0.0310781578523	0.0116291153742	1.93824548522e-14	2.051378763e-05	100.0
1.02333004042e-05	-0.000184770700837	-9.76076285757e-07	0.000511565052353	-0.0225735771905	-0.000228481562971	1.93824548522e-14	2.051378763e-05	100.0
0.000101777027773	-0.000278434344688	1.31891283744e-05	0.0122723838479	-0.0351980524161	0.00162275154425	1.93824548522e-14	2.051378763e-05	100.0
6.74677240978e-06	-0.000112858856928	-7.27415478314e-05	0.000249702196902	-0.0138894114906	-0.00835410808318	1.93824548522e-14	2.051378763e-05	100.0
1.72094743632e-05	-0.000170900634316	-5.8011234698e-06	0.00117268624661	-0.0208864095146	-0.000213096018491	1.93824548522e-14	2.051378763e-05	100.0
-1.45367817297e-05	-5.30733189072e-05	3.20264902166e-05	-0.00222158921215	-0.00536633340291	0.00241450476807	1.93821681997e-14	2.0513484246e-05	100.0
3.48304837965e-05	-0.000153418062962	9.85250904577e-05	0.00380402071362	-0.0192141080672	0.0119077399448	1.93821681997e-14	2.0513484246e-05	100.0
7.70958083496e-05	-0.000182877308407	0.000159821023495	0.00924131807981	-0.023192873125	0.0198481934186	1.93819016631e-14	2.0513202152e-05	100.0
-1.44269684201e-08	-8.95276484574e-05	4.64917726867e-06	-0.00121352343041	-0.0108333883162	0.00123620937483	1.93819016631e-14	2.0513202152e-05	100.0
9.32818014301e-05	-0.000271436788919	-2.77860164991e-05	0.0112088460963	-0.0342901306517	-0.00345370060927	1.93819016631e-14	2.0513202152e-05	100.0
-3.81379826478e-06	-5.5524505049e-05	-4.36481971578e-06	-0.00176681884806	-0.00538746192341	-0.0011321795973	1.93816250685e-14	2.0512909413e-05	100.0
8.93493942758e-06	-0.000116669164276	1.03166273676e-05	-3.76967302634e-05	-0.0146538422186	0.000119235220973	1.93816250685e-14	2.0512909413e-05	100.0
4.37555708191e-05	-0.000172525749466	6.14241028626e-05	0.0048063541665	-0.0215892885493	0.00725064280416	1.93816250685e-14	2.0512909413e-05	100.0
-2.75851517177e-05	-1.44613751077e-05	6.98837865879e-05	-0.0033885251955	-0.001973992777	0.00682993337519	1.93816250685e-14	2.0512909413e-05	100.0
7.5624405368e-06	-6.14142630895e-05	-4.9737413919e-05	0.000176826289135	-0.00715858977769	-0.00480191608201	1.93816250685e-14	2.0512909413e-05	100.0
3.68415932567e-05	-0.000212608091366	-1.26325196125e-05	0.00388780699572	-0.0265103746555	-0.00152182555763	1.93816250685e-14	2.0512909413e-05	100.0
0.000114772224241	-0.000214532416416	-0.0002289734745	0.014082273946	-0.0273088095243	-0.0287365229002	1.93816250685e-14	2.0512909413e-05	100.0
7.32594776966e-06	-0.000166093517526	3.27563105876e-06	-0.000156509266457	-0.0199719166167	0.000805455608276	1.93816250685e-14	2.0512909413e-05	100.0
3.93642525161e-05	-0.000178096603711	-2.76410679774e-05	0.00412128861963	-0.0221961333212	-0.0029885386401	1.93816250685e-14	2.0512909413e-05	100.0
-6.91743108614e-05	-0.000234407007613	3.64113571892e-06	-0.00923594383989	-0.0294979223244	0.000274003318181	1.93815546626e-14	2.0512834898e-05	100.0
-4.40698516727e-05	5.48825768287e-05	-1.98374692268e-05	-0.00453477734063	0.004698612036	-0.00177718092959	1.93815546626e-14	2.0512834898e-05	100.0
2.36825807722e-05	-0.000132153669431	9.02141342644e-05	0.00240563901919	-0.0165792173002	0.0106718646626	1.93813535029e-14	2.0512621997e-05	100.0
8.9911823745e-06	-0.000103582242672	9.34428823658e-05	0.000615392605279	-0.0129616313363	0.0108973795143	1.93813535029e-14	2.0512621997e-05	100.0
3.2747545618e-05	-0.00016793522614	5.39518175996e-05	0.00340658821943	-0.0209676624858	0.00622046355823	1.93813535029e-14	2.0512621997e-05	100.0
-8.72557828592e-05	7.84745229265e-05	0.000159312887272	-0.0111243544917	0.00932487397545	0.0195900148719	1.93813535029e-14	2.0512621997e-05	100.0
4.31088025292e-05	-0.000213060150127	0.000183220215968	0.00501419556528	-0.0270825180371	0.0228103055671	1.93813535029e-14	2.0512621997e-05	100.0
3.64178899921e-05	-0.000187577777482	0.000226089780976	0.00421365235287	-0.0239163120159	0.028242133468	1.93813535029e-14	2.0512621997e-05	100.0
-6.59224545306e-05	2.64127386781e-05	-4.89132158851e-05	-0.00735287061186	0.00216427436817	-0.00498592306514	1.93813535029e-14	2.0512621997e-05	100.0
8.60821847981e-06	-0.000168577764376	9.68743077905e-08	4.30521039088e-05	-0.0203009595163	-0.000373677278096	1.93813535029e-14	2.0512621997e-05	100.0
-9.97744843704e-05	-2.48377804765e-06	-0.000132666708137	-0.012509683343	-0.000817166503712	-0.0160354609122	1.93813535029e-14	2.0512621997e-05	100.0
-1.18276967501e-06	-0.000106693559663	-9.97180147231e-07	-0.00115859653603	-0.0133927354454	0.000990187807326	1.93813535029e-14	2.0512621997e-05	100.0
5.41039246269e-06	-8.83280224656e-05	-4.68353086365e-05	-1.68820249783e-05	-0.0106717258075	-0.00475864313065	1.93813535029e-14	2.0512621997e-05	100.0
2.64769893292e-05	-0.000203772766092	-8.07378435902e-06	0.00255745275787	-0.0253055981696	-0.000895676368094	1.93813535029e-14	2.0512621997e-05	100.0
8.9759647468e-05	-0.0001817403829	-0.00023901661111	0.0109204870388	-0.0231569362864	-0.0299410276592	1.93813535029e-14	2.0512621997e-05	100.0
0.000129738583318	-0.000306622297091	-7.71796361671e-05	0.0158740469788	-0.0388620905896	-0.00964599121793	1.93813535029e-14	2.0512621997e-05	100.0
0.000119107802675	-0.000304397043547	-9.40314334501e-05	0.0145514236453	-0.0385821622235	-0.0117410180478	1.93813535029e-14	2.0512621997e-05	100.0
4.7319221071e-05	-0.000218215890769	-3.09885693761e-05	0.00527883056243	-0.0273713271976	-0.00364218453761	1.93813535029e-14	2.0512621997e-05	100.0
5.68900817938e-05	-0.000231930644719	-5.4707766868e-05	0.00657135402471	-0.0292273355869	-0.00661870921259	1.93813535029e-14	2.0512621997e-05	100.0
-1.7838893364e-06	-7.34342681857e-05	3.81489437403e-05	-0.00091945334659	-0.00840716218645	0.00353836645283	1.93812478941e-14	2.0512510223e-05	100.0
8.23621083198e-05	-0.000246618976148	2.19464509571e-06	0.0097855299133	-0.0310552747543	0.000260447220662	1.93812478941e-14	2.0512510223e-05	100.0
-4.44356907902e-05	2.39342322578e-05	-0.000118269705259	-0.00565968934074	0.00242248963009	-0.0138519282554	1.93812478941e-14	2.0512510223e-05	100.0
8.97436916059e-06	-4.26932237612e-05	-0.000128833555991	0.000618939439339	-0.00541110568452	-0.0152770590192	1.93812478941e-14	2.0512510223e-05	100.0
9.89365727583e-05	-0.000217519005336	0.000155424256984	0.0120012495148	-0.0275894880462	0.0193734620964	1.93810819374e-14	2.051233458e-05	100.0
6.71806480398e-06	-0.000113824961253	0.00022870837052	0.000444259410072	-0.0145600780705	0.0285086308744	1.93810819374e-14	2.051233458e-05	100.0
-6.5153459352e-06	-9.86388379724e-05	1.11999934348e-05	-0.00210427925455	-0.0122441517109	0.00169435468743	1.93810819374e-14	2.051233458e-05	100.0
0.00012589091495	-0.000297623022491	-6.20993430691e-06	0.0153678771546	-0.0376714534224	-0.000774565064135	1.93810819374e-14	2.051233458e-05	100.0
0.000127038944058	-0.000290272547181	-7.65631051592e-05	0.015543941765	-0.0367796332076	-0.0095717849457	1.93810819374e-14	2.051233458e-05	100.0
3.71165539156e-05	-0.000155639261883	0.000110783223868	0.0040947385821	-0.0195149519149	0.0135074540711	1.93809411256e-14	2.0512185549e-05	100.0
8.24218199852e-05	-0.000218477955348	7.0534390935e-05	0.00980596677454	-0.0275085253043	0.00870008386496	1.93809411256e-14	2.0512185549e-05	100.0
1.52477835729e-05	-0.000178012087508	9.43162484732e-06	0.00112214878073	-0.0217085053725	0.000897315125115	1.93809411256e-14	2.0512185549e-05	100.0
6.39885686515e-05	-0.000210232274135	0.000205277024762	0.00765796768859	-0.0267210564279	0.0256439308971	1.93808103718e-14	2.0512047163e-05	100.0
5.96412182677e-05	-0.000192563520525	0.000267592868974	0.00716203590546	-0.0245621451566	0.0335605313984	1.93808103718e-14	2.0512047163e-05	100.0
7.11282277362e-07	-8.62568244295e-05	2.69708287452e-06	-0.00107414204509	-0.010295524284	0.00109991198727	1.93808103718e-14	2.0512047163e-05	100.0
-4.40844500389e-06	-8.31294236329e-05	1.88988475182e-06	-0.00151072237203	-0.0097988293742	0.00115310164372	1.93808103718e-14	2.0512047163e-05	100.0
2.35897824567e-06	-3.06268608247e-05	-0.00012063876363	-0.000135851439758	-0.00405185784058	-0.014095273275	1.93808103718e-14	2.0512047163e-05	100.0
3.76981497364e-05	-5.92250096725e-05	-0.000210167148609	0.0043634439813	-0.00773644607868	-0.0260466775571	1.93808103718e-14	2.0512047163e-05	100.0
0.000121623227295	-0.000341792406454	-4.04736314526e-05	0.0148773278465	-0.0433164564411	-0.00505240697772	1.93808103718e-14	2.0512047163e-05	100.0
0.000174356294685	-0.000341247279096	-0.000128238148198	0.0215989613132	-0.0433125013001	-0.0161310235248	1.93808103718e-14	2.0512047163e-05	100.0
0.000128458134578	-0.000291506197327	4.6878817947e-05	0.0157187508829	-0.0369127953692	0.00586925221405	1.93806393861e-14	2.0511866197e-05	100.0
2.19563408004e-05	-4.36279035093e-05	-0.000168607254969	0.00230767397156	-0.005676646702	-0.02058773629	1.93806393861e-14	2.0511866197e-05	100.0
-9.6406634122e-05	7.68999090506e-05	-0.000124402541292	-0.0121352906104	0.00898823134787	-0.0151808323548	1.93805438352e-14	2.0511765069e-05	100.0
0.000169897262843	-0.000332578815682	9.78029025249e-05	0.0210163444459	-0.0422036519547	0.0122805419834	1.93805438352e-14	2.0511765069e-05	100.0
4.83262595682e-05	-0.000205360480756	4.73282539475e-05	0.00541347761254	-0.0257701151719	0.00561233033091	1.93802772986e-14	2.0511482975e-05	100.0
4.18911170492e-05	-0.000206268839387	4.80446418005e-06	0.00448559900952	-0.0257009738695	0.000557065804242	1.93802772986e-14	2.0511482975e-05	100.0
-1.95176763248e-07	-7.84563695398e-05	-3.12079617347e-05	-0.000724629055669	-0.0090627004414	-0.00274098202564	1.93802772986e-14	2.0511482975e-05	100.0
1.72549605059e-05	-0.000157818725892	-7.40502549145e-05	0.00158371673769	-0.0196493068375	-0.00879255511328	1.9380030878e-14	2.0511222171e-05	100.0
4.58063266618e-05	-0.000171988330038	-7.94511547349e-05	0.00514645446626	-0.0214790971665	-0.0096074520957	1.9380030878e-14	2.0511222171e-05	100.0
2.88860728069e-05	-0.000124747680737	6.52884944264e-05	0.00292914086866	-0.0155263272548	0.00744271913033	1.93797492545e-14	2.051092411e-05	100.0
-1.66061339314e-05	-6.31379594904e-05	8.99819605387e-05	-0.00241987855325	-0.0078383698556	0.0101007711181	1.93797492545e-14	2.051092411e-05	100.0
2.55279122559e-05	-0.000156947194958	5.69955943063e-05	0.00251931918947	-0.0195675537932	0.00651179938087	1.93797492545e-14	2.051092411e-05	100.0
-1.69949241958e-05	-5.48392463296e-05	0.000177558744845	-0.00244031018449	-0.00720676363977	0.0217439576773	1.93797492545e-14	2.051092411e-05	100.0
-2.34283134158e-05	-5.19569260734e-05	8.31367319856e-09	-0.00404862701661	-0.00478874228105	9.49312296081e-05	1.93797492545e-14	2.051092411e-05	100.0
3.03424612607e-05	-0.00017776924131	0.000144535769278	0.0033297532208	-0.0224994375915	0.0178124588413	1.93797492545e-14	2.051092411e-05	100.0
-4.33582295881e-05	-4.9827063719e-05	0.000196847259645	-0.00575013555175	-0.0065496322903	0.0242570770423	1.93797492545e-14	2.051092411e-05	100.0
-0.000112742105159	4.69783359965e-05	-0.000118749952869	-0.0140964454846	0.0052553461722	-0.014420484288	1.93797492545e-14	2.051092411e-05	100.0
6.53652809786e-05	-0.000242313046585	3.21105260805e-05	0.00760286963635	-0.0305102336325	0.0038889689475	1.93797492545e-14	2.051092411e-05	100.0
0.000192768844042	-0.000344830957557	0.00012920669167	0.0239228222436	-0.0437717128069	0.0162520770725	1.93797492545e-14	2.051092411e-05	100.0
8.12164194393e-05	-0.000244204811533	0.000102569931091	0.00972984648644	-0.0308880650434	0.0127505142822	1.93797492545e-14	2.051092411e-05	100.0
1.72246248101e-05	-0.000102542843332	-2.20428556755e-05	0.0011907909867	-0.012592482567	-0.00179135526682	1.93797492545e-14	2.051092411e-05	100.0
8.9207583748e-05	-0.000278027544439	-3.16173588739e-05	0.0106825963976	-0.0351286813191	-0.00389920315254	1.93797492545e-14	2.051092411e-05	100.0
0.000120431323706	-0.000253873041817	-0.000162930487626	0.0147502709094	-0.0322081311217	-0.0203950675947	1.93797492545e-14	2.051092411e-05	100.0
1.73452970197e-05	-0.000106444764611	-4.42835009315e-05	0.00140515381712	-0.0130981503793	-0.00459259703709	1.93797492545e-14	2.051092411e-05	100.0
3.44220500219e-05	-0.000207455468696	-1.02393454635e-05	0.00357124076109	-0.0258516074986	-0.00112897795901	1.93797492545e-14	2.051092411e-05	100.0
9.00117123793e-05	-0.00028428815199	-0.000169877510696	0.0109338531394	-0.0361034639933	-0.0212440952782	1.93797492545e-14	2.051092411e-05	100.0
4.6165041428e-05	-0.000132723564975	-0.000110738718395	0.00521210261062	-0.016733208964	-0.0133655556417	1.93797492545e-14	2.051092411e-05	100.0
4.00713597336e-05	-0.000210489419092	-1.96305946807e-05	0.00432724114971	-0.0263151761038	-0.00222337224979	1.93797492545e-14	2.051092411e-05	100.0
4.98591568603e-05	-0.000211567985486	-8.92249210804e-05	0.00571631750595	-0.0266735019818	-0.0109009156119	1.93797492545e-14	2.051092411e-05	100.0
-5.08046308924e-05	4.84691211464e-05	6.12805224306e-05	-0.00594337405933	0.00486791535029	0.0064314693592	1.93797291385e-14	2.051090282e-05	100.0
1.82348606744e-05	-0.000138598444884	2.24432398856e-05	0.00125143532109	-0.0171840225877	0.00177932870267	1.93792262393e-14	2.0510370567e-05	100.0
-3.53488881276e-06	-7.41901968462e-05	2.96589870032e-05	-0.00112432527736	-0.00848137995709	0.00245579320718	1.93792262393e-14	2.0510370567e-05	100.0
1.7603501051e-05	-9.13664874242e-05	4.49291618514e-05	0.00140941698043	-0.0111330615594	0.00458209123846	1.93792262393e-14	2.0510370567e-05	100.0
1.03087858269e-05	-0.000166138493728	-1.12562670767e-06	0.000223364348495	-0.0200709100951	-0.000676180814589	1.93792262393e-14	2.0510370567e-05	100.0
-9.43079976338e-05	0.000132294021408	0.000144656671133	-0.0120037559757	0.0160518891487	0.0179323750637	1.93792262393e-14	2.0510370567e-05	100.0
6.92786935837e-05	-0.000252323214197	0.000148650356037	0.00827952909625	-0.0320045890967	0.0185026516213	1.93792262393e-14	2.0510370567e-05	100.0
4.46191664973e-05	-6.05788747547e-05	0.00025153607167	0.00526592414298	-0.00791904869171	0.0313926923569	1.93792262393e-14	2.0510370567e-05	100.0
-1.19364102674e-06	-0.000103580035441	1.07370636212e-05	-0.00152038255231	-0.0129861157267	0.00167660268831	1.93792262393e-14	2.0510370567e-05	100.0
5.59896730228e-06	-6.45932874257e-05	-2.40714350589e-06	-0.000491364595455	-0.00693206596961	0.000602099616141	1.93792262393e-14	2.0510370567e-05	100.0
3.92479758036e-06	-0.000169741885878	-1.03014737789e-06	-0.000398879460915	-0.020262482678	-5.67730270643e-05	1.93792262393e-14	2.0510370567e-05	100.0
8.72364111396e-05	-8.04517813033e-05	-0.000311985981756	0.0106777571104	-0.0104483827906	-0.0391779320698	1.93792262393e-14	2.0510370567e-05	100.0
9.83216513923e-05	-0.000308097454939	-1.39345738087e-05	0.0118729818226	-0.0389790786705	-0.00171982853044	1.93792262393e-14	2.0510370567e-05	100.0
0.000193909832007	-0.000295079247742	-0.000191375120589	0.0241012821256	-0.0374955341625	-0.0240892214697	1.93792262393e-14	2.0510370567e-05	100.0
3.66983304101e-05	-0.000160294100262	-4.51777970453e-05	0.00383434357851	-0.0199787701069	-0.0050723612312	1.93792262393e-14	2.0510370567e-05	100.0
2.98245551178e-05	-0.000185546870541	-2.6668670256e-05	0.00294871957385	-0.0230424089236	-0.00293415889875	1.93792262393e-14	2.0510370567e-05	100.0
3.83392770349e-05	-0.0001920916083	-3.17136253083e-05	0.00408395724036	-0.0239777016978	-0.00356869863221	1.93792262393e-14	2.0510370567e-05	100.0
9.09879175439e-06	-4.91192985169e-05	0.000119375125598	0.00068065657343	-0.00624600885647	0.0140057156498	1.93791206304e-14	2.0510258794e-05	100.0
0.000162863074421	-0.000290505128359	0.000210503005301	0.0201770288499	-0.0369238205011	0.0265088498081	1.93791206304e-14	2.0510258794e-05	100.0
