# x[AU] y[AU] z[AU] vx[AU/yr/2pi] vy[AU/yr/2pi] vz[AU/yr/2pi] m[MSUN] m[mtot] wf[%]
6.88539147286e-07	9.97256729546e-06	5.85265294867e-09	0.000140850183708	0.00121605333529	3.80688381065e-06	8.70376363827e-10	0.924823148512	19.1654754919
-1.33684955873e-05	-0.000123973274418	3.4800960234e-07	-0.00246358767784	-0.0150196101262	4.07950875814e-05	6.37247550378e-11	0.0677110857336	7.60649333378
-1.91530926946e-05	-6.32937517201e-05	-1.03255855161e-06	-0.00296171711414	-0.00645541632591	-0.000188328755063	7.98493158056e-13	0.000848443256473	10.9904913824
-1.45774895217e-05	-8.22751617413e-05	4.13621833242e-06	-0.00230425349072	-0.0097205164626	0.000437952281614	3.23046311989e-13	0.00034325461924	0.0
-1.29868262153e-05	-9.94098256467e-05	-5.32402808645e-07	-0.00233566655963	-0.0126620989139	-0.00019640443339	2.15873334775e-13	0.000229377388268	10.1742042338
-1.25997684843e-05	-8.90146374136e-05	2.45476504372e-07	-0.00217438296012	-0.0107789425419	-0.000123548510003	5.16898017068e-13	0.000549232804865	0.0
-1.62350122564e-05	-8.55623825155e-05	-3.04447137197e-06	-0.00276917138236	-0.0102849190558	-0.000239517106573	3.0228840767e-13	0.000321198194889	14.5092286543
1.00708362355e-05	-0.000162346386465	2.84851841798e-06	0.000249237643305	-0.0196804130538	0.000136091604375	8.65165981886e-14	9.1928682877e-05	25.352569345
-1.38768685696e-05	-9.2918436198e-05	1.54870780878e-06	-0.00218470628098	-0.0114389380155	0.000236782027383	6.46800303751e-14	6.8726118749e-05	0.0
-2.04199393414e-05	-5.67757818762e-05	-2.22634853472e-06	-0.00303385012054	-0.00545696898931	-0.000317499886838	6.46258178398e-14	6.8668514924e-05	0.0
-2.25127242016e-05	-5.00550864543e-05	8.18375066747e-07	-0.00312309964689	-0.00408725490582	0.000168422215667	1.93832695489e-13	0.000205957986884	0.0
-2.30455002665e-05	-6.46347458297e-05	-6.85295203874e-06	-0.00363904147179	-0.00677707508936	-0.000730434353884	8.65360905621e-14	9.1949394605e-05	25.3411401881
-1.34092030166e-05	-9.71802455688e-05	2.34398495173e-06	-0.00210537465789	-0.0122916922452	0.00024711031426	1.29185202694e-13	0.000137266441117	0.0
-1.84494899418e-05	-8.40934335638e-05	3.72831995416e-07	-0.0027829645231	-0.0100148898743	0.00023976699878	6.45959959165e-14	6.8636827477e-05	0.0
-1.95039459092e-05	-7.74189959884e-05	-3.19130725182e-06	-0.00304972571539	-0.00891402051648	-0.000328382438206	1.29168908759e-13	0.000137249127907	0.0
-2.02956162056e-05	-6.73868650057e-05	6.53835945407e-07	-0.00301783672612	-0.00695631422213	0.000199719260799	6.45905646049e-14	6.8631056407e-05	0.0
-1.59103822465e-05	-8.96057579047e-05	-5.97211473967e-06	-0.00274905993296	-0.0107807883139	-0.000612017788711	6.45824176377e-14	6.8622399803e-05	0.0
-2.00274417028e-05	-5.94961144357e-05	-1.74041214786e-05	-0.00322651810551	-0.00600463942831	-0.00234483966362	6.45824176377e-14	6.8622399803e-05	0.0
-2.14161914719e-05	-5.17432174534e-05	-6.85355110071e-06	-0.00329702113762	-0.00458760827128	-0.000788861700876	6.45824176377e-14	6.8622399803e-05	0.0
-1.89838631406e-05	-7.96771013199e-05	-5.61626014026e-06	-0.00314691532525	-0.00930394125688	-0.000605234701286	6.45742706704e-14	6.8613743198e-05	0.0
-2.19287269896e-05	-5.53670399267e-05	-6.74681781015e-06	-0.00338755842119	-0.00516722047925	-0.000727929078473	6.45701468969e-14	6.860936146e-05	0.0
9.15169582424e-05	-0.000203406770695	-6.0276836965e-05	0.010932401942	-0.0256521539553	-0.00743068108516	4.38794399714e-14	4.6624338063e-05	100.0
-1.26803274092e-05	-9.54589540491e-05	-1.69207203662e-06	-0.0023951252112	-0.0119196726266	-0.000331371705878	2.19740705165e-14	2.3348668375e-05	100.0
-1.65371799308e-05	-5.51738992834e-05	-1.37980656937e-06	-0.00255530163147	-0.00505549097306	-0.000425344940091	4.39143210609e-14	4.6661401154e-05	100.0
-1.31136063997e-05	-8.00355113009e-05	1.14946598073e-06	-0.00231006243047	-0.00942507843959	-3.43791350272e-05	2.19652597223e-14	2.3339306418e-05	100.0
-2.18596548814e-05	-4.77869479368e-05	-3.06884487775e-06	-0.00332235147223	-0.00360021289238	-0.000373170608489	2.19567908995e-14	2.3330307824e-05	100.0
-3.20429844614e-06	-9.43327025242e-05	1.23837189589e-05	-0.0013563610576	-0.0113287148022	0.000436160823376	2.19524911113e-14	2.332573906e-05	100.0
-1.96353767721e-05	-5.05089528497e-05	-3.26791424452e-06	-0.00299122414412	-0.00414784150248	-0.000600681413393	2.19524911113e-14	2.332573906e-05	100.0
6.55522572094e-06	-9.93303705091e-05	4.76842914028e-05	3.98847948687e-05	-0.0119604237775	0.00505203042764	2.19482667579e-14	2.3321250451e-05	100.0
-4.52528832518e-06	-9.37427541407e-05	1.89463707233e-05	-0.00139046971358	-0.0111667853625	0.00124874605522	2.19482667579e-14	2.3321250451e-05	100.0
-5.78424624383e-06	-8.78560108889e-05	8.02887015654e-06	-0.00161281984932	-0.0103935393664	-7.5283784558e-05	4.38800484795e-14	4.6624984636e-05	100.0
5.18888564675e-05	-0.000185761344289	3.73462341547e-05	0.00583913107537	-0.0232320830456	0.00445554215233	2.19461847551e-14	2.3319038207e-05	100.0
-5.44264233709e-06	-2.39089618299e-05	7.27016477381e-05	-0.00122748898247	-0.0027537315122	0.00726352906405	2.19454957832e-14	2.3318306136e-05	100.0
-1.10297176175e-05	-7.13449809216e-05	-1.59572333305e-08	-0.00176752149739	-0.00772515310133	-1.21978183358e-05	2.19454957832e-14	2.3318306136e-05	100.0
3.49162436261e-05	-0.000173690504687	2.72855925836e-05	0.00360396970073	-0.021530703012	0.00317042430516	2.19454957832e-14	2.3318306136e-05	100.0
6.62221771931e-05	-2.68438417145e-05	0.000172610753998	0.0078232840639	-0.00360658540074	0.0212449943295	2.19441228683e-14	2.3316847338e-05	100.0
4.78207800186e-05	-0.000141596601829	8.98552216893e-05	0.00533689476176	-0.0177060606465	0.010878189526	2.19430969539e-14	2.3315757247e-05	100.0
1.49482402927e-05	-0.000107481597741	-6.21504739445e-05	0.00113162090294	-0.0131143762796	-0.00701646354503	4.38841521371e-14	4.6629345e-05	100.0
5.77038046672e-05	-0.000136415529356	-9.05862815733e-05	0.00659223007613	-0.0171147895823	-0.0109355844921	2.19420760685e-14	2.33146725e-05	100.0
-2.95503113815e-05	3.56479152266e-05	-6.58019226713e-05	-0.00350344893523	0.00329881872887	-0.00654972636948	2.19420760685e-14	2.33146725e-05	100.0
8.77031931912e-05	-0.000186130536028	-8.13430604798e-05	0.0104631516994	-0.0234698496485	-0.0100305104555	2.19410551831e-14	2.3313587753e-05	100.0
-1.38648933243e-05	-6.53669460778e-05	2.98061450309e-05	-0.0022826462398	-0.00703767077229	0.00245302632637	2.19407182407e-14	2.3313229732e-05	100.0
5.80974295859e-05	-0.00019267977625	4.57806404012e-05	0.00663595355728	-0.0241726046002	0.00554460265158	2.19407182407e-14	2.3313229732e-05	100.0
6.74954252741e-05	-7.71684611484e-05	0.000168253439085	0.00797832379289	-0.00983876368165	0.0207582034345	2.19403812982e-14	2.3312871712e-05	100.0
6.02523353676e-05	-0.000190907720574	-3.26945971284e-05	0.00688453993492	-0.0238992304913	-0.00393856012711	2.19403812982e-14	2.3312871712e-05	100.0
3.74847548241e-06	-4.66335034319e-05	-8.49493908873e-05	-0.000200844967859	-0.00554130052163	-0.00937190459832	2.19403812982e-14	2.3312871712e-05	100.0
7.55869409778e-05	-0.000118582998434	0.00013687135224	0.0089560358129	-0.014998319304	0.0168359681885	2.19400443557e-14	2.3312513692e-05	100.0
0.000138378408109	-8.24321610348e-05	0.000293614400516	0.0171176409518	-0.0106565277864	0.036967881164	2.19400443557e-14	2.3312513692e-05	100.0
4.33683715072e-05	-0.000177316483115	3.04485426255e-05	0.00467789713282	-0.0220444253281	0.00360501669799	2.19400443557e-14	2.3312513692e-05	100.0
1.18535862804e-05	-0.000107134805101	-5.60515991128e-05	0.000765361783386	-0.0130420405163	-0.0062326618408	2.19400443557e-14	2.3312513692e-05	100.0
1.99894583901e-05	-0.000108589876079	-7.16944278272e-05	0.00174436172633	-0.0132809522929	-0.00828939448476	2.19400443557e-14	2.3312513692e-05	100.0
-1.79464385344e-05	3.45313901724e-05	-6.9087684615e-05	-0.00230232832205	0.00319778116946	-0.00685777950833	2.19400443557e-14	2.3312513692e-05	100.0
-1.99635248492e-05	-4.83142978345e-05	-3.40096514255e-06	-0.00279781142693	-0.0037685907214	-0.00148081102867	2.19397074132e-14	2.3312155672e-05	100.0
2.24690068039e-05	-0.000107271827673	6.87955370544e-05	0.00205352083578	-0.0131222571694	0.00792603106281	2.19393704708e-14	2.3311797652e-05	100.0
3.34838260048e-05	-0.000160166074296	4.55703045117e-05	0.00344056838574	-0.0198888630818	0.0052989576133	2.19393704708e-14	2.3311797652e-05	100.0
0.000114450982356	-0.000209456752783	7.41857706602e-05	0.013867555005	-0.0264861133833	0.00922781678929	2.19380327589e-14	2.3310376259e-05	100.0
0.000197482737634	-0.000263956836459	1.65456362542e-05	0.0245097983677	-0.0335429406656	0.00211208833521	2.19373639029e-14	2.3309665563e-05	100.0
0.000121633357239	-0.000122889821753	-0.000199762254871	0.0149009127582	-0.0157111059818	-0.0249871644878	2.19373639029e-14	2.3309665563e-05	100.0
3.11985271318e-05	-0.000100416678965	-8.58629342309e-05	0.00320630011362	-0.0124073727471	-0.0100643147069	2.19373639029e-14	2.3309665563e-05	100.0
3.77206503796e-05	-0.000163885653868	6.09689732068e-05	0.00403639667823	-0.0204217711684	0.00726085730456	2.19370319894e-14	2.3309312886e-05	100.0
5.06421871331e-05	-8.80465006378e-05	0.000117008231408	0.00572392483723	-0.0110454966381	0.0141085874213	2.19370319894e-14	2.3309312886e-05	100.0
2.85797388873e-05	-0.000186782015748	-3.31893488916e-05	0.00288844289631	-0.0232684361992	-0.00389707195515	2.19370319894e-14	2.3309312886e-05	100.0
5.92214232198e-06	-9.64394327305e-05	-3.68122210251e-05	-7.91868596363e-05	-0.0115679833601	-0.00359861526416	2.19370319894e-14	2.3309312886e-05	100.0
0.000225108068654	-0.00026938474623	2.53059373117e-05	0.0280243638711	-0.0342484490568	0.00321563752601	2.19367000759e-14	2.330896021e-05	100.0
5.86284762755e-05	-6.15771522515e-05	-0.000162001485674	0.00683776012262	-0.00789296839911	-0.0198908197216	2.19367000759e-14	2.330896021e-05	100.0
-8.13740392897e-06	3.92472756445e-05	0.000133396879539	-0.00135977080231	0.00438174532497	0.0159128411888	2.19363631335e-14	2.330860219e-05	100.0
-5.2397011727e-05	7.63713635531e-05	-3.19978192283e-05	-0.00616233302608	0.0079941521069	-0.003418084979	2.19363631335e-14	2.330860219e-05	100.0
2.51702778427e-05	-0.000145295511643	3.74613085566e-05	0.00229479599943	-0.0178253142761	0.00418251071306	2.1936036249e-14	2.3308254857e-05	100.0
2.67686891977e-05	-8.37878083247e-05	5.7658959557e-05	0.00247002354979	-0.0100401704755	0.00630719904483	2.19357043355e-14	2.330790218e-05	100.0
8.06470378793e-05	-0.000191924103128	-8.44621142525e-06	0.00944089009436	-0.0240587805116	-0.00098468161781	2.19357043355e-14	2.330790218e-05	100.0
2.1489109977e-05	-5.01964101893e-05	-0.000109976960808	0.00203169628583	-0.00621970448814	-0.0128611694252	2.19357043355e-14	2.330790218e-05	100.0
-9.42544607288e-06	5.12320190965e-05	0.000158562896257	-0.00148567637141	0.00592119756762	0.0193236281349	2.1935372422e-14	2.3307549504e-05	100.0
1.18001090179e-05	-2.68342297288e-05	8.35714778593e-05	0.000762546350052	-0.00330376009294	0.00897103721323	2.1935372422e-14	2.3307549504e-05	100.0
-3.0886842624e-05	6.94849070068e-05	-5.40493689908e-05	-0.00375556045529	0.00717688277848	-0.00575244639106	2.1935372422e-14	2.3307549504e-05	100.0
-1.90363407151e-05	-9.65544105034e-05	-1.06649843185e-05	-0.00328876688387	-0.012029680613	-0.00133896296499	2.19341805509e-14	2.3306283075e-05	100.0
0.000142452339464	-0.000152507456324	0.000133554965372	0.0174536212377	-0.0193836121851	0.0166107237956	2.19340548261e-14	2.3306149485e-05	100.0
5.72204968857e-05	-0.000152240088735	-9.03399232741e-05	0.00654599401334	-0.0190373978663	-0.0110278766605	2.19340548261e-14	2.3306149485e-05	100.0
1.82140219527e-05	-0.000104664709703	-6.93959345372e-05	0.00155161395681	-0.012790780251	-0.00792977041322	2.19340548261e-14	2.3306149485e-05	100.0
-8.8048158275e-06	-5.35467433468e-05	5.82208021942e-05	-0.0016658256798	-0.00598357663362	0.00578423011527	2.19333960281e-14	2.3305449476e-05	100.0
5.83500631089e-05	-0.00012620511352	0.000132231981782	0.00676848513558	-0.0159061572982	0.0162165929365	2.19333960281e-14	2.3305449476e-05	100.0
-1.06691569722e-06	-0.000151302649731	2.72806400118e-06	-0.00123986130246	-0.0177950838867	0.000348506585077	2.19333205932e-14	2.3305369322e-05	100.0
7.39206842267e-06	-5.91150146952e-05	-5.1648064319e-05	8.7789959903e-05	-0.00667267102927	-0.00510654123189	2.19333205932e-14	2.3305369322e-05	100.0
5.0175713759e-05	-0.000184639886963	2.32415329412e-05	0.00552412186481	-0.0230349213676	0.00267236702311	2.19328931289e-14	2.3304915117e-05	100.0
4.56710977264e-06	-9.70071207571e-05	-2.31496963366e-05	-0.000362641300288	-0.0116869019059	-0.00182143161784	2.19328931289e-14	2.3304915117e-05	100.0
7.65793459786e-06	-0.000152964067944	-3.89103412419e-06	-0.000102616008399	-0.0184113064709	4.3069422858e-05	2.19328931289e-14	2.3304915117e-05	100.0
-1.93857054451e-05	-7.26398286898e-05	7.72214595565e-07	-0.00295813056459	-0.00795566684545	0.000118406571774	2.19324757225e-14	2.33044716e-05	100.0
7.76504463175e-06	-0.000157354107608	-6.34026660962e-07	-5.22918888403e-05	-0.0189001308585	0.000111700175381	2.19324757225e-14	2.33044716e-05	100.0
0.000176056510502	-0.000233351213327	5.57517945448e-05	0.0217297785817	-0.029595997401	0.00702056182302	2.19324153746e-14	2.3304407477e-05	100.0
-3.38146372267e-05	3.94340742873e-05	-7.10535369071e-05	-0.00405773142942	0.00381503189826	-0.00742280596076	2.19324153746e-14	2.3304407477e-05	100.0
3.28813599511e-05	-6.06835033114e-05	-0.000159562207164	0.00363379151623	-0.00776991619067	-0.0194852924049	2.19324153746e-14	2.3304407477e-05	100.0
0.000118254555705	-0.000145667468795	0.000102520092694	0.0142954758497	-0.0184099077521	0.0126397792298	2.19320884901e-14	2.3304060144e-05	100.0
0.000133362274674	-0.000205254216476	6.37398432971e-05	0.0162544287446	-0.0259598983971	0.00790449196872	2.19320884901e-14	2.3304060144e-05	100.0
7.35865894113e-05	-0.000193066254846	4.84536179625e-05	0.00858846154813	-0.0242285114384	0.00594173672134	2.19320884901e-14	2.3304060144e-05	100.0
8.46151376471e-05	-0.000216809559055	2.95783314481e-05	0.0100219156871	-0.0273190861296	0.00364450582584	2.19317616057e-14	2.3303712811e-05	100.0
7.04769221892e-05	-4.90560051641e-05	-0.00024365011934	0.00849189421745	-0.00644891538613	-0.0304773513541	2.19317616057e-14	2.3303712811e-05	100.0
-7.81339046826e-06	-7.33817678128e-05	-2.61987269743e-06	-0.0019866519719	-0.0082328004599	-0.00124779945702	2.19316459388e-14	2.3303589909e-05	100.0
-4.61862965968e-06	-6.57737673629e-05	1.30846577477e-05	-0.00144121022191	-0.00703107260556	0.000425569326585	2.19316459388e-14	2.3303589909e-05	100.0
2.38549032155e-05	-0.000122713501155	2.96638795715e-05	0.00198045981791	-0.0150754394237	0.00293051236553	2.19316459388e-14	2.3303589909e-05	100.0
-2.1819401243e-05	-7.21166238097e-05	1.29802258141e-06	-0.00341960783115	-0.00794426478112	0.000339510390737	2.19316459388e-14	2.3303589909e-05	100.0
6.62162977665e-05	-0.000181606426454	5.94693755344e-05	0.00763603334764	-0.0228228491588	0.00720707091001	2.19316459388e-14	2.3303589909e-05	100.0
7.23986544415e-05	-0.000199151011873	6.82069007818e-05	0.0084947784831	-0.0250899596136	0.00839124055838	2.19316459388e-14	2.3303589909e-05	100.0
8.24589831746e-06	-0.000130555400365	3.85983672707e-05	0.000215737176839	-0.0159379820711	0.00402496384259	2.19316459388e-14	2.3303589909e-05	100.0
5.03381021425e-05	-0.000188087923981	1.9917276225e-05	0.00554982257569	-0.0234665911252	0.00237002459131	2.19316459388e-14	2.3303589909e-05	100.0
3.52596282863e-06	-8.40875555056e-05	-5.36841159972e-06	-0.000678953584837	-0.00990684873183	0.000283342863499	2.19316459388e-14	2.3303589909e-05	100.0
1.18235123864e-06	-0.000148735737834	5.91320474911e-07	-0.00111526540926	-0.0175409066979	0.000346674896953	2.19316459388e-14	2.3303589909e-05	100.0
5.81879843688e-06	-8.83198290134e-05	-6.07523160776e-05	9.03610162335e-06	-0.0106508770824	-0.00661170959505	2.19316459388e-14	2.3303589909e-05	100.0
2.98200727673e-06	-0.000100292282175	-5.08116283316e-06	-0.000864624367039	-0.0123200588935	0.000386694975892	2.19316459388e-14	2.3303589909e-05	100.0
1.7325097912e-05	-0.000107665230873	-5.46562924e-05	0.00137268809071	-0.0131961636478	-0.00603249698365	2.19316459388e-14	2.3303589909e-05	100.0
8.4725180176e-06	-0.000155818398737	-6.49976573116e-06	-3.55547486527e-07	-0.0188096341087	-0.000316853598843	2.19316459388e-14	2.3303589909e-05	100.0
1.48787264657e-05	-0.000151494066486	-1.25118603556e-05	0.000813260570406	-0.0184861687176	-0.000920934214664	2.19316459388e-14	2.3303589909e-05	100.0
3.52855533698e-05	-0.000169396729495	-5.91615725103e-05	0.0037611417931	-0.0211345525172	-0.0070627216931	2.19311078367e-14	2.3303018145e-05	100.0
2.07927312284e-05	-0.000104268343674	-5.76184175454e-05	0.00175195439083	-0.0126350676999	-0.00648331277449	2.19311078367e-14	2.3303018145e-05	100.0
1.50841572025e-05	-8.87852151561e-05	4.46807968959e-05	0.00103378531349	-0.0106471010895	0.00460418365271	2.19308262131e-14	2.3302718905e-05	100.0
-1.87463973309e-05	-5.71957119507e-05	1.09467871016e-06	-0.00268064629788	-0.00549456164452	-4.30683621099e-06	2.19308262131e-14	2.3302718905e-05	100.0
5.67453070099e-05	-0.000203676047509	-4.8851462331e-05	0.00649477723956	-0.0255983452895	-0.00596514243331	2.19308262131e-14	2.3302718905e-05	100.0
2.32313906638e-05	-8.266216987e-05	6.53568451987e-05	0.00211900947073	-0.0100737167726	0.0072100335494	2.19304238937e-14	2.3302291418e-05	100.0
5.19035191535e-05	-0.000183663464135	2.1595357637e-05	0.00567568966956	-0.022998773409	0.00247174841994	2.19304238937e-14	2.3302291418e-05	100.0
5.47005085233e-05	-0.000194277962607	2.08922335885e-05	0.00608537066276	-0.0243225827587	0.00248489491137	2.19304238937e-14	2.3302291418e-05	100.0
0.000105472354902	-0.000213242634028	-6.64292671126e-05	0.012705788334	-0.0269815410341	-0.00821388352224	2.19304238937e-14	2.3302291418e-05	100.0
1.84766186468e-05	-0.000129997500479	-1.39854253206e-05	0.00108047685843	-0.0159251139026	-0.000918445157068	2.19304238937e-14	2.3302291418e-05	100.0
5.45199465957e-06	3.11947633931e-05	0.000119018052046	0.000217660727741	0.00339638094863	0.0139030339242	2.19301372412e-14	2.3301986834e-05	100.0
0.000236088981385	-0.00023268209871	0.000139019508431	0.0294356235995	-0.0296366217032	0.0174833583634	2.19301372412e-14	2.3301986834e-05	100.0
7.50801291051e-05	-9.61462093391e-06	-0.000230768958538	0.00910131056778	-0.00153749051957	-0.0287714957282	2.19301372412e-14	2.3301986834e-05	100.0
8.38777914705e-05	-0.000151635853899	0.00010978131549	0.00996715474713	-0.0191871214155	0.0134707435416	2.19300215744e-14	2.3301863931e-05	100.0
0.000114900357342	-0.000218706734567	-2.33853467936e-05	0.0138527272136	-0.0276280313835	-0.00290263601433	2.19300215744e-14	2.3301863931e-05	100.0
0.000149069083869	-0.000232338078767	-0.000131219817349	0.018380595719	-0.0295495521541	-0.0164655473823	2.19300215744e-14	2.3301863931e-05	100.0
6.60782947e-06	-0.000144369861703	2.46601673208e-06	-0.000530618766463	-0.0172786958596	-0.000396689871463	2.1929624284e-14	2.3301441788e-05	100.0
8.28570592215e-05	-0.000126348627695	0.000112908573183	0.00982184055609	-0.0160003031105	0.0137948993683	2.1929624284e-14	2.3301441788e-05	100.0
4.34412556609e-05	-4.30230650181e-05	0.000148008535746	0.00493269375663	-0.00563093994059	0.0179619660492	2.1929624284e-14	2.3301441788e-05	100.0
-2.28671749497e-05	-5.63929859798e-05	-3.67019830076e-06	-0.0033276702439	-0.00536381469924	-0.000271253952817	2.1929624284e-14	2.3301441788e-05	100.0
3.59273455642e-05	-0.00016424931986	4.57903419711e-05	0.00372115168536	-0.0204402802224	0.00532167078338	2.1929624284e-14	2.3301441788e-05	100.0
7.15898894074e-05	-0.000218720463713	1.27054615544e-05	0.0083286114775	-0.0275411949232	0.00153929096311	2.1929624284e-14	2.3301441788e-05	100.0
-3.72648675875e-06	-0.000147746727354	1.47129650068e-06	-0.00163732695653	-0.0171924503074	0.000152803944545	2.1929624284e-14	2.3301441788e-05	100.0
2.93906857907e-06	-3.82156374536e-05	-5.28755653171e-05	-0.000431054347604	-0.00410757360325	-0.00471327303328	2.1929624284e-14	2.3301441788e-05	100.0
7.60457724817e-05	-0.00019977181839	-2.13149178286e-05	0.00887052193255	-0.0250946234394	-0.00257798543785	2.1929624284e-14	2.3301441788e-05	100.0
0.000202364358385	-0.000261202200487	-0.000144733175871	0.0251837969612	-0.0332729812985	-0.0182187264534	2.1929624284e-14	2.3301441788e-05	100.0
0.00030759850624	-0.000286159062891	5.34048277747e-05	0.038541557636	-0.0364380117216	0.0067236614007	2.19294885012e-14	2.3301297512e-05	100.0
0.000112150374537	-0.000214841970394	-2.29921108456e-05	0.0135475303932	-0.0270976053017	-0.00286153006046	2.19294885012e-14	2.3301297512e-05	100.0
3.7674433804e-05	-3.98039742366e-05	-0.000204052633799	0.00431945262376	-0.00526443533919	-0.0252785917874	2.19294885012e-14	2.3301297512e-05	100.0
-2.86539902316e-06	-4.76152225715e-05	-7.80354711225e-05	-0.000939771010253	-0.00558939935484	-0.00837336360224	2.19294885012e-14	2.3301297512e-05	100.0
1.76304520128e-05	-9.25570256395e-05	7.75869774195e-05	0.00151398336549	-0.0114094777127	0.00884512770965	2.19292320226e-14	2.3301024989e-05	100.0
4.76392761652e-05	-0.000184128748492	2.15826077316e-05	0.00520123704605	-0.0230141365292	0.00251887662785	2.19292320226e-14	2.3301024989e-05	100.0
0.000139463081957	-0.000223676570946	9.20381970717e-05	0.0170673357255	-0.0283796864525	0.0114967661001	2.19292320226e-14	2.3301024989e-05	100.0
-2.11386996794e-05	-4.79014175989e-05	4.84155875241e-06	-0.00326248432048	-0.00387814261597	0.000420764574658	2.19292320226e-14	2.3301024989e-05	100.0
8.08284043912e-05	-0.000199355134672	-2.67570018809e-05	0.00947617914456	-0.0250704028812	-0.00321959123952	2.19292320226e-14	2.3301024989e-05	100.0
8.1755587675e-05	-0.000185944523988	-0.000134295794613	0.00976887653313	-0.0235673771427	-0.0166965554337	2.19292320226e-14	2.3301024989e-05	100.0
3.16833563795e-05	-0.000138082000548	-2.28707156966e-05	0.00294195352752	-0.0170450319663	-0.00223203776205	2.19292320226e-14	2.3301024989e-05	100.0
6.3141081996e-05	-2.55052530651e-05	0.000176698918917	0.00745866213095	-0.00347616738362	0.0217389902589	2.19291666457e-14	2.3300955522e-05	100.0
-1.25324985538e-05	-2.1692157599e-05	6.63984507615e-05	-0.00195252588819	-0.0024310830494	0.00626989207713	2.19288447902e-14	2.3300613533e-05	100.0
1.32557523581e-05	-0.000117168991243	5.82934088627e-05	0.000915550217063	-0.0142885355462	0.00659162551825	2.19288447902e-14	2.3300613533e-05	100.0
7.70711233592e-05	-0.000195578520183	-3.40216809256e-05	0.00902839056401	-0.0245350595298	-0.00413488149822	2.19288447902e-14	2.3300613533e-05	100.0
2.06182736102e-05	-7.04350614865e-05	-8.55757322086e-05	0.00185184226095	-0.00853969698272	-0.00976116215813	2.19288447902e-14	2.3300613533e-05	100.0
1.9746514354e-05	-1.88276899011e-05	-0.000139631951687	0.00202320994109	-0.00269888729562	-0.0167363906438	2.19288397612e-14	2.3300608189e-05	100.0
-5.07734196841e-06	-7.71721620099e-05	5.60297125165e-05	-0.00129543707728	-0.00898331555089	0.00593300785577	2.19285229347e-14	2.3300271544e-05	100.0
0.000121026974951	-0.000249220879532	-3.11367980012e-06	0.0147442885639	-0.0315631050983	-0.000399028280359	2.19285229347e-14	2.3300271544e-05	100.0
3.75953916395e-05	-0.000160735575202	-5.19468758241e-05	0.00398418078762	-0.0199383717186	-0.00614939899858	2.19285229347e-14	2.3300271544e-05	100.0
4.69470170387e-05	-6.28528922524e-05	-0.000159086159887	0.00537996405243	-0.00806327111761	-0.0194933200946	2.19285229347e-14	2.3300271544e-05	100.0
-3.09471342068e-07	-7.97289839166e-05	-5.22863936552e-05	-0.000742099672513	-0.00934075739883	-0.00544828201274	2.19285229347e-14	2.3300271544e-05	100.0
0.000115373783606	-0.000156629000409	0.000152388088322	0.0140443902914	-0.0199223007902	0.0189691233676	2.19284525288e-14	2.3300196734e-05	100.0
3.81050785524e-05	-8.8298220992e-05	0.000127306086443	0.00421018670409	-0.0111296114317	0.0153911969758	2.19284525288e-14	2.3300196734e-05	100.0
0.00021206324571	-0.000270604978805	3.68991268497e-05	0.026345307863	-0.0344117734772	0.00466440744244	2.19284525288e-14	2.3300196734e-05	100.0
1.35522115302e-05	-0.000165507220431	-5.08112607936e-06	0.000775614748036	-0.0201148608072	-0.00047758011354	2.19284525288e-14	2.3300196734e-05	100.0
0.000120711204621	-0.000221090927292	-9.96606963671e-05	0.0147000485694	-0.0280160452659	-0.0124556061673	2.19282010792e-14	2.3299929554e-05	100.0
0.000282319024404	-0.000275340950337	-0.000184969654825	0.0353647506347	-0.0351040517783	-0.0233546801577	2.19282010792e-14	2.3299929554e-05	100.0
0.000128899465519	-0.000183447173256	-0.000164393076773	0.0157876167477	-0.0232979160062	-0.0205919141464	2.19282010792e-14	2.3299929554e-05	100.0
0.000109799213045	-0.000160466353623	-0.000144759466941	0.013330723525	-0.0203720585856	-0.0180018794078	2.19282010792e-14	2.3299929554e-05	100.0
1.49273662476e-05	-0.00012202556859	1.87137382979e-05	0.000700046615247	-0.0149829661258	0.00137686124522	2.19280703254e-14	2.3299790621e-05	100.0
-7.12257860967e-06	-7.93115716519e-05	4.97598089001e-06	-0.0019426290868	-0.00916589033562	0.00148935879935	2.19280703254e-14	2.3299790621e-05	100.0
1.6781220499e-05	-0.000158370834459	-4.3386677868e-06	0.000983532294839	-0.0192881837697	-0.00023940996723	2.19280703254e-14	2.3299790621e-05	100.0
8.2051738715e-05	-0.00016725506216	-0.000113910931414	0.00976665714122	-0.0211900079903	-0.0140308719663	2.19280703254e-14	2.3299790621e-05	100.0
2.27714716109e-06	-2.90468174852e-05	-0.000106526151719	-0.000166362423825	-0.00388053854631	-0.012170390207	2.1927688122e-14	2.3299384509e-05	100.0
7.58244194715e-07	-0.000161763295151	9.77026399347e-08	-0.00086785018683	-0.0194298233411	-1.93831079758e-05	2.1927688122e-14	2.3299384509e-05	100.0
2.68097845921e-05	-5.51558868525e-06	-0.000169136344579	0.00296556263684	-0.00104637349835	-0.020677405136	2.1927688122e-14	2.3299384509e-05	100.0
-6.48098055249e-06	-6.65784292744e-06	0.000119149088383	-0.00123948873652	-0.00109701885671	0.0138266856541	2.19275573682e-14	2.3299245576e-05	100.0
6.28529315297e-05	-0.000154861604009	8.88855017975e-05	0.00723596074656	-0.0193984261744	0.0108549196852	2.19275573682e-14	2.3299245576e-05	100.0
7.35334703063e-05	-0.000140148082596	0.000100135789145	0.00861475412228	-0.0176375730427	0.0122228845407	2.19275573682e-14	2.3299245576e-05	100.0
5.02591301007e-05	3.34959532576e-05	-0.000279432951401	0.00603173699265	0.00389434681732	-0.0350563408338	2.19275573682e-14	2.3299245576e-05	100.0
0.000206424101496	-0.00024058687213	0.000149361653087	0.025678475697	-0.0306501760207	0.0187687385155	2.19269337732e-14	2.3298582971e-05	100.0
0.000221521962344	-0.000284157713362	7.64362335807e-05	0.0275831874854	-0.0361500182013	0.00962609646482	2.19269337732e-14	2.3298582971e-05	100.0
-5.39753397426e-07	-3.70945773876e-05	-6.03611862365e-05	-0.00072599544871	-0.00418837240028	-0.00569972930602	2.19269337732e-14	2.3298582971e-05	100.0
2.12998143803e-05	-7.18735615533e-05	-0.000143604652991	0.00217422295217	-0.00918966623692	-0.0173982878725	2.19269337732e-14	2.3298582971e-05	100.0
2.28933652082e-05	-0.000153951224307	-2.15986528122e-05	0.00190765580143	-0.018923469964	-0.00215563371501	2.19269337732e-14	2.3298582971e-05	100.0
2.76630384225e-05	-0.000108434643408	8.79886899152e-05	0.00277177980353	-0.0133883938936	0.0103886048509	2.19269186862e-14	2.3298566941e-05	100.0
2.94174008401e-05	-9.75422496772e-05	0.00010230820026	0.0030465052744	-0.0121445169559	0.0121822128889	2.19269186862e-14	2.3298566941e-05	100.0
