# x[AU] y[AU] z[AU] vx[AU/yr/2pi] vy[AU/yr/2pi] vz[AU/yr/2pi] m[MSUN] m[mtot] wf[%]
8.27842498914e-07	1.06337615976e-05	-1.93244457209e-08	0.000171902175776	0.00129585511088	-1.29997941278e-05	8.6973656727e-10	0.919758684884	19.6595450712
-1.34955923587e-05	-0.000124256685056	3.1755573959e-07	-0.00248724657336	-0.015098663601	3.64751693706e-05	6.59405817588e-11	0.0697330951021	16.2070664531
-1.70678319219e-05	-7.30544287902e-05	1.02179360021e-07	-0.00265891749573	-0.00822244683177	-1.78764316414e-05	1.57583122199e-12	0.00166646373959	16.9243011357
-1.4243690791e-05	-8.39273683232e-05	-1.73194400714e-06	-0.00245563409114	-0.010014865693	-0.000289168223263	9.63392532952e-13	0.00101880118933	18.4573141669
-2.01748000762e-05	-4.62758637168e-05	-7.7393481461e-07	-0.00277888595471	-0.00379239367394	-0.000131833077937	6.12718290947e-13	0.000647958233213	14.5129113856
-1.7638151835e-05	-6.36108593578e-05	9.67113680969e-09	-0.0026367853667	-0.00684769399175	-7.8341903964e-05	7.86867757623e-13	0.000832123750083	8.47901023639
-1.44023703376e-05	-9.30975373777e-05	-2.54910571866e-06	-0.00258658743685	-0.011499855483	-0.000256600213782	6.77939878399e-13	0.000716930981696	13.1113305221
-1.57441059138e-05	-8.98397859124e-05	2.05476905176e-08	-0.00240972013798	-0.0109803340351	9.0994584343e-05	3.06118322127e-13	0.000323724442518	14.5149284443
-1.45420264662e-05	-9.76349406422e-05	1.00617969979e-06	-0.00233399415897	-0.0122765598954	0.000232655571189	1.30931419634e-13	0.00013846182265	0.0
1.32935929181e-06	-0.000150160578248	2.00694621391e-06	-0.00110305907273	-0.0177877356695	0.000334165830002	1.11085090547e-13	0.00011747404977	100.0
-2.37267092185e-05	-5.55735938466e-05	-4.22855412253e-06	-0.00349440771648	-0.00541290739679	-0.000329782749746	8.76605128566e-14	9.2702228532e-05	25.350653404
-2.00819408542e-05	-5.38187855433e-05	-8.62601158216e-07	-0.00290993727594	-0.00505855155837	-0.000120470314653	1.53192625486e-13	0.00016200336177	14.5070887582
-2.31373160053e-05	-4.98599820599e-05	7.85323464835e-07	-0.00311612791828	-0.00435458097291	0.000183774758731	6.54130562694e-14	6.9175229458e-05	0.0
1.88302398525e-05	-0.000149530010323	-2.33587382183e-05	0.00143204965864	-0.0183604403339	-0.00231947059544	4.44428983087e-14	4.6998991694e-05	100.0
2.3651596745e-05	-0.000128853346547	-4.83640175127e-05	0.00218060105507	-0.0159611911985	-0.00535404713532	4.44252415173e-14	4.6980319388e-05	100.0
-1.6702898907e-05	-6.81229503623e-05	-2.75437518209e-06	-0.00287055781376	-0.00759153567648	-0.000536410692845	2.22517614045e-14	2.3531551479e-05	100.0
-1.85110956315e-05	-5.74087745328e-05	-2.5617471044e-06	-0.00288672524191	-0.00576368102329	-0.000476608487399	2.22411552601e-14	2.3520335332e-05	100.0
-1.71697104991e-05	-5.13262628691e-05	-2.47791018766e-06	-0.00263943911084	-0.00456770570406	-0.000507272891532	2.22400438528e-14	2.3519160003e-05	100.0
-1.16423830162e-05	-4.39172415159e-05	-3.32060440878e-05	-0.0019850956656	-0.00416362032457	-0.00231302731291	2.22360256881e-14	2.3514910737e-05	100.0
9.11785416676e-07	-9.83404385047e-05	2.97725450146e-05	-0.000700002755216	-0.0118351339772	0.00267075559438	2.22345823673e-14	2.3513384405e-05	100.0
9.2195060902e-06	-0.000105727638268	4.50393564693e-05	0.000372139852324	-0.0128306363445	0.00474954621871	2.2230302695e-14	2.3508858591e-05	100.0
4.58388633683e-05	-0.000163671000024	6.27228340777e-05	0.00509037319634	-0.0205087702139	0.00752854619042	2.2230302695e-14	2.3508858591e-05	100.0
5.30584729914e-05	-0.000167388645178	6.81986635857e-05	0.0060232299803	-0.0210450343752	0.0082281391212	2.22295936071e-14	2.3508108721e-05	100.0
-1.49066057375e-05	-5.51217017683e-05	-1.99420910541e-07	-0.0021642790432	-0.00528445190444	-0.000237606531711	2.22288895482e-14	2.3507364168e-05	100.0
5.93711925627e-06	-6.02129371284e-05	7.35705221371e-05	6.18856828009e-05	-0.00717853096054	0.0080067396345	2.22281905183e-14	2.3506624934e-05	100.0
4.90810398353e-06	-4.75056486897e-05	8.71367270403e-05	1.20230269128e-05	-0.00576828008816	0.0096773529984	2.22274864594e-14	2.3505880382e-05	100.0
3.31159750163e-05	-4.07093579695e-05	0.000143141932621	0.0036249067163	-0.00530065314668	0.0173195042692	2.22260934286e-14	2.3504407233e-05	100.0
-1.24502427132e-05	-9.01448387126e-05	-8.26511832297e-07	-0.00219724790311	-0.0110392071664	-0.000364376966628	2.22260934286e-14	2.3504407233e-05	100.0
-1.30228836606e-05	-8.09410534946e-05	8.08985208705e-06	-0.00159884915433	-0.00920392438977	0.00121741239587	2.22253994277e-14	2.3503673317e-05	100.0
4.17481153253e-05	-0.000158277783803	4.82200997912e-05	0.00450053783789	-0.0197169225406	0.0056568315128	2.22250524272e-14	2.3503306359e-05	100.0
1.13010440322e-05	-0.000136084259293	-3.68426402288e-05	0.000600257919041	-0.0167123988126	-0.0038408157348	2.22250524272e-14	2.3503306359e-05	100.0
-1.94231298247e-05	3.03614903584e-06	-7.13225770599e-05	-0.00253612896519	1.42367214431e-05	-0.00687367180874	2.22250524272e-14	2.3503306359e-05	100.0
4.68650286177e-05	-7.32909760393e-05	0.00018000944472	0.00543783419194	-0.0094402065742	0.022287490342	2.22240164549e-14	2.3502210804e-05	100.0
-1.51677992339e-05	-6.78090257337e-05	1.18197450547e-05	-0.00212886685597	-0.00728708906933	0.00183762894702	2.22240164549e-14	2.3502210804e-05	100.0
5.13024545556e-05	-0.000138276589394	-0.000123731910764	0.00590782969642	-0.0174725902306	-0.0152235879258	2.22240164549e-14	2.3502210804e-05	100.0
-1.99818738129e-05	-5.78091071286e-05	1.56598793575e-05	-0.0032707937835	-0.00577016064722	0.0024081141713	2.22237901502e-14	2.3501971483e-05	100.0
2.61240253228e-05	-0.000152452094721	-2.98840801616e-05	0.0024072893552	-0.0187835975392	-0.00323369528841	2.22229855115e-14	2.3501120566e-05	100.0
3.56840961413e-05	-0.000132683970855	-7.81667046482e-05	0.00379512687651	-0.0165542156108	-0.00929864814303	2.22229855115e-14	2.3501120566e-05	100.0
1.57178308347e-06	-9.47332911404e-05	5.36937348855e-05	-0.000498466056064	-0.0113818960392	0.00579819774308	2.222264354e-14	2.3500758927e-05	100.0
1.48064812523e-05	-0.000151094654919	3.2965618147e-05	0.0010198386562	-0.0185684521312	0.00355015806669	2.222264354e-14	2.3500758927e-05	100.0
-2.22303531002e-05	-4.65484907614e-05	1.88853565053e-05	-0.00340216636511	-0.00393838251434	0.0026440726714	2.22225127862e-14	2.3500620653e-05	100.0
8.6152635099e-06	-6.06060980352e-05	9.02538181915e-05	0.000423277318892	-0.00738297269519	0.0102647094664	2.22223015685e-14	2.3500397287e-05	100.0
0.000167203793556	-0.000261304989089	-8.55873438378e-05	0.0207045405254	-0.0332772112464	-0.0107832109542	2.22223015685e-14	2.3500397287e-05	100.0
-1.09904532879e-05	-9.65746523222e-05	-3.82061752828e-06	-0.00205940148579	-0.0117373855357	0.000765048907138	2.22223015685e-14	2.3500397287e-05	100.0
3.14396207659e-05	-8.49889942986e-05	-0.000129917565471	0.00337830295049	-0.0107205409039	-0.0157551088183	2.22223015685e-14	2.3500397287e-05	100.0
6.09697229969e-05	-0.000115097335834	0.000126753779718	0.00709353682738	-0.0145558589167	0.0155280428832	2.22219595971e-14	2.3500035647e-05	100.0
6.83760818261e-05	-0.000111208057121	0.000190939642211	0.00816218036878	-0.0142350930755	0.0238139224069	2.22219595971e-14	2.3500035647e-05	100.0
2.82591654588e-05	-0.00015696243468	-3.4263554764e-05	0.00274762185434	-0.0194483783759	-0.00377946324396	2.22219595971e-14	2.3500035647e-05	100.0
2.97833083095e-05	-0.000136496005976	-8.08716018977e-05	0.00306935782653	-0.0170093401248	-0.00966808372417	2.22219595971e-14	2.3500035647e-05	100.0
-1.0988129817e-05	-8.20883727124e-05	-7.49253091274e-06	-0.00158552495569	-0.0096899749816	-0.00110212255019	2.22216176256e-14	2.3499674008e-05	100.0
3.83503788005e-05	-0.000143675699149	8.04054995751e-05	0.00416443106144	-0.0179579964591	0.0096526793243	2.22212756541e-14	2.3499312368e-05	100.0
7.67686018609e-05	-0.000208541791571	5.86209398868e-05	0.00908498884357	-0.0263567953188	0.00721489148102	2.22212756541e-14	2.3499312368e-05	100.0
2.54940989023e-06	1.87222204667e-05	-0.000198629331841	-4.84843986549e-05	0.00202056013447	-0.024601751804	2.22212756541e-14	2.3499312368e-05	100.0
-1.88756380809e-05	-8.97374631082e-05	-5.97814530518e-06	-0.00307836264009	-0.0109877712938	-0.000441589125245	2.22212706252e-14	2.349930705e-05	100.0
-2.31454090917e-05	-4.9123079925e-05	-2.44636597311e-06	-0.00336988285889	-0.00424301225969	-8.00656441649e-05	2.22212706252e-14	2.349930705e-05	100.0
-1.28569085563e-05	-5.45505201833e-05	-8.7663287777e-07	-0.00237273427184	-0.00518071843463	-0.00123183813015	2.2220063667e-14	2.3498030675e-05	100.0
1.02497927178e-05	-0.000162524216931	3.30503520088e-06	0.000296729762913	-0.0197626791612	0.000102099668021	2.2220063667e-14	2.3498030675e-05	100.0
1.2774046199e-05	-0.000154299035026	-3.65961922151e-06	0.00047808130387	-0.0187371960873	1.53292148877e-05	2.2220063667e-14	2.3498030675e-05	100.0
0.000101315459412	-0.000222140964276	8.43186885413e-05	0.0122571628179	-0.0281691846503	0.0105227348783	2.22199127973e-14	2.3497871128e-05	100.0
2.71022810033e-06	-4.25652033582e-06	-0.000103595086558	-0.000162843958663	-0.00079978193889	-0.011689377186	2.22199127973e-14	2.3497871128e-05	100.0
-1.05973834747e-05	-9.97141813062e-05	-5.63015189915e-06	-0.00237344257224	-0.0125821089354	-0.00175722162919	2.22196663767e-14	2.3497610534e-05	100.0
2.89583742257e-05	-0.000181482776553	-3.49367421444e-05	0.00292690425623	-0.0226285104737	-0.00410225030595	2.22196663767e-14	2.3497610534e-05	100.0
7.53215506496e-05	-0.00022158809261	-6.16200156711e-06	0.00887393818138	-0.0279553258582	-0.000742769556914	2.22192389123e-14	2.3497158485e-05	100.0
3.69548367696e-05	-0.000174160764114	-5.41116176709e-05	0.00396881581652	-0.0217487699205	-0.00649624209541	2.22192389123e-14	2.3497158485e-05	100.0
5.21088063261e-05	-0.00010578934428	-0.000160562127406	0.0060646569719	-0.0134870190943	-0.0198386862688	2.22192389123e-14	2.3497158485e-05	100.0
6.16507662378e-06	-7.90289542938e-05	-7.06815187444e-05	7.2450532628e-05	-0.00950943690885	-0.0078760940722	2.22192389123e-14	2.3497158485e-05	100.0
7.38342336914e-05	-0.000181444738672	6.74890608386e-05	0.00867054020621	-0.0228526767945	0.00825169529983	2.22189019699e-14	2.3496802163e-05	100.0
8.64327145467e-06	-9.73102235539e-05	6.06421290908e-05	0.000362747901956	-0.0118281025845	0.00670923929089	2.22189019699e-14	2.3496802163e-05	100.0
6.59203038516e-05	-0.000211237586118	-1.59272631773e-05	0.00765122606825	-0.0265819625858	-0.00188575335514	2.22189019699e-14	2.3496802163e-05	100.0
6.27802024397e-05	-0.000146251359078	-0.000121942367218	0.0073525300322	-0.0185189729786	-0.0150197550159	2.22189019699e-14	2.3496802163e-05	100.0
-2.28470660311e-05	-6.25626205547e-05	-1.64175330191e-06	-0.00337222116257	-0.0066350899789	1.36384323267e-05	2.22188818539e-14	2.3496780891e-05	100.0
-1.83579411127e-05	-9.58251015267e-05	-3.19505757658e-06	-0.003037604549	-0.0118084408691	-9.27313997481e-05	2.22188818539e-14	2.3496780891e-05	100.0
-1.31041715923e-05	-8.0619116653e-05	-9.79558196078e-06	-0.00275215451457	-0.00948028487847	-0.00192242153583	2.22188818539e-14	2.3496780891e-05	100.0
4.01390374335e-05	-0.0001831613537	3.20851487895e-05	0.00429318858899	-0.0229197320975	0.00373494558983	2.22188818539e-14	2.3496780891e-05	100.0
0.000221492151178	-0.000289512706821	-1.3674586897e-05	0.0276367637874	-0.0369045938988	-0.00171990884844	2.22185650274e-14	2.3496445842e-05	100.0
5.9671667185e-05	-9.8954519852e-05	-0.000195326144398	0.00707107417813	-0.0126831962774	-0.0243337826066	2.22185650274e-14	2.3496445842e-05	100.0
-1.36413900302e-05	3.33909839774e-06	0.000119499249784	-0.00204332113042	1.75269823608e-05	0.0139290779224	2.22182280849e-14	2.3496089521e-05	100.0
-2.83200082506e-06	-6.75127989773e-05	2.94493745298e-05	-0.00112308315957	-0.00748232682213	0.00240610496519	2.22181124181e-14	2.3495967201e-05	100.0
4.80182236905e-05	-0.000193394187736	-3.90926257388e-05	0.00535163141774	-0.02426535481	-0.00471018428071	2.22181124181e-14	2.3495967201e-05	100.0
1.77793839842e-05	-0.000143987939342	2.74929496126e-05	0.00127439525385	-0.0175890926315	0.00285113119859	2.22178911424e-14	2.3495733199e-05	100.0
1.31794509539e-05	-0.000166897183998	4.87950893622e-07	0.000697557109753	-0.0203182952574	7.22479242934e-05	2.22178911424e-14	2.3495733199e-05	100.0
-9.67648480039e-06	-5.97282982745e-05	1.34026956053e-05	-0.00189440774666	-0.00611238279497	0.000345256736305	2.22177352437e-14	2.3495568334e-05	100.0
3.46592529996e-08	-0.000148356261317	-2.28601567048e-06	-0.0011908961406	-0.0174748943275	-0.000484366009746	2.22177352437e-14	2.3495568334e-05	100.0
3.68878165456e-05	-0.000185523632129	-3.28323714583e-05	0.00389553723831	-0.0232004773646	-0.00385131929009	2.22177352437e-14	2.3495568334e-05	100.0
2.73679967953e-05	-8.85851722755e-05	8.93632660909e-05	0.00273648428725	-0.0109123374185	0.0104588564575	2.22175542e-14	2.3495376878e-05	100.0
0.0001047588227	-0.000233996217909	-1.87121279548e-05	0.0126552316646	-0.0296269005767	-0.00229739845507	2.22175542e-14	2.3495376878e-05	100.0
3.67751860228e-05	-0.00010161074939	-0.000145719210287	0.004103062608	-0.0128649893561	-0.0178695194368	2.22175542e-14	2.3495376878e-05	100.0
3.26463658824e-05	-0.000144891083734	6.169013973e-05	0.00338040633503	-0.0180857613004	0.00722843931307	2.22173580693e-14	2.3495169467e-05	100.0
4.90431946442e-05	-0.000209267451639	-3.22736990006e-06	0.00548200687575	-0.0262670848806	-0.000379340463181	2.22173580693e-14	2.3495169467e-05	100.0
2.9636201832e-05	-3.83496647369e-05	0.0001329202997	0.00319659826929	-0.00502759718436	0.0159351871582	2.22172172575e-14	2.3495020556e-05	100.0
-1.05350015172e-05	-9.45447266583e-05	-8.00873423327e-07	-0.00214051959534	-0.0115412791773	-0.00132153452362	2.22172172575e-14	2.3495020556e-05	100.0
1.10452571495e-05	-0.000107425484432	4.11404052872e-05	0.000529924517049	-0.0131027696031	0.00425250093664	2.22169808949e-14	2.34947706e-05	100.0
1.58737897103e-05	-5.11734779478e-05	9.43213637332e-05	0.00133756559333	-0.00635205798264	0.0107450495876	2.22169808949e-14	2.34947706e-05	100.0
3.16316933901e-05	-0.000169734155327	1.55122881244e-05	0.0030847734681	-0.0210736533514	0.00155415919612	2.22169808949e-14	2.34947706e-05	100.0
1.38297428755e-05	-0.00016955845683	5.3953221897e-06	0.000808363191223	-0.0207392869182	0.000503608816294	2.22169808949e-14	2.34947706e-05	100.0
9.57803195657e-06	-6.98740320707e-05	-6.40726130817e-05	0.000469598148532	-0.0083780354805	-0.00687788960049	2.22169808949e-14	2.34947706e-05	100.0
4.97184334596e-05	-0.000205548806565	-1.86829558718e-06	0.00554079012687	-0.0258277132264	-0.000155322070351	2.22169808949e-14	2.34947706e-05	100.0
5.31405208925e-05	-0.000177040873985	-5.41438026524e-05	0.005992505488	-0.0222216773937	-0.00651941446012	2.22169808949e-14	2.34947706e-05	100.0
8.62655727091e-06	-0.000105617225667	2.25393450229e-05	5.75283111883e-05	-0.0129007720089	0.00177160689602	2.22166087494e-14	2.3494377051e-05	100.0
-1.1940660864e-05	-9.60395418716e-05	-2.50198940305e-07	-0.00209628670009	-0.011978500054	-0.000185956424543	2.22166087494e-14	2.3494377051e-05	100.0
1.38596651323e-05	-0.000162140473207	7.7975929493e-06	0.000771133694805	-0.0197917075608	0.000589544770591	2.22166087494e-14	2.3494377051e-05	100.0
-2.08313769295e-05	-5.49444333789e-05	2.24757533631e-06	-0.00281758147855	-0.00524419751833	0.000301086121149	2.22166087494e-14	2.3494377051e-05	100.0
3.84164655961e-05	-0.000191609998283	-1.61664318695e-05	0.00406360929076	-0.0239498959808	-0.0018476208229	2.22166087494e-14	2.3494377051e-05	100.0
4.25851569477e-05	-0.000176497117663	-4.96813760873e-05	0.00464672208052	-0.0221298188463	-0.00589924508653	2.22166087494e-14	2.3494377051e-05	100.0
8.90798115083e-05	-0.000136509445378	0.00017474808732	0.0107525019612	-0.0174124646039	0.0218141762793	2.22158795456e-14	2.3493605907e-05	100.0
6.47324135724e-05	-0.000173006708958	-8.58297872418e-05	0.00753958347201	-0.0217728609303	-0.0105472549513	2.22158795456e-14	2.3493605907e-05	100.0
4.72154361513e-05	-0.000129086565869	-9.01229918241e-05	0.00527430210822	-0.0161319788541	-0.0108559747423	2.22158795456e-14	2.3493605907e-05	100.0
-5.53330233944e-06	2.19699811028e-05	-7.49029976401e-05	-0.00105607309711	0.0019445336467	-0.00749747516061	2.22158795456e-14	2.3493605907e-05	100.0
4.72226724434e-05	-0.000147635101895	8.1721994035e-05	0.00527143602637	-0.0185306508808	0.00984821681188	2.22158745166e-14	2.3493600589e-05	100.0
3.39467492106e-06	-7.29791309857e-05	4.4046215746e-05	-0.000355098379725	-0.00843285157821	0.00433290615975	2.22158745166e-14	2.3493600589e-05	100.0
-2.43834758699e-05	-5.45025309274e-05	1.45228249368e-05	-0.00385570363466	-0.00533332394633	0.00196436525026	2.22158745166e-14	2.3493600589e-05	100.0
0.000131223048003	-0.000267998824826	1.19779810429e-05	0.0160715114837	-0.0340751299496	0.00152989255961	2.22158745166e-14	2.3493600589e-05	100.0
2.83813250064e-05	-0.000181386311964	-1.79166089394e-06	0.00274737893443	-0.0224733899352	-0.000168251605578	2.22158745166e-14	2.3493600589e-05	100.0
3.30351637365e-05	-0.00013314204396	-5.32276706055e-05	0.00334862285771	-0.0165609986635	-0.00606855771663	2.22155124292e-14	2.3493217676e-05	100.0
6.07079010851e-05	-0.000119784680017	0.000115558590949	0.00702504003863	-0.0150874407538	0.0141044044192	2.22152106896e-14	2.3492898583e-05	100.0
-1.2762386765e-05	-9.09454671068e-06	-7.07216432727e-05	-0.0018820499766	-0.0012905481837	-0.00680439033372	2.22151503417e-14	2.3492834764e-05	100.0
-4.48400482722e-06	-7.55308952001e-05	-6.7083288011e-07	-0.00165229885942	-0.00864380471965	-0.00107300460044	2.22144362248e-14	2.3492079575e-05	100.0
6.19193689072e-05	-0.000184858426625	6.885303681e-05	0.00717447649659	-0.02331201701	0.0083971738544	2.22144362248e-14	2.3492079575e-05	100.0
4.44549756249e-05	-0.000192110870934	3.62098397681e-05	0.00489288928928	-0.0240673482373	0.0043514450107	2.22144362248e-14	2.3492079575e-05	100.0
1.50143017911e-05	-8.90349966993e-05	-7.83891979954e-05	0.00123422233614	-0.0110254622241	-0.00892447196445	2.22144362248e-14	2.3492079575e-05	100.0
2.08654972373e-05	-0.000100477257903	-0.000102308432883	0.00205614022328	-0.0126348267873	-0.0121296371689	2.22144362248e-14	2.3492079575e-05	100.0
2.87032527095e-05	-0.000159999811428	-2.53889307791e-05	0.00269243346107	-0.019831671768	-0.00271141194034	2.22144362248e-14	2.3492079575e-05	100.0
-2.78476778172e-05	4.95645424116e-05	7.47596374779e-05	-0.00349183003114	0.00509251690907	0.0080300841567	2.22142149492e-14	2.3491845573e-05	100.0
0.000102737483282	-0.000150542478978	0.000314390915077	0.0126447552567	-0.019360405964	0.0397334887525	2.22142149492e-14	2.3491845573e-05	100.0
0.000212478081521	-0.000264478500729	5.55711272594e-06	0.026466249003	-0.0336828808034	0.000691527574332	2.22142149492e-14	2.3491845573e-05	100.0
-2.78528518615e-05	2.17078306302e-05	-5.63341311963e-05	-0.00313038216475	0.00161500960003	-0.00486778241609	2.22142149492e-14	2.3491845573e-05	100.0
3.08126093121e-05	-7.93576897883e-05	-0.000179839059053	0.00342623706765	-0.0101705112986	-0.0222262478587	2.22142149492e-14	2.3491845573e-05	100.0
7.27856793486e-05	-0.000150946677351	0.000145950279284	0.00864657736356	-0.0191434267403	0.0181368600756	2.22138830357e-14	2.349149457e-05	100.0
0.000113694088515	-0.000212942252332	8.59029228415e-05	0.0138122835115	-0.0270005294204	0.0107048644569	2.22138830357e-14	2.349149457e-05	100.0
5.38630672903e-05	-0.000188967614109	2.3395692261e-05	0.00604121817276	-0.0236498095021	0.00278095834399	2.22138830357e-14	2.349149457e-05	100.0
7.91749237845e-06	-0.000140122420078	-5.79295428568e-07	-0.000589696887169	-0.016823689639	-0.00071849272802	2.22137321659e-14	2.3491335023e-05	100.0
2.82512064926e-05	-0.000141888696394	7.12057534252e-05	0.00285802030741	-0.0177573724573	0.00839171876707	2.22137321659e-14	2.3491335023e-05	100.0
2.74696434961e-05	-0.000168640124789	1.19882871729e-05	0.00250377783092	-0.0209073871263	0.0011389462575	2.22137321659e-14	2.3491335023e-05	100.0
8.06604212583e-05	-0.000201257892209	9.76563685074e-05	0.00962397207636	-0.0255360768128	0.0120869766886	2.22137321659e-14	2.3491335023e-05	100.0
2.03510851903e-06	-0.000154765562248	-2.40531646437e-06	-0.000861987994807	-0.01841887549	-0.000337536836131	2.22137321659e-14	2.3491335023e-05	100.0
0.000127767000764	-0.000269039816474	1.44127680174e-05	0.0156337451137	-0.0342051304304	0.00178618068062	2.22137321659e-14	2.3491335023e-05	100.0
2.26439011876e-05	-0.000172701958712	-2.31622570849e-05	0.00204934209976	-0.0213598067124	-0.00261306399465	2.22137321659e-14	2.3491335023e-05	100.0
3.18871249583e-05	-0.000100249966432	-0.000170058597793	0.00354471148273	-0.0128122568336	-0.0210298962426	2.22137321659e-14	2.3491335023e-05	100.0
6.07192695771e-05	-0.000209327186974	-9.08761453514e-06	0.00693585961925	-0.0263438948149	-0.00108813327654	2.22137321659e-14	2.3491335023e-05	100.0
0.000106285935212	-0.000197732140368	-0.000131700532947	0.0129338652344	-0.0251677347446	-0.0164438863233	2.22137321659e-14	2.3491335023e-05	100.0
0.000208183838482	-0.00030763299373	4.86755757821e-05	0.0259739011053	-0.0392284394379	0.00615868474505	2.22135511222e-14	2.3491143567e-05	100.0
3.22525639959e-05	-7.20019269298e-05	-0.0001756326611	0.0036045284446	-0.00927688231858	-0.0216768634232	2.22135511222e-14	2.3491143567e-05	100.0
-7.66250827192e-06	-9.1344288532e-05	-4.75057832892e-06	-0.00215760517738	-0.0111599859852	-0.00155219077801	2.22133851655e-14	2.3490968065e-05	100.0
2.02403842416e-05	-0.00012211608554	4.34576907598e-05	0.00168644834165	-0.015074192951	0.00464442723235	2.22133851655e-14	2.3490968065e-05	100.0
-1.61139835328e-05	-2.36684602885e-07	5.92969150342e-05	-0.0020858908192	-0.000370024427678	0.00492912855291	2.22133851655e-14	2.3490968065e-05	100.0
9.8261804852e-05	-0.000199590667683	0.000101601043577	0.0118511678166	-0.0253286393536	0.0126449775333	2.22133851655e-14	2.3490968065e-05	100.0
-1.60204905363e-05	-5.68493784257e-05	8.27681996947e-07	-0.00254311339029	-0.00552432195266	-0.00105946873171	2.22133851655e-14	2.3490968065e-05	100.0
0.000102555729144	-0.000235650249051	5.97876270087e-05	0.0123907458499	-0.0298902503005	0.00746600430761	2.22133851655e-14	2.3490968065e-05	100.0
-2.39636777036e-05	-4.93129148402e-05	1.9744130669e-05	-0.00363039037758	-0.00445664295028	0.0026655399009	2.22133851655e-14	2.3490968065e-05	100.0
6.27788856697e-05	-0.000208842622898	-1.47742902553e-05	0.00720847691546	-0.0263200766234	-0.00174227960601	2.22133851655e-14	2.3490968065e-05	100.0
0.000119651765231	-0.000216313127764	-0.000211927552228	0.0147323579402	-0.0276528301253	-0.0266886861225	2.22133851655e-14	2.3490968065e-05	100.0
1.7584047831e-05	-0.000159784268855	-6.17654763946e-06	0.00112105762326	-0.0195801141475	-0.000349954534652	2.22133851655e-14	2.3490968065e-05	100.0
2.65473291145e-05	-0.000150261334796	-2.69518096329e-05	0.002388313015	-0.0186180823646	-0.00278675825738	2.22133851655e-14	2.3490968065e-05	100.0
6.36423958747e-05	-0.000179412420066	8.9455329674e-05	0.00741393772641	-0.0227035018089	0.0109513955664	2.2213038165e-14	2.3490601107e-05	100.0
9.54862344664e-05	-0.000225869544834	-1.67521407476e-05	0.0114340972958	-0.0285654614425	-0.00209661001759	4.44242860088e-14	4.6979308924e-05	100.0
3.03851635657e-06	-8.08716056678e-05	-7.27640055508e-05	-0.000244850393857	-0.00979951387906	-0.00812376454798	2.2213038165e-14	2.3490601107e-05	100.0
3.36853108438e-05	-0.000132423717632	-6.60756769241e-05	0.00349249458358	-0.0164083076428	-0.00776604053367	2.22128923242e-14	2.3490446879e-05	100.0
-6.32653487333e-05	7.18332740547e-05	8.83952951076e-05	-0.00789913541706	0.00814990427312	0.0103592526336	2.22125604108e-14	2.3490095875e-05	100.0
-4.29820405612e-07	-6.32475484659e-05	1.85865099429e-05	-0.000999065740777	-0.00679525402524	0.00101521829324	2.22123491931e-14	2.348987251e-05	100.0
2.37839648342e-06	-4.74393707791e-05	6.06232359723e-05	-0.000410515831373	-0.00548888967412	0.00599870684438	2.22123491931e-14	2.348987251e-05	100.0
7.2170957932e-05	-0.000199017648244	4.40105859956e-05	0.00841042104185	-0.0251207216411	0.00532438504557	2.22123491931e-14	2.348987251e-05	100.0
3.48303951455e-05	-0.000175580148201	1.08902823708e-05	0.00347182667316	-0.0218080649304	0.00114125541605	2.22123491931e-14	2.348987251e-05	100.0
8.77421831646e-05	-0.000216793200232	5.0028593296e-05	0.010450427035	-0.0274389186768	0.00616119977684	2.22123491931e-14	2.348987251e-05	100.0
5.28241914181e-05	-0.000195663315721	9.30944407352e-06	0.00587077101193	-0.0245379880772	0.00104272551423	2.22123491931e-14	2.348987251e-05	100.0
3.03344866947e-06	-6.22219987941e-05	-3.03692955029e-05	-0.000479847015534	-0.00687704824607	-0.00237985883344	2.22123491931e-14	2.348987251e-05	100.0
9.68393978551e-05	-0.000128249368338	-0.00025825860502	0.0118674160348	-0.0165209867303	-0.0325020291606	2.22123491931e-14	2.348987251e-05	100.0
1.82147931722e-05	-9.47253483936e-05	-9.65131588333e-05	0.00166163011574	-0.011850483027	-0.0113644705455	2.22123491931e-14	2.348987251e-05	100.0
5.36610796313e-05	-0.000106287219127	-0.000145466063014	0.00621734687866	-0.0135646863742	-0.0178766292264	2.22123491931e-14	2.348987251e-05	100.0
7.02690710022e-05	-0.000207614873833	-4.54376714367e-05	0.00821105724685	-0.0262167200975	-0.00552008357765	2.22123491931e-14	2.348987251e-05	100.0
7.86044038794e-05	-0.000194848806013	-5.6962818186e-05	0.00926374949477	-0.0246239651786	-0.00692504495702	2.22123491931e-14	2.348987251e-05	100.0
1.16245747521e-05	-0.000125246887555	-2.25920021775e-05	0.000391017438132	-0.0154124299287	-0.00180480901519	2.22123491931e-14	2.348987251e-05	100.0
3.01319788718e-05	-0.000153676153607	2.15235607929e-05	0.00279866314842	-0.0190237690694	0.00218569193264	2.22120122506e-14	2.3489516188e-05	100.0
1.113141468e-05	-0.000166724164965	9.31078937075e-07	0.000446783839714	-0.0203210126667	3.28251044681e-05	2.22120122506e-14	2.3489516188e-05	100.0
-1.3269642489e-05	-9.68942852941e-06	-5.57697320955e-05	-0.00190327811458	-0.00106147821238	-0.00442486109641	2.22120122506e-14	2.3489516188e-05	100.0
2.54168096331e-05	6.70892653889e-06	0.000170238059966	0.00277163076969	0.000512367176354	0.0208479337049	2.22119066418e-14	2.3489404505e-05	100.0
0.000184241550873	-0.000225440633481	0.000191062148019	0.0229293922595	-0.0287875493501	0.0241193424825	2.22119066418e-14	2.3489404505e-05	100.0
4.29095196527e-06	1.49936047439e-05	-0.000159582243713	0.000156902155443	0.00148133083477	-0.0194214980307	2.22119066418e-14	2.3489404505e-05	100.0
-1.56758128684e-05	-9.59799333895e-05	-1.3697251477e-05	-0.00292126653137	-0.0119767063016	-0.00162461639518	2.22116753082e-14	2.3489159867e-05	100.0
-1.55914029918e-05	-8.6108908768e-05	-1.18073563062e-05	-0.00303613629678	-0.010432112435	-0.00202447558555	2.22116753082e-14	2.3489159867e-05	100.0
0.000202339678622	-0.00029959089905	0.000106807424198	0.025217019403	-0.0381951465192	0.0135047981241	2.22112478438e-14	2.3488707817e-05	100.0
9.88267893976e-06	-2.54022990415e-05	-0.000154767052744	0.000787397791113	-0.00343525080525	-0.0187793998674	2.22112478438e-14	2.3488707817e-05	100.0
3.70478499063e-06	-8.75290281254e-05	-0.000117070272839	-4.87741034365e-05	-0.0109534407341	-0.0139736479097	2.22112478438e-14	2.3488707817e-05	100.0
-3.66943175428e-06	1.54853468265e-05	0.000130491705174	-0.00083213527055	0.00151874115917	0.0154457684994	2.22109209593e-14	2.3488362132e-05	100.0
3.85189127067e-05	-1.928077636e-05	0.000155713836119	0.0043286636227	-0.00268936457336	0.0189637470176	2.22109209593e-14	2.3488362132e-05	100.0
-2.27987901482e-05	-4.48880589796e-05	2.01783091228e-06	-0.00258996901614	-0.00346950033153	0.00116566573225	2.22109209593e-14	2.3488362132e-05	100.0
-1.23107830551e-05	-3.32718782354e-05	0.000109429402153	-0.00198081702428	-0.00420740611279	0.0125996575986	2.22105940748e-14	2.3488016447e-05	100.0
2.63172096306e-05	-0.000144509816121	7.25239437181e-05	0.00264645234326	-0.0179551385986	0.00862676764809	2.22105940748e-14	2.3488016447e-05	100.0
8.44675414354e-05	-0.000208401318021	-5.07304885089e-05	0.010041890777	-0.0263015218736	-0.00627967791717	2.22105940748e-14	2.3488016447e-05	100.0
1.81688476238e-05	-8.37775943625e-05	-8.12442948896e-05	0.00159403184842	-0.0102818972429	-0.00929096135057	2.22105940748e-14	2.3488016447e-05	100.0
1.50908595292e-05	-0.000138604356412	8.82841911599e-06	0.00058495836642	-0.016983541681	0.000273949183287	2.22103426252e-14	2.3487750536e-05	100.0
2.32148956757e-05	-0.000114047302346	3.54517233466e-05	0.00196963906446	-0.0140436473477	0.00359603674051	2.22103426252e-14	2.3487750536e-05	100.0
1.53175163629e-05	-4.38093281979e-05	0.000105874409922	0.00134771077518	-0.00563023750642	0.0122313707637	2.22103426252e-14	2.3487750536e-05	100.0
0.000145018024785	-0.000251235131604	9.59628543363e-05	0.017851912035	-0.0319932767333	0.0120173058554	2.22103426252e-14	2.3487750536e-05	100.0
-5.5140571311e-05	8.04345841e-05	-0.000104884783063	-0.00700103112311	0.00929606480064	-0.0125606834946	2.22103426252e-14	2.3487750536e-05	100.0
0.000114309355882	-0.000260211904152	5.75317970258e-05	0.0139015704787	-0.0330643647338	0.00719521499284	2.22103426252e-14	2.3487750536e-05	100.0
2.9785772646e-05	-0.00010978688069	-7.5098078418e-05	0.00305395894451	-0.0137623428842	-0.00867398909738	2.22103426252e-14	2.3487750536e-05	100.0
2.56554293409e-06	-0.000152796169498	3.39208959583e-06	-0.000986534798041	-0.0181386027118	0.000533243691051	2.22103426252e-14	2.3487750536e-05	100.0
8.70233377927e-05	-0.000160561308196	-0.000133026969447	0.0104656286857	-0.0204525880623	-0.0164649780388	2.22103426252e-14	2.3487750536e-05	100.0
5.22326390652e-05	-0.000190127734338	-2.28552436482e-05	0.00579639848332	-0.0238368064674	-0.00267301830989	2.22103426252e-14	2.3487750536e-05	100.0
0.000146116566765	-0.000218806167179	-0.000136836449531	0.0180154450644	-0.0279134932625	-0.0171373664646	2.22103426252e-14	2.3487750536e-05	100.0
6.6948601729e-06	-0.000155764242619	2.08261298675e-06	-0.00037866610639	-0.0187801854602	0.000608782416738	2.22103426252e-14	2.3487750536e-05	100.0
7.36973779333e-05	-0.000167042095246	-8.10833074311e-05	0.00865809690709	-0.021142752312	-0.00984536069784	2.22103426252e-14	2.3487750536e-05	100.0
-1.31492824089e-06	-9.29507021653e-05	6.71446026939e-05	-0.000814430037898	-0.011210743188	0.00753149640749	2.22102671904e-14	2.3487670762e-05	100.0
0.000116837629581	-0.000256969018677	1.75483889966e-05	0.0142530426614	-0.0326461759309	0.00218725237013	2.22102671904e-14	2.3487670762e-05	100.0
5.43640658175e-05	-0.000178761917933	-6.58372043908e-05	0.00618895606637	-0.0224270663088	-0.00802670146405	2.22102671904e-14	2.3487670762e-05	100.0
6.40360856513e-06	-9.4198711974e-05	-9.21355911986e-05	0.000226194767269	-0.0117105192471	-0.0107701510317	2.22102671904e-14	2.3487670762e-05	100.0
6.53650259616e-06	-0.000106373622048	-9.71180039129e-05	0.000231712100228	-0.013174325392	-0.0115289187423	2.22102671904e-14	2.3487670762e-05	100.0
0.000142640007857	-0.000248978830171	-9.29353892335e-05	0.0175510222158	-0.03167996112	-0.0116647328627	2.22099403059e-14	2.3487325077e-05	100.0
0.000198377233159	-0.000298117582305	-0.000142413157048	0.0247351836197	-0.0380523278212	-0.0179743033843	2.22099403059e-14	2.3487325077e-05	100.0
0.000101881790748	-0.00018918783346	-0.000119015166551	0.0123336709208	-0.0240127378942	-0.0148315652589	2.22099403059e-14	2.3487325077e-05	100.0
0.000120489916418	-0.000188209399146	-0.000148239992189	0.0147497582468	-0.0239624544057	-0.018542320658	2.22099403059e-14	2.3487325077e-05	100.0
