# x[AU] y[AU] z[AU] vx[AU/yr/2pi] vy[AU/yr/2pi] vz[AU/yr/2pi] m[MSUN] m[mtot] wf[%]
6.71928045372e-06	4.60762932008e-05	1.5771676371e-08	0.00112084867769	0.00572570686875	1.27339910433e-06	6.38146180712e-10	0.674828195632	9.95673152539
-1.46962974944e-05	-9.72185647077e-05	-5.6361317704e-08	-0.00244043886938	-0.0120838001848	-3.57231651557e-06	2.97038124281e-10	0.314112514497	18.20105004
-1.17320614792e-05	-3.24877777151e-05	1.51595628617e-06	-0.00162003009272	-0.00390201307453	0.00023507512889	2.91689683526e-12	0.00308456633864	10.3681149863
-1.29610957167e-05	-1.07675094641e-05	2.46583964302e-06	-0.00149533020638	-0.000291153030696	0.000362448218539	6.75982549397e-13	0.000714839480147	20.8863764969
-1.35309988955e-05	-5.78004877953e-05	-9.54258299431e-07	-0.00205366032398	-0.00818108144771	-0.000192637162708	4.37251042259e-13	0.000462385172547	18.4486086767
-1.28606753043e-05	-1.61110429832e-05	2.8277566507e-06	-0.00158705202674	-0.00112490935708	0.000411605853932	3.58625048404e-13	0.000379239587468	33.7462400009
-1.52733971358e-05	-4.90534991167e-05	-2.81125808341e-07	-0.00215309371618	-0.00678648609671	-0.00024316082156	1.19946300422e-13	0.000126841071734	50.46547808
-1.50737118224e-05	-4.25351878186e-05	6.99397595705e-07	-0.00208017556407	-0.00551356766523	-0.000113897952905	2.80102852947e-13	0.000296203767343	57.5983257594
-9.79036767644e-06	-5.17065665413e-05	1.25660462325e-06	-0.00161287055298	-0.00719497371795	0.000330182283154	2.57863744487e-13	0.0002726863071	7.82724170905
-8.21706571055e-06	-4.52928120848e-05	2.24161947206e-06	-0.00128403629283	-0.00606918597468	0.00054330343043	5.94478166631e-14	6.2865005017e-05	0.0
-8.18031751504e-06	-4.30276956522e-05	5.16683344237e-07	-0.00123304982328	-0.00558825364936	0.000362171325266	5.9425437648e-14	6.2841339609e-05	0.0
-1.43611900995e-05	-4.86956332086e-05	2.20197002483e-06	-0.00228488962403	-0.00667590430945	0.000164047705487	5.94219173535e-14	6.283761696e-05	0.0
-1.57538848432e-06	-5.95579063232e-05	-1.56924405094e-06	-0.000550552549933	-0.00852165430804	0.000148252796938	5.94170392312e-14	6.2832458433e-05	0.0
-1.08273895639e-05	-2.19398429914e-05	3.35903949006e-06	-0.00148160822412	-0.00220600249582	0.000638455516236	5.93958168843e-14	6.281001618e-05	0.0
-1.31190812001e-05	-2.05752403096e-05	3.00445667111e-06	-0.00173100612001	-0.00193533376812	0.000377088876777	1.38958551047e-13	0.000146946187415	14.5238307987
-1.36161796206e-05	-2.43476341879e-05	5.94299676244e-07	-0.00162975816145	-0.00278824866451	-5.1735188001e-05	7.95417330913e-14	8.4113962977e-05	25.3391761269
-4.02504435992e-06	-5.52907182813e-05	1.62852154725e-06	-0.000917907595048	-0.00777264008531	0.000541575085872	7.95244182713e-14	8.4095652864e-05	25.346887586
-7.59178445512e-06	-4.7532417072e-05	3.31452328305e-06	-0.00139687008912	-0.00640377311024	0.000643792232082	5.93603624898e-14	6.277252379e-05	0.0
-6.09795502965e-06	-4.01025978052e-05	1.71290128142e-06	-0.00119322814488	-0.00506184572696	0.00174172495589	4.03543176412e-14	4.2673970608e-05	100.0
-8.9683666674e-06	-1.82821266526e-05	-9.10804173632e-06	-0.00138512752544	-0.00151492832509	-0.00245375765297	4.03330098015e-14	4.2651437948e-05	100.0
-8.57768275842e-06	-4.56391061668e-05	2.98756620518e-06	-0.0016848636962	-0.00600629659383	0.000683805441623	2.01828591832e-14	2.1343013336e-05	100.0
-7.79400651055e-06	-4.97531278318e-05	3.947929285e-06	-0.00152076048804	-0.00678226560919	0.000735639229359	2.01787756416e-14	2.1338695063e-05	100.0
-1.68054847782e-05	-5.11062118547e-05	1.35817481739e-07	-0.0024759168133	-0.00716490438107	-0.000388412765129	2.01769802914e-14	2.1336796513e-05	100.0
-1.0644455648e-05	-3.24979998743e-05	9.59625394655e-06	-0.00200857928761	-0.00404430762633	0.0021512644969	2.01766232329e-14	2.133641893e-05	100.0
-1.08246626648e-05	-1.72987356811e-05	-2.98423173118e-06	-0.00174709852553	-0.00125894611417	-0.000404916486399	2.01755671446e-14	2.1335302135e-05	100.0
-7.04524519746e-06	-4.63158849867e-05	1.18364594283e-05	-0.00149826766442	-0.00626320829933	0.00245699896215	2.01734801129e-14	2.1333095136e-05	100.0
-3.60859817659e-06	-4.97727573618e-05	2.63736671146e-06	-0.00101727636085	-0.00675373555435	0.000447434419926	2.01731431704e-14	2.1332738826e-05	100.0
-1.20082402169e-06	-5.2834654444e-05	2.36425214747e-06	-0.000960258430068	-0.00728290904012	0.000580455813395	2.0172112227e-14	2.1331648621e-05	100.0
-7.68410442623e-06	-4.8584001482e-05	1.54112828171e-05	-0.00170470347911	-0.0066063557873	0.00277101124011	2.01717752845e-14	2.1331292311e-05	100.0
-1.24767786551e-05	-1.12995536025e-05	-9.21919186447e-06	-0.0015933825321	-0.000462548779577	-0.00154712070538	2.0171438342e-14	2.1330936e-05	100.0
-7.18466859235e-06	-4.22352359404e-05	1.27844958217e-05	-0.00161468699927	-0.00551891549041	0.00257091152299	2.01707644571e-14	2.1330223379e-05	100.0
-1.0335376565e-05	-5.75032568462e-06	-9.37424739963e-06	-0.000809678187001	0.000815130338538	-0.000761513250124	2.0170216297e-14	2.1329643709e-05	100.0
-1.41203713724e-05	-4.02006172485e-05	1.21730358907e-05	-0.00248418893348	-0.00530786683589	0.00171837403303	2.01684511207e-14	2.1327777067e-05	100.0
-1.66180360196e-05	-5.3493740163e-05	-2.07613927959e-08	-0.00251068951184	-0.00758029429605	-0.000432978026142	4.03261452272e-14	4.2644178784e-05	100.0
-1.56407021808e-05	-2.26198109851e-05	-8.4257262266e-06	-0.00256477589248	-0.00239310552709	-0.0014917876077	2.01655443633e-14	2.1324703223e-05	100.0
-1.76380956337e-05	-4.47675679718e-06	-7.69373373441e-07	-0.00205189322589	0.000795473633163	-0.000437597501666	2.01652275367e-14	2.1324368184e-05	100.0
-6.03609116624e-06	-4.75174880614e-05	7.27391181444e-07	-0.00105197964604	-0.00629819190768	0.000526731102359	2.01648654493e-14	2.1323985283e-05	100.0
-5.91209955377e-06	-4.58605921688e-05	1.15674718477e-06	-0.000958252849065	-0.00609017313753	0.000561406336664	2.01645134199e-14	2.1323613018e-05	100.0
-7.63880174265e-06	-3.8729596047e-05	6.45778373956e-05	-0.00111133543898	-0.00482193302495	0.00683910846347	2.01645134199e-14	2.1323613018e-05	100.0
-5.6650707243e-06	-5.52525113086e-05	4.37079341872e-06	-0.00126876909364	-0.00778525168503	0.000766831530817	2.01645134199e-14	2.1323613018e-05	100.0
-1.0174123584e-05	-3.56621753414e-05	-1.17168576698e-06	-0.00160285508419	-0.00399368255635	-0.00175305259412	2.01645134199e-14	2.1323613018e-05	100.0
2.55477298247e-05	-0.00010899554186	0.000104231594775	0.00290178579835	-0.0137773047527	0.0125293089587	2.01642770572e-14	2.1323363069e-05	100.0
2.16242391918e-05	-0.000126028887749	-9.09450538456e-06	0.00130525264854	-0.0146771873149	-0.000565908247975	2.01642770572e-14	2.1323363069e-05	100.0
-1.01755133511e-05	-3.02402928386e-05	3.10916622625e-05	-0.00135808176231	-0.00352259394583	0.00230711453757	2.016381439e-14	2.1322873807e-05	100.0
-5.27043421494e-06	-3.82916709335e-05	1.76399681757e-05	-0.000896192874111	-0.00477560819288	0.000575676660925	2.01636484332e-14	2.1322698311e-05	100.0
-1.57748332791e-05	-1.66424420257e-06	-8.77479414084e-06	-0.00209428684905	0.00144087885162	-0.00138487617519	2.01633366357e-14	2.132236859e-05	100.0
2.16007632688e-05	-0.000108644882664	0.000107863492157	0.00244925260537	-0.0137601074126	0.0129728158367	2.01633366357e-14	2.132236859e-05	100.0
-3.3959376252e-06	-3.11021336877e-05	-5.64190965701e-05	-0.000624676683544	-0.00378233889915	-0.00572359223417	2.01630248382e-14	2.132203887e-05	100.0
-1.58491017159e-06	-5.31094369707e-05	3.60650252745e-05	-0.000572331117738	-0.00675260308702	0.00293796705518	2.01624213591e-14	2.1321400702e-05	100.0
-1.57114230022e-05	-3.75675141759e-05	-1.9999476542e-05	-0.0027215379632	-0.00472291478249	-0.00260548342086	2.01624062722e-14	2.1321384747e-05	100.0
-9.4155715961e-06	-1.15963971926e-05	-1.1033449926e-05	-0.00129373029031	-0.000324924848627	-0.00259116312451	2.01617877061e-14	2.1320730625e-05	100.0
2.25962844329e-05	-0.000135590336334	5.52363475251e-05	0.00227782164699	-0.0167538350878	0.0060960130698	2.01617877061e-14	2.1320730625e-05	100.0
1.81088476248e-05	-0.000112537906163	6.61242400845e-05	0.00176935501665	-0.0139872877035	0.00730766292004	2.01617877061e-14	2.1320730625e-05	100.0
2.13199432363e-06	-1.77827789129e-05	1.20264079033e-05	-0.000756841879277	-0.00142190679862	0.00234241995509	2.01617877061e-14	2.1320730625e-05	100.0
-7.90148104093e-06	-1.44444168382e-05	2.85043930903e-06	-0.00106858868461	-0.000897499122686	0.00193627328979	2.01617877061e-14	2.1320730625e-05	100.0
-8.57345009524e-06	-2.07249752339e-05	-2.21649861471e-06	-0.00111048773575	-0.00191833236323	0.00135319175703	2.01617877061e-14	2.1320730625e-05	100.0
2.0116858325e-05	-0.000126629826309	-4.56049267344e-06	0.00107367961308	-0.0146183972995	-0.000279617064738	2.01617877061e-14	2.1320730625e-05	100.0
2.63978562584e-06	-7.04944328462e-05	6.95645890299e-05	-8.60775344148e-06	-0.00891566764833	0.00758150991325	2.01614809376e-14	2.1320406223e-05	100.0
-7.2742425384e-06	-4.16278462766e-05	-9.7178486739e-05	-0.00107248817852	-0.0053210181997	-0.0113106696303	2.01614809376e-14	2.1320406223e-05	100.0
-7.0078513818e-06	-4.17700720516e-05	7.84039958866e-06	-0.00112858396358	-0.00525523115657	-0.000628578214057	2.01610434153e-14	2.1319943551e-05	100.0
-7.60778975847e-06	-3.38456207178e-05	6.11342958981e-06	-0.00118504267436	-0.00410382560713	-0.000933524901878	2.01608724296e-14	2.1319762736e-05	100.0
-6.76475852139e-06	-3.96274000403e-05	1.21379437421e-05	-0.00111756316341	-0.0048772361278	-0.000121425284288	2.01606964148e-14	2.1319576604e-05	100.0
-3.43443938684e-05	-0.000151871743285	8.00007694428e-06	-0.0042299002518	-0.0182210900074	0.000679506515915	2.01606964148e-14	2.1319576604e-05	100.0
-1.28734443758e-05	-1.30183962491e-05	6.27861755014e-06	-0.00160445494712	-0.000537723942761	0.000948726474201	2.01606964148e-14	2.1319576604e-05	100.0
1.74293820487e-05	-9.34954241565e-05	0.000128257591055	0.00197700022056	-0.0119016704919	0.0156475989311	2.0160565661e-14	2.1319438334e-05	100.0
1.39913509952e-06	-6.84389262032e-05	7.15902891925e-05	-0.000102025840304	-0.00864656076004	0.00782868019977	2.0160565661e-14	2.1319438334e-05	100.0
-1.11186287119e-05	-4.08308183346e-05	-8.32774692628e-05	-0.00150268179225	-0.00521486208217	-0.00940705041213	2.0160565661e-14	2.1319438334e-05	100.0
-5.94825185837e-06	-3.92854512875e-05	-0.00010700722011	-0.000920586871901	-0.00501520270168	-0.0126340543132	2.0160565661e-14	2.1319438334e-05	100.0
3.41026575247e-05	-0.000140114705757	-1.46989777923e-05	0.0033069765957	-0.0169164755416	-0.0013337889973	2.0160565661e-14	2.1319438334e-05	100.0
-6.66272613304e-06	-0.000117572081766	4.87051887263e-05	-0.00119630712227	-0.0141941736098	0.00486966016946	2.01603544434e-14	2.1319214975e-05	100.0
-6.87276531203e-06	-4.14545531182e-05	4.54696844017e-05	-0.00101156242958	-0.00521508634693	0.00423456167242	2.01602639215e-14	2.131911925e-05	100.0
3.28447001753e-05	-0.000145689297027	-8.28293872835e-06	0.00321097931019	-0.017540087879	-0.000866327515305	2.01602639215e-14	2.131911925e-05	100.0
-5.54513986094e-06	-3.18041394328e-05	-8.47229375772e-05	-0.000884297528037	-0.00395566212006	-0.00959612534495	2.01600124719e-14	2.1318853346e-05	100.0
-1.47932908847e-05	-2.5865253306e-05	3.91328835839e-06	-0.00175408891289	-0.00302044410242	0.00074223166646	2.0159962182e-14	2.1318800166e-05	100.0
1.36331821326e-05	-9.7441327071e-05	5.01456551868e-05	0.00109828280264	-0.0121970877531	0.00483980068676	2.0159962182e-14	2.1318800166e-05	100.0
2.27076750906e-05	-0.000131139213521	3.57369238719e-05	0.00202605273979	-0.0159196569691	0.00350145195216	2.0159962182e-14	2.1318800166e-05	100.0
2.9110864824e-05	-0.000108213499699	0.000108906985806	0.00335107080429	-0.0136707940728	0.0131401631263	2.0159962182e-14	2.1318800166e-05	100.0
-9.04114456267e-06	-1.72622882278e-05	2.97757592248e-06	-0.0012333921247	-0.00129344473276	0.00190881439929	4.03176009696e-14	4.2635143384e-05	100.0
-4.03809843485e-06	-3.26064895495e-05	-6.81997496105e-05	-0.00067576601134	-0.00406428327855	-0.00732288601512	2.0159962182e-14	2.1318800166e-05	100.0
4.58572908578e-05	-0.000163637422441	-1.84970085159e-05	0.00511180336528	-0.0201866593509	-0.00209466470682	2.0159962182e-14	2.1318800166e-05	100.0
4.81482277261e-05	-0.000132683252316	-8.24590745796e-05	0.00563975017327	-0.0165753344539	-0.00992015622808	2.0159333558e-14	2.1318135407e-05	100.0
-1.20711680872e-05	-8.13529990437e-06	-1.07365556955e-05	-0.00165012375725	0.000179290036569	-0.00182011532907	2.01587552239e-14	2.1317523829e-05	100.0
7.5220334717e-06	-8.00346430867e-05	-4.46953119287e-05	0.000368017208985	-0.0101499672177	-0.00397829835834	2.01587552239e-14	2.1317523829e-05	100.0
3.78815131404e-05	-0.000133539316352	-9.03575560117e-05	0.00438135289455	-0.0168196747488	-0.0108128173548	2.01587552239e-14	2.1317523829e-05	100.0
-3.46718362028e-05	3.99346451981e-05	5.97856837383e-05	-0.00378928596727	0.00472527116253	0.00588191063131	2.01583126726e-14	2.1317055839e-05	100.0
5.80951325512e-06	-9.1615193424e-05	5.42614660464e-05	0.00024549902588	-0.0114387129406	0.00538793721327	2.01583126726e-14	2.1317055839e-05	100.0
5.6802245083e-05	-0.000173672660362	-9.26618128329e-05	0.00684265523025	-0.0219605333677	-0.0114609977985	2.01583126726e-14	2.1317055839e-05	100.0
5.26172054272e-05	-0.000173514871693	-6.57711862593e-05	0.00623828704102	-0.0218056690837	-0.00798451456001	2.01583126726e-14	2.1317055839e-05	100.0
4.29552954205e-05	-0.000148541282038	-0.000116831685312	0.00513168451462	-0.0187935231039	-0.0144407666648	2.01583126726e-14	2.1317055839e-05	100.0
-1.28461714195e-05	-0.000106424707902	0.000119864510264	-0.00179414828408	-0.013558191817	0.0145249793341	2.01581618028e-14	2.1316896297e-05	100.0
-8.65901901905e-05	0.000120253341226	7.22235542086e-05	-0.0107286631969	0.0146971106672	0.00879469584405	2.01578650923e-14	2.1316582531e-05	100.0
-8.33464188137e-06	-3.55789685755e-05	-3.92175461679e-05	-0.00115372371071	-0.00440972580069	-0.00338533913436	2.01578650923e-14	2.1316582531e-05	100.0
2.16671555333e-05	-5.35828392797e-05	-0.000171350574644	0.00256506430941	-0.00691278194005	-0.0213233659145	2.01578650923e-14	2.1316582531e-05	100.0
2.94500678598e-05	-0.000140783211241	2.12487851172e-05	0.00280473353385	-0.016958246683	0.00214880622233	2.01576387876e-14	2.1316343218e-05	100.0
-7.55656317841e-06	-2.86682216012e-05	-0.000162599723794	-0.0011142470248	-0.00370771208551	-0.0201335486795	2.01576387876e-14	2.1316343218e-05	100.0
-1.30678731138e-05	-3.4337404291e-05	0.000148928076474	-0.00174718847779	-0.00453714541917	0.0182972818344	2.01572716712e-14	2.1315954998e-05	100.0
3.5794821946e-05	-0.000119678674243	-5.29745185611e-05	0.00379312474503	-0.0148241592594	-0.00576209888262	2.01572716712e-14	2.1315954998e-05	100.0
-1.0504968543e-05	-1.99912116242e-05	-1.50435867307e-05	-0.00154079935037	-0.0018679781873	-0.00297511994426	2.01569749606e-14	2.1315641232e-05	100.0
-4.22320905634e-05	-5.33563279975e-05	0.000219499149041	-0.00551127957578	-0.00695479001833	0.0276829328301	2.01569749606e-14	2.1315641232e-05	100.0
-5.93154101049e-06	-4.48874512592e-05	1.3179201369e-05	-0.00150041582976	-0.00602898619555	0.00267070690465	4.03107565113e-14	4.262790549e-05	100.0
2.82479656891e-05	-0.000129454586528	-9.81969049978e-05	0.00321886755806	-0.016307582759	-0.011811967806	2.01569749606e-14	2.1315641232e-05	100.0
5.49012930483e-05	-0.000167776530398	-0.000112886938978	0.00662346058762	-0.0212571205856	-0.0139862429583	2.01569749606e-14	2.1315641232e-05	100.0
-5.89038636965e-06	-3.5357123827e-05	-6.98554679495e-05	-0.000927630655422	-0.0043179633701	-0.00756092575866	2.01566832791e-14	2.1315332784e-05	100.0
-6.69408330422e-05	0.000138621635355	2.50234454066e-05	-0.00811513589706	0.0167748554224	0.00301575769602	2.01566329892e-14	2.1315279604e-05	100.0
-5.55298949345e-06	-2.21200546887e-05	-3.79261131696e-05	-0.000851799933793	-0.00237010715359	-0.00316848852857	2.01566329892e-14	2.1315279604e-05	100.0
-3.15392174456e-05	-2.56514546895e-05	-2.62054093441e-05	-0.00360371886364	-0.00275404731117	-0.00193764455766	2.01566329892e-14	2.1315279604e-05	100.0
3.28053173039e-05	-8.90171417326e-05	0.000157306217421	0.00394945169461	-0.0113571533378	0.0195276613328	2.01563865686e-14	2.1315019018e-05	100.0
-1.55651888887e-05	-5.19649961328e-05	9.36094134661e-08	-0.00240684939491	-0.00730406308111	-0.000204904845371	2.01563865686e-14	2.1315019018e-05	100.0
-1.56448303659e-06	-1.99346866205e-05	-1.95562503812e-05	-0.000450836475621	-0.00198916958959	-0.000743544647456	2.01563865686e-14	2.1315019018e-05	100.0
-3.63446993166e-07	-2.97031464105e-05	-6.67980179921e-05	-0.000278533657923	-0.00364865211388	-0.0071230361144	2.01563865686e-14	2.1315019018e-05	100.0
6.85424889273e-05	-0.000221696074208	-7.09557410365e-05	0.00836964797315	-0.028134050078	-0.008859280998	2.01563865686e-14	2.1315019018e-05	100.0
-4.1722068133e-05	5.56724997631e-05	7.04608157835e-05	-0.00479503031142	0.00655393297909	0.00759368127198	2.01562960467e-14	2.1314923293e-05	100.0
5.32085132031e-05	-0.000157340021017	-0.000107586886389	0.00643910164326	-0.0199354486433	-0.0133044846055	2.01562960467e-14	2.1314923293e-05	100.0
-2.38867656102e-05	3.00122889911e-05	-5.36362886868e-05	-0.00249444449543	0.00373221143229	-0.00476132191964	2.01562960467e-14	2.1314923293e-05	100.0
-9.02055676853e-06	-0.000116205979942	0.000293279164073	-0.00128639316665	-0.0150309435343	0.0373470318929	2.0156094887e-14	2.131471057e-05	100.0
-6.46995562544e-05	6.03080763549e-05	-3.64780625771e-05	-0.00712025800649	0.0068204688174	-0.00372123559697	2.0156094887e-14	2.131471057e-05	100.0
5.99491509367e-05	-0.000180672055876	4.91500203091e-05	0.00709650442013	-0.022676455405	0.00595573691123	2.0156094887e-14	2.131471057e-05	100.0
6.61272830149e-05	-0.000227070914947	-0.000150333963336	0.00815267340698	-0.0290251701886	-0.0190159446861	2.0156094887e-14	2.131471057e-05	100.0
-3.77564079126e-06	-7.00400975961e-05	7.42663374352e-05	-0.000735238618142	-0.0087013352605	0.00823368428044	2.01559641332e-14	2.13145723e-05	100.0
5.73523816392e-06	-8.20774680318e-05	9.15137991934e-05	0.000473497274617	-0.0104371623792	0.0106097798942	2.01558032055e-14	2.1314402122e-05	100.0
-7.62966263931e-05	7.50212077116e-05	3.08132782621e-06	-0.00858032232666	0.00851477406021	0.000393746175414	2.01558032055e-14	2.1314402122e-05	100.0
-6.98871453723e-05	0.000109248416401	7.38284044707e-06	-0.00818577407125	0.0128293781514	0.000865898761815	2.01558032055e-14	2.1314402122e-05	100.0
-2.9377269563e-05	2.8542114684e-05	-0.00011703185752	-0.00368893205171	0.00336986147358	-0.0139432927355	2.01558032055e-14	2.1314402122e-05	100.0
-5.35649993814e-05	1.73044633796e-05	-0.00023308239928	-0.00690118972614	0.00199499661386	-0.0294698489133	2.01558032055e-14	2.1314402122e-05	100.0
7.83472300051e-06	-8.96047550027e-05	7.3806508611e-05	0.000601058541726	-0.0111727666551	0.00822819499736	2.01556271908e-14	2.131421599e-05	100.0
5.38719292781e-05	-0.000186324471228	-4.7816162491e-05	0.00638644947022	-0.0233699570823	-0.00586412890523	2.01556271908e-14	2.131421599e-05	100.0
2.7170906835e-05	-0.000126528494085	-5.39290381578e-05	0.00282981018025	-0.0156498448208	-0.00585519671772	2.01556271908e-14	2.131421599e-05	100.0
3.24989410354e-05	-0.00013764739358	-0.000112844630041	0.00381132204775	-0.0173865872317	-0.0138218406803	2.01556271908e-14	2.131421599e-05	100.0
-1.79860359002e-05	9.48057407879e-06	4.38094994984e-05	-0.00190626064045	0.00162817030451	0.00348514989063	2.01552198424e-14	2.1313785226e-05	100.0
-4.45109983293e-05	5.86350457253e-05	-5.36634788539e-05	-0.00482179635644	0.00659658580781	-0.00547868374558	2.01552198424e-14	2.1313785226e-05	100.0
-4.80069062547e-05	5.48807805852e-05	-3.89957138762e-05	-0.0048661865142	0.00609507076549	-0.00360905736815	2.01552198424e-14	2.1313785226e-05	100.0
8.71606438179e-05	-0.000228574180862	5.49744419785e-05	0.0107352020798	-0.0290414208593	0.00685159664663	2.01552198424e-14	2.1313785226e-05	100.0
5.12913715984e-05	-0.000179715593452	3.86863244023e-05	0.00598286446967	-0.0224754318671	0.00462907764338	2.01552198424e-14	2.1313785226e-05	100.0
-3.68107123493e-05	2.28032032504e-05	-5.6564999227e-05	-0.00396041198632	0.00261561360852	-0.00555827944278	2.01552198424e-14	2.1313785226e-05	100.0
-3.3095261134e-05	3.25157650349e-05	-8.48248548834e-05	-0.00394535898534	0.00381998430723	-0.0094839368663	2.01552198424e-14	2.1313785226e-05	100.0
5.64342865002e-05	-0.000161821620406	-0.0001091923543	0.00681188688864	-0.0204900711363	-0.0134729892202	2.01552198424e-14	2.1313785226e-05	100.0
2.45356660788e-05	-0.000142645827946	-0.000147174946334	0.00289289399091	-0.0182062147964	-0.0182885387295	2.01552198424e-14	2.1313785226e-05	100.0
1.67684559076e-06	-2.53197576595e-05	3.71815359107e-05	-6.70704339335e-05	-0.00298298278924	0.0030571163813	2.01546415083e-14	2.1313173648e-05	100.0
-5.35218696111e-06	-3.89052020511e-05	5.45167494587e-05	-0.000857496002596	-0.00487809623911	0.00544711168954	2.01546415083e-14	2.1313173648e-05	100.0
-2.49235598819e-05	-0.000118340673742	0.000184661730329	-0.00331553976865	-0.0152430548364	0.0231485854216	2.01546415083e-14	2.1313173648e-05	100.0
5.27440534199e-05	-0.000139592280066	-0.000112408046661	0.00636914270397	-0.0177398913752	-0.0137607715087	2.01546415083e-14	2.1313173648e-05	100.0
5.17776659698e-05	-0.000157758339431	-7.75595820362e-05	0.00607743393028	-0.0198360465926	-0.0093623893346	2.01546415083e-14	2.1313173648e-05	100.0
8.68227137808e-05	-0.000219996988881	4.31763012085e-05	0.0106898005964	-0.0279094859071	0.00535773661106	2.01542995368e-14	2.1312812019e-05	100.0
-9.3696570609e-05	0.000184885999624	0.000113190626536	-0.0118903579513	0.0232533294308	0.0142346844588	2.01542995368e-14	2.1312812019e-05	100.0
6.71532452032e-05	-0.000188298232964	-7.88832773407e-05	0.0081559615887	-0.0237883027895	-0.00978159052003	2.01542995368e-14	2.1312812019e-05	100.0
-5.73612243099e-05	9.74251403967e-05	3.1721322597e-05	-0.00650976519661	0.0112290729958	0.00349949821511	2.01542995368e-14	2.1312812019e-05	100.0
5.67274596329e-05	-0.000159771210206	-0.000107462646445	0.00685015709708	-0.0202149146318	-0.0133233573393	2.01542995368e-14	2.1312812019e-05	100.0
1.80880822016e-05	-4.58723156439e-05	-0.000227605024341	0.00215804802114	-0.0059435377101	-0.0287369119441	2.01542995368e-14	2.1312812019e-05	100.0
-2.19672683269e-05	-2.72889828338e-05	0.000110860600077	-0.00281293652184	-0.003609006725	0.013145563826	2.01540682032e-14	2.1312567388e-05	100.0
-0.000147791001627	0.000202443419263	-1.22433431574e-05	-0.0187884298523	0.025481669033	-0.00157577300017	2.01540682032e-14	2.1312567388e-05	100.0
-2.4501579954e-05	2.26748246919e-05	-9.922182244e-05	-0.00301966572482	0.00260760647356	-0.0114612179549	2.01540682032e-14	2.1312567388e-05	100.0
-5.37696958978e-05	5.7913716179e-05	-0.000284978123001	-0.00696305809287	0.00723123929545	-0.0362658430997	2.01540682032e-14	2.1312567388e-05	100.0
4.45291090864e-05	-0.000135244741842	-5.62944591878e-05	0.00499227518464	-0.0168778078577	-0.00636417091299	2.01540682032e-14	2.1312567388e-05	100.0
-4.68903679001e-05	6.58664666696e-05	-2.33319152543e-05	-0.00442086155515	0.00701122427782	-0.00205383485062	2.01537815506e-14	2.1312264258e-05	100.0
8.86924499053e-05	-0.000250979680495	0.000140999308789	0.0110672899293	-0.0321043571092	0.0178566894667	2.01537815506e-14	2.1312264258e-05	100.0
-8.67482428679e-05	6.49982512899e-05	-9.47187681529e-05	-0.0107025120868	0.00784108027504	-0.0113699268791	2.01537815506e-14	2.1312264258e-05	100.0
0.000100417127033	-0.000259101409717	2.92711289219e-05	0.012473531118	-0.0330159263338	0.00369262069618	2.01537815506e-14	2.1312264258e-05	100.0
3.48350880839e-05	-0.000146920981195	-0.000152967675582	0.00419434736673	-0.0187449462672	-0.0191131349865	2.01537815506e-14	2.1312264258e-05	100.0
-2.33013701926e-05	7.83746425008e-05	0.000174946869662	-0.00299954646187	0.00972250752373	0.0218294113586	2.01536407389e-14	2.1312115352e-05	100.0
1.0454210384e-05	-0.000111835173092	3.42006325168e-05	0.00039647812046	-0.013461659379	0.00267873393035	2.01536407389e-14	2.1312115352e-05	100.0
-6.71500385734e-05	0.000107117658052	-3.27666583947e-06	-0.00778762975019	0.0125084609673	-0.000285834582798	2.01536407389e-14	2.1312115352e-05	100.0
-4.67671836695e-06	-4.14508858019e-05	2.17379794176e-05	-0.000851555884652	-0.00529070011123	0.00106786399566	2.01534948981e-14	2.1311961128e-05	100.0
-9.16692978305e-05	0.000137018820596	0.000115163595547	-0.0115706139735	0.0170492813466	0.0143489895954	2.01534948981e-14	2.1311961128e-05	100.0
-6.02219984392e-06	-3.84831478521e-05	-1.67347613558e-05	-0.000916323347917	-0.00486819822036	-0.000445674410194	2.01534948981e-14	2.1311961128e-05	100.0
3.82626120293e-05	-8.40880092353e-05	-0.000246915069561	0.00472685268579	-0.0108611760451	-0.0312909116699	2.01534948981e-14	2.1311961128e-05	100.0
-9.92718464341e-06	-4.42178793498e-05	-2.49806633538e-06	-0.00131626834173	-0.00579166660512	-0.000142478113318	2.01533138544e-14	2.1311769678e-05	100.0
-2.97590868337e-06	-2.59573342483e-05	-0.000126791178178	-0.000568173657684	-0.00326790255032	-0.0153007707498	2.01533138544e-14	2.1311769678e-05	100.0
-1.88372504389e-05	-3.96038092479e-05	5.52599240291e-06	-0.00275459615192	-0.00517765712528	0.000381724913377	2.01532082455e-14	2.1311657998e-05	100.0
-8.36132328587e-05	0.000102537638017	0.000135705821714	-0.0105752217645	0.0127498846295	0.0168375522529	2.01529819409e-14	2.1311418685e-05	100.0
9.5346044902e-05	-0.00022900532252	-1.71780983551e-05	0.0117827689981	-0.0290640577506	-0.00214278344716	2.01529819409e-14	2.1311418685e-05	100.0
-0.000108549166509	0.000156988050352	3.00944828916e-07	-0.0135532939191	0.0194278234466	7.41689776658e-05	2.01529819409e-14	2.1311418685e-05	100.0
4.1589334699e-05	-0.000152854336429	-0.000189441597814	0.00509593688585	-0.019558465812	-0.0238965572264	2.01529819409e-14	2.1311418685e-05	100.0
8.9021774332e-05	-0.000250546875364	0.000105807010848	0.0110645108783	-0.032001454277	0.0133265590713	2.0152926622e-14	2.1311360187e-05	100.0
9.27064998593e-05	-0.000244360724253	0.000127419986974	0.0115726232101	-0.0312531054692	0.0161096978054	2.0152926622e-14	2.1311360187e-05	100.0
-5.45882174598e-05	3.06281856116e-05	-7.81153655819e-05	-0.00644927979722	0.00355695658516	-0.00877654444163	2.0152926622e-14	2.1311360187e-05	100.0
-0.000127724398145	0.000107247888054	-0.000182926142738	-0.0163063298077	0.0134519227764	-0.0230965994551	2.0152926622e-14	2.1311360187e-05	100.0
8.88340759786e-05	-0.000230963829594	2.52801150866e-05	0.0109074318727	-0.0293067390909	0.00314732768653	2.0152926622e-14	2.1311360187e-05	100.0
0.000176086904725	-0.000340721602544	9.22748124583e-06	0.0223164001726	-0.0437041576046	0.00116295052135	2.0152926622e-14	2.1311360187e-05	100.0
-3.59207179892e-05	4.83126021666e-05	-5.93756030867e-05	-0.00385288470739	0.00542692445576	-0.00599885975247	2.01526399694e-14	2.1311057057e-05	100.0
7.20100198325e-05	-0.000187391993535	3.52114537356e-05	0.00861494647828	-0.0235655032687	0.00424574954657	2.01526399694e-14	2.1311057057e-05	100.0
5.69483634074e-05	-0.000200400750136	7.31206977667e-05	0.00687542414422	-0.0253710904454	0.00903099343512	2.01526399694e-14	2.1311057057e-05	100.0
-2.1409206426e-05	-4.78224808951e-05	0.000116573333092	-0.00281272896229	-0.00615372287656	0.0139540404623	2.01523583459e-14	2.1310759245e-05	100.0
-3.13490412615e-05	4.89949729853e-05	5.11202130513e-05	-0.00317497274347	0.00567916040296	0.00457991806915	2.01523281719e-14	2.1310727336e-05	100.0
-4.54398992011e-05	7.13510280397e-05	1.58450152392e-05	-0.00419183361574	0.00756418992093	0.00124829541202	2.01523281719e-14	2.1310727336e-05	100.0
7.42650789681e-05	-0.000175225305503	-8.46638807674e-05	0.0090554093252	-0.0221371005342	-0.0104675611139	2.01523281719e-14	2.1310727336e-05	100.0
-2.49479670876e-05	3.30475265668e-05	-0.00017979413848	-0.00325380713838	0.00405018694708	-0.0223938051939	2.01523281719e-14	2.1310727336e-05	100.0
-1.03329780322e-05	-7.84022482146e-06	5.95252947708e-06	-0.00115966728187	0.00028322863089	0.00223620610774	2.01523281719e-14	2.1310727336e-05	100.0
4.26640833405e-05	-0.000116551577876	9.30850823266e-05	0.00498306994346	-0.0147226922817	0.0110872710864	2.01517950987e-14	2.1310163621e-05	100.0
3.52029741504e-05	-0.000111839207027	0.000111034821614	0.00412643615136	-0.0141819871872	0.0134223948137	2.01517950987e-14	2.1310163621e-05	100.0
4.24487739945e-05	-0.000154201142136	9.49112605384e-05	0.00503140130877	-0.0194691241685	0.0115038714793	2.01517950987e-14	2.1310163621e-05	100.0
5.52193964804e-05	-0.000161528113849	-1.16137736224e-05	0.00624369066736	-0.0199616685716	-0.00131383606878	2.01517950987e-14	2.1310163621e-05	100.0
2.95724210191e-05	-0.000129415446045	-9.53747547825e-06	0.00240845403132	-0.0153737828593	-0.00069151281505	2.01517950987e-14	2.1310163621e-05	100.0
-9.74211460351e-06	-4.09230252126e-05	3.20050185153e-05	-0.00137020018641	-0.00497757823877	0.00244536606186	2.01516744029e-14	2.1310035987e-05	100.0
4.79542755938e-05	-0.000151961205762	8.87782715947e-05	0.0056688351037	-0.0190699469804	0.0108392082225	2.01516744029e-14	2.1310035987e-05	100.0
-5.46595032405e-05	0.000126918447964	7.54870919496e-05	-0.00671030394317	0.0154649134604	0.00911288377738	2.01512318516e-14	2.1309567997e-05	100.0
-1.01823176558e-05	-3.56839778455e-05	0.00010302761451	-0.0014175119733	-0.00453986348418	0.0120948733732	2.01512318516e-14	2.1309567997e-05	100.0
-1.67753707587e-05	-3.64622291479e-08	1.74693161311e-06	-0.00184693972247	0.00168410344457	-6.91242546091e-06	2.01512318516e-14	2.1309567997e-05	100.0
-3.50443705299e-06	-2.01896117443e-05	-2.89558033389e-05	-0.00058314051741	-0.00217813385965	-0.00192012754391	2.01512318516e-14	2.1309567997e-05	100.0
-1.71052770954e-05	-5.28191964974e-06	-0.000178523831195	-0.00229656166453	-0.000787905241023	-0.0222253218716	2.01512318516e-14	2.1309567997e-05	100.0
5.74410576373e-05	-0.000194522242749	-0.000113160622613	0.0069790633831	-0.024714055781	-0.0141514474282	2.01512318516e-14	2.1309567997e-05	100.0
6.98081984732e-05	-0.000220762691524	3.77095349486e-05	0.00848023763912	-0.0279510171441	0.00470093155997	2.01510256629e-14	2.1309349956e-05	100.0
1.28751418445e-05	-7.94232472053e-05	-4.70556239555e-05	0.00099633865656	-0.0100074190947	-0.00440842911554	2.01510256629e-14	2.1309349956e-05	100.0
-2.97245133008e-05	-8.84605322461e-06	0.000178302196396	-0.00384135097189	-0.0013107759781	0.0221959378644	2.01509502281e-14	2.1309270185e-05	100.0
3.19291036233e-05	-0.000151002800403	7.52158003476e-05	0.00360935848614	-0.018926021219	0.00889459909184	2.01509502281e-14	2.1309270185e-05	100.0
4.21529867036e-05	-0.000123974041129	0.00015550420605	0.00511551433477	-0.0157868723856	0.0193764410738	2.01509502281e-14	2.1309270185e-05	100.0
7.01894758319e-05	-0.000209981313457	-2.7668620008e-05	0.00848877262616	-0.0264933935195	-0.00338023455792	2.01509502281e-14	2.1309270185e-05	100.0
8.35345027408e-05	-0.000185059053183	-0.000174351923045	0.0104019007349	-0.0236682173513	-0.0220186359195	2.01509502281e-14	2.1309270185e-05	100.0
-5.10327432174e-05	8.64204401941e-05	9.89225528663e-06	-0.00530713025633	0.00951011325615	0.000950875952851	2.01506736335e-14	2.1308977691e-05	100.0
-3.49979170425e-05	3.6006402809e-05	-7.87830967771e-05	-0.00411663696908	0.00418269782999	-0.00864017341075	2.01506736335e-14	2.1308977691e-05	100.0
-3.35893594099e-05	3.73880033762e-05	-0.000209975785966	-0.00436875469209	0.00458904232527	-0.0264145646921	2.01506736335e-14	2.1308977691e-05	100.0
1.34418681101e-05	-9.85960954657e-05	3.92280011222e-05	0.000866870545815	-0.0123751126429	0.00321178163774	2.01503920099e-14	2.130867988e-05	100.0
-5.13998148297e-05	9.51138814237e-05	8.46121089276e-06	-0.00555590661233	0.0106509198668	0.000936943908397	2.01503920099e-14	2.130867988e-05	100.0
6.53012738483e-05	-0.000159468836638	5.16419702898e-05	0.00768957486129	-0.0199588103807	0.00613770706422	2.01503920099e-14	2.130867988e-05	100.0
5.08472873531e-05	-0.000229829113524	0.000144412136649	0.00624143320941	-0.0294047781811	0.0182332315845	2.01503920099e-14	2.130867988e-05	100.0
-3.898254018e-05	1.41182454638e-05	-4.38610193674e-05	-0.00404034196624	0.00174634535676	-0.00388667249454	2.01503920099e-14	2.130867988e-05	100.0
-4.22030243797e-05	4.00365869064e-05	-0.000101099135357	-0.00515986341734	0.00476204192557	-0.0118223859812	2.01503920099e-14	2.130867988e-05	100.0
5.61944792728e-05	-0.000164514690041	2.32379835464e-05	0.00640340037036	-0.0204075522731	0.00273090181373	2.01503920099e-14	2.130867988e-05	100.0
0.000113394136779	-0.00029321341682	1.03029253417e-05	0.0142129559665	-0.0375109893082	0.00130648790512	2.01503920099e-14	2.130867988e-05	100.0
8.56605920662e-05	-0.000195925167129	8.61478453316e-05	0.0105552628172	-0.0248488843975	0.0107545285647	2.0150376923e-14	2.1308663925e-05	100.0
-2.3026519836e-05	1.05943018085e-06	-8.40952818588e-05	-0.00286753375742	0.000215359084464	-0.00935435311366	2.0150376923e-14	2.1308663925e-05	100.0
-1.3554489056e-05	-2.19946281374e-05	-1.65467832698e-05	-0.00212155857069	-0.00224832634303	-0.00212581352044	2.01501154154e-14	2.1308387386e-05	100.0
-1.24134201958e-05	-2.591189601e-05	-2.08183012561e-05	-0.00206748131785	-0.00275711392921	-0.00315106156615	2.01501154154e-14	2.1308387386e-05	100.0
-8.36195163238e-05	6.47716067465e-05	0.000194535103413	-0.01067392231	0.00800516710778	0.0244782710634	2.01501154154e-14	2.1308387386e-05	100.0
2.74903158037e-05	-0.000114460225883	4.07510124781e-05	0.00257379813206	-0.0141030576617	0.00391825822921	2.01501154154e-14	2.1308387386e-05	100.0
-5.48758388925e-06	-0.000103663335049	0.000148888152577	-0.000876943597314	-0.0132292458594	0.0183883464397	2.01501154154e-14	2.1308387386e-05	100.0
-5.54144111658e-05	8.04395193775e-05	3.17050604331e-05	-0.00603941830768	0.00902311885829	0.00326825327858	2.01501154154e-14	2.1308387386e-05	100.0
-8.91584108824e-05	0.000122637579065	0.000165116840871	-0.0113468660186	0.0153641735909	0.020744762572	2.01501154154e-14	2.1308387386e-05	100.0
-2.8321407947e-05	-1.21523689194e-05	0.000262391713387	-0.00371425206625	-0.00172377269484	0.0332794052407	2.01501154154e-14	2.1308387386e-05	100.0
3.94236345725e-05	-0.000150914208955	8.67733387064e-05	0.00461735704341	-0.0190395658637	0.0104025209956	2.01501154154e-14	2.1308387386e-05	100.0
1.4493273686e-05	-0.000117679157963	0.000140555313606	0.0015953535635	-0.0149582932943	0.0173403696152	2.01501154154e-14	2.1308387386e-05	100.0
-1.8909180192e-05	-7.75996156207e-06	2.24475205569e-06	-0.00231428899236	0.000161514814483	4.87752674484e-05	2.01501154154e-14	2.1308387386e-05	100.0
0.000120072721042	-0.000257114171639	8.10361658243e-05	0.0150400433415	-0.032844196199	0.0102051687167	2.01501154154e-14	2.1308387386e-05	100.0
0.000108904583025	-0.000236034861076	8.16366254804e-05	0.0135897426123	-0.0301077434603	0.0102513110901	2.01501154154e-14	2.1308387386e-05	100.0
-3.32141583978e-05	2.2832886975e-05	-4.76855036246e-05	-0.00335165983434	0.00265162961361	-0.00422971197525	2.01501154154e-14	2.1308387386e-05	100.0
0.00010267138196	-0.00025254825516	7.67632823801e-05	0.0127774172096	-0.0322022023178	0.00970679807548	2.01501154154e-14	2.1308387386e-05	100.0
0.000113291636383	-0.000279859672715	6.75157456302e-05	0.0141851148401	-0.035768241032	0.00856814851072	2.01501154154e-14	2.1308387386e-05	100.0
-1.11668321907e-06	-3.51715656325e-05	-9.72387869288e-05	-0.000324692463726	-0.00451695261362	-0.0112811898304	2.01501154154e-14	2.1308387386e-05	100.0
1.77625557708e-05	-4.90909622145e-05	-0.000192009774642	0.00211211948444	-0.00639979843345	-0.0240289743666	2.01501154154e-14	2.1308387386e-05	100.0
5.48808529532e-05	-0.000154880173833	-0.000235143470809	0.00682889080319	-0.0198901723025	-0.0298277220628	2.01501154154e-14	2.1308387386e-05	100.0
7.3796221125e-05	-0.000176731793095	-0.000181015679483	0.00917191936227	-0.0225914568302	-0.0228741143045	2.01501154154e-14	2.1308387386e-05	100.0
4.17835019626e-05	-0.000150467347855	-1.17059512378e-05	0.00437476426187	-0.0183613630094	-0.00122468704124	2.01501154154e-14	2.1308387386e-05	100.0
6.63541253719e-05	-0.000188697480131	-3.06248513409e-05	0.00789964983017	-0.0236889949077	-0.00368486253162	2.01501154154e-14	2.1308387386e-05	100.0
7.34829931774e-05	-0.00016905300979	-0.000154102070197	0.00912467051811	-0.0216095813563	-0.0193192959473	2.01501154154e-14	2.1308387386e-05	100.0
7.02226786908e-05	-0.000183682893135	-5.65969412752e-05	0.00844049090251	-0.0231379444978	-0.00689445261599	2.01501154154e-14	2.1308387386e-05	100.0
-8.72469471185e-05	0.000119540442015	0.000107055409366	-0.0109172439953	0.0147752792332	0.0132099950728	2.0149733212e-14	2.1307983212e-05	100.0
3.92853151653e-05	-0.000177136600067	1.13823049308e-05	0.00439014657005	-0.0219381848098	0.0013584541818	2.0149733212e-14	2.1307983212e-05	100.0
6.32724019808e-05	-0.000177507182941	-4.92878171561e-05	0.00753924370179	-0.0222461821504	-0.00601051893741	2.0149733212e-14	2.1307983212e-05	100.0
-6.05742598782e-05	0.000113153226786	2.75686786904e-05	-0.00706519268286	0.0133115632565	0.00317503690611	2.0149733212e-14	2.1307983212e-05	100.0
5.17189623027e-05	-0.000139034873629	-0.000148124810616	0.00629357336041	-0.0176577539483	-0.0185078505442	2.0149733212e-14	2.1307983212e-05	100.0
