# x[AU] y[AU] z[AU] vx[AU/yr/2pi] vy[AU/yr/2pi] vz[AU/yr/2pi] m[MSUN] m[mtot] wf[%]
7.19346081193e-06	4.6531748297e-05	2.23758807118e-08	0.00119266215661	0.00579183694403	2.94722337782e-06	6.32827004436e-10	0.66974783034	19.1342178239
-1.55330068352e-05	-9.52602236314e-05	-2.89838562377e-08	-0.00253900174781	-0.0118416202961	-6.47480204167e-06	3.04494097869e-10	0.322259100775	10.311183485
-9.80647978878e-06	-3.56911845648e-05	-1.25475370206e-06	-0.0015082176519	-0.00446795814091	-0.00015996026532	8.7691123326e-13	0.000928072588171	14.5148067139
-8.65468738386e-06	-1.04078858851e-05	1.6366074189e-06	-0.00112239703774	8.80876414948e-05	0.00031166389514	3.5597819429e-13	0.00037674691756	29.796464786
-8.3507687827e-06	-5.18795286957e-05	9.35877910126e-09	-0.00150480600025	-0.00736582192978	3.10662909682e-05	2.71143914668e-13	0.00028696317838	7.8303693546
-8.1559826511e-06	-2.53598029147e-05	1.74121263923e-06	-0.00124524149131	-0.00266841892452	0.000401867020735	3.34688981981e-13	0.00035421563547	25.341034591
-1.22497122026e-05	-2.71221105602e-05	7.92340055813e-07	-0.00171334930036	-0.00305714232565	-2.01847516675e-05	1.04832383692e-13	0.00011094858632	40.442745605
-1.07960283283e-05	-1.79211082654e-05	1.24804486709e-06	-0.0015114643299	-0.0013614501238	0.000134120944954	1.2611456547e-13	0.000133472427699	50.420063752
-7.07868628173e-06	-3.98430019158e-05	2.7451825961e-06	-0.00138226048045	-0.00508293373294	0.000331106207574	6.25160047675e-14	6.6163356273e-05	0.0
-1.21064937829e-05	-5.55950214828e-06	2.33587979561e-06	-0.00150890747774	0.000996025824123	0.000236821441267	1.24911615463e-13	0.000132199294361	0.0
-1.19639206128e-05	-4.3079556875e-05	-1.83601666197e-06	-0.00185653402086	-0.00571114115553	-0.000391792175016	6.24686316615e-14	6.6113219293e-05	0.0
-7.54005085715e-06	-2.10637609015e-05	1.14535442375e-05	-0.00134224566968	-0.0019088418395	0.00167729716867	6.24462526465e-14	6.6089534626e-05	0.0
-1.24369117508e-05	-4.84187803844e-05	2.22815331054e-07	-0.00200430538854	-0.00677281823203	-0.000119620529942	6.24096415837e-14	6.6050787576e-05	0.0
-2.67552160587e-05	5.980737986e-05	-5.01206789944e-05	-0.00272200878292	0.00672363922643	-0.00449155652776	4.23842300864e-14	4.4857039825e-05	100.0
7.52413103765e-05	-0.000165105840654	6.96660353134e-05	0.00909272779735	-0.0208136986694	0.00852966566283	4.23794575729e-14	4.4851988871e-05	100.0
-6.25858050251e-06	-5.33417120896e-05	4.15926115839e-06	-0.00147326491186	-0.00763135567602	0.000685291237773	2.12418794349e-14	2.2481187693e-05	100.0
1.72435150563e-06	-5.74712699624e-05	1.63151438157e-06	-0.000490355730948	-0.00824609614451	0.000570474210303	2.12362469637e-14	2.2475226608e-05	100.0
-8.52207616415e-06	-8.28263988787e-06	4.89748823711e-06	-0.00134038138905	0.000426380408459	0.000669165567455	2.12362469637e-14	2.2475226608e-05	100.0
-7.26346669452e-06	-5.34775709271e-05	-5.02715384117e-06	-0.00115885368323	-0.00774527074976	-0.000806979020892	2.12315700011e-14	2.2470276779e-05	100.0
-9.09874959804e-07	-4.56436721522e-05	4.06000386682e-07	-0.000477254952304	-0.00610217305152	0.000295124703724	2.12289046352e-14	2.2467455908e-05	100.0
-8.20626188097e-06	-1.73359474327e-05	6.86966934684e-07	-0.00107378119394	-0.00121243386078	0.00021589385366	2.12233274829e-14	2.246155337e-05	100.0
-7.53448383072e-06	-2.47797782185e-05	-1.9219907489e-06	-0.00064154242192	-0.00254487981055	6.57609811877e-05	2.12225982791e-14	2.2460781622e-05	100.0
-9.38343178905e-06	-7.21773139716e-06	1.39097033679e-05	-0.00109687388292	0.000545352623797	0.00279939498368	2.12218690752e-14	2.2460009875e-05	100.0
-1.29137869093e-05	-4.52216020432e-05	1.52118515073e-05	-0.00193562325917	-0.00606269622447	0.00223871483195	2.1216870257e-14	2.2454719412e-05	100.0
-5.38787895211e-06	-1.25685423254e-05	9.01314947336e-06	-0.000877894980357	-0.000577589252751	-0.000531967203927	4.24054272883e-14	4.4879473729e-05	100.0
-1.23427629996e-05	-2.10293915794e-05	1.31729565573e-06	-0.00159528004473	-0.00190433144574	0.000322784005734	2.12126911646e-14	2.24502965e-05	100.0
-4.82388896788e-06	-2.14444926201e-05	3.54975757052e-05	-0.000858851832579	-0.00222309160385	0.00286606183017	4.24195839012e-14	4.4894456276e-05	100.0
-5.34087596676e-06	-6.64018110246e-06	1.00386294074e-05	-0.000817962763992	0.000383029597989	-0.000548219209044	2.12106393358e-14	2.2448124962e-05	100.0
-3.71770281039e-06	-1.47211167919e-05	1.17040865328e-05	-0.000793328229869	-0.000936734894733	-0.000202489247438	2.12096234794e-14	2.2447049838e-05	100.0
-8.32377647204e-07	-1.4072620904e-05	1.83476069255e-05	-0.000485830441971	-0.00090837528325	0.000585434513026	2.12092815079e-14	2.2446687915e-05	100.0
-5.04461057754e-06	-3.30850579954e-05	-6.367106601e-06	-0.000882639570131	-0.0039294589702	-0.000612568472214	2.12076018245e-14	2.2444910234e-05	100.0
2.45538089006e-05	-4.77639585922e-05	0.000113135384326	0.00275402586167	-0.00601448872563	0.013613769117	2.12066010551e-14	2.2443851077e-05	100.0
-8.26122420472e-06	-2.00329193275e-05	8.30099562762e-06	-0.00117036211206	-0.00171342326646	0.00135531697959	4.2408836945e-14	4.4883082314e-05	100.0
-8.96525788853e-06	-2.8111380731e-05	1.27830486393e-05	-0.00154001792763	-0.00299101883665	0.00268131885721	2.12049465167e-14	2.2442100009e-05	100.0
-9.16852775699e-06	-3.03121270696e-06	6.34059918267e-06	-0.00145779563088	0.00139832768203	0.000755743435135	2.12047755309e-14	2.2441919047e-05	100.0
3.25605592594e-05	-7.91051924043e-05	5.64568616089e-05	0.00336465872976	-0.00986390675019	0.00604400443085	2.12046196322e-14	2.2441754053e-05	100.0
2.63082277781e-05	-8.1107679917e-05	6.15354588139e-05	0.00266891777785	-0.0101237489463	0.00667479888549	2.12046196322e-14	2.2441754053e-05	100.0
3.85990164077e-06	-5.7667208522e-05	6.29161258356e-06	-0.00039653507227	-0.00810960460077	0.000951024824165	2.12046196322e-14	2.2441754053e-05	100.0
4.86756709873e-06	-2.40521465925e-05	5.68787481452e-05	0.000187384194625	-0.00269104933831	0.00580725789161	2.12042877187e-14	2.2441402775e-05	100.0
1.35941934874e-05	-4.2479991896e-05	5.65105734062e-05	0.00116446415479	-0.00518514064415	0.00586174717592	2.12039608342e-14	2.2441056819e-05	100.0
-1.10703187001e-05	-2.57048754485e-05	1.18260189989e-05	-0.00179964920983	-0.00273425926377	0.00179056602681	2.12035585148e-14	2.2440631027e-05	100.0
-3.06036043533e-05	8.39278282789e-05	-4.18127850492e-05	-0.00316354126395	0.00925645772155	-0.00414535231684	2.12033070652e-14	2.2440364907e-05	100.0
-3.8837168675e-05	0.000113026746797	5.83729282251e-06	-0.00433758715409	0.0128984324617	0.000577939302677	2.12026532963e-14	2.2439672996e-05	100.0
-1.40849714728e-05	-4.96770033539e-05	-6.57432465354e-07	-0.00186036502746	-0.00694141001756	0.000218118687574	2.12016776718e-14	2.2438640451e-05	100.0
-1.18419050031e-05	-4.12005838202e-05	1.75683020641e-05	-0.00209513867367	-0.00546426173145	0.0022734507741	2.1201556976e-14	2.2438512713e-05	100.0
2.66693863772e-05	-0.000121314824603	-9.45007165533e-06	0.00187588024314	-0.0142503080032	-0.000747980748964	2.1201556976e-14	2.2438512713e-05	100.0
-3.77310876665e-05	9.41860437189e-05	-1.52477871852e-05	-0.00384436779638	0.0102612582872	-0.00150423205951	2.12013558163e-14	2.2438299817e-05	100.0
2.81036636005e-05	-2.93269056242e-05	-0.000132508827835	0.00326586016431	-0.00369400705003	-0.0161779935417	2.12013558163e-14	2.2438299817e-05	100.0
-1.078486398e-05	-7.05499150664e-06	5.14550089442e-06	-0.00165458165265	0.000620366520157	0.000580081954632	2.12007674242e-14	2.2437677097e-05	100.0
-7.78680864339e-06	-4.56121385597e-05	-9.97091689955e-06	-0.00122334649623	-0.00599098383541	-0.00194294543124	2.12007070763e-14	2.2437613228e-05	100.0
3.70970120559e-05	-9.89195566338e-05	7.72904385931e-05	0.00414431954243	-0.012348565551	0.00895777145591	2.12007070763e-14	2.2437613228e-05	100.0
-9.98733672818e-06	-5.54603076439e-05	4.08944581689e-06	-0.00170304005183	-0.00799639800601	0.000671660891312	2.12007070763e-14	2.2437613228e-05	100.0
-1.95130415944e-05	9.11861542826e-05	-0.000154734496117	-0.00256058054509	0.0113535143239	-0.0191837854954	2.12007070763e-14	2.2437613228e-05	100.0
-6.31393997355e-06	-1.8787413632e-05	6.0920304109e-05	-0.00100375310162	-0.0020470052087	0.0062714893196	2.12000633653e-14	2.2436931961e-05	100.0
3.85992827878e-06	-6.43021584872e-05	-3.86988392737e-05	-0.000100722264359	-0.00827456152807	-0.00321251638674	2.1199595669e-14	2.2436436978e-05	100.0
1.71541052556e-05	-4.03683715459e-06	-0.00010918994593	0.00185367685045	-0.000498805807576	-0.0129200356959	2.11994246833e-14	2.2436256017e-05	100.0
-1.95761489946e-06	-2.20002634616e-05	1.24714286324e-05	-0.000715238691993	-0.00217290786125	-1.81151038308e-05	2.11984339718e-14	2.2435207505e-05	100.0
2.10900901172e-06	-2.20155978196e-05	6.13089622097e-05	-2.46768037837e-05	-0.00259858149603	0.00633544958891	2.11984339718e-14	2.2435207505e-05	100.0
-8.45286561154e-06	-5.49769330487e-06	1.01251850131e-05	-0.000994310470573	0.000525501272613	-0.000562012416306	2.11984339718e-14	2.2435207505e-05	100.0
1.78177784538e-05	-8.06677589696e-05	-5.40148502033e-05	0.00156307536559	-0.010069101674	-0.0054910938605	2.11981473193e-14	2.2434904128e-05	100.0
-1.32167056245e-05	3.45219476891e-05	-0.000132716584629	-0.00175073779689	0.00415226315569	-0.0161103324302	2.11980517684e-14	2.2434803002e-05	100.0
1.40135445163e-05	4.10073580192e-05	0.000158463881438	0.0015969153713	0.00508630165147	0.019571362911	2.11978304928e-14	2.2434568817e-05	100.0
4.97410729029e-05	-0.000109271987933	8.95760526757e-05	0.00579835906691	-0.0136961942163	0.0107544853801	2.11978304928e-14	2.2434568817e-05	100.0
-3.50231315244e-05	9.08018681245e-05	-0.000186137330964	-0.00457133591478	0.0113954488203	-0.0233496969056	2.11978304928e-14	2.2434568817e-05	100.0
-1.41547897676e-05	-4.31997689134e-05	-3.72431172126e-07	-0.00219787457517	-0.00584104669868	-0.000341088558366	4.23851001021e-14	4.48579606e-05	100.0
1.80154943856e-05	-6.77493433735e-05	9.10338659252e-05	0.00184818300592	-0.0084273448439	0.0106268875768	2.11975136663e-14	2.2434233506e-05	100.0
-3.48736875063e-05	0.00011652180651	0.000105865368356	-0.00436597982598	0.0143096022058	0.0128577393359	2.11975136663e-14	2.2434233506e-05	100.0
-4.27152087754e-05	0.000161229245123	-1.13082937296e-05	-0.00523446957589	0.0196809457296	-0.00137412796179	2.11975136663e-14	2.2434233506e-05	100.0
4.49760760171e-06	-5.21084320273e-05	-7.57791010257e-05	0.000209044819386	-0.00646775625986	-0.00845672735843	2.11975136663e-14	2.2434233506e-05	100.0
6.84573589857e-05	-0.000116066013398	0.000132959177961	0.00835493454933	-0.0147182708128	0.0165224350609	2.11971968398e-14	2.2433898195e-05	100.0
-2.6273103694e-05	8.99578567464e-05	7.8494690386e-05	-0.00315584646974	0.010698277107	0.00892246574713	2.11971968398e-14	2.2433898195e-05	100.0
1.66399147284e-05	-9.51110871861e-05	3.61996151694e-05	0.000948982302217	-0.0116441250828	0.00304444302562	2.11971968398e-14	2.2433898195e-05	100.0
-7.58947780933e-07	3.90462371474e-05	-0.000121664657811	-0.000240444100323	0.00476697629713	-0.0145628790282	2.11971968398e-14	2.2433898195e-05	100.0
-3.57726809537e-06	-3.69559584935e-05	-7.58259665791e-05	-0.000726584291049	-0.00447145507829	-0.00841714117448	2.11971968398e-14	2.2433898195e-05	100.0
-1.31260072514e-05	2.03532505206e-05	-6.64495418737e-05	-0.00156507384088	0.00252896742931	-0.00666000078594	2.11969051582e-14	2.2433589496e-05	100.0
-8.27780382238e-06	4.40748339355e-05	-0.000148089265992	-0.00115340885544	0.00538431283081	-0.018198522266	2.11969051582e-14	2.2433589496e-05	100.0
-2.12009146972e-06	-1.78355814292e-05	4.9055851319e-05	-0.000551114636293	-0.001790075906	0.00465211533013	2.11968800133e-14	2.2433562884e-05	100.0
-2.23769186155e-05	3.29782587641e-05	0.000135588311592	-0.00290835914143	0.00402264458721	0.0164643614356	2.11968800133e-14	2.2433562884e-05	100.0
1.44863714434e-05	-3.3199860701e-05	0.000104454645964	0.00154297156041	-0.00416421772267	0.0123295162969	2.11968800133e-14	2.2433562884e-05	100.0
5.77486059446e-05	-0.000115823167295	0.000130644667083	0.00698638036325	-0.0146545877994	0.0162147705913	2.11968800133e-14	2.2433562884e-05	100.0
-2.65882030586e-05	7.28597410912e-05	-0.000145651381922	-0.00343857953841	0.00905219635298	-0.0179052692276	2.11968800133e-14	2.2433562884e-05	100.0
4.5860276245e-05	-0.000136110688104	3.14152907837e-05	0.00491310390499	-0.0166666190873	0.00353130332005	4.23836819263e-14	4.4856459684e-05	100.0
1.06730748983e-05	-1.05976508214e-05	-0.000157873986946	0.00115007717158	-0.00141656941508	-0.0194936233414	2.11962513893e-14	2.2432897584e-05	100.0
2.16015132493e-05	-7.17839934202e-06	-0.000116509772716	0.00241003130364	-0.000869000947766	-0.0139330024267	2.11962513893e-14	2.2432897584e-05	100.0
-1.43328518559e-05	-3.92209233156e-06	2.76517142567e-06	-0.00183893868486	0.00116187235538	0.000112860400171	2.11961457804e-14	2.2432785814e-05	100.0
1.99541147246e-05	-1.66866538495e-05	-0.000139694113073	0.00229302246067	-0.00217067700162	-0.0170948937703	2.11961457804e-14	2.2432785814e-05	100.0
1.89682131071e-05	-8.14329116718e-05	-5.04488718455e-05	0.00164580463471	-0.0102509190407	-0.00501579980636	2.11961457804e-14	2.2432785814e-05	100.0
0.00010494893314	-0.000195398490662	7.38237108411e-05	0.0130044778344	-0.0248224189155	0.00925196368703	2.11959345628e-14	2.2432562273e-05	100.0
-1.3554556704e-05	2.27258904662e-05	-6.46819673911e-05	-0.00169678803109	0.00297118363174	-0.00640443414591	2.11959345628e-14	2.2432562273e-05	100.0
-1.452522185e-05	1.57122885814e-05	4.67402237216e-05	-0.00159673807446	0.0024103584198	0.00376744797	2.11956227652e-14	2.2432232285e-05	100.0
-3.13755572037e-08	4.50704892159e-06	9.23442622369e-05	-0.000231553871704	0.000639644499965	0.0104798988889	2.11956227652e-14	2.2432232285e-05	100.0
6.32027995904e-05	-0.000156153690087	8.77483831326e-05	0.00758131089234	-0.0197303863814	0.0107549632517	2.11953964606e-14	2.2431992777e-05	100.0
5.98663130939e-05	-0.000134377806676	0.000107764148872	0.00719619394238	-0.0170008211272	0.0132690684709	2.11953964606e-14	2.2431992777e-05	100.0
4.59093423193e-05	-0.000121531954024	-3.37863389489e-06	0.00451592565171	-0.0146325187137	-0.000367540539614	2.11949941412e-14	2.2431566985e-05	100.0
0.000137237950901	-0.000184527126441	-0.000178173667448	0.0172987971771	-0.0236358693175	-0.0226796558757	2.11949941412e-14	2.2431566985e-05	100.0
-1.27186989701e-05	8.54965259008e-06	-5.36525788097e-05	-0.00164465689585	0.00153585608809	-0.00492751428828	2.11949941412e-14	2.2431566985e-05	100.0
1.0965439722e-05	-5.77603895214e-05	6.32402333331e-05	0.000890773850737	-0.00715979330422	0.00675187145847	2.11943705462e-14	2.2430907008e-05	100.0
3.92222563834e-06	4.85062410858e-05	0.000155653057467	0.000334452303536	0.00602744917171	0.0191744747713	2.11943705462e-14	2.2430907008e-05	100.0
7.15805337662e-06	4.76902313129e-05	0.000172066470148	0.000722545261159	0.00596935387239	0.0213782811002	2.11943705462e-14	2.2430907008e-05	100.0
3.49385842823e-07	-3.03697756388e-05	3.389455357e-05	-0.000340315973929	-0.00359769974134	0.00270236287988	2.11942749953e-14	2.2430805882e-05	100.0
5.37193831877e-06	-3.44579071318e-05	8.56554207693e-05	0.000382415268797	-0.00428627667748	0.00975903288648	2.11942749953e-14	2.2430805882e-05	100.0
1.49852665624e-05	-7.2426300704e-06	-0.0001061595886	0.00162893250857	-0.000923063644778	-0.0125141843953	2.11942749953e-14	2.2430805882e-05	100.0
8.14669754387e-05	-0.000158055743864	-9.99296699014e-05	0.00996329673609	-0.0200434506209	-0.0124159164899	2.11942749953e-14	2.2430805882e-05	100.0
1.63045816928e-05	-4.36014639077e-05	0.000121740275264	0.00177227090099	-0.00549391207871	0.0147087381129	2.11940587487e-14	2.2430577019e-05	100.0
7.97068249715e-05	-0.000187151002745	-6.80739361687e-05	0.00970577025847	-0.0236911107028	-0.0084532136429	2.11940587487e-14	2.2430577019e-05	100.0
1.78395701123e-05	-9.24577119599e-05	-2.82175006365e-05	0.000829397854856	-0.0113522575375	-0.00194035112688	2.11940587487e-14	2.2430577019e-05	100.0
-1.99059805836e-05	5.55543737087e-05	-5.31660699693e-05	-0.00201244101199	0.00627852852806	-0.00473789055289	2.11940587487e-14	2.2430577019e-05	100.0
-2.55417705675e-05	2.75898595059e-05	5.31271800468e-05	-0.00275244980684	0.00356333348822	0.00474593653316	2.11937469512e-14	2.243024703e-05	100.0
1.1654984864e-05	-3.07959362218e-05	0.000118884056376	0.001194081015	-0.003860020371	0.0142670069879	2.11937469512e-14	2.243024703e-05	100.0
-5.04799562939e-06	3.72546466372e-05	-0.000128695310661	-0.000743974535813	0.00453181451994	-0.0155325028503	2.11935357335e-14	2.243002349e-05	100.0
6.52927891774e-05	-0.000148767265549	5.44893667962e-05	0.00765795411806	-0.0186559489665	0.00646387920891	2.11931686171e-14	2.2429634955e-05	100.0
4.06782683559e-05	-0.000100004077892	6.60886945786e-05	0.00448758527945	-0.0124842739153	0.00751127154176	2.11931686171e-14	2.2429634955e-05	100.0
-2.68225587251e-05	6.13959445614e-05	-4.04460156852e-05	-0.00247989531942	0.00661216398204	-0.00319737080053	2.11931686171e-14	2.2429634955e-05	100.0
-4.98066340058e-06	-4.68517593346e-05	1.84435000444e-05	-0.00109495708822	-0.00596885137029	0.000669382227666	2.11931233561e-14	2.2429587053e-05	100.0
1.98446448757e-05	5.24655806969e-05	0.000252959164893	0.00239101542953	0.00657914500215	0.0320939159107	2.11931233561e-14	2.2429587053e-05	100.0
0.000130351306785	-0.000200810019323	0.000155216792989	0.0163992746535	-0.0257069552856	0.0197069646448	2.11931233561e-14	2.2429587053e-05	100.0
5.13078423789e-05	-0.000134883139664	5.9894621194e-06	0.00547234105471	-0.0164160514355	0.000588553328878	2.11931233561e-14	2.2429587053e-05	100.0
-1.17379205705e-06	1.86480137889e-05	9.88084653734e-05	-0.000310010532913	0.00228532707037	0.0113535044212	2.11931233561e-14	2.2429587053e-05	100.0
0.000130206925619	-0.000227708072913	-8.5681067899e-05	0.0163331563506	-0.0290817310074	-0.0108176999518	2.11931233561e-14	2.2429587053e-05	100.0
3.58228060916e-05	-0.000112036990564	-5.19954434846e-05	0.0037055520721	-0.0137471843251	-0.00572718924358	2.11931233561e-14	2.2429587053e-05	100.0
-4.0486465529e-05	0.000147528221403	8.1923676538e-05	-0.00504507721231	0.0181550950844	0.0100552825099	2.11931233561e-14	2.2429587053e-05	100.0
0.000160221939803	-0.000169969052768	-0.000190915361732	0.0202702283574	-0.0217862359065	-0.0242977309159	2.11931233561e-14	2.2429587053e-05	100.0
1.68748959092e-05	-8.12428164193e-05	-3.31322939746e-05	0.000956751565032	-0.0101165454616	-0.00258678965086	2.11931233561e-14	2.2429587053e-05	100.0
-4.67364364498e-05	0.000109018554099	-5.64100121928e-05	-0.00552042312393	0.0129276815095	-0.00648810747477	2.11931233561e-14	2.2429587053e-05	100.0
-2.47903441971e-05	6.35018248432e-05	-4.30452345416e-05	-0.00229629189121	0.00681387664344	-0.00359094488385	2.11931233561e-14	2.2429587053e-05	100.0
-4.49735763632e-05	0.00011003799758	-5.49338982416e-05	-0.00537496525804	0.0130128423678	-0.00628459528201	2.11931233561e-14	2.2429587053e-05	100.0
-1.74776568113e-05	9.22911821632e-05	-0.000178396725756	-0.00235503965513	0.0115796598019	-0.0223071047971	2.11931233561e-14	2.2429587053e-05	100.0
-1.4595933579e-05	8.61907657019e-06	-4.5303147282e-05	-0.00170015123963	0.00166175022586	-0.00372164459162	2.11931233561e-14	2.2429587053e-05	100.0
-1.20776898103e-05	-3.45271872543e-05	-4.63908446853e-05	-0.00172019629752	-0.00405422945402	-0.00440286934669	2.11928165876e-14	2.2429262387e-05	100.0
-1.37374574771e-05	4.41720995558e-05	0.000140015920621	-0.00183760854899	0.00543695683723	0.0170524380357	2.11925047901e-14	2.2428932398e-05	100.0
3.40413316652e-05	-6.20024325039e-05	0.000174878017064	0.00408830143133	-0.00794163993818	0.0218349594807	2.11925047901e-14	2.2428932398e-05	100.0
0.000157128875986	-0.000252420290699	-3.98424943284e-05	0.0198069606244	-0.0323064222892	-0.00503733121157	2.11925047901e-14	2.2428932398e-05	100.0
7.28054535338e-05	-0.000130396132069	-0.000147024114929	0.00897250068151	-0.0166125172355	-0.018396208559	2.11925047901e-14	2.2428932398e-05	100.0
-3.63232155209e-05	9.35511706317e-05	6.02431184216e-05	-0.00424258324346	0.0109620059163	0.00665689422324	2.11924343842e-14	2.2428857885e-05	100.0
-8.48940165764e-07	6.0914063341e-05	0.000210999097282	-0.00023364831967	0.00760828634944	0.0265724964709	2.11921980216e-14	2.2428607732e-05	100.0
5.05992785611e-06	-1.38888641782e-05	8.11734077442e-05	0.000360677778931	-0.00163785141713	0.00903501349081	2.11921980216e-14	2.2428607732e-05	100.0
7.17976049976e-05	-0.00016681307218	-5.30422069617e-05	0.00859060489424	-0.0209882056323	-0.00642564657466	2.11921980216e-14	2.2428607732e-05	100.0
0.000159846773414	-0.000157207741413	-0.000184300546211	0.0201977923627	-0.0201203105977	-0.0234590048912	2.11921980216e-14	2.2428607732e-05	100.0
-5.15466536577e-05	0.000114693439383	-4.64705222325e-05	-0.00610909045322	0.0136034040227	-0.00533545202345	2.11921980216e-14	2.2428607732e-05	100.0
-5.76458496331e-05	0.00013512038175	-7.4534068385e-05	-0.00716749378707	0.0165652140246	-0.00898244164177	2.11921980216e-14	2.2428607732e-05	100.0
-6.06665161592e-05	0.000133296917922	8.25890767842e-05	-0.00754626489366	0.0163894573502	0.0100140048149	2.11918912531e-14	2.2428283066e-05	100.0
5.80340061444e-05	-0.000148796845375	6.16000123623e-05	0.00679835320994	-0.018641739382	0.00736815360481	2.11918912531e-14	2.2428283066e-05	100.0
1.60948381928e-07	1.68233232995e-05	0.00012264094654	-0.000113820836423	0.00193082068236	0.0146932345586	2.11917051804e-14	2.2428086137e-05	100.0
-1.39920343011e-05	2.99522343803e-05	6.64008987877e-05	-0.00162720437255	0.00358962539091	0.00662715921838	2.11917051804e-14	2.2428086137e-05	100.0
-6.65323307854e-06	1.88035177769e-05	0.000117496117958	-0.000952514560237	0.00224828206471	0.0139808643804	2.11917051804e-14	2.2428086137e-05	100.0
5.89823293053e-05	-0.000110798193313	8.04801458715e-05	0.00693442160835	-0.0139594134745	0.00954232434514	2.11917051804e-14	2.2428086137e-05	100.0
2.4068509419e-05	-7.00378476978e-05	8.14593985327e-05	0.00255695592306	-0.00879592986794	0.00933143645949	2.11917051804e-14	2.2428086137e-05	100.0
8.92069279232e-05	-0.000185078258089	0.00010042715257	0.0109976459451	-0.0235346629147	0.0125823825971	2.11917051804e-14	2.2428086137e-05	100.0
2.94078213902e-05	-0.000120559618747	2.21197904116e-05	0.0023803686815	-0.0144342932737	0.00203995362212	2.11917051804e-14	2.2428086137e-05	100.0
9.69342347531e-05	-0.000208704953105	3.88591487613e-05	0.0119270129171	-0.0264850353858	0.00484840116425	2.11917051804e-14	2.2428086137e-05	100.0
4.89967311761e-05	-0.000156826967291	-3.77806807921e-05	0.0055075262053	-0.0194551198327	-0.00444284582884	2.11917051804e-14	2.2428086137e-05	100.0
-7.08903211816e-06	-5.92707377833e-05	1.56356632615e-05	-0.00177533129098	-0.00866495559068	0.0028125245825	2.11917051804e-14	2.2428086137e-05	100.0
5.94042175448e-05	-0.000102716488571	-0.000159992137174	0.00728902439497	-0.0131294775934	-0.0199934389029	2.11917051804e-14	2.2428086137e-05	100.0
8.39154304353e-05	-0.000187621472556	-0.000120114048147	0.0103764087603	-0.0239378491214	-0.0150534300106	2.11917051804e-14	2.2428086137e-05	100.0
7.44273005418e-05	-0.000157656190443	-0.000123088972282	0.00913180437483	-0.0200925916359	-0.0153336403917	2.11917051804e-14	2.2428086137e-05	100.0
-2.47974236621e-06	-2.18552018374e-05	5.78669274114e-05	-0.000619864652728	-0.00236522377759	0.00589471772781	2.1191272687e-14	2.2427628411e-05	100.0
-4.27839146243e-05	7.28357953694e-05	0.000104533117242	-0.00532396041565	0.00885341893879	0.0124052500987	2.1191272687e-14	2.2427628411e-05	100.0
2.03473965689e-05	-4.8925940115e-05	0.000116089576354	0.00225472372987	-0.00618866045703	0.01397257914	2.1191272687e-14	2.2427628411e-05	100.0
0.000154177909532	-0.000239714819664	2.78180292041e-05	0.0193987765792	-0.0306282372038	0.0034960013898	2.1191272687e-14	2.2427628411e-05	100.0
3.02508938906e-05	1.84120009417e-06	-0.000182533730903	0.00363480146236	0.000164551146096	-0.0227903394533	2.1191272687e-14	2.2427628411e-05	100.0
-1.24246861844e-05	-8.87219293556e-06	4.60450117623e-06	-0.00183555121511	0.00028145258847	0.000398694816359	2.11909810055e-14	2.2427319712e-05	100.0
-4.74425523384e-06	-1.48623043035e-05	3.70355293306e-06	-0.000975404763575	-0.000953146551095	-0.00109753741172	2.11909810055e-14	2.2427319712e-05	100.0
-5.5071693465e-05	0.00010718550849	6.98298590823e-05	-0.0066725445797	0.0129079514715	0.00814457530434	2.119065915e-14	2.2426979079e-05	100.0
3.54329951302e-05	-0.000113261423032	3.35183612978e-05	0.00333428969559	-0.0137484445964	0.00339783927924	2.119065915e-14	2.2426979079e-05	100.0
4.1800369942e-05	-0.000124491172561	-4.04398178958e-06	0.00398741923769	-0.0149443312836	-0.000379149218078	2.119065915e-14	2.2426979079e-05	100.0
-4.92463861345e-05	9.90500898196e-05	6.88816719146e-05	-0.00591924593652	0.0118071808992	0.00795926781349	4.23802068927e-14	4.4852781908e-05	100.0
-8.44730528775e-05	0.000203820745311	4.3389249924e-05	-0.0106992057354	0.025541837524	0.00547696356292	2.119065915e-14	2.2426979079e-05	100.0
9.33743348461e-06	1.67537207259e-05	-0.000105483144393	0.00093655784633	0.00203520671058	-0.0123105291887	2.119065915e-14	2.2426979079e-05	100.0
5.71109648361e-06	-4.08424601929e-05	-8.14871235798e-05	0.000367831489724	-0.0050063947345	-0.00919866487642	2.119065915e-14	2.2426979079e-05	100.0
-1.46159731417e-05	-3.42267196695e-05	3.07940139859e-06	-0.002281421142	-0.00430574190841	0.000121484844702	2.11906239471e-14	2.2426941822e-05	100.0
-2.33056012882e-05	6.57564353662e-05	9.99283508986e-05	-0.00289270482031	0.00788174427355	0.0116897853702	2.11906239471e-14	2.2426941822e-05	100.0
4.34355649268e-05	-9.20598357086e-05	0.000100841211813	0.0050831594551	-0.0116966608735	0.0120585179404	2.11906239471e-14	2.2426941822e-05	100.0
-1.15069143808e-05	2.4648403152e-05	6.64204987438e-05	-0.00139109500365	0.00305755720155	0.00663451731769	2.11906239471e-14	2.2426941822e-05	100.0
7.62864980738e-05	-0.000168481553013	5.65258861081e-05	0.00916879715424	-0.0212293598796	0.00687550631608	2.11906239471e-14	2.2426941822e-05	100.0
8.71743536922e-05	-0.00020236328946	4.35919681523e-05	0.0106472979268	-0.0256427717497	0.00540336600054	2.11906239471e-14	2.2426941822e-05	100.0
7.99456295804e-05	-0.000176571926742	3.78055765422e-05	0.00962928178567	-0.0222297537867	0.00461616207899	2.11906239471e-14	2.2426941822e-05	100.0
2.03698922828e-05	-4.14333727405e-05	-8.3569448686e-06	0.0014887205005	-0.00528507213553	7.83417168993e-05	2.11906239471e-14	2.2426941822e-05	100.0
6.86637848917e-05	-0.000134621908653	-0.000159821900166	0.00847393297099	-0.0172008228133	-0.0200624851522	2.11906239471e-14	2.2426941822e-05	100.0
3.66553256129e-05	-0.000101628795309	-0.000164999810248	0.00439477920252	-0.0130027245666	-0.0206053257091	2.11906239471e-14	2.2426941822e-05	100.0
4.72128680612e-06	-3.57902819475e-05	2.86574645323e-05	5.67382527656e-05	-0.00441184748485	0.00205148294506	2.11902618596e-14	2.2426558609e-05	100.0
-1.68358384736e-05	1.7953890831e-05	8.3441712162e-05	-0.00213190361774	0.00223519491837	0.0091976580791	2.11902618596e-14	2.2426558609e-05	100.0
1.86719295765e-05	-6.40878748383e-05	0.000138012598464	0.00207619186953	-0.0081042625533	0.0169250096537	2.1190050642e-14	2.2426335069e-05	100.0
-9.20329307334e-06	1.91774286858e-05	7.35488398967e-05	-0.00125074017008	0.00252633181325	0.00769340952905	2.11897438734e-14	2.2426010402e-05	100.0
0.000168826910429	-0.000254150456936	1.83246472679e-05	0.02130174569	-0.0325399133508	0.0023734003968	2.11897438734e-14	2.2426010402e-05	100.0
0.000114897181167	-0.000187422870819	-8.03022568957e-05	0.0142561182621	-0.023807656067	-0.0100993156234	2.11897438734e-14	2.2426010402e-05	100.0
5.6705969466e-05	-0.000120501820184	-0.000120854348016	0.00686955314151	-0.0153240459203	-0.0148893703609	2.11897438734e-14	2.2426010402e-05	100.0
0.000106505648312	-0.00014954125444	-0.00015362689449	0.013305955193	-0.019090337374	-0.0193484673566	2.11897438734e-14	2.2426010402e-05	100.0
4.166346745e-05	-0.000100539600027	6.98277613453e-05	0.00465479271409	-0.012658195387	0.00794219051241	2.11895477427e-14	2.2425802829e-05	100.0
2.20222383152e-05	-3.34378417299e-05	9.84039314872e-05	0.00242227759446	-0.00424841425405	0.0115202460252	2.11895477427e-14	2.2425802829e-05	100.0
3.97636233916e-05	-9.02997324681e-05	9.26211169328e-05	0.00458201870373	-0.0114058260858	0.0109587952626	2.11895477427e-14	2.2425802829e-05	100.0
5.34882983712e-05	-0.000107926814115	6.49777603359e-05	0.00608571854957	-0.013508265041	0.00748622581033	2.11895477427e-14	2.2425802829e-05	100.0
4.16051804987e-05	-4.72464516696e-05	0.000142152022301	0.00499132428766	-0.00605852888013	0.0174937836117	2.11895477427e-14	2.2425802829e-05	100.0
-9.59179136097e-06	-2.14624875934e-05	1.7172974571e-05	-0.00157771910743	-0.0020811590861	0.00311041446116	2.11895477427e-14	2.2425802829e-05	100.0
3.37357647899e-05	-2.31649927688e-05	-0.000170762004275	0.00404461305911	-0.0030002356	-0.0212698995338	2.11895477427e-14	2.2425802829e-05	100.0
9.78757550859e-05	-0.000206706721903	-9.98105719429e-05	0.0121354614871	-0.0263464851203	-0.0125682019428	2.11895477427e-14	2.2425802829e-05	100.0
-6.68381489323e-06	3.34108220372e-06	-4.72712604639e-05	-0.00094955302368	0.000914690933401	-0.00405416923016	2.11895477427e-14	2.2425802829e-05	100.0
5.14383473648e-05	-0.000151300763902	-2.74608445974e-05	0.00569945773863	-0.0187120141906	-0.0031401153204	2.11895477427e-14	2.2425802829e-05	100.0
6.31832407913e-05	-0.000153318557902	-5.09344889793e-05	0.00737580688171	-0.0192036242148	-0.00604879885986	2.11895477427e-14	2.2425802829e-05	100.0
-2.78250717682e-06	-3.25206619475e-05	-1.28729607319e-05	-0.000380741127913	-0.00374697635402	-0.00158956209555	2.11894421339e-14	2.2425691059e-05	100.0
0.000151221717717	-0.00017876219164	0.000199700117343	0.0191427319618	-0.0229533719162	0.0254018668784	2.11894421339e-14	2.2425691059e-05	100.0
-2.28384904111e-05	8.33492240943e-05	0.000125646037634	-0.00294167846918	0.010248296797	0.0152401920038	2.11894421339e-14	2.2425691059e-05	100.0
1.69867748398e-05	-7.50255779677e-05	5.40379339524e-05	0.00146079625329	-0.00941339414409	0.00550828398552	2.11894421339e-14	2.2425691059e-05	100.0
0.00019219725737	-0.000272407139729	0.000107938228455	0.0243795696383	-0.0349591107952	0.0137607817176	2.11894421339e-14	2.2425691059e-05	100.0
3.63659241354e-05	-0.000130671819348	-2.02028647417e-05	0.00347750881348	-0.0157641030577	-0.00207190753588	2.11894421339e-14	2.2425691059e-05	100.0
-9.69689681285e-05	0.000193397939219	3.86420980483e-05	-0.0122710308303	0.0242219929759	0.00479113495884	2.11894421339e-14	2.2425691059e-05	100.0
1.08076858643e-05	-8.01011357577e-05	-3.7214945026e-05	0.000369108263716	-0.00993834487065	-0.00302209078394	2.11894421339e-14	2.2425691059e-05	100.0
5.84451755622e-05	-0.000135178076134	-0.000129379547292	0.00709270523463	-0.0171843894791	-0.0160931095877	2.11894421339e-14	2.2425691059e-05	100.0
6.72938130061e-05	-1.29920384763e-05	-0.000253355611685	0.00844887464936	-0.00178074032767	-0.0321507855925	2.11894421339e-14	2.2425691059e-05	100.0
-1.60058940999e-05	3.56964010438e-05	-7.47985212867e-05	-0.00188784241265	0.00419872630236	-0.0078902103806	2.11894421339e-14	2.2425691059e-05	100.0
-2.95611696979e-05	8.07939916888e-05	-0.000115036396932	-0.00373215269302	0.00987288163144	-0.0138131826537	2.11894421339e-14	2.2425691059e-05	100.0
9.26717909562e-05	-0.000104204153261	0.00013157417641	0.0114375359334	-0.0131833967368	0.0164032911387	2.11891353654e-14	2.2425366392e-05	100.0
0.000231577064733	-0.000254899780883	9.27720594221e-06	0.0294095824255	-0.0326934681949	0.0011860138202	2.11891353654e-14	2.2425366392e-05	100.0
8.55722428942e-05	-9.38945452718e-05	-0.00026553266931	0.0107576947956	-0.0121019783313	-0.0337998637947	2.11891353654e-14	2.2425366392e-05	100.0
-1.70431908861e-05	3.56134818796e-05	8.49845062868e-05	-0.00209465786526	0.00420477405233	0.00939620441288	2.11888386548e-14	2.2425052371e-05	100.0
7.40795135863e-07	1.34025916039e-05	0.000122900149587	-8.32281709132e-05	0.00156024869948	0.0147246481835	2.11888386548e-14	2.2425052371e-05	100.0
6.19662022917e-05	-0.000139117988643	4.21953823638e-05	0.0070825760831	-0.0173380224503	0.00485250216807	2.11888386548e-14	2.2425052371e-05	100.0
-1.16508062364e-05	-3.1133139145e-05	3.51628168883e-06	-0.00190756343991	-0.00372980179478	0.00036561782778	2.11888386548e-14	2.2425052371e-05	100.0
-1.8288601188e-05	5.55538746475e-05	-6.79277814547e-05	-0.00209399988059	0.00635673458731	-0.00699797711756	2.11888386548e-14	2.2425052371e-05	100.0
5.89246408779e-05	-0.000116832055338	-0.000112023821613	0.0070831621181	-0.0148500885804	-0.0137121984986	2.11888386548e-14	2.2425052371e-05	100.0
5.21509765292e-05	-0.00014383607353	-6.36571606256e-05	0.00602374253884	-0.018044908602	-0.00747818375071	2.11888386548e-14	2.2425052371e-05	100.0
-2.44450907569e-05	2.10772362852e-05	6.75457222668e-05	-0.00289253814196	0.00273381859	0.00689935422268	2.11888336259e-14	2.2425047049e-05	100.0
-1.32356110761e-06	-6.44689078967e-06	9.80619640731e-05	-0.0003954861959	-0.000716909862407	0.0113201118802	2.11888336259e-14	2.2425047049e-05	100.0
7.01031590485e-05	-0.000110302103885	0.000170404259725	0.00866517355009	-0.0140947961208	0.0213848088533	2.11888336259e-14	2.2425047049e-05	100.0
0.00010439356071	-0.000116845117081	0.000144061347766	0.0129608190655	-0.0148388105054	0.0180814920849	2.11888336259e-14	2.2425047049e-05	100.0
-2.28381117219e-05	3.71643859694e-05	-0.000116910358825	-0.00291874934456	0.00453465778494	-0.0138925781942	2.11888336259e-14	2.2425047049e-05	100.0
4.48636173884e-05	-0.000105338101166	7.47499722401e-05	0.00509176515755	-0.0132392726251	0.00865293957139	2.11884866254e-14	2.2424679803e-05	100.0
4.56829295886e-05	-6.91922543186e-05	0.000244261331502	0.00564113689945	-0.00896887485307	0.0309751113909	2.11884866254e-14	2.2424679803e-05	100.0
2.3697425543e-05	-1.71464063693e-05	-0.000142425948079	0.00274410705974	-0.00228415211551	-0.0174287857469	2.11884866254e-14	2.2424679803e-05	100.0
9.38928059088e-05	-0.000178399311829	-7.13423896949e-05	0.0114843725206	-0.0226104372775	-0.00885052045163	2.11884866254e-14	2.2424679803e-05	100.0
1.35726189457e-05	-9.30569055686e-05	3.91140686483e-05	0.000700934292275	-0.0113551122865	0.00336184718518	2.11882251178e-14	2.2424403039e-05	100.0
0.000197504258575	-0.000249132895526	-5.0543550294e-05	0.0250095867928	-0.0319129407303	-0.00644238303787	2.11882251178e-14	2.2424403039e-05	100.0
5.89971442602e-05	-0.000137518857332	-1.59500376478e-05	0.00657031997453	-0.0168762638623	-0.00176448499333	2.11882251178e-14	2.2424403039e-05	100.0
9.16863821311e-05	-9.85711978921e-05	-0.000235045832768	0.0115029644296	-0.0126580911312	-0.0298530771288	2.11882251178e-14	2.2424403039e-05	100.0
-6.01212412952e-06	-4.8620519677e-05	-0.000106899561974	-0.00104330819019	-0.00600472969092	-0.012694806756	2.11882251178e-14	2.2424403039e-05	100.0
-9.19273022581e-06	2.98916981885e-05	-8.3061482345e-05	-0.00122497041058	0.0036371905888	-0.00908983108855	2.1188129567e-14	2.2424301913e-05	100.0
2.34389783691e-05	-9.39206498278e-05	-2.78927009527e-05	0.00161823885548	-0.011716660006	-0.00198576429296	2.1188129567e-14	2.2424301913e-05	100.0
0.000112329674676	-0.00018094394754	0.000117048776825	0.0139909628802	-0.0230453703869	0.0147460800398	2.11876216387e-14	2.2423764351e-05	100.0
-4.55097301428e-05	7.95178554102e-05	0.000114752066381	-0.00570069099268	0.00969788190262	0.0138371786151	2.11876216387e-14	2.2423764351e-05	100.0
0.000126803485272	-0.00017240934676	0.00018095462201	0.0159711996414	-0.0221201664854	0.0229462152537	2.11876216387e-14	2.2423764351e-05	100.0
8.97359885952e-05	-0.000149067382548	6.89322744552e-06	0.0106959609212	-0.0186103906023	0.000818991056942	2.11876216387e-14	2.2423764351e-05	100.0
-2.10464265492e-05	9.06317603022e-05	-0.000184819708914	-0.00278039308425	0.0113179345972	-0.0231710553881	2.11876216387e-14	2.2423764351e-05	100.0
-1.14922266751e-05	-7.58089571592e-06	-0.000114632579687	-0.00165697733669	-0.000894649560782	-0.0136139107154	2.11876216387e-14	2.2423764351e-05	100.0
-6.13707902314e-07	4.69202587795e-05	-0.000129661454954	-0.000233804945685	0.00577366989419	-0.0156388585413	2.11876216387e-14	2.2423764351e-05	100.0
2.92879432367e-06	-5.01240153387e-05	-1.42200807374e-05	-0.00086134392107	-0.0069294898209	-0.00233519932578	2.1187430537e-14	2.24235621e-05	100.0
7.89000326192e-05	-0.000170804011123	5.31489581563e-05	0.00946585051084	-0.0215329379234	0.00646839713262	2.1187430537e-14	2.24235621e-05	100.0
7.91841285947e-05	-0.000175785679401	2.87584085975e-05	0.00945720468667	-0.0221070844551	0.00347749721335	2.1187430537e-14	2.24235621e-05	100.0
