# x[AU] y[AU] z[AU] vx[AU/yr/2pi] vy[AU/yr/2pi] vz[AU/yr/2pi] m[MSUN] m[mtot] wf[%]
1.20183458554e-05	7.00187729447e-05	-6.82069909267e-08	0.0019460242939	0.00872079069149	-8.21514180628e-06	4.71626301468e-10	0.501401954011	10.2588482759
-1.21686865392e-05	-7.18249493178e-05	7.3931318235e-08	-0.00197248880582	-0.00894394345465	1.49918296747e-05	4.59175825414e-10	0.488165429671	18.9413852249
4.71763547468e-07	-3.75912197744e-06	3.96897107474e-06	5.59405428437e-05	-0.000638350346571	0.000394765524507	3.75384749078e-12	0.00399084287936	22.0511886669
-1.43957926874e-07	-2.17764486787e-05	1.11791471831e-06	-0.000156362528835	-0.00383119356123	2.19850130437e-05	4.49560375565e-13	0.000477942918049	32.2313224377
3.00395820696e-07	1.72904508066e-05	3.082407087e-06	0.000327213861683	0.00310879131673	0.000313121025082	1.42555703631e-13	0.000151555814707	14.513905533
3.71284727473e-07	2.25626785875e-05	2.53615663021e-06	0.000372440948443	0.00407056413697	0.000287866971357	1.43762113585e-13	0.000152838390141	57.5815506987
7.13749673199e-07	1.1811481834e-05	4.25259864974e-06	0.000302704402287	0.00202042803477	0.000517610146446	2.44938309353e-13	0.000260402243344	25.3397293037
3.8366659309e-07	-1.23852394339e-05	3.74794622636e-06	-0.000154013261983	-0.00180879638661	0.000513238287147	1.21921879636e-13	0.000129619294972	0.0
9.74297759263e-07	4.56927401867e-06	2.7705513058e-06	0.000355283611559	0.000424475229043	0.000269994466563	1.219260537e-13	0.00012962373256	0.0
6.16718970977e-07	-2.62868387936e-05	2.01280104181e-06	-0.000324161881027	-0.00471084466877	0.000229063181326	8.16740408455e-14	8.683044933e-05	25.3242391093
-6.61304170568e-07	1.98848534266e-05	2.2130818852e-06	0.000188684242071	0.00358165254868	0.000208588953809	6.09845760811e-14	6.4834776001e-05	0.0
-6.71138417079e-06	2.24548686334e-05	2.42153060725e-06	-0.000578865626122	0.00397750370695	0.000519379152205	6.09611912677e-14	6.4809914811e-05	0.0
-2.77590809834e-06	-1.8097079861e-05	8.9080534433e-07	-0.000447110732376	-0.00318677665141	-0.000204516421401	6.09575201034e-14	6.4806011871e-05	0.0
-2.3500417382e-06	-1.86856654008e-05	3.35934799403e-06	-0.000609896290138	-0.00326944409246	0.000166495129001	6.21243921206e-14	6.6046553181e-05	100.0
1.48830006458e-07	-1.71963457375e-05	-1.0939100226e-06	4.95106684715e-05	-0.00304018379188	-0.000171336472371	8.27758326754e-14	8.8001801678e-05	100.0
-1.53831754645e-05	1.28064763598e-06	-0.000112345506613	-0.00186694264948	0.000113904233018	-0.0134060786814	4.1360820128e-14	4.3972093938e-05	100.0
3.71010596817e-06	-3.37397335656e-05	2.47095996227e-05	0.000136225048325	-0.00509067322388	0.00102036730274	4.13545942358e-14	4.396547498e-05	100.0
-2.02488277923e-06	-2.2666191811e-05	-5.54868681062e-07	-0.000991251085527	-0.0039499356285	0.000118213583898	2.07041041605e-14	2.2011236968e-05	100.0
1.02826304913e-06	-1.30608579798e-05	-1.26416695816e-05	0.000545528738066	-0.00213124819688	-0.00254045845271	2.07019618098e-14	2.2008959363e-05	100.0
-1.69771381579e-06	1.92364568763e-05	3.29591497107e-06	5.21054153665e-05	0.00343717377838	0.000688447140107	2.0700548663e-14	2.2007456998e-05	100.0
-5.56651054761e-07	-2.53468822277e-05	1.23560510394e-06	-0.000368878307975	-0.00450983153999	-0.000120166200347	4.13803125016e-14	4.3992816943e-05	100.0
-1.26974992827e-05	1.32702164958e-06	3.32337747218e-06	-0.00110490434552	0.000210402421815	0.000149217763473	2.06931158127e-14	2.1999554882e-05	100.0
4.44193180592e-06	-5.95375316468e-07	-1.86387765083e-05	0.00100067203401	1.26016608115e-05	-0.00295430297226	2.06927235513e-14	2.1999137856e-05	100.0
-2.48661812872e-06	-1.13023676914e-05	-2.59381731808e-06	-0.00030730004711	-0.00181634590356	-0.000795833285993	2.06923715218e-14	2.1998763601e-05	100.0
-1.21867585626e-07	2.172079104e-05	4.14328292542e-06	6.52285704024e-05	0.00384259213238	0.000500220236655	2.06923715218e-14	2.1998763601e-05	100.0
-5.81303656029e-06	1.88266878801e-05	-2.38345230271e-05	-0.000387367903314	0.00274348949801	-0.00120206803532	2.06913808104e-14	2.1997710342e-05	100.0
3.70399153282e-06	-5.9876027301e-06	-1.47604533318e-05	0.000920730749235	-0.000882998546063	-0.00260929319165	2.06904102149e-14	2.1996678469e-05	100.0
2.54865766275e-06	-4.99719451274e-06	-5.96256810345e-06	0.000860407438444	-0.00119767019404	-0.00133382744749	2.06904102149e-14	2.1996678469e-05	100.0
2.38635942417e-06	3.69148805579e-06	-1.38534973132e-06	0.000691879247841	0.00057142376329	9.99845867466e-05	2.06885142849e-14	2.1994662842e-05	100.0
-1.10011755448e-06	9.70193072207e-06	-1.00843150697e-05	0.000423727051627	0.00166246191606	-0.00244227547944	2.06885142849e-14	2.1994662842e-05	100.0
-8.05116128816e-06	1.34032350117e-05	-2.23550675557e-05	-0.000522812578532	0.00192393237888	-0.00111573045064	4.13645415822e-14	4.3976050343e-05	100.0
-5.60740886889e-06	4.66931412748e-06	-4.52620041456e-06	-0.000584751293072	0.000853509422381	-0.00130998179662	2.06866384708e-14	2.19926686e-05	100.0
3.27553743417e-05	-9.75023096836e-05	8.22025249454e-05	0.00382512433908	-0.0120866530324	0.00946868684704	2.06858992089e-14	2.1991882666e-05	100.0
-1.4032809046e-06	1.29894126516e-05	4.31950854715e-06	-0.000120425015368	0.00214986971646	0.000217045033464	4.13655926416e-14	4.397716776e-05	100.0
2.70269682087e-05	-9.69296061712e-05	7.79227963437e-05	0.00309680834196	-0.0119626334057	0.00886419299653	2.06858992089e-14	2.1991882666e-05	100.0
3.01960938612e-06	-3.42580172727e-06	-3.00276535741e-06	0.000188973643232	-0.000748731019881	-0.000890320934612	2.06852655559e-14	2.1991209008e-05	100.0
7.00143636727e-07	-2.79494474379e-05	1.13705289963e-05	-0.000110001855681	-0.00454623146505	-0.000563381263092	4.13689620663e-14	4.398074991e-05	100.0
-2.46715378028e-05	6.47471687289e-05	4.17853159965e-05	-0.00209821172181	0.00785194860232	0.00352325153188	2.06844257142e-14	2.1990316143e-05	100.0
-4.70327992416e-05	0.000104840737603	-8.36966658844e-06	-0.00470856761763	0.0122075877365	-0.000850366150735	2.06844257142e-14	2.1990316143e-05	100.0
7.98376224883e-06	-6.20224941002e-05	-8.56720907994e-05	0.00088256528802	-0.00778450460889	-0.00967607241082	2.06843201054e-14	2.1990203867e-05	100.0
2.23084152347e-06	-2.40530929395e-05	8.12988577517e-06	-6.31575315301e-05	-0.00391442921044	-0.000851640580125	2.06840083079e-14	2.1989872384e-05	100.0
-7.24413500091e-06	1.27344873258e-05	-3.32661080195e-05	-0.000584876273121	0.00166817109857	-0.00250287404471	2.06836965104e-14	2.1989540902e-05	100.0
-4.01972133765e-06	1.5393125784e-05	-1.70911245423e-05	-0.000188910883801	0.00242796292068	-0.000384926536256	2.06836965104e-14	2.1989540902e-05	100.0
-1.64402078184e-05	2.04729437991e-05	2.43084428601e-06	-0.00157897317005	0.00345243995262	5.08629109646e-06	2.06833847129e-14	2.1989209419e-05	100.0
4.08907953354e-05	-7.26499762941e-05	0.000166584640793	0.00513027193223	-0.00921324007293	0.0207835406928	2.06830729154e-14	2.1988877937e-05	100.0
1.16517309013e-06	-4.57766522214e-05	-6.44495471164e-05	5.48235396789e-05	-0.00587400003236	-0.00659000696064	2.06830729154e-14	2.1988877937e-05	100.0
4.43059968467e-05	-0.000114347901537	-2.6304560129e-05	0.0046868115139	-0.0135477434083	-0.00271253497943	2.06830729154e-14	2.1988877937e-05	100.0
-1.01006867834e-05	8.08504675394e-06	2.49963249223e-06	-0.0011798642367	0.00127121211487	0.000571272901972	2.06827611178e-14	2.1988546454e-05	100.0
-1.02714622007e-05	2.69081997676e-05	3.5112030277e-05	-0.000774751897884	0.00368062817764	0.0026133639352	2.06827611178e-14	2.1988546454e-05	100.0
-4.17096112117e-05	8.65894085283e-05	3.87548556592e-05	-0.00421743399984	0.0102253168682	0.00382883536431	2.06821425518e-14	2.1987888836e-05	100.0
-1.35046598902e-07	-4.84496540812e-05	-8.48557878772e-05	-7.52349826769e-05	-0.0061380864831	-0.0095209620678	2.06821425518e-14	2.1987888836e-05	100.0
4.14332424272e-05	-0.000142127211775	0.000112990993187	0.00507627408638	-0.0178679528115	0.0139133374463	2.06815290148e-14	2.1987236564e-05	100.0
-1.01188111216e-05	1.60843612502e-05	-4.33458119775e-05	-0.000929959600467	0.00212179905341	-0.00385047059057	2.06815290148e-14	2.1987236564e-05	100.0
-1.7082558643e-05	1.80046507186e-05	-6.63773578216e-05	-0.00186991974308	0.00226226957356	-0.00707234990703	2.06815290148e-14	2.1987236564e-05	100.0
3.72593353262e-05	-0.00010699966902	-6.39062469243e-07	0.00338251362276	-0.0122178613982	-1.13278113908e-05	2.06815290148e-14	2.1987236564e-05	100.0
3.39032514465e-06	-3.4373208945e-06	-9.19238291739e-06	0.000298361500863	-0.000712264212284	-0.00179826883448	2.06812222462e-14	2.1986910428e-05	100.0
2.13268823318e-06	-3.21460500433e-05	5.7350933513e-05	0.00016516852491	-0.00422809490761	0.00565011199052	2.06812222462e-14	2.1986910428e-05	100.0
-8.80807672819e-05	0.000137007455822	3.6439641049e-05	-0.010694737083	0.0169398156211	0.00440708881004	2.06812222462e-14	2.1986910428e-05	100.0
7.2668788761e-05	-0.000177211382555	2.90351424113e-05	0.00892571237525	-0.0221566062236	0.00355918095359	2.06812222462e-14	2.1986910428e-05	100.0
-2.21435227915e-06	-1.53643858154e-06	-3.71980192189e-05	-0.000187157379181	-0.000275436438344	-0.00307276204321	2.06812222462e-14	2.1986910428e-05	100.0
-3.91812936078e-06	-1.08722327817e-05	-0.000139239553033	-0.000461595388427	-0.00143032953856	-0.0170233719837	2.06812222462e-14	2.1986910428e-05	100.0
-3.57525036672e-05	6.79735104077e-05	5.91683826894e-05	-0.00379490573539	0.00824928658054	0.00624727547534	2.06803019407e-14	2.1985932019e-05	100.0
-4.3632428555e-06	-1.32143890568e-05	3.47821566554e-06	-0.000814132670918	-0.00206221273338	0.000167312748476	2.06803019407e-14	2.1985932019e-05	100.0
-0.000114305011094	0.000162433813538	0.000183610010313	-0.0145304342522	0.0207391684469	0.0233264390187	2.0680090723e-14	2.1985707467e-05	100.0
-6.19511558603e-05	0.000128005896557	-9.14589905657e-06	-0.00707657935331	0.0154721578766	-0.00104085149603	2.0680090723e-14	2.1985707467e-05	100.0
-2.56442864237e-05	6.10408301253e-05	3.97210684243e-05	-0.00212053100557	0.00738057262463	0.00330412164882	2.06799951722e-14	2.1985605883e-05	100.0
-4.73900498645e-05	9.50220739873e-05	3.71351924129e-05	-0.00498346196732	0.0113292718375	0.00379482389859	2.06797386936e-14	2.1985333212e-05	100.0
6.31540546546e-05	-0.00016099601548	-4.29913945139e-05	0.00765448158918	-0.0199913106005	-0.00521888929361	2.06797386936e-14	2.1985333212e-05	100.0
1.34113342791e-05	-5.97853848183e-06	6.5759605799e-05	0.00161634145021	-0.000895710976757	0.00699647813983	2.06796934326e-14	2.1985285094e-05	100.0
4.51990596174e-06	-2.74449834586e-05	0.000144693847718	0.000546637152574	-0.00348011033898	0.017758750189	2.06796934326e-14	2.1985285094e-05	100.0
4.10133839011e-05	-0.000152988157591	0.000133857407537	0.005092376566	-0.019362100556	0.016690175874	2.06796934326e-14	2.1985285094e-05	100.0
-9.55893093871e-06	1.48418311351e-05	-2.78187455639e-05	-0.0007460820226	0.00210865069844	-0.00178339864031	2.06796934326e-14	2.1985285094e-05	100.0
-2.72104592509e-05	2.5393947785e-05	-8.25933786035e-05	-0.0031570074618	0.00316549069248	-0.00934901527859	2.06796934326e-14	2.1985285094e-05	100.0
8.77183030788e-05	-0.000200091213551	-1.8881389027e-05	0.0108957336108	-0.0252034535383	-0.00232870083599	2.06796934326e-14	2.1985285094e-05	100.0
1.66649597834e-05	-8.14937918765e-05	4.18256926086e-05	0.0012460097946	-0.00961192800921	0.00345745206038	2.06793816351e-14	2.1984953611e-05	100.0
-4.1477361255e-05	9.74669532646e-05	2.47489034495e-05	-0.00402722611994	0.0113782338053	0.00227064930598	2.06793816351e-14	2.1984953611e-05	100.0
-0.000109461647251	0.000222368352426	4.07503236375e-05	-0.0137572514375	0.0282414893817	0.00511922667438	2.06793816351e-14	2.1984953611e-05	100.0
-1.4009579633e-05	1.49232663363e-05	-4.15689857015e-05	-0.00141203733741	0.00210973682023	-0.00366221163504	2.06793816351e-14	2.1984953611e-05	100.0
-2.45469841477e-06	2.71767013138e-05	-9.44798107812e-06	0.000224435267938	0.00448000546827	0.000760861307991	2.06793816351e-14	2.1984953611e-05	100.0
-8.0886198282e-06	2.11248483485e-05	-2.63399154631e-05	-0.000570997577997	0.00318280970621	-0.00151400879732	2.06793816351e-14	2.1984953611e-05	100.0
-3.32562794839e-05	7.13336102918e-05	9.34789189282e-05	-0.00385926868159	0.00875173613892	0.0109775368309	2.06790849246e-14	2.1984638168e-05	100.0
5.10116199963e-06	-1.68216125184e-05	9.01554434424e-05	0.000594779384656	-0.00217321533524	0.0103152537517	2.06790849246e-14	2.1984638168e-05	100.0
6.95478301417e-05	-0.00016213853483	0.000122862087214	0.00869278025793	-0.0205019858549	0.0153573325439	2.06790849246e-14	2.1984638168e-05	100.0
2.84821894694e-05	-0.000100429315335	-2.22637640156e-05	0.00238987388514	-0.0114291021379	-0.00176885488052	2.06790849246e-14	2.1984638168e-05	100.0
5.24458118821e-05	-0.000152640560411	1.9591435003e-06	0.00611751688642	-0.0186420283187	0.000226902853666	2.06790849246e-14	2.1984638168e-05	100.0
4.95976817897e-05	-0.000151447306061	-1.22903389085e-05	0.00579343668493	-0.0184838535561	-0.00149901978598	2.06790296057e-14	2.1984579357e-05	100.0
1.03549536384e-05	-6.30944227363e-05	-0.00012347580617	0.00123993734973	-0.00791289650227	-0.0149694387816	2.06790296057e-14	2.1984579357e-05	100.0
-6.63228458458e-05	0.000110123990194	0.000134493173438	-0.00824450211867	0.0138914167474	0.0166979525917	2.06786775762e-14	2.1984205102e-05	100.0
3.27641496043e-05	-9.16670101308e-05	-9.26851527306e-06	0.00239779535166	-0.0101511292279	-0.000729976101146	2.06786775762e-14	2.1984205102e-05	100.0
-5.63824981481e-05	0.000131164902235	-1.58072701813e-05	-0.00638731919246	0.0158488730144	-0.00180260043438	2.06786775762e-14	2.1984205102e-05	100.0
2.56454231952e-08	-2.66891372586e-05	-1.30146476971e-05	-0.000682044136982	-0.00467652725592	-0.00268335950324	2.06784814455e-14	2.1983996589e-05	100.0
-9.9339235555e-05	0.000124627106781	0.000101386862407	-0.0123794783444	0.0156351101239	0.0125738888421	2.06784814455e-14	2.1983996589e-05	100.0
3.37164448678e-05	-5.9620889975e-05	0.000238819010076	0.00429585453901	-0.00762791131654	0.0302931036393	2.06784814455e-14	2.1983996589e-05	100.0
-0.000111527464816	0.000202777823528	8.76764016802e-05	-0.0140572015281	0.025734325915	0.0110897295726	2.06784814455e-14	2.1983996589e-05	100.0
-6.59465602227e-05	0.000102596184753	-4.50079860448e-05	-0.00758555570194	0.0124605387403	-0.00508847084037	2.06784814455e-14	2.1983996589e-05	100.0
-0.000111383017446	0.00014591381184	-5.74298545434e-05	-0.0138342382359	0.0182785528332	-0.00708491040603	2.06784814455e-14	2.1983996589e-05	100.0
-7.26928655342e-05	0.00010334428242	-0.000102844154118	-0.00891901573295	0.0128708870242	-0.0125686303077	2.06784814455e-14	2.1983996589e-05	100.0
-7.96318077273e-05	0.000132034945267	-0.000175667990153	-0.0100344964723	0.0167419886651	-0.0222090335407	2.06784814455e-14	2.1983996589e-05	100.0
-5.24509166527e-07	-3.90641720905e-06	-4.43612918202e-05	-6.93690498621e-06	-0.000643069148254	-0.00401702862694	2.06784814455e-14	2.1983996589e-05	100.0
8.79077611965e-06	-2.63609730844e-05	-0.000204161837278	0.0011382027	-0.00339873347248	-0.0257118901265	2.06784814455e-14	2.1983996589e-05	100.0
1.18521735764e-05	-5.08108582324e-05	-0.000196817502363	0.00148091329029	-0.00647126939055	-0.0247569793462	2.06784814455e-14	2.1983996589e-05	100.0
9.51889045036e-05	-0.000214673648794	-8.14867973051e-05	0.0119683599164	-0.0272572929321	-0.0102209774657	2.06784814455e-14	2.1983996589e-05	100.0
1.58797780175e-05	-9.1456601414e-05	-0.000170976828937	0.00197568423176	-0.0116459426842	-0.0213582052978	2.06784814455e-14	2.1983996589e-05	100.0
5.83382866565e-05	-0.000137579929037	-1.64006112087e-05	0.00676576699604	-0.0167020712804	-0.00191121618353	2.06779735173e-14	2.1983456593e-05	100.0
1.95432796885e-06	1.97602105081e-05	4.5073142898e-06	0.000396537480762	0.00362132424165	0.000646900296023	2.06779735173e-14	2.1983456593e-05	100.0
3.50032921063e-06	5.49727224814e-06	-5.91770919364e-07	0.000452821920531	0.00069564926158	3.35190393176e-05	2.06778779665e-14	2.198335501e-05	100.0
-4.08300770199e-05	0.000108126413781	1.31605298945e-05	-0.00400795016066	0.0125357720973	0.00120385755224	2.06772795164e-14	2.1982718777e-05	100.0
-6.47812378134e-06	5.19228870722e-06	7.42899092079e-05	-0.000735607754061	0.000719913200737	0.00814672603986	2.06772744874e-14	2.1982713431e-05	100.0
-3.82388687762e-05	7.52122882655e-05	9.29128048478e-05	-0.00445973012558	0.00929850166516	0.0109117194499	2.06772744874e-14	2.1982713431e-05	100.0
5.40508031823e-05	-0.00014717806696	6.3234062901e-05	0.00651113426038	-0.0182493589259	0.00759535352619	2.06772744874e-14	2.1982713431e-05	100.0
-3.68666585373e-07	-7.36171514572e-06	-0.000133423991963	-3.54017687527e-05	-0.000948603555868	-0.0162611327038	2.06772744874e-14	2.1982713431e-05	100.0
-1.5760681718e-05	4.71376736714e-05	5.09744283232e-05	-0.00139304624471	0.00583914711687	0.00472436371905	2.06769777769e-14	2.1982397988e-05	100.0
-3.27789722879e-06	3.28757797099e-06	8.35271859053e-05	-0.000303321717198	0.000330746123331	0.00942749896448	2.06769777769e-14	2.1982397988e-05	100.0
-7.52026841649e-05	8.62474798781e-05	0.00020653164659	-0.00952236001306	0.0109525710377	0.02614392351	2.06766810663e-14	2.1982082545e-05	100.0
-6.80109050376e-05	0.000104843828756	-6.50784088413e-05	-0.00806288082847	0.0128316901789	-0.00768074214579	2.06766810663e-14	2.1982082545e-05	100.0
-0.000178510578613	0.000211818226915	-9.37576313377e-05	-0.0227312104339	0.0270297703147	-0.0119340122345	2.06766810663e-14	2.1982082545e-05	100.0
-7.86565272149e-05	9.90508887303e-05	-9.21306950193e-05	-0.00962807970714	0.0122844872247	-0.0111823160776	2.06766810663e-14	2.1982082545e-05	100.0
-3.1136940917e-05	7.16582333414e-05	-0.000114886327309	-0.00371300521347	0.00886374880767	-0.0138885196179	2.06766810663e-14	2.1982082545e-05	100.0
9.72513755505e-05	-0.000203362386394	-0.00010280587864	0.0122555907645	-0.0258270908966	-0.0129498100553	2.06766810663e-14	2.1982082545e-05	100.0
2.74379864673e-05	-0.000114797401311	-9.56556596096e-05	0.00326111646587	-0.01428329058	-0.0113979358109	2.06766810663e-14	2.1982082545e-05	100.0
-2.48128718359e-06	1.45553290018e-05	-6.90276804053e-06	0.000262554158729	0.00255974055417	-0.00223263635674	2.06765804865e-14	2.1981975615e-05	100.0
2.26393306639e-06	-1.98776170255e-05	3.19260728649e-06	2.29579037744e-06	-0.00346096276912	0.000462704278295	2.06765804865e-14	2.1981975615e-05	100.0
-2.3652299894e-05	6.12869046036e-05	8.53900694925e-05	-0.00263731914494	0.00749477161927	0.00975473185927	2.06763843558e-14	2.1981767102e-05	100.0
3.99916972314e-05	-0.000102859909997	7.56221570672e-05	0.00464793711956	-0.0126316740463	0.00873534502072	2.06763843558e-14	2.1981767102e-05	100.0
9.28845826547e-05	-0.000227090102279	1.82532553025e-06	0.0116486691347	-0.0287715655711	0.000245063110734	2.06763843558e-14	2.1981767102e-05	100.0
-2.16248278867e-05	1.74680624682e-05	0.000126327393836	-0.00263417628158	0.00220847919614	0.0152897738353	2.0676233486e-14	2.1981606707e-05	100.0
7.01788696716e-06	-5.45123211389e-05	0.000185994514138	0.000846492193837	-0.00688120270242	0.0233453527358	2.0676233486e-14	2.1981606707e-05	100.0
6.73302069867e-05	-0.00017283881818	-8.90359167726e-05	0.00835561376141	-0.0217480556827	-0.0111003184147	2.0676233486e-14	2.1981606707e-05	100.0
3.17309069921e-05	-0.000106139971022	-5.38863641941e-05	0.00346220156137	-0.0127529311292	-0.00579692267087	2.0676233486e-14	2.1981606707e-05	100.0
-5.28923183771e-05	0.000113331802041	9.95640744371e-06	-0.00567090653282	0.013424442303	0.000995539319586	2.06760876453e-14	2.1981451659e-05	100.0
-5.04706819333e-06	1.56096328128e-05	3.38091274571e-05	-0.00034763477487	0.00221301854118	0.00253644986461	2.06760876453e-14	2.1981451659e-05	100.0
2.13363038723e-05	-0.000145051308628	0.000229235677096	0.00266720328101	-0.0185437703791	0.0291337347964	2.06760876453e-14	2.1981451659e-05	100.0
-4.29221489173e-05	4.50117325587e-05	-0.000223992150558	-0.00544468665076	0.00572756485126	-0.0283605085451	2.06760876453e-14	2.1981451659e-05	100.0
1.62918783028e-05	-5.77175673691e-05	-0.000131547975221	0.00199872113411	-0.00727638326712	-0.0160370573429	2.06760876453e-14	2.1981451659e-05	100.0
0.000119790159406	-0.00026782669545	-8.74684432925e-05	0.0152089339131	-0.0342102321723	-0.0111391204683	2.06760876453e-14	2.1981451659e-05	100.0
5.46766370853e-05	-0.000117254494071	-1.37138000581e-05	0.00604853876535	-0.0139449537908	-0.00146501603173	2.06758864856e-14	2.1981237799e-05	100.0
5.61067780272e-06	-5.72324342842e-05	-6.05605691739e-05	0.00044862774239	-0.00706496302024	-0.00600648508289	2.06758864856e-14	2.1981237799e-05	100.0
-3.94031961579e-05	3.46593490518e-05	0.000144182883955	-0.00486846740273	0.00430453600626	0.0177564623122	2.06754942242e-14	2.1980820773e-05	100.0
-1.51456811979e-05	6.71135931215e-06	0.000111198778018	-0.00183288071582	0.000853213482857	0.0132481042632	2.06751975137e-14	2.198050533e-05	100.0
2.88704969148e-06	-3.62373425653e-05	4.09231924609e-05	0.00016174932232	-0.00496064457701	0.00324553456182	2.06751975137e-14	2.198050533e-05	100.0
5.93463136565e-05	-0.000125307884994	1.45021337941e-05	0.00676748068065	-0.0150602469707	0.00164689647364	2.06751975137e-14	2.198050533e-05	100.0
-2.10691566494e-05	-2.39161574771e-05	-0.000105321376275	-0.00260717111646	-0.00294388590938	-0.0124445199474	2.06751975137e-14	2.198050533e-05	100.0
4.86612172696e-06	-2.33503182475e-05	-2.78139903458e-06	-5.63420396857e-05	-0.00401022044113	-0.0018742020139	2.06749008031e-14	2.1980189886e-05	100.0
-5.74403466332e-05	5.53730170546e-05	0.000248530701346	-0.00732217381256	0.00706379071825	0.0315862226142	2.06749008031e-14	2.1980189886e-05	100.0
-1.87511065303e-05	3.08084911926e-05	9.34082769802e-05	-0.00213334868303	0.00380891777587	0.0107935482937	2.06749008031e-14	2.1980189886e-05	100.0
7.0389298656e-05	-0.000167846702841	-0.000174641757404	0.00891917993029	-0.0213928437337	-0.0220848632597	2.06749008031e-14	2.1980189886e-05	100.0
3.60848626364e-05	-0.000132267531439	-8.85761113778e-05	0.00430319457472	-0.0164324902679	-0.0106496512336	2.06749008031e-14	2.1980189886e-05	100.0
0.000113678950305	-0.000221162730707	4.17182236672e-05	0.0143379218121	-0.0280691560477	0.00527776638252	2.06745085417e-14	2.197977286e-05	100.0
-4.58125101496e-05	6.97663926777e-05	6.98823317543e-05	-0.00521195744915	0.00856073583687	0.00782427622239	2.06745085417e-14	2.197977286e-05	100.0
-0.000138909768259	0.000239904379555	-4.94300108484e-06	-0.0176008991665	0.0305675536641	-0.000648215787874	2.06745085417e-14	2.197977286e-05	100.0
2.916812899e-05	-0.000107063732626	-0.000173000827732	0.00365713684117	-0.0135942355617	-0.0216952909805	2.06745085417e-14	2.197977286e-05	100.0
-1.34892218944e-05	3.14063557537e-05	-4.83238356788e-06	-0.00148971451068	0.00541330639039	-0.000326869224205	2.0674312411e-14	2.1979564347e-05	100.0
-5.25245435268e-07	3.4597968235e-05	3.33810719346e-05	0.000303600916601	0.00475597650313	0.00208537413837	2.0674312411e-14	2.1979564347e-05	100.0
1.03761388524e-05	-4.00443744237e-05	5.98516767813e-05	0.00106168210318	-0.00523262250016	0.00597932664035	2.0674312411e-14	2.1979564347e-05	100.0
-1.4190684942e-05	3.77926144767e-05	0.000151323074186	-0.00167196718296	0.00464830236763	0.0187136543222	2.0674312411e-14	2.1979564347e-05	100.0
2.23379194574e-07	-6.61660559571e-05	0.000242269024682	4.52519338494e-05	-0.00852153389153	0.0307328941277	2.0674312411e-14	2.1979564347e-05	100.0
3.28635172071e-05	-8.72682779301e-05	-3.59059201883e-05	0.0031466512221	-0.0104329137295	-0.00303356326072	2.0674312411e-14	2.1979564347e-05	100.0
2.98547781603e-05	-9.55668698498e-05	-2.64630070787e-05	0.0025179204713	-0.0110226672612	-0.00207976250004	2.0674312411e-14	2.1979564347e-05	100.0
-8.73920045775e-06	2.42283305754e-06	9.97701351374e-05	-0.00104624437741	0.000322363994699	0.0116615521323	2.06741665703e-14	2.1979409299e-05	100.0
7.06393455037e-06	-4.31744462149e-06	4.91926977367e-05	0.000852354796694	-0.000709097724626	0.00469860865453	2.06740207295e-14	2.197925425e-05	100.0
-0.00020869513723	0.000311703127717	0.000145538354457	-0.0267507557091	0.0400219778669	0.0186550686601	2.06740207295e-14	2.197925425e-05	100.0
-4.59755693595e-06	7.51574569971e-06	-4.29910281831e-05	-0.000398469198142	0.000920823796622	-0.0038169141551	2.06740207295e-14	2.197925425e-05	100.0
1.0024903567e-05	-2.36342878943e-05	-0.000264951642049	0.00129534635879	-0.00303483286232	-0.0337142151115	2.06740207295e-14	2.197925425e-05	100.0
-8.13126609629e-05	0.000145643482504	0.000200626649835	-0.0102724773372	0.0185629699703	0.0254703195697	2.06738245988e-14	2.1979045737e-05	100.0
-0.000143669713656	0.00023590027884	1.13488925789e-05	-0.0181785410786	0.0300443733135	0.00144451474007	2.06738245988e-14	2.1979045737e-05	100.0
-5.91497877543e-06	-4.43731733482e-07	4.52327053997e-06	-7.3597831767e-05	-7.69650773811e-05	0.00202993840389	2.06738245988e-14	2.1979045737e-05	100.0
6.14036622655e-06	-1.69654846451e-05	0.000156808537884	0.000796850433455	-0.00222178841546	0.0193766563678	2.0673724019e-14	2.1978938807e-05	100.0
-0.000130127209591	0.00013538212083	-6.5017492015e-05	-0.0162526365194	0.0169625626962	-0.0081302386317	2.0673724019e-14	2.1978938807e-05	100.0
-5.34571640865e-05	9.93819036557e-05	-2.58712754238e-05	-0.00565698422583	0.0117316715118	-0.00276127035881	2.0673724019e-14	2.1978938807e-05	100.0
-6.68175884765e-05	6.98014809779e-05	-0.000163066225133	-0.00837054763039	0.0087635989409	-0.0203889315038	2.0673724019e-14	2.1978938807e-05	100.0
-3.58177655192e-05	5.9171666182e-05	-0.000166970575444	-0.00443730710789	0.00742099446164	-0.0208374676574	2.0673724019e-14	2.1978938807e-05	100.0
-2.77941641037e-06	-1.27821204844e-06	2.2476835422e-05	-0.000980016992881	-0.000349562504754	0.00323818817544	2.06734323374e-14	2.1978628711e-05	100.0
-2.82316127866e-05	3.90411728848e-05	0.000141654457111	-0.00345702206046	0.00491627015624	0.0173862338392	2.06731456849e-14	2.1978323961e-05	100.0
4.35363407515e-05	-0.000106884591627	0.000174867102564	0.00546155375277	-0.0135437811723	0.0219668585946	2.06731456849e-14	2.1978323961e-05	100.0
5.2356952725e-05	-0.00014654023966	0.000120840592185	0.00647713859275	-0.0184291854927	0.0150467014065	2.06731456849e-14	2.1978323961e-05	100.0
-3.22270015318e-05	3.93371706373e-05	0.000171421694213	-0.00403718207523	0.00500129116357	0.0213780626587	2.06731456849e-14	2.1978323961e-05	100.0
-3.17387408289e-07	-4.13567355969e-05	6.31156873144e-05	-0.000119250391185	-0.0052661088712	0.00642008037356	2.06731456849e-14	2.1978323961e-05	100.0
-1.70675012375e-05	3.12036090738e-05	8.97803662322e-05	-0.00195098531254	0.00390393500624	0.0102987545071	2.06731456849e-14	2.1978323961e-05	100.0
3.74388446032e-05	-0.00012361648858	0.000102523532997	0.00455254629287	-0.0154635451573	0.0124354085658	2.06731456849e-14	2.1978323961e-05	100.0
7.82276417321e-05	-0.000177276677949	-3.05259334203e-05	0.00963077104941	-0.0221822449675	-0.00370496131304	2.06731456849e-14	2.1978323961e-05	100.0
-0.000102475578424	0.000197434170559	0.00010423811305	-0.0129045797159	0.0250684399744	0.0131587384361	2.06731456849e-14	2.1978323961e-05	100.0
3.70583917984e-05	-0.000116734048147	-3.38838489116e-05	0.00394330217826	-0.0138353386162	-0.0035686969633	2.06731456849e-14	2.1978323961e-05	100.0
3.19289989112e-05	-0.000106989075072	-3.01997091239e-05	0.00307847985092	-0.0124710630987	-0.00285967532798	2.06731456849e-14	2.1978323961e-05	100.0
2.54444088194e-05	-9.51169846831e-05	-3.2453387635e-05	0.00215477765173	-0.0109314476894	-0.0027566351472	2.06731456849e-14	2.1978323961e-05	100.0
3.55375561679e-05	-0.000128536457491	-5.97369573316e-05	0.00409570396481	-0.0157127832276	-0.00686391745846	2.06731456849e-14	2.1978323961e-05	100.0
-0.000186129408712	0.00024707870935	-8.82500527462e-05	-0.0237354221531	0.0316052831871	-0.0112362920483	2.06731456849e-14	2.1978323961e-05	100.0
-4.75124303938e-05	6.51584844222e-05	-0.000132999252281	-0.00584249906743	0.00815570074653	-0.0163532683641	2.06731456849e-14	2.1978323961e-05	100.0
-5.95181713505e-05	9.70844197851e-05	-3.70619632302e-05	-0.00659145240796	0.0116911456422	-0.00400534751147	2.06731456849e-14	2.1978323961e-05	100.0
-4.12202930686e-05	7.65388588048e-05	-9.80584322715e-05	-0.00488042527127	0.00947437909181	-0.011641402561	2.06731456849e-14	2.1978323961e-05	100.0
-6.4249190855e-05	0.000105165837544	-4.246042702e-05	-0.00729527231941	0.0127377095133	-0.00485648270669	2.06731456849e-14	2.1978323961e-05	100.0
-4.55615021952e-05	6.83278349763e-05	-0.000138232356552	-0.00559977487322	0.00857777434433	-0.0170133860692	2.06731456849e-14	2.1978323961e-05	100.0
-4.19769111132e-05	4.26185939483e-05	-0.000112374107735	-0.00513056902414	0.00538506594573	-0.0134743407639	2.06731456849e-14	2.1978323961e-05	100.0
-0.000141184293093	0.000157310108485	0.000226291677145	-0.018018117676	0.020091255745	0.028897000653	2.06731406559e-14	2.1978318614e-05	100.0
2.61335343772e-05	-7.77337559591e-05	6.63672598918e-05	0.00283740468001	-0.00957720840594	0.00706549604889	2.06731406559e-14	2.1978318614e-05	100.0
-3.95383968985e-05	8.14914959615e-05	-3.76142714858e-05	-0.00385566208543	0.00955930759754	-0.003602938048	2.06731406559e-14	2.1978318614e-05	100.0
-6.45302296031e-05	0.0001045049414	-4.46169059544e-05	-0.0074426737165	0.0126244442602	-0.00508195690117	2.06731406559e-14	2.1978318614e-05	100.0
-0.000103837498912	0.000129997408419	-0.000124358242948	-0.0130150615787	0.0163767474763	-0.0155837831901	2.06731406559e-14	2.1978318614e-05	100.0
4.55049610736e-05	-0.000122809508137	3.93973728812e-05	0.00507881809802	-0.014768855157	0.00440574321915	2.06731406559e-14	2.1978318614e-05	100.0
-3.20654195093e-05	6.72339393331e-05	-3.3283739725e-05	-0.00271782126199	0.00798666541673	-0.00263153506309	2.06731406559e-14	2.1978318614e-05	100.0
-2.42671963947e-05	8.53824273984e-05	-7.19674182702e-05	-0.00260839114153	0.0103609699045	-0.00799286592036	2.06731406559e-14	2.1978318614e-05	100.0
2.12139060406e-05	-9.99617261464e-05	-0.000181103977572	0.00264878406341	-0.0127150902452	-0.0227179398548	2.06731406559e-14	2.1978318614e-05	100.0
-2.26727114827e-06	1.96841078661e-06	8.69001749368e-05	-0.000219298960517	0.000132735262802	0.00985145635878	2.06725572928e-14	2.1977698421e-05	100.0
-2.56892443791e-05	1.77433924512e-05	0.000132332035211	-0.00317362711625	0.0022840536423	0.0160970787497	2.06724667709e-14	2.1977602184e-05	100.0
-8.68294447055e-06	-1.41325664838e-05	0.000122773592499	-0.00109497294544	-0.00173064843446	0.0147934520692	2.06724667709e-14	2.1977602184e-05	100.0
3.27760884688e-05	-8.55891311426e-05	5.99173953236e-05	0.00354594735312	-0.0103260564882	0.00639884557044	2.06724667709e-14	2.1977602184e-05	100.0
1.77443456359e-05	-8.22234390198e-05	4.85497584779e-05	0.00153282595352	-0.00970050538082	0.0045176424868	2.06724667709e-14	2.1977602184e-05	100.0
-9.15805438533e-05	0.000141448247077	0.000143357256214	-0.0115096003454	0.0179108281034	0.0180371794512	2.06722706402e-14	2.1977393671e-05	100.0
-1.38367451603e-05	1.22515421297e-05	0.00012486085333	-0.00170264572004	0.00152766705359	0.0150848473281	2.06722706402e-14	2.1977393671e-05	100.0
-0.00011424971161	0.00012924065101	-0.000119787862081	-0.014346632272	0.0162667104862	-0.0150206549403	2.06722706402e-14	2.1977393671e-05	100.0
7.5525316344e-05	-0.000180632229253	2.81487293736e-05	0.00928753149326	-0.0225868036262	0.00340547059471	2.06722706402e-14	2.1977393671e-05	100.0
6.04115578324e-06	-9.04990940957e-05	-0.000272685859037	0.000750373032103	-0.0115866805539	-0.0347468375578	2.06722706402e-14	2.1977393671e-05	100.0
7.66367122697e-05	-0.000210380410882	-0.000152772280488	0.00968761695212	-0.0268191636635	-0.0193664510379	2.06722706402e-14	2.1977393671e-05	100.0
3.44769566724e-05	-9.86883513643e-05	1.56080871865e-05	0.00299652004393	-0.0111860510347	0.00120096324455	2.06721298285e-14	2.1977243969e-05	100.0
-1.59249179768e-05	1.91014490048e-06	-6.98330490876e-05	-0.00180627106461	0.0002830593439	-0.00755508776187	2.06721298285e-14	2.1977243969e-05	100.0
-2.9971480707e-05	6.13991923429e-05	0.000151209018258	-0.00365512059964	0.00763800372849	0.0187416164815	2.06719789587e-14	2.1977083574e-05	100.0
-5.41862227802e-05	9.16209066671e-05	-3.01189504725e-05	-0.00574641486926	0.0108113022949	-0.00316733506179	2.06719789587e-14	2.1977083574e-05	100.0
-0.000201764666146	0.00025991434237	-2.26517254326e-05	-0.0257710672517	0.0332456372119	-0.0028953697758	2.06719789587e-14	2.1977083574e-05	100.0
4.1506806775e-06	-7.93247030621e-05	0.000135622309142	0.000450689240452	-0.00998196340907	0.0166467148533	2.06719789587e-14	2.1977083574e-05	100.0
-3.32383080757e-05	6.04035195242e-05	-0.000120594203431	-0.00400887844255	0.00747332465109	-0.0146206127846	2.06719789587e-14	2.1977083574e-05	100.0
-3.31409137563e-05	2.26666691593e-05	-0.000296947305347	-0.00418237511754	0.00283713943018	-0.0379220044792	2.06719789587e-14	2.1977083574e-05	100.0
0.000102304799623	-0.000199105388183	-4.84861266752e-05	0.0128205128423	-0.025160094583	-0.00609281468067	2.06719789587e-14	2.1977083574e-05	100.0
-1.97290965873e-05	1.60379062474e-05	0.000123422724726	-0.00243487738555	0.00209570092702	0.0149056469204	2.0671792886e-14	2.1976885754e-05	100.0
1.69494628255e-06	-1.36949387522e-05	0.000107558647498	0.000184733718575	-0.00165497946965	0.0127163188564	2.0671792886e-14	2.1976885754e-05	100.0
