# x[AU] y[AU] z[AU] vx[AU/yr/2pi] vy[AU/yr/2pi] vz[AU/yr/2pi] m[MSUN] m[mtot] wf[%]
1.17345584734e-05	7.19530163358e-05	-9.27423134813e-08	0.00192322425623	0.00903729429496	-1.46590445837e-05	4.69833040659e-10	0.496512236363	19.5086381822
-1.17004621033e-05	-7.22276232357e-05	7.03146047674e-08	-0.00192090935067	-0.00907425633387	9.83138236663e-06	4.68854452006e-10	0.495478079127	19.6062039696
2.46616580767e-06	-2.61574113408e-05	-3.9971552341e-06	5.64309376516e-05	-0.00470403849083	-0.000461024794286	1.01299657023e-12	0.00107051899077	41.7452038953
5.72270446729e-08	1.13593591561e-05	-5.72709840053e-06	7.7394173868e-05	0.00201154117764	-0.000731624545685	3.74689107706e-13	0.000395965610567	47.5297126176
2.56137489397e-06	-1.53874852653e-05	-6.39737110437e-06	0.0002802672659	-0.00274447972559	-0.000785031581063	2.4235606773e-13	0.00025611811595	45.9179726865
-2.69265159621e-06	5.17267624672e-07	7.40986209171e-06	-0.00020685076628	0.000128003835488	0.00102352733935	8.77856090361e-14	9.2770463742e-05	25.338789367
4.45768099733e-06	-4.13669783109e-06	-6.38977691632e-06	0.000536364482874	-0.000710674925068	-0.000775298712873	6.55945525957e-14	6.931930108e-05	0.0
6.39943169345e-07	1.72437258935e-05	-4.21611877548e-06	0.000308676839858	0.00309678248007	-0.000282408326571	6.55890207044e-14	6.9313455063e-05	0.0
5.19398332178e-06	-9.65320732937e-06	-2.61531674869e-06	0.00066515459688	-0.00167476306142	-0.000578289034123	6.55501465951e-14	6.927237351e-05	0.0
1.73211756481e-06	-1.28641236371e-05	-5.25493712345e-06	-8.98153093502e-05	-0.00249920700345	-0.00047306154306	8.77948322077e-14	9.2780210646e-05	25.3418784643
2.15382653578e-06	7.27035853058e-06	9.3082028727e-07	0.000461018864951	0.00136175427498	9.83395318999e-05	6.55376244047e-14	6.9259140254e-05	0.0
-1.18870554526e-06	2.272721362e-05	-1.40516645328e-06	8.17439727294e-05	0.00418301186686	-0.000159942225635	6.55376244047e-14	6.9259140254e-05	0.0
6.34957440447e-06	2.23217133056e-05	-8.68506465848e-06	0.000744426760201	0.00404985562853	-0.000960681298586	6.55084562503e-14	6.9228315803e-05	0.0
6.66271839135e-06	1.10448009605e-05	-1.0368072043e-05	0.000661948866282	0.00196661179086	-0.00127856273594	6.55084562503e-14	6.9228315803e-05	0.0
-4.50952742378e-06	7.75160414018e-06	5.32392225222e-06	-0.000407525434437	0.00135673952304	0.000753380723324	8.90139353372e-14	9.4068539837e-05	100.0
1.15098202404e-05	-3.29213050056e-05	4.42326033207e-05	0.00109040820513	-0.00447111312718	0.00387924681082	4.44780006739e-14	4.700365805e-05	100.0
1.60861430958e-05	-5.34036483061e-05	0.000157212514396	0.00195697964408	-0.0067080767301	0.0195876085571	4.44690540969e-14	4.6994203447e-05	100.0
-7.74850716842e-09	-1.72306991646e-05	3.88736860437e-07	0.000131063082368	-0.00315306496666	7.51923926478e-05	2.2277027061e-14	2.3542015074e-05	100.0
2.47313769366e-06	2.30067052438e-05	2.2168094809e-06	0.000783628297923	0.00421935097953	0.000255162229398	2.22739493178e-14	2.3538762563e-05	100.0
-1.28959773182e-06	2.42063489043e-05	3.27560107826e-06	-0.00013097674557	0.00434424913666	0.000207799095508	2.22726518378e-14	2.3537391407e-05	100.0
2.55633753148e-06	7.63612268045e-06	-8.48362585351e-06	0.000191476522568	0.0014276643303	-0.000924117442711	2.22675725558e-14	2.3532023701e-05	100.0
2.79547992089e-06	2.48686603606e-05	1.98374614686e-07	0.000370258777319	0.00449623256371	1.88092687361e-05	2.22659180174e-14	2.353027521e-05	100.0
4.24699976803e-06	-8.10062677583e-07	4.0158616533e-06	0.000703371833491	-8.06610689885e-05	0.00049405393583	2.22642835949e-14	2.3528547978e-05	100.0
-1.58363374881e-06	6.63159692286e-06	-9.58274658919e-06	-0.000291686905315	0.00123753755081	-0.00138321413793	2.22642835949e-14	2.3528547978e-05	100.0
8.91126622165e-06	1.69701388256e-05	-2.0260843077e-05	0.00108852863896	0.00291565185524	-0.002518907582	2.22626642595e-14	2.3526836689e-05	100.0
9.53613409887e-07	3.05954165409e-06	-5.84334935109e-07	0.00031728161411	0.000613218238717	-0.000183073776524	2.22622669691e-14	2.3526416839e-05	100.0
4.72675959872e-06	-1.59856761651e-05	-1.31791188275e-06	0.000712363775613	-0.00284835477792	-0.000175928261006	2.22594859364e-14	2.3523477887e-05	100.0
2.10450632022e-05	-1.56250932053e-06	-4.84155091226e-05	0.0026384023396	-0.00026337348459	-0.00650141159157	2.22583141813e-14	2.3522239595e-05	100.0
-3.68608202724e-07	2.65100973493e-05	-5.82600152269e-06	7.12158431441e-05	0.00489911052992	-0.000534611770529	2.22571474551e-14	2.3521006617e-05	100.0
-1.70219737573e-06	1.37234968071e-05	8.07144306299e-06	-0.000288604548054	0.00235650121213	0.00100103084695	2.22571474551e-14	2.3521006617e-05	100.0
5.04413754894e-07	5.13661133741e-06	-3.3576161333e-06	-7.73038565425e-05	0.00100252096488	-0.000404771915984	2.22556035545e-14	2.3519375046e-05	100.0
6.18086926614e-06	-4.49142308975e-06	-1.00576622124e-05	0.000692928387423	-0.000782682206343	-0.00135504323038	2.22544619733e-14	2.3518168641e-05	100.0
1.41382600367e-06	1.02738757524e-05	-9.71572755414e-06	8.41931311301e-05	0.00183830972561	-0.00121479699456	2.22537025955e-14	2.3517366143e-05	100.0
4.18243028027e-06	-1.05988020269e-05	-6.36713535462e-06	0.000517343818667	-0.00201040684743	-0.000758261214543	2.22533254211e-14	2.3516967551e-05	100.0
7.12562176194e-06	-2.971993138e-06	5.58686780313e-06	0.00105317686042	-0.000508254818531	0.000817066449008	2.22510774616e-14	2.3514591942e-05	100.0
-1.52131394575e-06	2.52700293508e-05	-5.84327768657e-07	0.00022197847734	0.00459845890359	5.21581856771e-07	2.22510774616e-14	2.3514591942e-05	100.0
-3.39509218763e-06	-1.48738714842e-05	2.0684625054e-05	-0.000847460602176	-0.00275128072681	0.0027965409788	2.22499660543e-14	2.3513417424e-05	100.0
-5.76337452201e-06	-1.97613091735e-06	7.92438000189e-06	-0.000767605874125	-0.00026389751486	0.00132117414749	2.22492267925e-14	2.3512636184e-05	100.0
4.71784944423e-06	1.30569073267e-06	-5.39433328251e-06	0.000631019454142	0.000264791480028	-0.000682543090311	2.2248859676e-14	2.3512248221e-05	100.0
5.76691259664e-06	-1.73307481181e-05	6.48046584991e-07	0.000318053151413	-0.00294502361741	-0.00147611781145	2.22481304722e-14	2.351147761e-05	100.0
-1.09605839136e-07	2.087501134e-05	9.73144224572e-06	0.00039780713782	0.00378899183683	0.00154872394854	2.22477633557e-14	2.3511089647e-05	100.0
3.29279688163e-06	-1.83750751079e-06	-7.77976266543e-06	0.000307307188269	-0.000355383393698	-0.000811749375666	2.22466770934e-14	2.3509941702e-05	100.0
-1.73815323436e-06	1.8174791784e-05	-1.0074866601e-05	-0.000184651094142	0.00312897779134	-0.00130511846372	2.22466770934e-14	2.3509941702e-05	100.0
7.58146135365e-06	-3.69355206538e-05	3.84459445719e-05	0.000640996351209	-0.00515513053766	0.00295488052536	2.22466770934e-14	2.3509941702e-05	100.0
1.61453220103e-06	-6.86456868868e-06	-3.84625043042e-06	0.000123718416884	-0.0012151016463	-0.00192733600453	2.22452337727e-14	2.3508416423e-05	100.0
5.18590473935e-06	-3.73807459727e-05	5.45739266481e-05	0.000486111114355	-0.0049877146236	0.00525834497136	2.22448767143e-14	2.3508039089e-05	100.0
1.53322799494e-06	1.67160944865e-05	8.03836080335e-06	0.000161979276269	0.00293007549624	0.00108003196856	2.22448767143e-14	2.3508039089e-05	100.0
-4.46287282697e-06	2.46012846104e-05	9.0397473271e-06	-9.54162900595e-05	0.00434467912785	0.00123648591666	2.22441625974e-14	2.3507284421e-05	100.0
4.12226410178e-05	-0.000130015253666	-3.62508547149e-05	0.00459245548774	-0.0157457434263	-0.00406687204431	2.22438105679e-14	2.3506912402e-05	100.0
-9.30381464113e-06	2.21455179836e-05	9.86664188396e-05	-0.00111515528841	0.00286369150563	0.0115700978203	2.22423923921e-14	2.3505413696e-05	100.0
-4.51481444101e-05	0.000118274433735	-4.36254707688e-05	-0.00505605157714	0.014390578018	-0.00474034380538	2.22423923921e-14	2.3505413696e-05	100.0
-6.80841955059e-06	1.04216849886e-05	7.98354439145e-05	-0.000793576630503	0.00136694489354	0.00897545689672	2.22423923921e-14	2.3505413696e-05	100.0
-2.37080788691e-05	4.15938483013e-05	0.000116314636195	-0.00288952857212	0.00528582405223	0.0140046984056	2.22413413328e-14	2.3504302953e-05	100.0
8.25200173187e-06	-2.54097375819e-05	0.000112954184822	0.000953758188038	-0.00317663146868	0.0135255426662	2.22413413328e-14	2.3504302953e-05	100.0
-3.54852376164e-05	0.000100685431106	-2.73995835624e-05	-0.0033015698798	0.0117911435392	-0.00249103787314	2.22413413328e-14	2.3504302953e-05	100.0
-3.49831057669e-05	0.000141880310139	-0.000106996312328	-0.00425559443038	0.01787294405	-0.0131624503473	2.22413413328e-14	2.3504302953e-05	100.0
-1.49465652314e-06	-2.08059674214e-05	-9.70761928097e-07	-0.00055378486042	-0.00386068660612	-0.00047545754883	2.22413413328e-14	2.3504302953e-05	100.0
-1.31153603806e-05	2.26021668903e-05	6.44046959019e-09	-0.00145180193508	0.00376501376547	-0.000288656077111	2.22413413328e-14	2.3504302953e-05	100.0
2.13230794708e-05	-6.53886160186e-05	6.3897441583e-05	0.00224342732653	-0.00818131588427	0.00663639194642	2.22413413328e-14	2.3504302953e-05	100.0
2.18581495946e-06	2.25592941123e-05	-6.54187906707e-06	0.000358612884761	0.00389308415738	-0.00231305296252	2.22409893033e-14	2.3503930934e-05	100.0
-1.38354515122e-05	2.84179802835e-05	9.23864659726e-05	-0.00160943596185	0.00361233834209	0.0106987597725	2.22402953024e-14	2.3503197524e-05	100.0
5.78859647298e-06	-2.83271524085e-05	0.000112572406814	0.000708143772104	-0.0035606494746	0.013478635988	2.22402953024e-14	2.3503197524e-05	100.0
-4.35653217175e-05	0.000115437788059	-3.78586719169e-05	-0.00475753997454	0.0138819750494	-0.00409151953149	2.22402953024e-14	2.3503197524e-05	100.0
-3.03127659216e-05	0.000125814037278	-8.12328836977e-05	-0.0035356657558	0.0156208997098	-0.00965756477333	2.22402953024e-14	2.3503197524e-05	100.0
4.25352358314e-06	-2.30084623751e-05	-5.00865741761e-06	-0.000128928009548	-0.00411678700669	-0.00213165302073	2.22402953024e-14	2.3503197524e-05	100.0
6.51419114376e-06	-3.65387939529e-05	-2.56455450786e-05	0.000283231461685	-0.00535900500661	-0.00111279808305	2.22402953024e-14	2.3503197524e-05	100.0
-3.29513607081e-06	2.10780325692e-05	5.41326153254e-06	0.00018403191241	0.00363500482626	0.00212173187893	2.22396013015e-14	2.3502464115e-05	100.0
4.48909598324e-05	-0.000119588783632	6.83468660226e-05	0.00526417686627	-0.0147757160407	0.00799291607972	2.22396013015e-14	2.3502464115e-05	100.0
-2.97778786801e-05	8.92047788284e-05	-3.97712716148e-05	-0.00281847893119	0.0106812364324	-0.00356879934441	2.22396013015e-14	2.3502464115e-05	100.0
-2.03858074352e-05	2.39838594113e-05	0.000105273559793	-0.00246469881534	0.00306696536528	0.0124932777582	2.2239254301e-14	2.350209741e-05	100.0
-6.73473115951e-05	0.000148165050855	-7.18491058175e-05	-0.00823505352349	0.0185532713928	-0.00875709870652	2.2239254301e-14	2.350209741e-05	100.0
4.08846456863e-05	-9.7784035739e-05	0.000123447262	0.00500376752467	-0.0123555090013	0.0151474514938	2.2239254301e-14	2.350209741e-05	100.0
-5.83912709815e-05	0.000146253813484	0.000128826549855	-0.00726603405148	0.0185659107487	0.0161120268288	2.22389123296e-14	2.350173602e-05	100.0
-5.16331804561e-05	0.000146554623809	-3.74407513823e-06	-0.00595474941367	0.0179021462689	-0.000440229962312	2.22389123296e-14	2.350173602e-05	100.0
-2.53698333829e-05	7.85676732898e-05	0.000141866015904	-0.00312512574212	0.00998637085085	0.0175301235174	2.22382233577e-14	2.3501007925e-05	100.0
-2.36843576805e-05	6.4219466234e-05	0.000158527603949	-0.0029616359978	0.00818518922407	0.0197462896303	2.22382233577e-14	2.3501007925e-05	100.0
8.10512319144e-06	-3.6981833319e-05	0.000124222260765	0.00095341383676	-0.00464586859854	0.0150675524306	2.22382233577e-14	2.3501007925e-05	100.0
-2.42615806376e-05	6.83577381426e-05	0.000130266202532	-0.00295800142747	0.00863820821424	0.0159597067992	2.22382233577e-14	2.3501007925e-05	100.0
6.4772735054e-06	-3.02316823932e-05	0.000105972000683	0.000742980063569	-0.00378601574071	0.0125966311048	2.22382233577e-14	2.3501007925e-05	100.0
5.31702238172e-05	-0.000131354256796	-6.57341800106e-05	0.00634535992356	-0.0162916195763	-0.0078386871843	2.22382233577e-14	2.3501007925e-05	100.0
1.9125175652e-07	1.86659669227e-05	5.65070033768e-06	0.000348045218266	0.00341823265576	0.00063507558721	2.22382233577e-14	2.3501007925e-05	100.0
1.8436779662e-05	-8.11253395601e-05	-4.13003251483e-05	0.00140874585067	-0.00962293345757	-0.003404542665	2.22382233577e-14	2.3501007925e-05	100.0
-4.42730680691e-05	0.000133188096386	-3.02376206254e-05	-0.00495866191953	0.0161362487531	-0.00337969419088	2.22382233577e-14	2.3501007925e-05	100.0
-3.14593562788e-05	0.000111455206942	-7.69514672577e-05	-0.00363757762741	0.0137851793652	-0.00893545552122	2.22382233577e-14	2.3501007925e-05	100.0
-8.06421208775e-05	0.000177509890714	-8.51224779632e-05	-0.0100558470843	0.0224772382162	-0.0106363639959	2.22382233577e-14	2.3501007925e-05	100.0
-5.59427366047e-05	0.000194601653839	-0.000208107915603	-0.0070882147575	0.0249739008644	-0.0265996414047	2.22382233577e-14	2.3501007925e-05	100.0
-4.69889544738e-05	0.000142173164915	-0.000108482531811	-0.00580392621611	0.0179864690024	-0.0133200775488	2.22382233577e-14	2.3501007925e-05	100.0
-2.27391003634e-05	5.95099808369e-05	-4.58589814808e-05	-0.00214645284052	0.00757479694475	-0.00399902524103	2.22382233577e-14	2.3501007925e-05	100.0
-2.88868539818e-06	1.80261041637e-05	-8.51779154768e-06	-0.000212163856494	0.00314031280101	-0.00105942207236	2.22382233577e-14	2.3501007925e-05	100.0
-3.56380758032e-06	-5.87262684461e-06	-1.82481466924e-05	-0.000666632793654	-0.00104559085973	-0.00271843870626	2.22382233577e-14	2.3501007925e-05	100.0
-1.61328727863e-05	2.56222369086e-05	8.14987599018e-05	-0.00183154374684	0.00320256069422	0.00919931490956	2.22382233577e-14	2.3501007925e-05	100.0
4.45630307029e-05	-7.43586143503e-05	0.000151349358083	0.00555686679962	-0.00943638773945	0.0188459292603	2.22382233577e-14	2.3501007925e-05	100.0
-3.45080633437e-05	9.88784790839e-05	-4.90481506051e-05	-0.00361112392616	0.0119050129584	-0.00511906807802	2.22382233577e-14	2.3501007925e-05	100.0
2.70433099313e-05	-0.000112729821	-6.53803219246e-05	0.00300676404715	-0.013810228981	-0.00734567106056	2.22382233577e-14	2.3501007925e-05	100.0
-2.83663091102e-05	3.31209647097e-05	0.000119385112866	-0.00350338442543	0.00425584499352	0.0144216663258	2.22375394147e-14	2.3500285145e-05	100.0
-7.02034212934e-06	-1.24607029625e-06	0.000127992486246	-0.000890557182232	-8.81033877637e-05	0.0155691510024	4.44743948865e-14	4.699984751e-05	100.0
1.9133440279e-05	-7.44987924417e-05	3.96402075828e-05	0.00139812347769	-0.00893780671121	0.00308813196847	2.22375394147e-14	2.3500285145e-05	100.0
-4.56437255721e-05	0.000118964453402	-4.12574371421e-05	-0.00505393252074	0.014426278376	-0.00450906859138	2.22375394147e-14	2.3500285145e-05	100.0
-4.26227597022e-05	0.000113814847272	-5.83807669089e-05	-0.00483907226476	0.0139456899292	-0.00658162540208	2.22375394147e-14	2.3500285145e-05	100.0
2.55899643691e-07	1.23036393652e-05	2.87155533665e-06	0.000219224689488	0.0019793868946	-0.00126012419991	2.22375394147e-14	2.3500285145e-05	100.0
-1.23171718446e-05	2.37765411343e-05	6.72805215068e-05	-0.00129611220978	0.00297856079157	0.007224059102	2.22375394147e-14	2.3500285145e-05	100.0
5.06873941789e-06	7.3266411445e-06	0.00011663552107	0.000653187550289	0.00087678125075	0.0140257588918	2.22375394147e-14	2.3500285145e-05	100.0
2.40369146177e-05	-6.2317687989e-05	5.76027522456e-05	0.00247461847354	-0.00785360970696	0.00574759887613	2.22375394147e-14	2.3500285145e-05	100.0
-1.12726034703e-05	5.30714404854e-05	5.11765825969e-05	-0.000898767860551	0.00667755219103	0.00467094440598	2.22371974433e-14	2.3499923755e-05	100.0
2.57034406613e-05	-9.76613812258e-05	2.48136887339e-05	0.0019622101707	-0.0110927661112	0.00194231517006	2.22371974433e-14	2.3499923755e-05	100.0
4.84198695497e-05	-0.000158436886783	4.42113243929e-05	0.00574486730102	-0.0196430652281	0.00534274203107	2.22371974433e-14	2.3499923755e-05	100.0
4.94699797722e-05	-8.39406174583e-05	-0.000120257099749	0.00610890832825	-0.0106001263619	-0.0147104507171	2.22371974433e-14	2.3499923755e-05	100.0
-1.28871655805e-05	2.3517080343e-05	0.000103049600679	-0.00155336058885	0.0030591062666	0.0121411095475	2.22368554718e-14	2.3499562365e-05	100.0
-2.8342868701e-05	0.000100350003745	8.04871157969e-05	-0.00322587039586	0.0123863803384	0.00931574114245	2.22365135003e-14	2.3499200975e-05	100.0
-3.17264537108e-05	0.000123043439414	-1.37556329991e-05	-0.00309357344162	0.0143908268088	-0.00146558755525	2.22365135003e-14	2.3499200975e-05	100.0
-1.19339397563e-05	1.40293404564e-05	-7.80421771939e-05	-0.00140257506245	0.00182471568459	-0.00871153255408	2.22365135003e-14	2.3499200975e-05	100.0
-8.10296485122e-06	-7.8895957481e-06	-9.60538562131e-05	-0.00104765131619	-0.000906318781249	-0.0112081410139	2.22365135003e-14	2.3499200975e-05	100.0
1.54176488229e-06	-1.23858948127e-05	0.000111906029335	0.000187527289665	-0.0015582905779	0.0133948615988	2.22365135003e-14	2.3499200975e-05	100.0
2.33345956401e-06	-1.69096596045e-05	1.49739279912e-05	-7.1201802441e-05	-0.00297538978117	0.0026915764372	2.22365135003e-14	2.3499200975e-05	100.0
-3.77132037147e-06	1.65521945788e-05	-5.03071336429e-06	-0.000109606473532	0.00275711840718	0.00104157564016	2.22365135003e-14	2.3499200975e-05	100.0
5.87650144214e-05	-0.000148013043972	-7.37153881295e-05	0.00714998698937	-0.018522455163	-0.00898369331933	2.22365135003e-14	2.3499200975e-05	100.0
-1.27145895801e-05	3.12622371389e-05	-5.80801289607e-05	-0.0013287223987	0.00410085242213	-0.00584854945187	2.22361765579e-14	2.3498844899e-05	100.0
-4.75194984102e-06	-1.32651436582e-06	-4.65662668987e-05	-0.00053000594238	-0.000166056266374	-0.0043604476813	2.22361765579e-14	2.3498844899e-05	100.0
-8.42694010413e-06	1.06962871332e-05	6.92543455941e-05	-0.000928521961327	0.00136274543365	0.00751728557567	4.44679980085e-14	4.6993087389e-05	100.0
-4.31680423356e-06	1.85932657971e-05	1.22891419096e-06	-0.000303507462118	0.00332278623945	0.000338067250288	2.22361765579e-14	2.3498844899e-05	100.0
0.00011810835341	-0.000225237489567	4.68085763443e-05	0.0149620575186	-0.0287421897514	0.00593368943676	2.22361765579e-14	2.3498844899e-05	100.0
1.86995401072e-05	-7.06404224843e-05	-4.3975849699e-05	0.00153058943618	-0.00865165073964	-0.00364705572148	2.22361765579e-14	2.3498844899e-05	100.0
5.40027123414e-05	-0.000135077856071	-6.9336493758e-05	0.00649397179378	-0.0168128551388	-0.00825650033219	2.22361765579e-14	2.3498844899e-05	100.0
2.13393797322e-05	-3.31904922702e-05	-6.31431317424e-05	0.00240885585989	-0.00438053302078	-0.00662208858689	2.22361765579e-14	2.3498844899e-05	100.0
2.53666908168e-05	-3.35162163408e-05	-8.49989559978e-05	0.00301968897951	-0.00431673019528	-0.00967806489981	2.22361765579e-14	2.3498844899e-05	100.0
-1.04218459568e-07	9.53681865139e-06	7.53828557869e-05	1.70102103966e-05	0.00115555243011	0.00833583520637	2.22358345864e-14	2.3498483509e-05	100.0
-2.93892686154e-06	1.95743253544e-05	6.14323305686e-06	3.97619402201e-05	0.00339481513315	0.00216052731011	2.22358345864e-14	2.3498483509e-05	100.0
-1.945237439e-06	6.18183332311e-05	0.000160636605003	-0.000207792749216	0.00790774548366	0.0199982910965	2.22354976439e-14	2.3498127433e-05	100.0
1.78338337399e-05	-4.23614509695e-05	0.000186632740215	0.00220799226536	-0.00533680013265	0.0235000334569	2.22354976439e-14	2.3498127433e-05	100.0
-6.53258028605e-05	0.000132687330562	0.0001161940573	-0.00810416561538	0.0167650959143	0.0144579468791	2.22354976439e-14	2.3498127433e-05	100.0
2.09533310102e-06	-6.36528628158e-06	4.11142256693e-06	0.000498208732473	-0.00105564642693	0.000537788047964	2.22354976439e-14	2.3498127433e-05	100.0
-3.22634694024e-06	1.40955072023e-05	7.24812577563e-06	-9.53836509279e-05	0.00259488661807	0.00099534883199	2.22354976439e-14	2.3498127433e-05	100.0
-4.44955251445e-05	0.000112040763459	-3.37331620108e-05	-0.00471565292883	0.0134454038261	-0.00353852175233	2.22354976439e-14	2.3498127433e-05	100.0
-4.70058137151e-05	0.000142458955995	-0.000105920228857	-0.0057615192859	0.0179742494309	-0.0130562483658	2.22354976439e-14	2.3498127433e-05	100.0
1.76144920417e-05	-4.09639899514e-05	0.000122877314483	0.00212284558686	-0.00519831327878	0.0148852084352	2.22354976439e-14	2.3498127433e-05	100.0
-2.88202032838e-05	9.53782824664e-05	-4.72550016837e-05	-0.00289793355028	0.0114322159813	-0.00469618197908	2.22354976439e-14	2.3498127433e-05	100.0
3.89932774438e-05	-0.000110815396024	-5.39904544083e-06	0.00374178462382	-0.0128229034634	-0.000522083891159	2.22354976439e-14	2.3498127433e-05	100.0
-3.67439758967e-05	0.000105375074252	0.000161192089708	-0.00461936001489	0.0134306412126	0.020184835134	2.22351607014e-14	2.3497771358e-05	100.0
3.97494001203e-05	-7.74386452079e-05	0.000106984798608	0.00480291788031	-0.00968706987318	0.0128935097258	2.22351607014e-14	2.3497771358e-05	100.0
-5.9125263551e-05	0.000170718667154	-3.37006836729e-05	-0.00714153917825	0.0213160769292	-0.00404244172322	2.22351607014e-14	2.3497771358e-05	100.0
-5.13496019212e-05	0.000131783475619	-9.64402917601e-05	-0.00630349116505	0.0166014327728	-0.0117326858167	2.22351607014e-14	2.3497771358e-05	100.0
-3.37686818794e-06	2.27223107889e-05	1.71364363129e-06	9.22446622563e-05	0.0039509672527	0.00180252312009	2.22351607014e-14	2.3497771358e-05	100.0
4.10613517957e-05	-0.000108932663057	0.000279293668937	0.00524905440381	-0.0140420228913	0.0357798735157	2.22351607014e-14	2.3497771358e-05	100.0
6.584425879e-05	-0.000154352072546	-5.3297263719e-05	0.00797388059086	-0.0192640707985	-0.00645984636159	2.22351607014e-14	2.3497771358e-05	100.0
-1.87831587011e-05	5.81778075555e-05	0.000130456925655	-0.00230456579233	0.00744217576086	0.0159233257666	2.2234823759e-14	2.3497415282e-05	100.0
1.22268798248e-05	-3.54709894497e-05	0.000141874856866	0.00148603824311	-0.00442189102262	0.0174782116485	2.2234823759e-14	2.3497415282e-05	100.0
-1.7074713911e-05	2.15294058326e-05	7.58507954886e-05	-0.00188535446716	0.00262942664697	0.00844486318667	2.2234823759e-14	2.3497415282e-05	100.0
1.58476648324e-05	-3.90061899564e-05	3.40367833845e-05	0.00130589273609	-0.00541780689745	0.00239813615014	2.2234823759e-14	2.3497415282e-05	100.0
-7.0715133033e-05	0.000162353212398	0.000146762696202	-0.00893938002152	0.020732100134	0.0184895551906	2.2234149874e-14	2.3496703131e-05	100.0
2.87680107528e-05	-9.66686059857e-05	8.56729148619e-05	0.00332206126089	-0.0119838827402	0.0100086856313	2.2234149874e-14	2.3496703131e-05	100.0
5.13968294958e-05	-0.000126422600773	-5.69216721926e-05	0.00602079859354	-0.0155270930079	-0.00669695148465	2.2234149874e-14	2.3496703131e-05	100.0
-4.87010798537e-05	0.000135285488298	-1.85878661219e-05	-0.00548004790366	0.0163708866251	-0.0021017773611	2.2234149874e-14	2.3496703131e-05	100.0
-3.04041560058e-06	1.79440312315e-05	1.1658732769e-05	-7.01411890509e-05	0.00318195776536	0.00198968967905	2.2234149874e-14	2.3496703131e-05	100.0
1.60907509902e-06	-2.12616393223e-05	6.1092615355e-06	4.04592615607e-05	-0.00363359612423	-0.000943723634328	2.2234149874e-14	2.3496703131e-05	100.0
1.04448466498e-05	-5.53297290327e-05	6.14683201363e-05	0.000997962676961	-0.00701908602608	0.00618229170314	2.2234149874e-14	2.3496703131e-05	100.0
-3.32747345026e-06	1.77041100412e-05	-9.2267327579e-05	-0.000359360615816	0.00219048100877	-0.0106640264231	2.2234149874e-14	2.3496703131e-05	100.0
6.60157065023e-05	-0.000162709502355	-5.76344256844e-05	0.00806613154208	-0.0203636346472	-0.00706617124497	2.2234149874e-14	2.3496703131e-05	100.0
2.15717622096e-05	-3.09372269347e-05	-6.85994349383e-05	0.00244381744179	-0.00399980852697	-0.00737468001133	2.2234149874e-14	2.3496703131e-05	100.0
-1.19703201477e-05	3.69951706224e-05	0.000103404965884	-0.00137790708696	0.00465908128002	0.0122228246828	2.22334810181e-14	2.3495996295e-05	100.0
-3.35351323319e-05	9.7168526263e-05	-3.77075799816e-05	-0.00326089541116	0.0115110806485	-0.00361347122136	2.22334810181e-14	2.3495996295e-05	100.0
5.09570831666e-07	-2.91730483541e-06	1.61687418523e-05	0.000329702169611	-0.000427204392358	0.00295652017072	2.22334810181e-14	2.3495996295e-05	100.0
-2.97172121836e-06	2.83496292471e-05	1.52271267842e-05	7.57228846875e-05	0.00511277176318	0.00234736538525	2.22334810181e-14	2.3495996295e-05	100.0
5.71968625921e-05	-0.000142157824236	6.81812820949e-05	0.00691554373318	-0.0177644930876	0.00814030601769	2.22334810181e-14	2.3495996295e-05	100.0
8.58165316921e-05	-0.000164597494669	0.000132250106431	0.0108404019901	-0.020999035395	0.0166403728386	2.22334810181e-14	2.3495996295e-05	100.0
-2.67503409993e-05	4.52025846107e-05	-0.000123493679894	-0.0032541885744	0.00562497175621	-0.0150361686054	2.22334810181e-14	2.3495996295e-05	100.0
-3.64163139061e-05	4.81969779821e-05	-0.000174878042766	-0.00457201516446	0.00608172169952	-0.0219784153168	2.22334810181e-14	2.3495996295e-05	100.0
5.663820169e-05	-0.000139772703596	-1.98764413323e-05	0.00654446606649	-0.0170752423118	-0.00234309215657	2.22334810181e-14	2.3495996295e-05	100.0
-5.30302716107e-05	0.000112330348576	0.000131896682003	-0.00661197572698	0.0142788934031	0.0163379131268	2.22331491046e-14	2.3495645534e-05	100.0
5.51189820251e-05	-0.000103519465862	0.000157173201704	0.00690382691856	-0.0131179985738	0.0197468385165	2.22331491046e-14	2.3495645534e-05	100.0
9.79077553341e-05	-0.000187233674537	6.84864008362e-05	0.0122995617923	-0.0237411947957	0.0085914211307	2.22331491046e-14	2.3495645534e-05	100.0
3.25591201252e-07	2.32808549875e-05	4.26631353978e-06	0.00035885791477	0.00418525276595	0.000383952134135	2.22331491046e-14	2.3495645534e-05	100.0
-1.83828929612e-05	-8.63140203038e-05	1.74848476764e-05	-0.00591898987019	-0.0160470244004	0.004905623752	2.22331491046e-14	2.3495645534e-05	100.0
-1.55939436597e-05	7.45609699377e-06	-0.000160979497177	-0.00198066006453	0.000976396187327	-0.0200390734377	2.22331491046e-14	2.3495645534e-05	100.0
-3.09735574358e-06	2.94673144803e-05	1.31524082461e-05	0.000389437571056	0.0051961932622	0.00271106517164	2.22331491046e-14	2.3495645534e-05	100.0
-5.19436321302e-05	0.000111079305629	-0.000158945051596	-0.00653142552571	0.0141615227693	-0.0199307082815	2.22331491046e-14	2.3495645534e-05	100.0
1.48106884398e-07	2.71181786433e-05	-9.33716439789e-06	0.000570018436044	0.00492595909663	-0.00143747311431	2.22331491046e-14	2.3495645534e-05	100.0
4.73411334791e-06	-6.92447078994e-06	9.00543052783e-05	0.000563787689082	-0.000904950375475	0.0103658420734	2.22331491046e-14	2.3495645534e-05	100.0
-0.000110145694667	0.000176291089784	3.284200581e-05	-0.0138043278754	0.0222703314805	0.00409249737917	2.22331491046e-14	2.3495645534e-05	100.0
-3.69498677764e-05	5.98126897424e-05	0.000136191114276	-0.00454911679513	0.00754009127964	0.0167970762039	2.22331491046e-14	2.3495645534e-05	100.0
6.08136200043e-07	1.39642387129e-05	-3.03393147988e-05	0.000189333301944	0.00198075255991	-0.00207637433228	2.22331491046e-14	2.3495645534e-05	100.0
-8.27454448922e-07	3.17654409081e-06	-3.43513349559e-05	-4.65542787306e-05	0.000423375305366	-0.00271467496992	2.22331491046e-14	2.3495645534e-05	100.0
3.77234800676e-05	-0.000136584151883	-0.000157266954141	0.00469695182475	-0.017386381933	-0.0198101772608	2.22331491046e-14	2.3495645534e-05	100.0
6.36188120998e-05	-0.000155874861105	-9.12045608681e-05	0.0078389137854	-0.0196412176562	-0.0112771874734	2.22331491046e-14	2.3495645534e-05	100.0
0.000119556867316	-0.000221991112952	-2.83292590013e-05	0.0151432082783	-0.0282990896962	-0.00361525810947	2.22328171911e-14	2.3495294773e-05	100.0
3.32811182339e-05	-5.91805340007e-05	-8.97411933952e-05	0.00393206585865	-0.00738764215151	-0.0104221913268	2.22328171911e-14	2.3495294773e-05	100.0
-7.36546064088e-06	-1.32320361115e-05	4.90912680992e-07	-0.0011566573389	-0.0024351608409	0.000347297728265	2.22328171911e-14	2.3495294773e-05	100.0
-0.000138023827267	0.000232821556497	0.000110320450296	-0.0176017888533	0.0298356817424	0.0140907728361	2.22321533641e-14	2.3494593251e-05	100.0
5.84474900558e-05	-0.00014421313129	-8.44811087408e-05	0.00716127803091	-0.0180579276288	-0.0103531299887	2.22321533641e-14	2.3494593251e-05	100.0
-8.01743651155e-06	-3.83495477372e-06	-6.64171974829e-05	-0.000958888979772	-0.000442431847764	-0.00710115183847	2.22321533641e-14	2.3494593251e-05	100.0
1.49027712525e-08	8.4750187183e-06	-9.58210752327e-06	-8.44131209737e-05	0.00156090462199	-0.00109090747005	2.22321533641e-14	2.3494593251e-05	100.0
3.01672215459e-05	-6.4034327385e-05	-0.000129361928599	0.00372258476808	-0.00810801007704	-0.0158323790209	2.22321533641e-14	2.3494593251e-05	100.0
5.07617448141e-05	-0.000124266841306	5.02736465092e-05	0.00588528028758	-0.0152497824474	0.00571241261327	2.22318214507e-14	2.349424249e-05	100.0
3.83947956293e-05	-0.0001228966081	8.0443082737e-06	0.00392366852482	-0.0144578733083	0.000859369781287	2.22318214507e-14	2.349424249e-05	100.0
-4.13146864951e-05	9.47260393259e-05	0.00014153320725	-0.00515196888206	0.0120712252859	0.0175288428466	2.22314895372e-14	2.3493891729e-05	100.0
8.46368014916e-05	-0.000126149600945	0.000192185261057	0.0107836546338	-0.0161202290338	0.0244202592047	2.22314895372e-14	2.3493891729e-05	100.0
-7.64059290852e-05	0.000147895750257	0.000220014335131	-0.00976650531955	0.0189956121751	0.0280764072866	2.22314895372e-14	2.3493891729e-05	100.0
-0.000125111515889	0.000262951281452	-1.71170830161e-05	-0.0159232301938	0.0336793442972	-0.00212021023007	2.22314895372e-14	2.3493891729e-05	100.0
-3.40231481684e-05	0.000128733044407	-0.00011567118578	-0.00416728393636	0.016264362392	-0.0141928712814	2.22314895372e-14	2.3493891729e-05	100.0
-4.58153377821e-06	1.72418402958e-05	5.29256145883e-05	-0.000403229553978	0.0021916077651	0.00519589053136	2.22314895372e-14	2.3493891729e-05	100.0
6.04388444828e-06	-5.87903348473e-06	5.78534442382e-05	0.000688888430517	-0.000885338326415	0.00591216067408	2.22314895372e-14	2.3493891729e-05	100.0
-3.38842660018e-06	-2.31488637198e-05	0.00018730696082	-0.000447811327652	-0.00298122109777	0.0235495348751	2.22314895372e-14	2.3493891729e-05	100.0
-7.17042682212e-05	0.000152759923835	1.69210514224e-05	-0.00863298726011	0.018937733318	0.00203735535239	2.22314895372e-14	2.3493891729e-05	100.0
3.90029847296e-05	-0.000100084934879	2.27884529636e-05	0.00370331455683	-0.0117828798191	0.00188469334533	2.22314895372e-14	2.3493891729e-05	100.0
2.77980730183e-05	-7.96527263941e-05	0.000119204124601	0.00335102251246	-0.0100031577343	0.0145030181106	2.22314895372e-14	2.3493891729e-05	100.0
-2.45057650303e-06	4.35367476925e-05	-4.19170531964e-05	1.45002799649e-05	0.00573721033781	-0.00323521844453	2.22314895372e-14	2.3493891729e-05	100.0
-3.45209940398e-05	6.5789879387e-05	-0.000231941499566	-0.00437981786011	0.00841110903192	-0.0295549293142	2.22314895372e-14	2.3493891729e-05	100.0
9.14175613597e-05	-0.000195550086282	-2.99709226109e-05	0.0114114215326	-0.0247369246169	-0.00374107514537	2.22314895372e-14	2.3493891729e-05	100.0
4.05402126736e-05	-6.72804048273e-05	-9.37796646393e-05	0.00484790343489	-0.00846186574353	-0.0110100513594	2.22314895372e-14	2.3493891729e-05	100.0
6.34820385996e-05	-0.000130855953473	-5.31268859731e-05	0.00753877249374	-0.0162040333043	-0.0062373819171	2.22314895372e-14	2.3493891729e-05	100.0
-3.30711285759e-05	6.28573174511e-05	9.38096153062e-05	-0.00393542843337	0.00796299124086	0.0109454039337	2.22308307392e-14	2.3493195521e-05	100.0
-5.796473573e-05	0.000148204716633	0.000125353073625	-0.007190706297	0.0187630697221	0.0156892033277	2.22308307392e-14	2.3493195521e-05	100.0
2.38825453329e-06	2.0374280739e-05	3.9646929486e-05	0.00041701076921	0.00280473478293	0.00333025427123	2.22308307392e-14	2.3493195521e-05	100.0
-5.59261613728e-05	0.000145909190297	-3.52551537988e-06	-0.00646026303807	0.0178588113593	-0.000462306837878	2.22308307392e-14	2.3493195521e-05	100.0
-4.01401371557e-05	0.000113356339102	-2.2282075204e-05	-0.0040828808211	0.01334738029	-0.00226674452131	2.22308307392e-14	2.3493195521e-05	100.0
1.86184007865e-05	-6.08590897691e-05	-7.19237131027e-05	0.00204579797659	-0.00763137686762	-0.00779447842835	2.22308307392e-14	2.3493195521e-05	100.0
-2.39830224094e-05	8.79399727178e-05	-4.28280533508e-05	-0.00217366477189	0.0105632729963	-0.00377988674483	2.22308307392e-14	2.3493195521e-05	100.0
1.04265160052e-05	-1.81492539385e-05	0.000110750219147	0.0012645803197	-0.00235824686297	0.013206452786	2.22308307392e-14	2.3493195521e-05	100.0
7.19125594479e-06	-5.67922461914e-06	-1.11865698901e-05	0.000903375204419	-0.000900336381373	-0.00155410496288	2.22308307392e-14	2.3493195521e-05	100.0
4.47454145883e-05	-0.000105877938943	2.99910659785e-05	0.00467281144487	-0.0126327780377	0.00294518300701	2.22308307392e-14	2.3493195521e-05	100.0
5.18012163217e-05	-0.000131673590759	7.82302478922e-05	0.00624981572212	-0.0164458946272	0.00937551527394	2.22308307392e-14	2.3493195521e-05	100.0
0.000123599769993	-0.000244165440692	-6.25752001623e-06	0.0156854175885	-0.0312048627791	-0.00079594408398	2.22308307392e-14	2.3493195521e-05	100.0
-8.36855934274e-05	0.000122399519327	0.00018485900565	-0.0106414810034	0.0156685552569	0.0234142299261	2.22301769702e-14	2.3492504628e-05	100.0
6.96394430633e-05	-0.000152128554815	6.90929009927e-05	0.00856709109006	-0.0190789090593	0.00840794967103	2.22301769702e-14	2.3492504628e-05	100.0
-4.60898961171e-06	-2.62463167392e-06	-7.11441398544e-05	-0.000606502676306	-0.000199220543159	-0.00775092890555	2.22301769702e-14	2.3492504628e-05	100.0
-3.73201379958e-05	0.000103719063262	-6.12156277275e-06	-0.00329093069996	0.0118862429462	-0.000422069097649	2.22301769702e-14	2.3492504628e-05	100.0
-1.84943492474e-05	7.74625459425e-05	-0.000302741870289	-0.00233712986317	0.00996923468095	-0.0388351713857	2.22301769702e-14	2.3492504628e-05	100.0
-4.47502400186e-06	4.70924240942e-06	-0.000101193993392	-0.000580843892056	0.000699533590948	-0.0118894746336	2.22301769702e-14	2.3492504628e-05	100.0
2.5728894904e-06	9.99110862813e-06	3.5495083806e-06	0.000300916556846	0.00157143249629	-0.00116622699432	2.22301769702e-14	2.3492504628e-05	100.0
-7.35365539932e-05	0.000113139149727	9.09444008951e-05	-0.00903178929447	0.014138899095	0.0111108770383	2.22301769702e-14	2.3492504628e-05	100.0
-7.3025223587e-05	0.00015367312065	7.8245356035e-05	-0.00901512279835	0.0193266640463	0.00964905860332	2.22301769702e-14	2.3492504628e-05	100.0
1.28598426943e-05	-1.54443166329e-05	0.000149316186851	0.00159886775617	-0.00195300555456	0.0184618665842	2.22301769702e-14	2.3492504628e-05	100.0
-0.000123470208918	0.000186953875534	8.13079836303e-05	-0.0156235922798	0.0237885597698	0.0102965749643	2.22301769702e-14	2.3492504628e-05	100.0
-6.40038958696e-05	0.000140094703099	-6.9630058157e-05	-0.00778208543967	0.0174425036479	-0.00846956216874	2.22301769702e-14	2.3492504628e-05	100.0
-5.10488429017e-05	0.000122421288467	-7.26582258299e-05	-0.00608424560901	0.0151501566363	-0.0086253737467	2.22301769702e-14	2.3492504628e-05	100.0
-6.91018193951e-05	0.000157446290511	-0.000127329137219	-0.00867388992282	0.0199910023543	-0.0159983562707	2.22301769702e-14	2.3492504628e-05	100.0
1.33084160957e-06	1.3235134312e-05	-2.81654130228e-05	0.000222328836564	0.00188126466251	-0.00186888546474	2.22301769702e-14	2.3492504628e-05	100.0
-2.3541921468e-05	2.8959124725e-06	-0.000182927285381	-0.00298849535171	0.000342895006415	-0.0229910711377	2.22301769702e-14	2.3492504628e-05	100.0
1.83297089923e-05	-5.88097679595e-05	-0.000257780922573	0.00234318795841	-0.00757793096845	-0.0329223175973	2.22301769702e-14	2.3492504628e-05	100.0
0.000105021479467	-0.000230371708272	-9.2774784628e-05	0.0133248442926	-0.0294671976407	-0.011754012688	2.22301769702e-14	2.3492504628e-05	100.0
2.49819911955e-05	-6.57763519645e-05	-0.000189545066733	0.00314608434461	-0.0084200323434	-0.0238941843973	2.22301769702e-14	2.3492504628e-05	100.0
-2.36634832671e-05	2.21829104764e-05	0.000122584774129	-0.00295269997287	0.00292139562653	0.0148335043642	2.22295232013e-14	2.3491813736e-05	100.0
-0.00012975561592	0.000221947947418	0.000186436862092	-0.016602308133	0.0285189927279	0.0238862844031	2.22295232013e-14	2.3491813736e-05	100.0
7.86217572347e-05	-0.000151697403745	-3.25808832766e-05	0.00957512562245	-0.0188737217965	-0.00393399602412	2.22295232013e-14	2.3491813736e-05	100.0
-0.000115362899841	0.000233117647496	5.96742575287e-05	-0.0146129968831	0.0297697582046	0.00761031869525	2.22295232013e-14	2.3491813736e-05	100.0
6.83687455118e-05	-0.000138871832886	-0.000135616955222	0.0085897610289	-0.0176119343965	-0.0170102085823	2.22295232013e-14	2.3491813736e-05	100.0
-1.67575390811e-05	6.40736747652e-05	-5.08635940458e-05	-0.0015108144029	0.00797885433748	-0.00464019321276	2.22295232013e-14	2.3491813736e-05	100.0
