# x[AU] y[AU] z[AU] vx[AU/yr/2pi] vy[AU/yr/2pi] vz[AU/yr/2pi] m[MSUN] m[mtot] wf[%]
2.59963441575e-05	0.000245865788654	-4.67667389909e-08	0.00432179954183	0.0308975050588	-1.70617051261e-05	4.95432222975e-08	0.669284733318	8.95555553684
-5.60976896014e-05	-0.000528564667365	-5.32154648964e-08	-0.00915840719923	-0.066413486828	-3.80804952809e-06	2.19052083909e-08	0.295919822661	8.90799402667
-3.25541312365e-05	-0.000314340665521	9.27407465155e-06	-0.00528888950327	-0.0431066559199	0.000598552731658	4.32310948116e-10	0.00584013522346	6.03993543785
-5.75897033265e-05	-1.2900114141e-05	3.25342489473e-06	-0.00684180059996	0.00396985387214	0.000449620677207	2.7268514134e-10	0.00368373298386	8.50571847019
-4.48164324976e-05	-0.000205158240304	-2.04275771395e-05	-0.00622239040367	-0.0261962770328	-0.00269125018044	4.6061402435e-10	0.00622248453282	8.80050224282
-5.58036416594e-05	-5.53696256876e-05	-5.49197325592e-06	-0.00685615864675	-0.00204391897045	-6.47280186162e-05	8.86515049259e-11	0.00119760274125	11.490642393
-5.34055660599e-05	-8.91309951119e-05	-2.11262282594e-06	-0.00682074450196	-0.00732505012993	1.09242246152e-05	9.03808370255e-11	0.00122096447507	12.8194783314
-4.04411214103e-05	-0.000249262237394	-1.49318832731e-05	-0.00635671736404	-0.0314039878287	-0.00300560761097	1.31786710385e-11	0.0001780320884	0.0
-5.15183322262e-05	-0.000120509355228	-4.65061554967e-06	-0.00669750728815	-0.012619680936	-0.000910308073919	1.72536995781e-11	0.000233082088433	0.0
8.36982047566e-06	-0.000345804057397	-3.47479231193e-05	-0.00195746578717	-0.0470099263793	0.00181212193475	1.28958344858e-11	0.0001742112189	0.0
-4.91723683872e-05	4.2468523561e-05	-6.56192328565e-05	-0.00527546669044	0.0121038096845	-0.000651475081126	1.28524388097e-11	0.00017362498203	0.0
-5.33662838942e-05	-0.000142339970877	-6.81600139918e-06	-0.00687238874211	-0.0167386758416	-0.00106555596873	1.30228859374e-11	0.000175927570669	33.4534939461
1.45408524976e-05	-9.76609673162e-05	6.24135135508e-05	-0.000379048359604	-0.00974613845527	0.00261675697595	1.00204433559e-11	0.00013536725001	14.503001729
-1.15728503033e-06	-0.000305230756677	2.86081852681e-05	-0.0029435944958	-0.0405632208514	-0.00362756882155	8.65665411095e-12	0.00011694367402	0.0
-6.08360738648e-05	-9.82526742626e-05	4.20734009784e-05	-0.00986360873962	-0.00946911271726	0.00845091763662	1.29209703943e-11	0.000174550782605	0.0
1.41298236279e-05	-0.000182558851588	-0.000130173894079	0.000171865232643	-0.0223681165777	-0.0110822312437	8.50472976711e-12	0.00011489131167	0.0
2.02488875572e-05	-0.000307764112186	-0.000116387504666	0.000557719449894	-0.0400875663728	-0.00886076387377	1.27614899898e-11	0.000172396344616	0.0
1.6031352957e-05	-0.000373779401073	-3.49168684063e-05	-0.00218006016346	-0.0511464395518	0.00188871987389	5.78889900275e-12	7.8202860969e-05	24.987368661
4.26020788269e-05	-0.000394850628599	-0.000116257367646	0.00200875485732	-0.0518341569849	-0.0078170532704	5.71648151594e-12	7.7224565329e-05	25.382289093
-4.74776612601e-05	-0.000260982068087	-1.44048716001e-05	-0.00807435599308	-0.0336017315322	-0.000355343826142	8.82689655866e-12	0.000119243497604	0.0
-4.03584492891e-05	-0.000107856599278	3.06339079143e-05	-0.00539613359675	-0.0100266361294	0.00529880671858	4.41275704436e-12	5.9612410834e-05	0.0
-4.09702315302e-05	-0.000132294029456	-1.64545188871e-06	-0.00382009577553	-0.0147073710383	0.0013657119025	4.40037365412e-12	5.944512228e-05	0.0
-5.09630093592e-05	-0.000150091397885	4.45140905792e-05	-0.00783734018301	-0.0177864591691	0.00743628122753	4.39622875879e-12	5.9389128442e-05	0.0
-4.79554893324e-05	2.69062547272e-05	8.80172735172e-06	-0.00499872282394	0.00992785710339	0.00171068549088	4.37117381706e-12	5.9050658532e-05	0.0
-5.39109118042e-05	-1.92061085392e-05	5.34074860606e-05	-0.00755509284213	0.00397191452414	0.00751184961829	4.36274975232e-12	5.8936856933e-05	0.0
-4.58102925231e-05	-4.40892622819e-05	-4.43664217916e-05	-0.00296579642054	-0.000290508041873	-0.00785523150167	4.35570111694e-12	5.8841636157e-05	0.0
-8.63591762607e-05	-6.22851617072e-05	1.83037829548e-05	-0.00903648893893	-0.00356317911701	-0.00253682954395	4.35287482336e-12	5.8803455452e-05	0.0
-5.28589257895e-05	-0.000147694574312	6.14667868779e-05	-0.00840487342137	-0.017050051579	0.0100372280017	4.34578947633e-12	5.8707738735e-05	0.0
-5.26539075358e-05	-0.000198184711252	6.20566824126e-05	-0.00866677801956	-0.0248348048918	0.0100872475942	8.61789063954e-12	0.0001164200141	0.0
-2.91297518976e-05	-0.000207259534356	2.87652021921e-05	-0.00668602514529	-0.0259998818849	0.00726747541834	4.3415258968e-12	5.8650141579e-05	0.0
-3.07303888049e-05	-0.000348390686305	5.57720069982e-05	-0.00661025175595	-0.0481901011514	0.0076706235731	4.33961286819e-12	5.8624298269e-05	0.0
-8.46236276677e-05	-0.000268806722735	0.000104381694933	-0.0102441021484	-0.0346478335167	0.00810904961204	4.33439780334e-12	5.8553847396e-05	0.0
-4.77098438434e-05	-9.94168251153e-05	2.95740241977e-05	-0.00752913380772	-0.00881819419996	0.00815452839888	4.32867631898e-12	5.8476555247e-05	0.0
3.78859923907e-05	-0.000165223537356	-2.55973186108e-05	0.00100274713571	-0.0200442303971	-0.00650612111421	4.3241814058e-12	5.841583298e-05	0.0
-8.99923204856e-05	-0.000133683120291	-0.000261700839336	-0.0116238518599	-0.0156484231163	-0.0287798107999	4.32293673025e-12	5.8399018524e-05	0.0
-3.53831532189e-05	-0.000227980966256	5.7883434865e-05	-0.00491580892372	-0.0288936104827	0.00204674658973	4.32006064965e-12	5.8360165241e-05	0.0
-4.48348700514e-05	2.36266453551e-05	1.30931046808e-06	-0.00365655692753	0.00948106384223	0.000882409285808	4.31995051472e-12	5.8358677416e-05	0.0
-4.32890054511e-05	-0.000153360538901	-0.000196084241117	-0.00610276630706	-0.0180671531874	-0.0199119607702	4.3186208492e-12	5.8340714821e-05	0.0
-0.000130726403628	-4.0957447782e-05	-0.000117413862008	-0.0151455178398	-0.00184648484948	-0.00962216190102	4.3186208492e-12	5.8340714821e-05	0.0
-1.85973935965e-05	-0.000350848477598	3.8231410876e-05	-0.00674981491359	-0.0485696125648	0.00878672306025	4.31712472403e-12	5.8320503505e-05	0.0
2.41068538504e-06	-0.000324678343346	3.60615672607e-05	-0.000731309335675	-0.0432940089923	-0.00193428538334	4.31429491016e-12	5.8282275244e-05	0.0
-8.56756672005e-06	-0.000343859498683	2.12421518497e-05	-0.00456777889179	-0.0465517127955	-0.00303175456847	4.30577881487e-12	5.8167230394e-05	0.0
-8.34407632715e-06	-0.000267744026861	9.51867322668e-06	-0.00314684708949	-0.0356065683681	-0.00394244074619	4.30270760937e-12	5.8125741148e-05	0.0
-3.57732157481e-05	-0.00035143314213	7.37063152597e-06	-0.00598072981526	-0.0483736606693	0.00101289344876	4.29722399634e-12	5.8051662428e-05	0.0
-1.80057167959e-05	-7.02007675501e-05	-2.47340091452e-05	-0.00424696192528	-0.00536681639911	0.00249440347524	4.29722399634e-12	5.8051662428e-05	0.0
-7.18367588704e-06	-6.77311492576e-05	0.000104566257606	-0.00208588275863	-0.00541352311399	0.0074054585306	4.29396923263e-12	5.8007693474e-05	0.0
-1.2579010889e-05	-5.80845782847e-06	5.34877914442e-05	-0.00291084921015	0.0046792640402	0.000314570951951	4.29293124865e-12	5.7993671236e-05	0.0
-4.04660346238e-05	-0.000168501862186	0.000425132923433	-0.00581648793818	-0.0209927891093	0.0504805253558	4.29104738819e-12	5.7968221962e-05	0.0
2.65125179606e-06	-0.000295093623067	2.6467561318e-05	-0.00127337732454	-0.0407609446712	-0.00134022153336	4.29104738819e-12	5.7968221962e-05	0.0
8.07088583848e-05	-0.000208925444117	0.000235461388516	0.00830139653399	-0.026209788209	0.0253158613437	4.29006422023e-12	5.795494024e-05	0.0
-4.86869044895e-05	-0.000274722058775	-6.92481333961e-07	-0.00802544848655	-0.037458590224	0.000489360623637	4.28862844297e-12	5.7935544171e-05	0.0
-6.08942150685e-05	2.10817227447e-05	-1.41251203725e-06	-0.00629145072882	0.00827853679171	-0.000563201853706	4.28862844297e-12	5.7935544171e-05	0.0
-5.57481350917e-06	-0.000214539292026	1.41447584873e-05	0.000562632672948	-0.026555422303	0.00122448009962	5.75062233778e-12	7.7685777373e-05	25.457545033
-2.35884940614e-05	-0.000303415906661	3.06967499063e-05	-0.00758657543862	-0.0418725969333	0.00799848117291	4.28287628176e-12	5.7857837604e-05	0.0
-8.90751396103e-05	5.4476417541e-05	0.000191703023952	-0.0102823141847	0.00986579087906	0.0168604451924	4.27931072634e-12	5.7809670132e-05	0.0
-1.56974149352e-05	-0.000107497264886	-0.000121983568373	-0.00310420564567	-0.011649760637	-0.00970486059211	4.27854983983e-12	5.7799391234e-05	0.0
-6.14229613142e-05	5.21603271229e-05	7.6160378137e-05	-0.00887965963028	0.014794931903	0.0110920443749	4.27710501038e-12	5.7779872877e-05	0.0
6.5702155139e-06	-0.000221842270165	0.000117379825507	-0.000817222436079	-0.0281915516834	0.00950480261519	4.27565967804e-12	5.7760347726e-05	0.0
-6.66302254207e-05	-0.000265567847651	4.79566539619e-05	-0.00775714299414	-0.0343317250509	0.000947386199085	4.27193671516e-12	5.7710053819e-05	0.0
-3.59675183425e-06	-0.000116043231189	0.000240603286922	-0.00137818441987	-0.0132450863862	0.0254205978413	4.2674971209e-12	5.7650078862e-05	0.0
5.36061266586e-05	-0.000193199855645	0.000453468859941	0.00583487012221	-0.0240282815067	0.0545136717904	4.26453152424e-12	5.7610016296e-05	0.0
4.43435185151e-05	-0.000217913260018	0.000221897776363	0.00429903694237	-0.0271349779656	0.0234143963694	4.26453152424e-12	5.7610016296e-05	0.0
-6.30455266647e-05	-1.48576888742e-05	0.000355583601157	-0.00851680018663	-0.000855737641364	0.0402978832713	4.26259687096e-12	5.7583880857e-05	0.0
6.07801918935e-05	-0.000207247658439	0.000223726684213	0.00596377858107	-0.0256661131785	0.0237086996425	4.26156089858e-12	5.7569885794e-05	0.0
-5.11972633512e-05	2.54889861484e-05	-5.10860608172e-05	-0.00589385298276	0.0098268578069	0.000305204655351	4.2582211449e-12	5.7524768701e-05	0.0
-4.40309369179e-05	-0.000155004004433	-1.79277699957e-05	-0.00584680358814	-0.0197134871458	-0.00369278990927	5.72351707594e-12	7.7319609468e-05	25.6268450639
-6.03728477547e-06	-1.29300313303e-05	7.50375902242e-05	-0.00221080385201	0.0030289483717	0.00280487329276	4.25383485796e-12	5.7465513878e-05	0.0
-2.93741023194e-07	-0.000205037487803	-3.24898587524e-05	-0.00279787047581	-0.0259655658418	0.0012890207894	4.24796954442e-12	5.7386278725e-05	0.0
-2.09805401415e-05	-0.000253243398029	3.42396169781e-05	-0.00337559364266	-0.0327078047471	-0.00122411079397	1.47243207089e-12	1.9891243649e-05	100.0
-5.3050981731e-05	-0.000738868608643	0.000124671894926	-0.00767603304349	-0.0893471993911	0.0131781255082	1.47243207089e-12	1.9891243649e-05	100.0
-0.000229493126937	-0.00034413013194	-0.000217334157999	-0.0283405122018	-0.0432695897762	-0.0237258115754	1.47243207089e-12	1.9891243649e-05	100.0
-1.45730026062e-05	-0.000351091909786	-0.000237477446088	-0.00285395320699	-0.044213683012	-0.0251726703389	1.47243207089e-12	1.9891243649e-05	100.0
-7.63846700593e-05	6.01986841428e-05	-0.000278755788233	-0.00950644467018	0.00953308943688	-0.0289388987698	1.47243207089e-12	1.9891243649e-05	100.0
-5.17739186524e-05	-0.000836865750189	-0.000181853883312	-0.00769208283906	-0.103983103411	-0.0212593814938	1.47147706528e-12	1.9878342376e-05	100.0
2.70255809316e-05	-0.000510044218163	-0.00035479444677	0.00213343096283	-0.0642563775102	-0.0411497214456	1.47147706528e-12	1.9878342376e-05	100.0
4.8920639708e-05	-0.000329230115011	-0.000703224713946	0.00534992485631	-0.0417813600762	-0.0875499644298	1.47052608287e-12	1.9865495452e-05	100.0
-8.47115966137e-05	8.44519437736e-05	0.000184837197339	-0.00930222490323	0.013341510779	0.0150654587795	1.47005184891e-12	1.9859088974e-05	100.0
-0.000115933548144	2.5760513227e-05	-3.07377813313e-05	-0.0130544901601	0.00978127908608	-0.00405944514894	1.46957862075e-12	1.9852696084e-05	100.0
-5.51592974331e-05	-0.000416730139435	-0.000234442212338	-0.00750221392665	-0.0531771252646	-0.0241974658236	1.46957862075e-12	1.9852696084e-05	100.0
-0.000119065388048	-0.000286301537559	-7.57692361326e-05	-0.0133449388831	-0.0365055145836	-0.005101428701	1.46957862075e-12	1.9852696084e-05	100.0
0.000222978014713	-1.39920091363e-05	-0.00061704226968	0.0273937354251	-0.0017631835794	-0.0759239518951	1.46863417602e-12	1.9839937478e-05	100.0
2.06315784901e-05	-7.9916171748e-05	-0.000355515974359	0.00157546277834	-0.00905907246933	-0.0404120169682	1.46863417602e-12	1.9839937478e-05	100.0
-8.65281916342e-07	-0.000581935679015	0.000396004488398	-0.00125467194114	-0.0731572308422	0.0471944183227	1.46769375449e-12	1.9827233222e-05	100.0
-3.92429599481e-05	-0.000164514842055	-4.97637331064e-05	-0.0066033307418	-0.0203523804154	-0.00666269374205	1.46769375449e-12	1.9827233222e-05	100.0
-0.00019854834635	-4.566519676e-05	0.000127815051247	-0.0235316622556	-0.00311631656524	0.0114198550941	1.46675685326e-12	1.9814576522e-05	100.0
-0.000170742613364	-0.000259127219991	0.000394768750796	-0.02213072276	-0.0325448543617	0.0468008939442	1.46675685326e-12	1.9814576522e-05	100.0
-3.44407013321e-05	-0.000476360114717	0.000457327415463	-0.00535898499175	-0.059953967949	0.0551913942481	1.46675685326e-12	1.9814576522e-05	100.0
-8.10144146858e-05	-0.000135113465983	0.000515290746949	-0.0109086702657	-0.0167967497719	0.0622779527053	1.46582347232e-12	1.9801967379e-05	100.0
-0.000114248901739	-0.000304799679472	7.78344954745e-05	-0.0131027005784	-0.0394567298057	0.00507607060832	1.46582347232e-12	1.9801967379e-05	100.0
-5.80267637573e-05	-0.000419105558065	0.000147571226948	-0.00750123010063	-0.0543108296436	0.0111512970886	1.46582347232e-12	1.9801967379e-05	100.0
-3.73744598066e-05	-0.000263851002995	-5.82582205349e-06	-0.00564556561427	-0.0352730872848	-0.00118105082937	2.90710546299e-12	3.9272401235e-05	100.0
-7.74910743432e-05	-0.000272388134746	8.76493380664e-05	-0.0093153275399	-0.0348424403951	0.00580363128327	1.46535829054e-12	1.9795683188e-05	100.0
-0.00014810517049	-0.000368989759485	-0.000241458650113	-0.0184944290318	-0.0466070937705	-0.0259222160235	1.46535829054e-12	1.9795683188e-05	100.0
-0.000163331009076	-8.64134182894e-05	-0.000488787103191	-0.0210811954981	-0.0105176383157	-0.0586401572672	1.46535829054e-12	1.9795683188e-05	100.0
4.18712336793e-05	-0.000528844325637	0.000590292925486	0.00427796674349	-0.0670666435988	0.0729517392979	1.46489361167e-12	1.9789405791e-05	100.0
-9.24657813595e-05	-0.000231963197675	-0.000201770435299	-0.011758125959	-0.0288098857831	-0.020788913809	1.46489361167e-12	1.9789405791e-05	100.0
-0.000113302466323	-7.30708948453e-05	-6.9570289198e-05	-0.0129272997164	-0.00590138927498	-0.00371067619909	1.46489361167e-12	1.9789405791e-05	100.0
2.74774656656e-05	-0.000386024294188	-0.000448185578767	0.00242576375528	-0.0486167424754	-0.0539797542737	1.4644299386e-12	1.9783141981e-05	100.0
-9.18142834569e-05	6.44500228204e-05	0.000172623683801	-0.00994756732166	0.0114296300162	0.0141721613631	1.46396727132e-12	1.9776891759e-05	100.0
-8.87607037244e-05	0.000111951008337	0.000331110790035	-0.0107362322076	0.0144355310504	0.0358074478156	1.46396727132e-12	1.9776891759e-05	100.0
-0.000131281619826	4.70816421761e-05	0.0006071297938	-0.0171449999321	0.00588943107305	0.0740753135031	1.46396727132e-12	1.9776891759e-05	100.0
-9.01190386863e-05	-0.000856415959134	0.000251961593408	-0.0124392728204	-0.107294644645	0.0304460546686	1.46396727132e-12	1.9776891759e-05	100.0
-3.75877921958e-05	-0.000569294245356	-0.000205752071497	-0.00578866418478	-0.0703153572655	-0.0197151621741	1.46396727132e-12	1.9776891759e-05	100.0
-1.6545572419e-05	9.38986618277e-06	5.20707368718e-05	0.000222297049884	0.00889729683211	0.00642101231189	1.46396727132e-12	1.9776891759e-05	100.0
-6.23437511293e-05	-0.000331998885068	0.000422970975215	-0.0085989059898	-0.0414624899146	0.0505693559273	1.46304394836e-12	1.976441849e-05	100.0
-0.000178637093837	7.62599122609e-05	9.72726561876e-05	-0.0189025271541	0.0133661603336	0.00593991873223	1.46258329268e-12	1.9758195442e-05	100.0
-0.000109114398819	-0.00021231772718	-1.202970884e-05	-0.0113199390234	-0.0261422911928	-0.00522668092136	1.46258329268e-12	1.9758195442e-05	100.0
-7.18588205748e-05	-0.000486748370637	0.000216002067241	-0.00932111510975	-0.0611881237503	0.0212222094096	1.46258329268e-12	1.9758195442e-05	100.0
2.02699505789e-05	-0.000988454657463	0.000232118151104	0.00130186007201	-0.124830971518	0.0289143385475	1.46258329268e-12	1.9758195442e-05	100.0
-0.000191612455751	-0.000329424429782	-0.000120468449007	-0.0224484077464	-0.0416677697309	-0.0111500590944	1.46258329268e-12	1.9758195442e-05	100.0
-7.16442186099e-05	-0.000671398193972	0.000113993280721	-0.00893710354246	-0.08030937028	0.00898574082401	1.4621241457e-12	1.9751992776e-05	100.0
-0.000304618505295	-0.000605348782708	-6.19673829061e-05	-0.0365453784573	-0.0750143455498	-0.00641390691599	1.4621241457e-12	1.9751992776e-05	100.0
-0.000295463601515	-0.000204205667334	-0.000435680267587	-0.0378639986653	-0.0252095316231	-0.0525486063151	1.4621241457e-12	1.9751992776e-05	100.0
-0.000102960543442	-7.20074087124e-05	-1.79374684642e-05	-0.0108900503777	-0.00533190367136	0.00249694343624	1.4621241457e-12	1.9751992776e-05	100.0
7.20618611385e-05	-0.000237685290617	0.000833211496907	0.00842882750618	-0.0304601984705	0.104547724514	1.46120736043e-12	1.9739607825e-05	100.0
2.33314701524e-06	-0.000770087324512	0.000144327952196	-0.00121792632664	-0.0943064772236	0.0159103636822	1.46120736043e-12	1.9739607825e-05	100.0
-6.71570581853e-05	9.77538968608e-05	-0.000546623550679	-0.0089506834028	0.0123805179092	-0.0658651040257	1.46120736043e-12	1.9739607825e-05	100.0
-0.00013475159614	-0.000912870170551	-0.00011164046621	-0.0180221468102	-0.114184974666	-0.0131743881829	1.46029409546e-12	1.972727043e-05	100.0
-9.85889919488e-06	-0.000285141188677	-5.3638546495e-05	-0.00273867337414	-0.0374134031208	-0.00112618223774	1.46029409546e-12	1.972727043e-05	100.0
8.94653752849e-05	-0.0005524402324	-0.000556325022238	0.010312245585	-0.0701920019734	-0.0685930062308	1.46029409546e-12	1.972727043e-05	100.0
-0.000222836440084	-0.000485767541289	-0.000456868811603	-0.0289184268943	-0.0612652808791	-0.0554690648454	1.46029409546e-12	1.972727043e-05	100.0
0.000193056225265	0.000188110759113	-0.000452592907501	0.023153219817	0.0234112528533	-0.0535172260864	1.46029409546e-12	1.972727043e-05	100.0
8.80753490965e-06	-4.04948923581e-05	-0.000873255953235	0.000332744482574	-0.00498123399282	-0.109869246439	1.46029409546e-12	1.972727043e-05	100.0
-0.000124922699217	-0.000111986402966	0.000260702506503	-0.0155311501255	-0.0129815420728	0.0281305496806	1.45983846877e-12	1.972111532e-05	100.0
0.000171035502366	0.00026891593308	0.000402187260798	0.0199858891435	0.0337275660478	0.0464968053807	1.45983846877e-12	1.972111532e-05	100.0
-0.000207724702528	4.90767333007e-05	0.000852117543676	-0.0270323770518	0.00600455112099	0.106819472696	1.45938384788e-12	1.9714973798e-05	100.0
-1.77726869751e-05	-0.000219020855549	-0.000213363828888	-0.00310517274803	-0.0271860360168	-0.0218262266058	1.45938384788e-12	1.9714973798e-05	100.0
1.02409462717e-05	-0.000279121134042	0.000394513230602	0.000359289144905	-0.0352162709463	0.0463040049329	1.45893023279e-12	1.9708845862e-05	100.0
-0.000135560269315	-0.000285182108003	6.13829731823e-05	-0.0150177024255	-0.0362459716882	0.00352600886853	1.45893023279e-12	1.9708845862e-05	100.0
-0.000108774576315	0.00010412798929	0.000481403365215	-0.0138582747901	0.0130584159318	0.0569147681237	1.45893023279e-12	1.9708845862e-05	100.0
5.25495900223e-05	-0.000676119129883	-0.000113303903937	0.00346266251355	-0.0813165013607	-0.010132641695	1.45893023279e-12	1.9708845862e-05	100.0
-0.000141725022006	-0.0006493168987	-0.000106084238698	-0.0159559505985	-0.0777108902815	-0.00885473076635	1.45893023279e-12	1.9708845862e-05	100.0
-8.28032611697e-05	-0.00062072438031	-0.000445633398444	-0.0114355900047	-0.0784300444303	-0.0538087959036	1.45893023279e-12	1.9708845862e-05	100.0
-0.00020256688334	-0.000517638753852	-0.000214179739766	-0.0245766209537	-0.0650506990186	-0.0223740232446	1.45893023279e-12	1.9708845862e-05	100.0
-3.95486214524e-05	-0.000125114058498	-4.69561914781e-05	-0.00224549065116	-0.0128974677796	-0.00768333632217	1.4584771206e-12	1.9702724721e-05	100.0
-9.62160653668e-06	0.000208585372038	0.000350953265587	-0.00154421500074	0.0258468096112	0.0380148158684	1.4584771206e-12	1.9702724721e-05	100.0
-2.04246868843e-05	0.000111661969284	0.000480535969427	-0.003096758533	0.0142065501558	0.0566973074058	1.4584771206e-12	1.9702724721e-05	100.0
-3.97670117707e-05	-0.000735708678305	1.79160769198e-05	-0.00600138520767	-0.0870997331756	0.00168862406402	1.4584771206e-12	1.9702724721e-05	100.0
-5.18430768607e-05	0.000324335325289	0.000323622365475	-0.00625714501347	0.0392128276374	0.0345242723585	1.4584771206e-12	1.9702724721e-05	100.0
0.000247720885261	-0.000248563766068	0.000500856908874	0.0305070102228	-0.0317288833195	0.0610311070296	1.4584771206e-12	1.9702724721e-05	100.0
-2.05266512607e-05	-0.000660978074911	-0.000290517783513	-0.00382699220554	-0.0823542435642	-0.0331227294266	1.4584771206e-12	1.9702724721e-05	100.0
0.00020023342615	0.000162334332323	-0.000651307935314	0.0247236292022	0.0202971974061	-0.080358859672	1.4584771206e-12	1.9702724721e-05	100.0
-0.000241663139695	-5.7484607441e-05	-0.000201646977058	-0.0293572780241	-0.00579657057703	-0.0209411030612	1.4584771206e-12	1.9702724721e-05	100.0
-0.000273941364969	0.000114043722789	0.000366291521494	-0.0337948912248	0.0143168178738	0.0420574709035	1.45802451131e-12	1.9696610373e-05	100.0
-0.000103874108905	-0.000151326859567	0.000669282740399	-0.0138408636998	-0.0193395102902	0.0827357598883	1.45802451131e-12	1.9696610373e-05	100.0
6.75208392121e-05	-0.000284824173196	-0.000942199471225	0.00773432740904	-0.0362323021007	-0.119036360416	1.45802451131e-12	1.9696610373e-05	100.0
-0.000166240379202	0.000218763720592	0.000529539852949	-0.0210980568128	0.027102745076	0.0636543731767	1.45757290781e-12	1.9690509613e-05	100.0
-4.94227757675e-05	-7.16878609289e-05	0.000728063525038	-0.00684864828246	-0.00929347474467	0.0903366494717	1.45757290781e-12	1.9690509613e-05	100.0
-4.76048386269e-05	-0.000165538166453	-3.72114173554e-05	-0.00766795889718	-0.0215744065935	-0.00352053713069	1.45748037436e-12	1.9689259568e-05	100.0
4.88018166866e-05	-0.000402856060598	-0.000152656980899	0.00328484007785	-0.0522291967903	-0.0127021953436	1.45748037436e-12	1.9689259568e-05	100.0
0.00020805899734	-0.000442870766856	-0.000336314080425	0.0244119728604	-0.0559510288114	-0.0393081264647	1.45748037436e-12	1.9689259568e-05	100.0
0.000153534073189	-0.000141314429671	0.000466669938311	0.0182371314611	-0.0179038979692	0.0560256982301	1.4570061404e-12	1.9682853091e-05	100.0
-2.46118867078e-06	-0.00084389746518	-6.12647778683e-05	-0.00180530459924	-0.103878985411	-0.00655847250868	1.45667221532e-12	1.9678342061e-05	100.0
-0.000168038521574	-0.000269723563258	-2.12168151228e-06	-0.01827997958	-0.0336842186292	0.00128547928173	1.45667221532e-12	1.9678342061e-05	100.0
0.000141084532161	-0.000469159415562	-0.000730661148107	0.0170804949	-0.0596561828316	-0.091530341514	1.45667221532e-12	1.9678342061e-05	100.0
-7.48680796321e-06	-9.86547104863e-05	3.70582991477e-07	-0.00368189583586	-0.00978172254197	-0.00474430121779	2.90255523091e-12	3.9210931659e-05	100.0
0.000140483411941	-0.000138304179927	0.000620277764843	0.0168841031217	-0.0177153641746	0.076312219579	1.45606169568e-12	1.9670094485e-05	100.0
-4.47258180373e-05	-7.86961729797e-05	0.000451354449318	-0.00633642672417	-0.00956747509484	0.0533611601455	1.45606169568e-12	1.9670094485e-05	100.0
8.4595354645e-05	6.00745292259e-05	0.00039425450704	0.00937427064603	0.00800275955716	0.0452535879393	1.45606169568e-12	1.9670094485e-05	100.0
0.000122330391799	-0.000789210542487	4.54178852046e-05	0.0126241869086	-0.0967949030775	0.0045348226722	1.45606169568e-12	1.9670094485e-05	100.0
-4.64813666469e-05	-0.000336244023472	5.93881342096e-05	-0.00970548933462	-0.0465327776771	0.0095647186368	1.45606169568e-12	1.9670094485e-05	100.0
7.44879223939e-05	-0.000722760925233	-0.000201971668103	0.00699376072815	-0.0891210714617	-0.0223914012779	1.45606169568e-12	1.9670094485e-05	100.0
4.78418770475e-05	-0.000308482673136	-0.000125676966985	0.00334819004397	-0.0402830250429	-0.0103076283219	1.45606169568e-12	1.9670094485e-05	100.0
0.000258425399821	-0.000591229626512	-0.000336114044984	0.03091637174	-0.0748836534288	-0.0397370981457	1.45606169568e-12	1.9670094485e-05	100.0
0.000201356619035	-0.000828163203195	-0.000147713173327	0.0231693821669	-0.103433095188	-0.0169767643376	1.45606169568e-12	1.9670094485e-05	100.0
-0.00012929421085	-5.86098531642e-06	0.000222535935694	-0.0157622458537	0.00180770375641	0.0225472953319	1.45577454022e-12	1.9666215271e-05	100.0
-0.000105366786882	-0.000105064318526	4.53059105493e-05	-0.0118673617456	-0.0103701874424	0.000736166568903	1.45577454022e-12	1.9666215271e-05	100.0
-0.000263188409345	-0.000428278682592	0.000494078365769	-0.034208448625	-0.0540439203181	0.0605361997132	1.45577454022e-12	1.9666215271e-05	100.0
-0.000204643650693	-0.000530463960307	0.000148794898476	-0.0234036320421	-0.0660890143832	0.0139344081743	1.45577454022e-12	1.9666215271e-05	100.0
9.90666403449e-05	-0.000535281812724	0.000812715296823	0.0116858632764	-0.0684006873906	0.10220918902	1.45577454022e-12	1.9666215271e-05	100.0
-0.000143919903507	0.000368772099248	0.000798934082021	-0.0185751240349	0.0461223970118	0.0997976335284	1.45577454022e-12	1.9666215271e-05	100.0
9.60768499027e-05	-0.000355714407371	0.000494077976091	0.0110369634096	-0.0452009664643	0.0597269949947	1.45577454022e-12	1.9666215271e-05	100.0
5.34671835767e-07	-0.000909491788642	-5.40724190776e-06	-0.00137836973868	-0.112991455058	-0.000865680227863	1.45577454022e-12	1.9666215271e-05	100.0
-7.16397139802e-05	-0.000874009974929	3.39660310941e-05	-0.0101453908301	-0.108095660506	0.00364294877693	1.45577454022e-12	1.9666215271e-05	100.0
1.71669488228e-05	-0.000756342641981	-0.000243919904971	0.000737022966968	-0.0940983737827	-0.0279598233249	1.45577454022e-12	1.9666215271e-05	100.0
-1.02486947597e-05	-0.00061049409214	-0.00039491778402	-0.0024871944709	-0.0766288440547	-0.0471221225868	1.45577454022e-12	1.9666215271e-05	100.0
-0.000227452178041	-9.03125506251e-05	-0.000770499829046	-0.0296543727597	-0.0115128877718	-0.0962016766557	1.45577454022e-12	1.9666215271e-05	100.0
-7.81062245828e-05	0.000498109242881	-0.000426380587708	-0.00967965658729	0.0607710958248	-0.0507903088183	1.45577454022e-12	1.9666215271e-05	100.0
-0.000216964569189	-0.000300211241837	-0.000638199131433	-0.0281751787053	-0.0383179281399	-0.0789190205342	1.45577454022e-12	1.9666215271e-05	100.0
-0.000297835600076	0.000496855951326	-0.000438077145954	-0.0371250644771	0.0612830017505	-0.05292286795	1.45577454022e-12	1.9666215271e-05	100.0
0.00010266979552	0.000116455360912	0.0002056879591	0.00949995729526	0.0166239238758	0.0179900100917	1.45559198781e-12	1.9663749151e-05	100.0
8.50811642936e-05	0.000103053599272	-0.000209095339142	0.00791389264353	0.0148214751608	-0.0182878462135	1.45559198781e-12	1.9663749151e-05	100.0
0.000109203590984	-0.00012732161538	0.000175694608045	0.0113609506126	-0.0149784958753	0.0174820217677	1.45512378864e-12	1.9657424198e-05	100.0
-3.56945743814e-05	0.000204937294906	0.000304951857353	-0.00467821859737	0.0257187852774	0.0312432004471	1.45512378864e-12	1.9657424198e-05	100.0
8.07899377875e-05	-0.000465669777344	0.000202289852305	0.00742296036554	-0.0592386830145	0.0197818988854	1.45512378864e-12	1.9657424198e-05	100.0
-0.000111603783923	-0.000183300929944	-0.000151266033862	-0.0137640448022	-0.0217044440224	-0.0147493875525	1.45512378864e-12	1.9657424198e-05	100.0
4.44533310934e-05	-0.000415570854218	-0.000126540092739	0.00196590698227	-0.0540875502566	-0.00886457472557	1.45512378864e-12	1.9657424198e-05	100.0
0.000251903908503	-0.000318400058765	-0.000369373870266	0.0300282186675	-0.0400556992669	-0.0437830176016	1.45512378864e-12	1.9657424198e-05	100.0
7.28489039985e-05	-0.000764030368649	0.000425007043813	0.00789400657172	-0.0964248051826	0.05187354704	1.45488038542e-12	1.9654136038e-05	100.0
8.16893076407e-05	-0.000831607788586	0.000332460116252	0.00898219530245	-0.104603045155	0.0404998651578	1.45488038542e-12	1.9654136038e-05	100.0
7.5073831716e-05	-0.000738638509913	-9.25120208212e-05	0.00663205168181	-0.0896997400023	-0.00925343991203	1.45488038542e-12	1.9654136038e-05	100.0
-1.97180513339e-06	-0.000656845970455	-0.000673847656443	-0.0013423814291	-0.0836738779411	-0.0843014277397	1.45488038542e-12	1.9654136038e-05	100.0
-0.000145739506772	0.000285778850982	-0.000334910368126	-0.0172838607895	0.0347635881435	-0.0366184392775	1.45488038542e-12	1.9654136038e-05	100.0
-9.21726201147e-05	-0.000747061486685	0.000353971740595	-0.0126434619873	-0.093916826773	0.0424820928569	1.45443381092e-12	1.9648103214e-05	100.0
-0.000191912394914	-0.000696265566566	2.08701837512e-05	-0.0222200284089	-0.0837787127511	0.00153386479738	1.45443381092e-12	1.9648103214e-05	100.0
-3.21590896434e-05	-2.93267149791e-05	8.6658313152e-05	-0.004358113539	0.000965869743034	0.00471316399062	1.45443381092e-12	1.9648103214e-05	100.0
-0.000164936617597	0.000453158826124	-0.000322076830048	-0.0198023173456	0.0546130281731	-0.0366808124817	1.45443381092e-12	1.9648103214e-05	100.0
-4.11038666622e-05	-0.000190360084123	5.16812119285e-05	-0.00786913831103	-0.0194054401209	0.00704125284037	1.4541914135e-12	1.9644828641e-05	100.0
-6.14430717262e-05	0.000219797553729	-0.000411598076656	-0.00789789896484	0.0270952911346	-0.0471191440298	1.4541914135e-12	1.9644828641e-05	100.0
9.41215192777e-05	0.000203685113574	-0.000259090713856	0.00923700450235	0.0253713937386	-0.024893833615	1.4541914135e-12	1.9644828641e-05	100.0
-0.000195090492842	0.000182899708204	0.000232240137546	-0.0218318324851	0.0229318803799	0.0226740253874	1.45398874512e-12	1.9642090772e-05	100.0
-7.98908313138e-05	-0.00041011261923	0.000736834206625	-0.0109755884292	-0.0523633130688	0.0918107448605	1.45398874512e-12	1.9642090772e-05	100.0
0.000242062246973	-0.000529325179031	0.000545776478629	0.0294613331135	-0.0669328133586	0.0673692206636	1.45398874512e-12	1.9642090772e-05	100.0
-0.000141917149954	0.000170144839809	0.000566460958324	-0.0180341417832	0.0208835819379	0.0684645181586	1.45354418221e-12	1.9636085124e-05	100.0
0.000107392338867	-0.000238873442515	0.00082526297495	0.0127772212462	-0.0303982378993	0.103485082114	1.45354418221e-12	1.9636085124e-05	100.0
-0.000185544402398	-0.000869134685217	5.33803325858e-05	-0.0239677699906	-0.108084113268	0.00570304324593	1.45354418221e-12	1.9636085124e-05	100.0
0.000303686846299	-0.000148938414516	-0.000550486965821	0.0374480458403	-0.0189787209046	-0.0674386571574	1.45354418221e-12	1.9636085124e-05	100.0
7.04481019595e-05	-0.000950972912878	0.000286212801136	0.00754803265895	-0.12003133557	0.0355456568371	1.45326507315e-12	1.963231461e-05	100.0
-4.04304007818e-05	-0.000264489390924	2.26889585515e-05	-0.00471823993	-0.0353656841849	0.000884386667564	1.45326507315e-12	1.963231461e-05	100.0
0.000114180543567	-0.000157763502091	-0.000282608594569	0.0127235781532	-0.0196266015604	-0.0314620909458	1.45326507315e-12	1.963231461e-05	100.0
6.42887215927e-05	-0.000259114805182	-0.000650382237138	0.00718037734399	-0.032948023882	-0.0803185907404	1.45326507315e-12	1.963231461e-05	100.0
0.000250951482854	-0.000439910544068	-0.000492816986225	0.030259235415	-0.0556510055519	-0.06012016074	1.45326507315e-12	1.963231461e-05	100.0
-0.000102769461344	-0.00028638858057	0.000104780114193	-0.0121010770958	-0.0368999815702	0.00778969838167	1.4531001222e-12	1.963008627e-05	100.0
-0.000180725707147	-0.000164546749053	0.000488346459192	-0.0234844103744	-0.0204107953432	0.0588360326096	1.4531001222e-12	1.963008627e-05	100.0
-9.0908252279e-05	-0.000940037066985	0.00011029133053	-0.0125989550496	-0.117811016257	0.012673364207	1.4531001222e-12	1.963008627e-05	100.0
-1.81076873476e-05	-0.000837620993091	0.000446891124828	-0.00348919571559	-0.106004551068	0.0551869777943	1.452657068e-12	1.9624101003e-05	100.0
0.000238476812431	-0.000927686927031	0.000332834014101	0.0285603203076	-0.117191516884	0.0409930301779	1.45234426469e-12	1.9619875309e-05	100.0
1.72146296364e-05	-0.000915933421036	0.000444733727697	0.000884529547513	-0.115933255855	0.0551904257048	1.45234426469e-12	1.9619875309e-05	100.0
-7.24720114482e-05	-0.000113018151782	7.08884291426e-05	-0.0119678830761	-0.0123300860114	0.0100007274678	1.45234426469e-12	1.9619875309e-05	100.0
0.000292650913065	0.000552102636171	-0.000554675150025	0.0367376253271	0.069240257941	-0.0687989776235	1.45234426469e-12	1.9619875309e-05	100.0
0.000325279627733	-0.00111409607229	-4.76570273102e-07	0.0397898562928	-0.141080432794	-0.000302307563384	1.45234426469e-12	1.9619875309e-05	100.0
0.000225037103018	-0.000943145873132	4.86717548113e-05	0.0264260201612	-0.118231646858	0.00582300090376	1.45234426469e-12	1.9619875309e-05	100.0
-0.000122926213033	0.000502653454492	0.000120122743993	-0.0133117769733	0.0572168747572	0.0124733041798	1.45177246828e-12	1.961215085e-05	100.0
-3.53834935513e-05	-0.000229187318145	-2.32925145913e-05	-0.00949420555247	-0.029962552525	-0.00693471391511	1.45177246828e-12	1.961215085e-05	100.0
0.000102467144434	-0.000892020361758	-0.000482987786457	0.0117651038871	-0.113213906334	-0.0600318745609	1.45177246828e-12	1.961215085e-05	100.0
-0.000247819396242	-0.000710428963345	0.000127636060625	-0.030606937069	-0.0876186527366	0.0140750627029	1.45133142567e-12	1.9606192757e-05	100.0
-4.32329622871e-05	-0.000278278476313	-6.60050463613e-06	-0.00728442020316	-0.0388242797266	-5.4718404918e-05	1.45097386433e-12	1.9601362423e-05	100.0
-1.6151228222e-05	0.000318016445357	0.000243797482654	-0.00192235060444	0.037071526497	0.0222380718943	1.45097386433e-12	1.9601362423e-05	100.0
0.000290254507566	-0.000169028435068	0.000831171818878	0.0362825363696	-0.0218188383979	0.104328471835	1.45097386433e-12	1.9601362423e-05	100.0
-2.5936041111e-05	-0.000159716012823	3.21475053134e-05	-0.00682595409421	-0.0196105315935	0.00745653473905	1.45097386433e-12	1.9601362423e-05	100.0
-4.74281842763e-05	7.57658658908e-05	-0.000278602753408	-0.00627601519103	0.0113344117592	-0.0284527885352	1.45097386433e-12	1.9601362423e-05	100.0
-6.44933799542e-05	-0.000879617205073	-0.00029570294442	-0.00939391674597	-0.110660502174	-0.036027647413	1.45097386433e-12	1.9601362423e-05	100.0
0.000401095945425	-0.0005980336895	-0.000467593118142	0.0496220261027	-0.0760450304564	-0.0575078587999	1.45097386433e-12	1.9601362423e-05	100.0
-5.33200838647e-05	-1.63901963526e-05	-4.1646729808e-05	-0.00309093994817	0.00402740877638	-0.00729515945581	1.45045185494e-12	1.9594310542e-05	100.0
-0.000222983499805	-0.000731224309732	0.000387546949818	-0.0290948103878	-0.0923109480813	0.0471287051821	1.45045185494e-12	1.9594310542e-05	100.0
-0.000301664334344	-0.00101523930547	0.000119222096983	-0.0395756512667	-0.128438007249	0.014601126783	1.45045185494e-12	1.9594310542e-05	100.0
-0.000131648053116	0.000487782880843	0.000567438380826	-0.0167096830436	0.0605271573775	0.0693925266447	1.45045185494e-12	1.9594310542e-05	100.0
-1.74831225302e-05	-0.000373786024135	0.000410681429398	-0.0031963891211	-0.0470163686765	0.0486009184533	1.45045185494e-12	1.9594310542e-05	100.0
2.4097393566e-05	-0.000859364033983	0.000204304272648	0.00167312249263	-0.10741815774	0.0239841179424	1.45045185494e-12	1.9594310542e-05	100.0
4.60139565095e-05	-0.000874373858117	-6.95327730958e-06	0.00403104874038	-0.108180588818	-0.00155866182841	1.45045185494e-12	1.9594310542e-05	100.0
1.9352461899e-05	-0.00108624354785	4.90584192219e-05	0.00107821178723	-0.137204793544	0.00593780792202	1.45045185494e-12	1.9594310542e-05	100.0
-8.70452252767e-05	-0.000912936452511	-5.72775357985e-05	-0.0120023038108	-0.113651924181	-0.00692383116119	1.45045185494e-12	1.9594310542e-05	100.0
-8.31774983011e-05	-0.000811665664303	-0.000342950699331	-0.0115869373828	-0.102161284934	-0.0412936666578	1.45045185494e-12	1.9594310542e-05	100.0
-4.28846052753e-05	-0.000570876081721	-0.000311855673097	-0.00641646497054	-0.0716000815378	-0.0352459654129	1.45045185494e-12	1.9594310542e-05	100.0
-0.00026318663906	-0.000284269422807	-0.000556003363944	-0.034021437	-0.0359208767218	-0.0682186311999	1.45045185494e-12	1.9594310542e-05	100.0
-0.000211255012355	0.000377282411006	-0.000576156796689	-0.0266231264697	0.0465120930577	-0.0706240794664	1.45045185494e-12	1.9594310542e-05	100.0
-0.000203399554831	0.000129618037538	-0.000934705249852	-0.0263759806227	0.0160108779322	-0.117416872145	1.45045185494e-12	1.9594310542e-05	100.0
-2.94922361846e-05	-0.000101912904907	-0.00073341392432	-0.00437849571893	-0.0132054558178	-0.090870027407	1.45045185494e-12	1.9594310542e-05	100.0
-0.000135777653251	-0.000179339099591	-0.000598867128982	-0.0178406992749	-0.0227089046738	-0.0733235048092	1.45045185494e-12	1.9594310542e-05	100.0
-0.000159651559031	4.6826699504e-05	-0.000247189423412	-0.0189272766316	0.00745551737867	-0.0251858116775	1.45045185494e-12	1.9594310542e-05	100.0
0.000112814127173	-0.000445856927768	0.000208001414702	0.011341083013	-0.0570631668508	0.0210686318704	1.45006713705e-12	1.9589113346e-05	100.0
2.12866444489e-05	0.000317398533474	-0.000458908193223	0.00212023154078	0.0389144061174	-0.0540255378846	1.45006713705e-12	1.9589113346e-05	100.0
0.000378322769811	-0.000971478098318	0.000387142094202	0.0466493679015	-0.123233083424	0.0482556912706	1.44961603645e-12	1.9583019379e-05	100.0
-2.89136428898e-05	-0.000641553163524	0.000158077862976	-0.0049135259953	-0.0777393950965	0.0138982399843	1.44961603645e-12	1.9583019379e-05	100.0
2.6435714322e-05	0.000384693711199	-0.000412124899756	0.00282811156706	0.0469154728153	-0.047809632717	1.44961603645e-12	1.9583019379e-05	100.0
0.000146334650785	0.000448291567154	-0.000492908742564	0.0178195176114	0.0556737899658	-0.0597527930863	1.44961603645e-12	1.9583019379e-05	100.0
0.000308278208521	-0.000813808432235	1.89828795972e-05	0.0362775769066	-0.101584448024	0.00204368927516	1.44961603645e-12	1.9583019379e-05	100.0
0.000134983222057	-0.000860871076222	1.81164683141e-06	0.0149261002619	-0.106703882318	-2.02271038124e-05	1.44961603645e-12	1.9583019379e-05	100.0
-0.000227377763292	7.04605266283e-05	0.000622415183982	-0.0291173653039	0.00869318035072	0.0762263709453	1.44957479871e-12	1.9582462294e-05	100.0
-4.17662793124e-05	4.89499255279e-05	0.000792798824977	-0.00590784849964	0.00600815685231	0.0988026270541	1.44957479871e-12	1.9582462294e-05	100.0
0.000165018871181	-0.000361967830034	0.000584646264948	0.019799460638	-0.0457143532199	0.0720341580359	1.44957479871e-12	1.9582462294e-05	100.0
-6.30734103931e-05	-0.000668131978211	0.000467063944467	-0.00906162358032	-0.0843335911725	0.0570347820323	1.44957479871e-12	1.9582462294e-05	100.0
-1.9468718501e-05	-0.000189975790932	-3.78469132636e-05	-0.000703139147458	-0.0226369266423	-0.00426484744422	1.44957479871e-12	1.9582462294e-05	100.0
0.000239098747526	0.00010053548079	0.000680550322566	0.0297575115038	0.0125349230876	0.0844926396119	1.44957479871e-12	1.9582462294e-05	100.0
-5.13661353925e-05	-0.000843881587881	-3.4665377915e-05	-0.00766661354734	-0.103532490583	-0.00409750774684	1.44957479871e-12	1.9582462294e-05	100.0
-0.000189119405554	-0.00099432976535	-0.000112850822395	-0.0251393307318	-0.12525677152	-0.0136795629399	1.44957479871e-12	1.9582462294e-05	100.0
3.58350408713e-05	0.000594348520189	-0.00026526025451	0.00427986577037	0.0716265863941	-0.0309286568654	1.44957479871e-12	1.9582462294e-05	100.0
1.2827330674e-05	0.000100595187756	-0.000610250040324	0.000834521925147	0.0128393378985	-0.0745141997489	1.44957479871e-12	1.9582462294e-05	100.0
-4.12389721119e-05	-0.000200646640086	-0.000823254768626	-0.00605913443748	-0.0255402264676	-0.102987236431	1.44957479871e-12	1.9582462294e-05	100.0
-0.000208341102231	-0.000490066348718	-0.00064971161139	-0.0273158119143	-0.0622828039861	-0.0808274569862	1.44957479871e-12	1.9582462294e-05	100.0
0.000116098098661	7.09824733555e-05	0.000513161662869	0.013717263047	0.00865762359133	0.0615635791493	1.44871735555e-12	1.9570879002e-05	100.0
-0.000171151085702	-0.00103963845362	0.000311724031704	-0.0230530746571	-0.131902931155	0.0388397150609	1.44870075988e-12	1.957065481e-05	100.0
5.99102052493e-06	-0.00100969991721	-0.000206550882305	-0.000650237519693	-0.127164593237	-0.0255148548917	1.44870075988e-12	1.957065481e-05	100.0
-7.8055527297e-05	-0.000239710591422	9.95780499301e-06	-0.00648631611944	-0.0296613429653	0.00306580055248	1.44870075988e-12	1.957065481e-05	100.0
0.000181260648993	-0.000660773170838	-0.000853644835	0.0221914123105	-0.0843774494374	-0.107720797512	1.44870075988e-12	1.957065481e-05	100.0
0.000165913180828	0.00028386376954	0.000416155190984	0.0196868778485	0.034975422431	0.048360165104	1.44826474626e-12	1.9564764655e-05	100.0
-0.0001145251442	4.23015935413e-05	9.81485890628e-05	-0.0157103598984	0.00986755781242	0.0131939175335	1.44826474626e-12	1.9564764655e-05	100.0
4.94928228634e-05	-0.00075640141735	-6.91322934786e-05	0.003593689307	-0.091321626743	-0.00714769105545	1.44826474626e-12	1.9564764655e-05	100.0
-0.000210631379261	-0.000742995803616	-6.12859449663e-05	-0.0257950524681	-0.0909300487608	-0.00608175120579	1.44826474626e-12	1.9564764655e-05	100.0
-6.12946442653e-05	0.000466887389888	0.000203648295276	-0.00661540452405	0.0534396825998	0.0210138138084	1.44826474626e-12	1.9564764655e-05	100.0
-3.21779623532e-05	-0.000982091319165	-0.000154515688678	-0.00535730830993	-0.12350338968	-0.0187351100438	1.44826474626e-12	1.9564764655e-05	100.0
-0.000178128199662	0.000466150472929	4.09659243572e-05	-0.018766334909	0.0521824946531	0.00422568410881	1.44826474626e-12	1.9564764655e-05	100.0
0.000205223788777	-0.00078180786386	-0.000710390618214	0.0251164371547	-0.0998271224176	-0.0893121360997	1.44826474626e-12	1.9564764655e-05	100.0
-0.000153606172056	-0.000309392307193	-0.000112245755013	-0.0177436908981	-0.0392884216591	-0.00960969562926	1.44826474626e-12	1.9564764655e-05	100.0
-5.84924426989e-05	0.00056216380636	-9.91015455944e-05	-0.00639283923341	0.0649110542756	-0.0104442545822	1.44826474626e-12	1.9564764655e-05	100.0
-0.000213986505304	-0.000443025242143	-0.000664375033869	-0.0280603454914	-0.0563009538196	-0.082611513039	1.44826474626e-12	1.9564764655e-05	100.0
-0.000176841719165	-0.000451511845315	-0.000377599621931	-0.0227040641212	-0.0570196004157	-0.0444378580957	1.44826474626e-12	1.9564764655e-05	100.0
-0.000254405785931	-3.37860743829e-05	0.000392086272963	-0.032096719151	-0.00359784095597	0.0458969592251	1.44782923554e-12	1.9558881293e-05	100.0
-0.000296001597909	-0.00041526225538	0.000222770175298	-0.0367602808477	-0.0520645843226	0.0249375175277	1.44782923554e-12	1.9558881293e-05	100.0
-2.92969698331e-06	-0.000137217902955	-4.992495871e-05	0.00138984248384	-0.015150457068	-0.00699763323231	1.44782923554e-12	1.9558881293e-05	100.0
6.10301544927e-05	-0.000651030366029	0.000762654887975	0.00675500253849	-0.0830011247698	0.0959327482954	1.44782923554e-12	1.9558881293e-05	100.0
-0.000113217097127	0.000648237572589	0.000662109043909	-0.0144927956749	0.0812174384561	0.0825515205614	1.44782923554e-12	1.9558881293e-05	100.0
-0.000120126559522	-0.000633789968389	0.000302514321469	-0.0157039029366	-0.0794863410717	0.0346868786498	1.44782923554e-12	1.9558881293e-05	100.0
-4.88820238081e-05	-0.00108912135906	-7.56124571565e-05	-0.00753319717153	-0.137577062163	-0.00941958606814	1.44782923554e-12	1.9558881293e-05	100.0
-3.21339563919e-06	0.000414134282882	-0.000622426683945	-0.000687842792965	0.05147832725	-0.0765740842501	1.44782923554e-12	1.9558881293e-05	100.0
-0.000171353792945	-0.000304166463761	-0.000565432124322	-0.0224026934018	-0.0385082646339	-0.0692134204538	1.44782923554e-12	1.9558881293e-05	100.0
-0.000154946556054	0.000556199037524	-0.000705349709834	-0.0198634431159	0.0697089940056	-0.0878402650679	1.44782923554e-12	1.9558881293e-05	100.0
0.00021953282553	-0.00022233232317	0.000180720239964	0.0251889905849	-0.0282198021032	0.0191005756534	1.44782370365e-12	1.9558806562e-05	100.0
5.60755989537e-05	0.000230770712661	0.000724983207064	0.00647368551201	0.0289142253911	0.0899443150939	1.44782370365e-12	1.9558806562e-05	100.0
-2.76149692591e-05	0.000162354066441	0.000265557918446	-0.00346082243611	0.021500374104	0.0252808353243	1.44782370365e-12	1.9558806562e-05	100.0
0.000361214927266	-0.000697843705004	0.000607717191566	0.0447218005167	-0.0887366177377	0.0758806767188	1.44782370365e-12	1.9558806562e-05	100.0
0.000228712524449	-0.000613928993777	0.000735465519363	0.0279915812288	-0.0781732880881	0.0921954396384	1.44782370365e-12	1.9558806562e-05	100.0
0.000314365515077	-0.00110922613018	0.00037737296672	0.0386307768718	-0.140940958648	0.0473321966368	1.44782370365e-12	1.9558806562e-05	100.0
0.000315801107622	-0.00116162588389	7.25613486489e-05	0.0386205929577	-0.147357756847	0.00882849220608	1.44782370365e-12	1.9558806562e-05	100.0
0.000320185562608	-0.000932114885108	-6.78680662331e-05	0.0385554100249	-0.117204441152	-0.00802758722981	1.44782370365e-12	1.9558806562e-05	100.0
0.000102705862892	-0.000355901048958	-0.000246203021431	0.0109857514462	-0.0459323212086	-0.0265454518958	1.44782370365e-12	1.9558806562e-05	100.0
0.00035176372765	-0.000791849172022	-0.000565226462612	0.0436402180301	-0.100916533268	-0.0704768557764	1.44782370365e-12	1.9558806562e-05	100.0
0.000355353217417	-0.000858960521689	-0.000550464664682	0.0439471865703	-0.109189599766	-0.0686920469772	1.44782370365e-12	1.9558806562e-05	100.0
0.000368319058555	-0.00081044575476	-0.000860707161389	0.0458763774163	-0.103332167648	-0.108998354821	1.44782370365e-12	1.9558806562e-05	100.0
-0.000202190548425	0.000205337723293	9.33949949931e-05	-0.0187847944331	0.0254827129452	0.00480285302002	1.44739473062e-12	1.9553011519e-05	100.0
9.56523417482e-05	-0.000624496075264	0.000745796551702	0.0111377053411	-0.0796420689965	0.0933995192854	1.44739473062e-12	1.9553011519e-05	100.0
-0.000190004167479	0.000220380283688	0.000469351783374	-0.023812474779	0.0274631121771	0.0554428887994	1.4469607286e-12	1.9547148539e-05	100.0
-0.000141117947583	-0.000208591869657	0.00079823790647	-0.0187183891474	-0.0266229072624	0.0997115792065	1.4469607286e-12	1.9547148539e-05	100.0
-0.00027506441703	0.000308303621898	0.000449714349343	-0.0341254075511	0.0378957362115	0.0534486777622	1.4469607286e-12	1.9547148539e-05	100.0
0.000201585913649	-0.000472711902984	0.000536358834023	0.0242599603256	-0.0598576700841	0.0658120724872	1.4469607286e-12	1.9547148539e-05	100.0
0.000118831970922	-0.000879937599339	0.000208052464994	0.0133033621493	-0.11015320948	0.0248799130159	1.4469607286e-12	1.9547148539e-05	100.0
-8.67421942323e-05	-0.000911780760527	-7.34650749678e-05	-0.0120047028973	-0.113672282451	-0.00855452114396	1.4469607286e-12	1.9547148539e-05	100.0
-3.41961935993e-05	-0.000319263401996	-0.000442613220911	-0.00533061532943	-0.0400186667932	-0.0529343696199	1.4469607286e-12	1.9547148539e-05	100.0
0.000143839004675	-0.000687081006962	-0.00058122707308	0.0171221488264	-0.0874241949255	-0.0721153201952	1.4469607286e-12	1.9547148539e-05	100.0
-0.000216511160917	0.00044361361497	-0.000576459352887	-0.0272728297099	0.0549597802402	-0.0706205094308	1.4469607286e-12	1.9547148539e-05	100.0
-0.000187055012963	0.000146382583679	-0.000217526860407	-0.0210674556253	0.0194549855694	-0.0205981342963	1.4469607286e-12	1.9547148539e-05	100.0
0.000192512126337	0.000192791850974	0.000247477416883	0.0205426419043	0.0241907516808	0.0249540069419	1.44693558364e-12	1.9546808853e-05	100.0
0.000280638160494	1.19524480357e-05	0.00034404194634	0.033444556492	0.00196761730676	0.0398745339618	1.44693558364e-12	1.9546808853e-05	100.0
-0.000246621705218	-0.00024465075544	0.000374255004527	-0.0314200020225	-0.0302917135407	0.0441820725462	1.44652722948e-12	1.9541292353e-05	100.0
-0.000108373100133	0.000345673465605	0.00023783234289	-0.0118310363888	0.0404414885673	0.0229028529539	1.44649353523e-12	1.9540837174e-05	100.0
0.000265310306105	-0.000469349332443	0.000505180972339	0.0321284388076	-0.0595580340955	0.0617704643412	1.44649353523e-12	1.9540837174e-05	100.0
0.000250275486207	-0.00119315983279	0.000507635547817	0.0306165051242	-0.151961052292	0.0641605393465	1.44649353523e-12	1.9540837174e-05	100.0
9.82537508336e-05	-0.000967283444764	0.000383076903347	0.0111071801275	-0.122430449957	0.047571368189	1.44649353523e-12	1.9540837174e-05	100.0
0.000473389527161	-0.00117456934372	0.000303488468797	0.0590142598837	-0.149403053873	0.0384434061167	1.44649353523e-12	1.9540837174e-05	100.0
0.000188793421937	-0.00110720731181	0.000137323739294	0.0224426660516	-0.140088071174	0.0169661469928	1.44649353523e-12	1.9540837174e-05	100.0
-3.61039962235e-05	-0.000125937017137	3.42567038656e-05	-0.00765569740006	-0.0141382440179	0.00828450559249	1.44649353523e-12	1.9540837174e-05	100.0
-5.27232859137e-05	-0.000741387858002	-0.000544638507786	-0.00782521644384	-0.0940408843614	-0.0673557871075	1.44649353523e-12	1.9540837174e-05	100.0
0.000320018554241	-0.000643818145648	-0.000850659076393	0.0398067363593	-0.0821897225191	-0.107176384128	1.44649353523e-12	1.9540837174e-05	100.0
0.0001896380419	5.17576419402e-05	0.000665031783016	0.0231487231527	0.0065312751789	0.0820683799098	1.44605249262e-12	1.9534879082e-05	100.0
-6.81200795059e-06	-0.000138628728276	-0.000100227513827	-0.0015967249348	-0.0151416035514	-0.0149130976059	1.44605249262e-12	1.9534879082e-05	100.0
-6.23978531841e-05	8.02064382926e-06	7.07871608095e-05	-0.0102960690528	0.00706535542448	0.0101566086557	1.44605249262e-12	1.9534879082e-05	100.0
7.8147901807e-05	-0.000390547114766	-0.000209982754153	0.00717475198363	-0.0498259209333	-0.0211722690258	1.44605249262e-12	1.9534879082e-05	100.0
0.000122431970678	-0.000368251444658	-0.000356774774529	0.0135225048244	-0.0464693100243	-0.0414281586414	1.44605249262e-12	1.9534879082e-05	100.0
-0.00021823393753	5.47370076244e-05	0.00059743782293	-0.0279076264728	0.00689332403037	0.0728949422787	1.4452317611e-12	1.9523791731e-05	100.0
-0.000151327472591	-0.000220071733855	0.000794927777471	-0.0198408741645	-0.028233115842	0.0993741634871	1.4452317611e-12	1.9523791731e-05	100.0
-3.42057318153e-05	-0.000968914218577	0.000187536393785	-0.00558495799933	-0.121790546527	0.0227776556955	1.4452317611e-12	1.9523791731e-05	100.0
-4.37903442311e-05	0.000760898446799	0.000190053810338	-0.00535970817032	0.0935130742917	0.0226762616299	1.4452317611e-12	1.9523791731e-05	100.0
-4.95927300582e-05	-0.000188024353023	-1.61052620677e-05	-0.00435959723969	-0.022971551713	0.00388875670388	1.4452317611e-12	1.9523791731e-05	100.0
-1.9438394679e-05	-0.0010755026679	-0.000221182268793	-0.00384152906374	-0.136075507747	-0.0271324131686	1.4452317611e-12	1.9523791731e-05	100.0
1.96970173981e-05	-0.000364497563748	4.14156782955e-05	0.00288480499977	-0.0497461422792	0.00493352239159	1.4452317611e-12	1.9523791731e-05	100.0
0.000215903359124	-0.000750720703941	-0.000637106047626	0.0262894045059	-0.0953860986392	-0.0797822699496	1.4452317611e-12	1.9523791731e-05	100.0
-0.000123431302214	-0.000146002375246	-8.9180328681e-06	-0.0132256649895	-0.0161023452151	0.00238769969088	1.4452317611e-12	1.9523791731e-05	100.0
-7.92218119252e-05	2.95405704334e-05	-0.000595642600413	-0.0105714293537	0.00366217468731	-0.0724557799423	1.4452317611e-12	1.9523791731e-05	100.0
0.000264584912478	-0.000531866004628	0.000321834621908	0.0312826940566	-0.0672281157817	0.037783875717	1.44517443059e-12	1.9523017247e-05	100.0
0.000229265934224	-0.000324053641641	0.000691090387692	0.0280537387384	-0.0412681380699	0.0858395288788	1.44517443059e-12	1.9523017247e-05	100.0
0.000294118135727	-0.000667632848199	0.000746746789826	0.0363637931912	-0.0851083109947	0.0936027195081	1.44517443059e-12	1.9523017247e-05	100.0
0.00022377288215	-0.000660421879374	0.000222084697707	0.0254786743821	-0.0825946576285	0.0251299460109	1.44517443059e-12	1.9523017247e-05	100.0
0.00020831919619	-0.000390754746839	0.000675857854506	0.025547003496	-0.0497962185503	0.0840326658039	1.44517443059e-12	1.9523017247e-05	100.0
1.36665871455e-05	-0.000122541299948	-8.85645574633e-05	-0.000360847917009	-0.0139298843649	-0.0056226801109	1.44517443059e-12	1.9523017247e-05	100.0
4.96231451568e-05	-0.000483122986676	-0.000961620286351	0.00544438102393	-0.0618663810892	-0.1215463396	1.44517443059e-12	1.9523017247e-05	100.0
0.000309720036984	-0.00115694371083	-0.000200450907314	0.037962285403	-0.146816230822	-0.0249380778274	1.44517443059e-12	1.9523017247e-05	100.0
0.000343381217665	-0.000197328431981	-0.000723824377869	0.0428662959553	-0.0254517704968	-0.0902426274714	1.44517443059e-12	1.9523017247e-05	100.0
0.000203546676383	-0.000735535219085	-5.84551111255e-05	0.0219740444219	-0.0905575580497	-0.00616789772446	1.44517443059e-12	1.9523017247e-05	100.0
-9.72509596154e-06	0.000467270560449	0.000443953692711	-0.0013459676689	0.0570281028074	0.0527492487977	1.44437130055e-12	1.9512167677e-05	100.0
0.000194610155451	-0.000896956610827	-1.68740560878e-05	0.0225979060115	-0.111928261514	-0.00172991404463	1.44437130055e-12	1.9512167677e-05	100.0
-0.000221133092538	0.000735290093136	-0.000116539487624	-0.0271729933985	0.090008044411	-0.0140455177607	1.44437130055e-12	1.9512167677e-05	100.0
0.000143341378414	0.000463185596832	-0.000298401253595	0.016627475558	0.0557327207084	-0.0335734783539	1.44437130055e-12	1.9512167677e-05	100.0
-0.00019068068787	-0.000462043358175	-0.000697756247877	-0.0251474986484	-0.0586748726889	-0.0868703366725	1.44437130055e-12	1.9512167677e-05	100.0
-0.00032037900609	-0.000404378760827	-0.000474545365204	-0.0413949740129	-0.0510308606057	-0.058166208774	1.44437130055e-12	1.9512167677e-05	100.0
-1.16055277958e-05	0.000377494492173	0.000704305025112	-0.00179987660671	0.0471245292954	0.0874264666641	1.44430089466e-12	1.9511216556e-05	100.0
1.91205116331e-05	3.00450755025e-05	0.000876204051546	0.00185320217937	0.00330522446064	0.109908588317	1.44430089466e-12	1.9511216556e-05	100.0
0.000240654892283	-0.000696701531728	0.000137498468452	0.0269985306254	-0.0864766589562	0.0152915344089	1.44430089466e-12	1.9511216556e-05	100.0
-7.98369515095e-05	-0.000115214967608	3.9121026851e-05	-0.0116484753539	-0.0114694910466	0.00471530995844	1.44430089466e-12	1.9511216556e-05	100.0
-0.000114225742071	0.000337431524231	-0.000397130307129	-0.0139209442052	0.0408213535679	-0.045707199065	1.44430089466e-12	1.9511216556e-05	100.0
0.000183427986305	0.000553411546378	-0.000252422000188	0.0216940378264	0.0676320250656	-0.0287204319485	1.44430089466e-12	1.9511216556e-05	100.0
0.000447445658957	-0.000579830207764	-0.000527033228943	0.0555212446981	-0.0735973610068	-0.0653169803617	1.44430089466e-12	1.9511216556e-05	100.0
0.00045479646099	-0.0008800215875	-0.000477091672342	0.0565325305918	-0.11189586349	-0.0595229897527	1.44430089466e-12	1.9511216556e-05	100.0
-0.000215750852816	-3.58812385302e-06	0.000188212602193	-0.0259363294815	0.00196061534952	0.0187698396616	1.44394182462e-12	1.950636584e-05	100.0
-0.000125840889552	-0.000551978582627	0.000698214644976	-0.0170412277416	-0.070157463028	0.0871806100419	1.44394182462e-12	1.950636584e-05	100.0
5.97491926621e-05	-0.000905983956762	0.000187873803755	0.0058873189065	-0.113223657959	0.0225824422173	1.44394182462e-12	1.950636584e-05	100.0
5.12506901544e-05	-0.00113842203671	0.000166624467644	0.00509437892376	-0.144232397694	0.0209343698113	1.44394182462e-12	1.950636584e-05	100.0
-0.000194035446749	-0.000852271942732	-0.00025617640626	-0.0255405564915	-0.106952863184	-0.03079880051	1.44394182462e-12	1.950636584e-05	100.0
8.23801813511e-05	-0.000559767402578	-0.000432283214289	0.00912756806758	-0.0705209344075	-0.0520195289732	1.44394182462e-12	1.950636584e-05	100.0
7.2890738745e-05	-8.02527356227e-05	-0.000900008904004	0.00862782357543	-0.010343671931	-0.11301394876	1.44394182462e-12	1.950636584e-05	100.0
-0.000125198516164	-2.62938050127e-05	-0.000301599577587	-0.0154869068709	-0.00225875212458	-0.0328371582485	1.44394182462e-12	1.950636584e-05	100.0
0.000328417748382	-0.000647291719801	0.000696122119604	0.0406491999531	-0.0824215273793	0.087117782535	1.44386638974e-12	1.9505346782e-05	100.0
0.00020814882565	-0.000580347427331	0.000958162556922	0.0256994145967	-0.0742995784045	0.120991405948	1.44386638974e-12	1.9505346782e-05	100.0
0.000295714001416	-6.6046701386e-05	-0.000478606841013	0.0361418868514	-0.00851308642856	-0.0577973272312	1.44386638974e-12	1.9505346782e-05	100.0
0.000212103541652	-0.000307401662917	-0.000607478605924	0.0258139480456	-0.0393261333543	-0.0748040529532	1.44386638974e-12	1.9505346782e-05	100.0
0.000329439826699	-0.000978358027592	-0.000192252959901	0.0400361919509	-0.123522196892	-0.0235742738876	1.44386638974e-12	1.9505346782e-05	100.0
2.82333956562e-05	-0.000990335037636	0.000307545931882	0.00232619980255	-0.125294607925	0.0379204716381	1.44351335449e-12	1.9500577591e-05	100.0
4.6727628517e-05	0.000396263194032	0.000408134636418	0.00543321324119	0.0478742434186	0.047497355951	1.44351335449e-12	1.9500577591e-05	100.0
-0.000179680966549	-0.000825212176031	8.1135871234e-05	-0.023112758201	-0.101893309801	0.00972507052559	1.44351335449e-12	1.9500577591e-05	100.0
-2.20812136225e-05	0.000573425650309	-4.21595424513e-05	-0.0022186836642	0.0658882953777	-0.00437576360733	1.44351335449e-12	1.9500577591e-05	100.0
0.000221024668241	-0.00053466604261	-0.000943806197504	0.0273686302923	-0.0684029919635	-0.119201206538	1.44351335449e-12	1.9500577591e-05	100.0
3.89491422253e-05	0.00050470911579	0.000531708517754	0.00458346502998	0.0626807233484	0.0648135235508	1.44343238772e-12	1.9499483802e-05	100.0
0.00012331776233	0.000227060417645	-0.000337371004539	0.0136225631578	0.0276626104517	-0.0368271175111	1.44343238772e-12	1.9499483802e-05	100.0
0.000340964993862	-0.000679566554218	-0.000518999637413	0.0420836389458	-0.0865581368088	-0.064104838656	1.44343238772e-12	1.9499483802e-05	100.0
-0.000342493882167	-0.000349474268186	0.000323717006635	-0.0435229779168	-0.0437592450613	0.0381703513966	1.44265792293e-12	1.9489021473e-05	100.0
-0.000228687871919	-0.0002307046715	0.000628101149758	-0.0297579637861	-0.029120049806	0.077573444934	1.44265792293e-12	1.9489021473e-05	100.0
-0.000281339476632	-0.000442274576345	0.000362276704925	-0.0359016469771	-0.0555290633964	0.0430334836343	1.44265792293e-12	1.9489021473e-05	100.0
-0.000251398530661	0.000213547069023	0.000430164312085	-0.0312381820588	0.026754730122	0.0504028124062	1.44265792293e-12	1.9489021473e-05	100.0
-0.000136248901723	-0.000203343787292	0.000809288503062	-0.0182338990128	-0.0259654229355	0.101038192605	1.44265792293e-12	1.9489021473e-05	100.0
-2.91945626977e-05	-0.000647886347797	0.000576018152744	-0.00488316238726	-0.0820182044943	0.0714051147437	1.44265792293e-12	1.9489021473e-05	100.0
-0.000155672498466	0.000399808340527	0.000487451332367	-0.0193948350419	0.0490278371874	0.0584096392086	1.44265792293e-12	1.9489021473e-05	100.0
4.39727400425e-05	-0.000590365843335	0.00055329741708	0.00452436805926	-0.0747477889923	0.0682497495464	1.44265792293e-12	1.9489021473e-05	100.0
0.000201172883947	-0.000864892781057	0.000177348660592	0.0233063550574	-0.10801035094	0.0217224383345	1.44265792293e-12	1.9489021473e-05	100.0
-9.53244081903e-06	-0.000285645505855	4.16241163645e-06	-0.000880018796807	-0.0394741388413	-0.000433890148183	1.44265792293e-12	1.9489021473e-05	100.0
8.85231562591e-05	-0.000908733126507	1.65349083842e-05	0.00928668156464	-0.112946735344	0.00207803502813	1.44265792293e-12	1.9489021473e-05	100.0
-9.59619767168e-05	-0.00102098926339	-0.000309341599432	-0.0134906375283	-0.129290713526	-0.0381710705431	1.44265792293e-12	1.9489021473e-05	100.0
9.09227008603e-05	-0.000777216811282	-0.000300772207348	0.00967712183003	-0.0972053098626	-0.0357243640972	1.44265792293e-12	1.9489021473e-05	100.0
2.33335138219e-05	-0.000717386999613	-0.000519350844811	0.00178231439931	-0.0907756934098	-0.0641753081365	1.44265792293e-12	1.9489021473e-05	100.0
-0.000219879778042	-0.000659674481871	-0.000380337337101	-0.0284967167897	-0.0831355304642	-0.0457312781702	1.44265792293e-12	1.9489021473e-05	100.0
-0.000172316894153	-0.000335507427313	-0.0006626501177	-0.0226287385906	-0.0426577321384	-0.081937910334	1.44265792293e-12	1.9489021473e-05	100.0
-6.79465901115e-05	0.000309182225118	-0.000548282124165	-0.00867787377342	0.0380449300071	-0.066047895149	1.44265792293e-12	1.9489021473e-05	100.0
-0.00016799103422	-0.000199570190493	-0.000741971444317	-0.0220752213161	-0.0254732190184	-0.0922010685062	1.44265792293e-12	1.9489021473e-05	100.0
0.000134298513014	-0.000161425230346	4.90880910934e-05	0.0133161027851	-0.0196590878766	0.00223245950396	1.44256890976e-12	1.9487818985e-05	100.0
0.00041252682767	-0.000945373390532	0.000215834004755	0.0506535715718	-0.119537200607	0.0265191439734	1.44256890976e-12	1.9487818985e-05	100.0
-8.68583796427e-05	-9.69792487361e-05	5.4973322405e-05	-0.0123997791125	-0.00961190332972	0.00714747036756	1.44256890976e-12	1.9487818985e-05	100.0
-8.15643937103e-05	-0.000113786255916	-4.24563924004e-05	-0.00947315021165	-0.0118770662783	-0.00437629638015	1.44256890976e-12	1.9487818985e-05	100.0
0.000236282341584	-0.000795180436482	0.000168681338825	0.0271372911497	-0.0990563317308	0.0201288867872	1.44256890976e-12	1.9487818985e-05	100.0
-0.000182312164019	0.000215474883561	0.000255952000545	-0.0205749082064	0.0266459917623	0.0256530386306	1.44180550876e-12	1.9477506119e-05	100.0
-8.8546156533e-05	-0.000491804982429	0.000677138338106	-0.0121279688676	-0.0625426427634	0.0840027711082	1.44180550876e-12	1.9477506119e-05	100.0
-5.08691799274e-05	-0.000947901795904	0.000360353454469	-0.00765911742015	-0.120026181975	0.0444061198645	1.44180550876e-12	1.9477506119e-05	100.0
-1.97809675115e-05	-1.23760938022e-05	-1.69980414908e-05	-0.00116563737735	0.00547201363935	-0.00113036538303	1.44180550876e-12	1.9477506119e-05	100.0
0.000255491670304	-0.000930018789967	0.000606710014744	0.0312252462647	-0.118226564142	0.0762935980993	1.44180550876e-12	1.9477506119e-05	100.0
-0.000155166499566	0.000300803718305	-0.000476172131159	-0.019455017785	0.0371440095398	-0.0562683241992	1.44180550876e-12	1.9477506119e-05	100.0
0.000217750743494	0.000473526519713	-2.67708009516e-05	0.0235624330188	0.0543733259129	-0.00264163173884	1.44170995791e-12	1.9476215312e-05	100.0
0.000331513547565	-0.000949666935801	0.000710424190349	0.0411213071232	-0.121063022006	0.0894890776263	1.44170995791e-12	1.9476215312e-05	100.0
0.000286681559532	-0.000939358056184	0.00102487286719	0.0356758630229	-0.12018733545	0.130096766653	1.44170995791e-12	1.9476215312e-05	100.0
3.23699084221e-05	-0.000173505949293	-4.24562831395e-05	0.00104268802497	-0.0215674750834	-0.000619504043907	1.44170995791e-12	1.9476215312e-05	100.0
0.000254957835954	0.000178324668842	-0.000263459881024	0.0288514909196	0.0221939032621	-0.0283456235385	1.44170995791e-12	1.9476215312e-05	100.0
-6.26544640057e-05	0.000296012520852	-0.000767695593277	-0.00847604102688	0.0369715509985	-0.0956415095849	1.44170995791e-12	1.9476215312e-05	100.0
-1.77429058427e-05	0.000116578630875	-0.000684154127536	-0.00274769173672	0.0141681784254	-0.0844004204163	1.44170995791e-12	1.9476215312e-05	100.0
-4.92905173349e-05	-0.000320977976413	-0.000258506904744	-0.0068519020304	-0.0404959898096	-0.0280419923554	1.44170995791e-12	1.9476215312e-05	100.0
0.00027689587527	-0.000851293168573	-7.10923965912e-05	0.0324792563727	-0.106297722248	-0.00858760327998	1.44170995791e-12	1.9476215312e-05	100.0
0.000318952066475	-0.00103757030587	-0.000144273398338	0.0388099761606	-0.131030062986	-0.0179529918687	1.44170995791e-12	1.9476215312e-05	100.0
1.3054906597e-05	-0.000361660387777	3.33153988809e-05	-0.00279964336682	-0.049135480514	-0.00233290371635	1.44128199068e-12	1.9470433856e-05	100.0
-1.39764433525e-05	-0.000134222706467	0.000836302572721	-0.00258883020748	-0.0173147424842	0.104567261605	1.44128199068e-12	1.9470433856e-05	100.0
0.000171888826242	0.000543161128583	-0.000274799018894	0.0204430453104	0.0657737455035	-0.0316687588444	1.44128199068e-12	1.9470433856e-05	100.0
0.000144319649611	0.000140845983953	-0.000959152947556	0.0178812219889	0.0174945285432	-0.120743618913	1.44128199068e-12	1.9470433856e-05	100.0
0.000386334967734	-0.00105337680906	-0.000359228106146	0.0477772893296	-0.133792051737	-0.0448229108152	1.44128199068e-12	1.9470433856e-05	100.0
0.000200358563198	-0.000765683045113	0.000572548500893	0.024236440155	-0.0971476052553	0.0714499608059	1.44095510619e-12	1.9466017938e-05	100.0
-0.000100148462568	-0.000272676082782	-0.000495237406798	-0.0134221694837	-0.0342017732341	-0.0598875726661	1.44095510619e-12	1.9466017938e-05	100.0
-0.000187146346295	0.000211101161114	-0.000327637540185	-0.0222601340879	0.0260246301189	-0.0357794238226	1.44095510619e-12	1.9466017938e-05	100.0
0.00020701778524	-0.00113221207032	0.000655502380643	0.0252240564954	-0.144445834631	0.0826966446112	1.44085553214e-12	1.9464672782e-05	100.0
0.00028986983286	-0.00122956222144	8.11271584496e-05	0.0354611098039	-0.156078593459	0.010347344682	1.44085553214e-12	1.9464672782e-05	100.0
0.000207391469209	0.000257865929137	0.00057264387608	0.0253016400332	0.0321277981678	0.0697540755352	1.44043007941e-12	1.9458925295e-05	100.0
0.000229647721022	-0.000845909770091	0.00017105555957	0.0268712199465	-0.105956060206	0.0200885887841	1.44010772101e-12	1.9454570521e-05	100.0
1.94602530168e-05	0.000238906130981	-0.000957181444629	0.00196415980504	0.0300069782712	-0.120348178865	1.44010772101e-12	1.9454570521e-05	100.0
-2.44689624169e-05	-0.00013771407868	-3.46075218509e-05	-0.00646350666812	-0.0161752207219	-0.00816075218637	1.44000563247e-12	1.9453191396e-05	100.0
-4.0940072875e-05	-7.81796267171e-05	1.19409583742e-05	-0.00708301435675	-0.00571265182941	0.0025945574082	1.44000563247e-12	1.9453191396e-05	100.0
0.000276881559237	-0.000157454490948	0.000302637810125	0.0329869433809	-0.0198586465845	0.0348902408653	1.44000563247e-12	1.9453191396e-05	100.0
-0.000107745690106	0.000501383575696	0.000139987772486	-0.0119159427226	0.0574858443082	0.0143305950508	1.44000563247e-12	1.9453191396e-05	100.0
1.85947202509e-05	0.000457826841007	0.000241480339218	0.00201834632152	0.0530925713557	0.0256724369449	1.44000563247e-12	1.9453191396e-05	100.0
0.000315940097415	-0.000698074787371	0.000291169063003	0.0378972565971	-0.0880647342172	0.0346040092243	1.44000563247e-12	1.9453191396e-05	100.0
0.000221935356805	-0.000297090917144	0.00105252540182	0.0276134970826	-0.0382846674954	0.133138270547	1.44000563247e-12	1.9453191396e-05	100.0
-0.000108385818549	0.000490629980397	8.47083507586e-05	-0.0113999503167	0.0550000978895	0.00805692458667	1.44000563247e-12	1.9453191396e-05	100.0
8.01393723915e-05	-0.000262889894782	0.00106857367342	0.00953933319692	-0.033854872338	0.135465542057	1.44000563247e-12	1.9453191396e-05	100.0
-9.76983572401e-05	0.000445949738254	-0.000117980673591	-0.00964789312772	0.048893908753	-0.0108118254347	1.44000563247e-12	1.9453191396e-05	100.0
-2.86919002518e-05	0.000441753461582	-0.000125498793874	-0.00262305978907	0.0476067420505	-0.0106747243894	1.44000563247e-12	1.9453191396e-05	100.0
1.22649858893e-05	0.000349488412251	-0.000276495986918	0.00124385261502	0.0405735566798	-0.0280724364079	1.44000563247e-12	1.9453191396e-05	100.0
-0.000117051587058	0.000395445466638	-0.00021832828787	-0.0128087365283	0.0454999127029	-0.0217000180762	1.44000563247e-12	1.9453191396e-05	100.0
6.33439890325e-06	0.000309905711653	-0.00091515443428	0.000322602165918	0.0389907634408	-0.115004511617	1.44000563247e-12	1.9453191396e-05	100.0
0.00018764306263	0.000125809059487	-0.000638642256317	0.0229703260064	0.0157023075779	-0.078370678206	1.44000563247e-12	1.9453191396e-05	100.0
0.00013284530372	-0.00100422911788	-0.00048693933004	0.0155045810977	-0.127426930659	-0.0609226150421	1.44000563247e-12	1.9453191396e-05	100.0
0.000101040123795	-3.96246814461e-05	-0.000241950681394	0.0104747593522	-0.0038125333293	-0.025133196616	1.44000563247e-12	1.9453191396e-05	100.0
0.000202602002623	-0.000446173417012	-0.000602269085338	0.0246019451897	-0.0569692211653	-0.0742451370731	1.44000563247e-12	1.9453191396e-05	100.0
0.000363603238465	-0.00114086196268	-0.000299961990622	0.0449000962964	-0.144951567534	-0.0374375836332	1.44000563247e-12	1.9453191396e-05	100.0
0.000198178650025	-0.000262003659521	-0.000826507489989	0.02444173688	-0.0337313531091	-0.103456205401	1.44000563247e-12	1.9453191396e-05	100.0
0.000132124202908	-0.000336618865806	-0.000824547875533	0.0159275906532	-0.0431190888875	-0.103101904025	1.44000563247e-12	1.9453191396e-05	100.0
3.1191790169e-05	0.000230901756077	0.000752920922089	0.0034022890854	0.0287940406071	0.0934095310239	1.43958219133e-12	1.9447471084e-05	100.0
-6.78065115e-05	-0.000123704339697	1.74862229386e-05	-0.00990977009426	-0.0134321363865	0.00244504989926	1.43958219133e-12	1.9447471084e-05	100.0
0.000295241756994	-0.00111119655502	0.000417785284199	0.0363062546929	-0.141320115145	0.0521523953167	1.43958219133e-12	1.9447471084e-05	100.0
6.4687787861e-05	-0.000840353726505	0.000669697244628	0.00708409638337	-0.107134843624	0.0838802748477	1.43958219133e-12	1.9447471084e-05	100.0
0.00030241496714	-0.000990518944733	-9.4883071688e-06	0.0364648016024	-0.124696911484	-0.00133566907909	1.43958219133e-12	1.9447471084e-05	100.0
0.000141743221289	-0.00123795702675	-7.79846843502e-05	0.016570299775	-0.157057157776	-0.00977120281668	1.43958219133e-12	1.9447471084e-05	100.0
0.000209172726547	-0.000621537007518	-0.000259380142407	0.0235958643329	-0.077808595616	-0.0297121571512	1.43958219133e-12	1.9447471084e-05	100.0
-0.000143894464007	0.000533162864015	0.000245690789234	-0.016941780175	0.0633681558411	0.027984191018	1.43926285033e-12	1.9443157072e-05	100.0
0.000110524364616	-0.000920850972246	-0.000127289359641	0.0120103230395	-0.114977270875	-0.0151270856948	1.43926285033e-12	1.9443157072e-05	100.0
-3.38907705436e-05	-7.25714988602e-05	1.88784013448e-05	-0.00606517735428	-0.00504659278181	0.00703207643771	1.43926285033e-12	1.9443157072e-05	100.0
8.3825394595e-05	-0.00091694444552	-0.000725068205867	0.00949906084357	-0.116928538668	-0.0912831376388	1.43926285033e-12	1.9443157072e-05	100.0
-0.000104057087813	-0.000174614255362	-1.39322070003e-05	-0.0107290544788	-0.0203062142982	0.0021658732645	1.43926285033e-12	1.9443157072e-05	100.0
0.000132268244297	0.000360138284141	0.000276207191504	0.0144215201272	0.042688884199	0.0290435476721	1.43916025889e-12	1.9441771153e-05	100.0
0.000150464122094	-0.000516916708087	0.000129195827237	0.0145236546273	-0.0656184672819	0.0110433345022	1.43916025889e-12	1.9441771153e-05	100.0
0.000204443832515	-0.00028865807328	0.000335950740481	0.0239017132061	-0.0367363657632	0.0389541032745	1.43916025889e-12	1.9441771153e-05	100.0
5.16030525547e-05	0.000500771737836	0.000225547219249	0.00575006490012	0.0585733679349	0.024209195073	1.43916025889e-12	1.9441771153e-05	100.0
0.000401902167108	-0.000473631900497	0.000594127250536	0.0499384513866	-0.0602890542247	0.0736727138772	1.43916025889e-12	1.9441771153e-05	100.0
0.000183947480216	-0.000362146040772	0.000849461209276	0.022512107387	-0.0462599294777	0.106592908828	1.43916025889e-12	1.9441771153e-05	100.0
0.000386929632502	-0.000837644447502	0.000540512499233	0.0478766747093	-0.10636831186	0.0675323872474	1.43916025889e-12	1.9441771153e-05	100.0
0.000261566789794	-0.000530181030605	0.000878383815392	0.0325109041093	-0.0678565454238	0.11077681656	1.43916025889e-12	1.9441771153e-05	100.0
-3.46847908778e-05	-0.000376757132032	9.21196336587e-06	-0.00476268072721	-0.0493085316619	-0.000951071750382	1.43916025889e-12	1.9441771153e-05	100.0
0.000147709018882	0.000478198413676	-0.000777267789547	0.0184081443217	0.0602470857353	-0.0972462643039	1.43916025889e-12	1.9441771153e-05	100.0
-1.68373017317e-05	0.000276773687695	-0.000528178001961	-0.00262368968209	0.0344282517324	-0.0633636112057	1.43916025889e-12	1.9441771153e-05	100.0
0.000312546167571	-0.00139047178597	-0.000228873302152	0.0385619128441	-0.177217820229	-0.0288932233658	1.43916025889e-12	1.9441771153e-05	100.0
0.0003909403219	-0.000279587068668	-0.000632411121063	0.0486153930971	-0.0357775932966	-0.0784446972257	1.43916025889e-12	1.9441771153e-05	100.0
0.00036155475602	-0.00038122985927	-0.000643495076551	0.0448824108177	-0.0487061880366	-0.0799003124904	1.43916025889e-12	1.9441771153e-05	100.0
0.000187788091478	-0.000484525775834	-0.000138544971944	0.0193815233155	-0.0612675896285	-0.0131480100752	1.43916025889e-12	1.9441771153e-05	100.0
-0.000290843112522	-0.000655814931415	0.000236255762162	-0.0366909844169	-0.0819318174341	0.0275839532093	1.43884142079e-12	1.9437463934e-05	100.0
6.20068839382e-05	-0.000105884068041	0.0010721276093	0.00734679639699	-0.0139528447851	0.135374234764	1.43884142079e-12	1.9437463934e-05	100.0
-0.000239975212368	0.000356309855732	0.000263781892626	-0.0278528261625	0.0422675409717	0.0288230545905	1.43884142079e-12	1.9437463934e-05	100.0
1.06491262827e-05	-0.00069391289685	0.000237504800688	-0.000253312765739	-0.0858055738311	0.0263710462172	1.43884142079e-12	1.9437463934e-05	100.0
0.000244662940507	-0.000979440235575	-0.000275573795456	0.0295721213576	-0.123809231075	-0.0339320080003	1.43884142079e-12	1.9437463934e-05	100.0
-0.000177958853394	-0.000480896684581	-0.000170131398334	-0.0206225673395	-0.0601000166925	-0.016211436191	1.43884142079e-12	1.9437463934e-05	100.0
-4.25059115036e-05	-0.000711677370151	-0.000757901453339	-0.00657952717133	-0.0904596225356	-0.0953259879209	1.43884142079e-12	1.9437463934e-05	100.0
-0.000217188977998	-0.000490331007993	-0.000170435435282	-0.0256117382941	-0.0614196121013	-0.0168509321093	1.43884142079e-12	1.9437463934e-05	100.0
-2.43093556612e-05	7.55920416386e-05	-0.000861428724734	-0.0036041406543	0.00906050846048	-0.10792136825	1.43884142079e-12	1.9437463934e-05	100.0
1.67935536746e-05	-0.000813213054576	0.000720607580613	0.00104513244371	-0.103497232709	0.0903763695457	1.43842049415e-12	1.9431777591e-05	100.0
-0.000229925572744	0.000840112724345	0.000570205330423	-0.0292674115266	0.105638184358	0.0712453144309	1.43842049415e-12	1.9431777591e-05	100.0
8.88616924546e-05	-0.00133097568594	-0.00019447631019	0.00994302112515	-0.169492164191	-0.0245442646642	1.43842049415e-12	1.9431777591e-05	100.0
-0.000122457368138	0.000455622935955	8.13167341358e-06	-0.0115700826819	0.0490577977701	0.000844051743657	1.43842049415e-12	1.9431777591e-05	100.0
4.35977593142e-05	-0.000743617710529	-0.00082744638711	0.00453189046335	-0.0948759673941	-0.104126303689	1.43842049415e-12	1.9431777591e-05	100.0
-0.000211650501674	0.000273016893515	-0.000310952324043	-0.02483809698	0.0330482621162	-0.0339564732719	1.43842049415e-12	1.9431777591e-05	100.0
8.11931623971e-05	0.000469566866215	0.000625994888375	0.00983964152788	0.0584929917323	0.0771022593923	1.43831941141e-12	1.9430412053e-05	100.0
0.000375879435121	-0.000631278625639	-0.000536176514998	0.0463283345058	-0.0801917456018	-0.066354945943	1.43831941141e-12	1.9430412053e-05	100.0
-0.000180430274052	4.02771370181e-05	9.91467730964e-05	-0.019881873698	0.00906660556305	0.00682232826711	1.43800007041e-12	1.9426098041e-05	100.0
0.000115430372406	-0.00057879495097	0.000331589015371	0.012642086635	-0.0725440335892	0.0384752715794	1.43800007041e-12	1.9426098041e-05	100.0
0.000272199926961	-0.0006630013156	0.00050427629114	0.0331376344534	-0.083981695253	0.0622350496082	1.43800007041e-12	1.9426098041e-05	100.0
0.00018243887093	-0.00107510804303	0.000360207380305	0.0217999607014	-0.136407023816	0.0449708416963	1.43800007041e-12	1.9426098041e-05	100.0
-8.14225315976e-06	0.000639547421159	0.000623990282844	-0.00116272490615	0.0797435206582	0.0774902277094	1.43800007041e-12	1.9426098041e-05	100.0
0.000153314356125	-0.000956191349453	2.42232371039e-05	0.0174795544817	-0.119628026135	0.00315525741767	1.43800007041e-12	1.9426098041e-05	100.0
1.15075508204e-05	0.000381409809445	-0.000581143582734	0.000987968216462	0.0474936406083	-0.0709707330807	1.43800007041e-12	1.9426098041e-05	100.0
-6.93129582492e-05	-0.000536614226883	-0.000894245687816	-0.00978655015257	-0.068484813449	-0.112550888475	1.43800007041e-12	1.9426098041e-05	100.0
-4.98374515554e-05	1.28316625084e-05	5.12918155766e-05	-0.00234384848784	0.00836338316621	0.00888649171232	1.43800007041e-12	1.9426098041e-05	100.0
-5.45621816354e-05	0.000499814069539	-0.000751849573886	-0.00719103212939	0.062676597932	-0.0937140037562	1.43800007041e-12	1.9426098041e-05	100.0
-0.000173908411325	6.68994048991e-05	-0.00058850816759	-0.0222687688299	0.00827043015684	-0.0715019020623	1.43800007041e-12	1.9426098041e-05	100.0
-0.00027807852961	-5.02726448893e-05	0.000449469867608	-0.0354368320206	-0.0057887439179	0.0536912153638	1.43758014956e-12	1.9420425285e-05	100.0
-0.000145948784176	-0.00033267612944	0.00096665392805	-0.0195023106896	-0.0424542003021	0.121986565401	1.43758014956e-12	1.9420425285e-05	100.0
-0.000150696420507	-0.000665071208931	0.000127924684419	-0.0177609627501	-0.0805500520652	0.0117544500451	1.43758014956e-12	1.9420425285e-05	100.0
-0.000247342380188	0.000378664064	0.000984383167026	-0.0319292392468	0.0476440102099	0.123972903221	1.43758014956e-12	1.9420425285e-05	100.0
0.000312440211631	-0.00020566911434	0.00083348173725	0.0390070055974	-0.0263238893569	0.104619666954	1.43758014956e-12	1.9420425285e-05	100.0
0.00019035387618	-0.000909667659528	0.000666716470183	0.0230289529536	-0.115806296219	0.0838760596505	1.43758014956e-12	1.9420425285e-05	100.0
-0.000174900929783	0.000574161871811	0.000110674224503	-0.0203956268824	0.0677597050566	0.0121130635477	1.43758014956e-12	1.9420425285e-05	100.0
-4.39163236305e-05	0.000522807194047	-0.000500379123946	-0.00554823280623	0.0642088545071	-0.0607795427271	1.43758014956e-12	1.9420425285e-05	100.0
-9.69480850238e-05	0.000301689401927	-0.00072080217222	-0.0125854984646	0.0375164445802	-0.08917246473	1.43758014956e-12	1.9420425285e-05	100.0
1.0369500933e-05	-0.000321953447898	-5.32735884609e-05	-0.00373081814327	-0.0440488484995	-0.00945401762573	1.43748258711e-12	1.9419107304e-05	100.0
-0.000147051003287	0.000543454086603	0.000343034252867	-0.0179919130681	0.0659757454992	0.0405541963429	1.43748258711e-12	1.9419107304e-05	100.0
-0.000137993024603	0.000438713766452	0.000598508496298	-0.0175639748693	0.0545377064651	0.0734556895475	1.43748258711e-12	1.9419107304e-05	100.0
0.000213877249618	0.000331442038352	0.000553016707343	0.0263856598118	0.0410308875161	0.0674459111416	1.43748258711e-12	1.9419107304e-05	100.0
-0.000163207426655	0.000574762511443	-0.000144308971043	-0.0191691481781	0.068101082128	-0.0161700305743	1.43748258711e-12	1.9419107304e-05	100.0
-9.63931661896e-05	0.00058154415623	-0.000350259425651	-0.0119194503413	0.0709850537656	-0.0415639699488	1.43748258711e-12	1.9419107304e-05	100.0
0.000236373101706	-0.000146529794257	-0.000198479982396	0.0272997107933	-0.0182909771247	-0.0212898786824	1.43748258711e-12	1.9419107304e-05	100.0
0.000268823993943	-0.000761843661255	-0.000786271356602	0.0331493850324	-0.0971220216849	-0.0990825565147	1.43748258711e-12	1.9419107304e-05	100.0
6.88396101683e-05	-0.000359845188231	-5.55965786143e-05	0.00420709311366	-0.048191772951	-0.00158242928366	1.43748258711e-12	1.9419107304e-05	100.0
0.000243261368893	-2.87074370324e-05	-0.000730067815197	0.0300042623709	-0.0038110146637	-0.090747769246	1.43748258711e-12	1.9419107304e-05	100.0
0.00014205303235	-0.000360853385161	-0.00109069433333	0.0173112610582	-0.0463070807105	-0.137937950381	1.43748258711e-12	1.9419107304e-05	100.0
0.000288496231023	-0.000935629076704	-0.000942292767473	0.0358462642797	-0.119600161939	-0.119292489202	1.43748258711e-12	1.9419107304e-05	100.0
-1.30879999544e-05	-0.000936419589694	-0.000217960765561	-0.00295152438003	-0.117542180894	-0.0264699285858	1.43716123452e-12	1.9414766117e-05	100.0
-0.000156415377803	-0.000480225942053	-0.000544362963089	-0.020735322179	-0.0605879613877	-0.0667943779678	1.43716123452e-12	1.9414766117e-05	100.0
-0.000107090391815	-0.000952542832817	0.000132747629596	-0.0147459155034	-0.119221865528	0.01613863538	1.43674282237e-12	1.9409113742e-05	100.0
-5.01194545873e-05	-0.00107210089181	3.44560834187e-05	-0.00780959975235	-0.134998549078	0.00419312418557	1.43674282237e-12	1.9409113742e-05	100.0
0.000126995157011	-0.000330452732005	-0.000810473540985	0.0154703916328	-0.0425943019531	-0.101589592249	1.43674282237e-12	1.9409113742e-05	100.0
0.000335377876812	-0.000635018167976	-0.000957869249004	0.0419848041561	-0.0813625173772	-0.121057499987	1.43674282237e-12	1.9409113742e-05	100.0
0.000102437262397	0.00040965818087	0.000334097368673	0.0116118994134	0.0493586107532	0.0373367007916	1.43664978602e-12	1.9407856904e-05	100.0
0.000358889013839	-5.95930608643e-05	0.0006386524658	0.0446560290498	-0.00780360945178	0.079019818651	1.43664978602e-12	1.9407856904e-05	100.0
-2.30548218197e-05	0.000640407546757	0.000419157759302	-0.00299130855671	0.0790348212701	0.0508516851738	1.43664978602e-12	1.9407856904e-05	100.0
0.000285579914387	-0.000552578778917	0.000325057484572	0.0339324860761	-0.069895085607	0.0383092726253	1.43664978602e-12	1.9407856904e-05	100.0
0.000180314949476	-0.000120519957615	0.00101410432629	0.0222559378792	-0.015636524822	0.127883352551	1.43664978602e-12	1.9407856904e-05	100.0
-7.0525170757e-05	-0.000116709562364	-4.95209461915e-05	-0.00828960573865	-0.0122960387811	-0.0069701274089	1.43664978602e-12	1.9407856904e-05	100.0
7.75158475568e-05	8.49508393036e-06	9.14502897333e-06	0.0041110135828	0.00634052479001	0.00433637526856	1.43664978602e-12	1.9407856904e-05	100.0
7.53819259073e-05	0.00049027946119	-0.000393656410652	0.00891479757089	0.0598425731116	-0.0463469838008	1.43664978602e-12	1.9407856904e-05	100.0
0.000326145844655	-0.000206726858954	-0.000509550450339	0.040043778482	-0.0264254028896	-0.0621575686378	1.43664978602e-12	1.9407856904e-05	100.0
0.000445972240887	-0.000470484267234	-0.000820394776715	0.0558739207091	-0.0601824625412	-0.103087570449	1.43664978602e-12	1.9407856904e-05	100.0
0.000218222507454	-0.000740233921658	-0.000153932320081	0.0244870295286	-0.091981843193	-0.0173279177449	1.43664978602e-12	1.9407856904e-05	100.0
0.000182449722735	-0.000531378942849	-0.000165209565112	0.0189852154899	-0.0667226544764	-0.0165509184547	1.43664978602e-12	1.9407856904e-05	100.0
0.000315172647454	-0.0012294404826	0.000217971991663	0.0388109049366	-0.156458447186	0.0271280822883	1.43632491312e-12	1.9403468161e-05	100.0
4.60039133171e-05	0.000127720038411	-0.00103700283904	0.00525842703915	0.0158929475711	-0.13064612321	1.43632491312e-12	1.9403468161e-05	100.0
0.000257984691904	-0.00012902375571	0.000386477481193	0.031047321702	-0.0164291255297	0.0456228469095	1.43623539706e-12	1.9402258879e-05	100.0
1.52544171687e-05	0.000476607214771	0.000155749208715	0.00188286118789	0.0532761655343	0.015255230797	1.43623539706e-12	1.9402258879e-05	100.0
0.000112234538483	0.000221776514136	-0.000722494908345	0.0136770635601	0.0275305522194	-0.0895365678487	1.43623539706e-12	1.9402258879e-05	100.0
5.78815916342e-05	2.69090451827e-05	-0.000865199974534	0.00661454887527	0.00327197903549	-0.108538061526	1.43623539706e-12	1.9402258879e-05	100.0
-0.000172937114372	5.32457340691e-05	0.000966521735393	-0.0226195175913	0.00637533385753	0.121494324994	1.43590750678e-12	1.9397829374e-05	100.0
-0.00010326406706	-0.000166455014817	0.000946330338511	-0.013872845517	-0.0214229628469	0.118826488005	1.43590750678e-12	1.9397829374e-05	100.0
-1.93201913094e-05	-0.00104521639899	0.000292568886751	-0.0037589114564	-0.132208275481	0.0360577411998	1.43590750678e-12	1.9397829374e-05	100.0
-1.76410833099e-05	-0.0001825665352	-2.90261882945e-05	-0.00318489903956	-0.0216035224866	-0.00457274553537	1.43590750678e-12	1.9397829374e-05	100.0
0.000154154208653	-0.000864091343648	-0.000203676834927	0.0176371291657	-0.108061319124	-0.0244160838871	1.43590750678e-12	1.9397829374e-05	100.0
-0.000133510086899	-0.000647088231571	-0.000128852534062	-0.0155025506347	-0.0776790631424	-0.011543530114	1.43590750678e-12	1.9397829374e-05	100.0
-6.68193664624e-05	-0.000624072360931	-0.000583860049854	-0.0094879130297	-0.0791073768339	-0.0720721376233	1.43590750678e-12	1.9397829374e-05	100.0
-0.000158639351008	-0.000661487692766	-0.000379565381922	-0.0207208996703	-0.0834860395481	-0.0452182836879	1.43590750678e-12	1.9397829374e-05	100.0
0.000276042310547	-0.000372409125379	0.000469959391768	0.0334100582401	-0.0473502833931	0.0569422421713	1.43582151101e-12	1.9396667648e-05	100.0
0.000454091305332	-0.000354186873764	0.000841718893663	0.0571615446218	-0.0454501233431	0.105908459824	1.43582151101e-12	1.9396667648e-05	100.0
0.000394118129116	-0.000850184329796	0.000360042385276	0.048390207645	-0.107570684734	0.0444471074759	1.43582151101e-12	1.9396667648e-05	100.0
1.48078814841e-05	-0.000397292286768	0.000656825422188	0.000986905262442	-0.0504326447401	0.0815169909084	1.43582151101e-12	1.9396667648e-05	100.0
0.000184329231853	-0.000701401047548	-2.009573163e-05	0.0187504980426	-0.0856459123291	-0.00256333602338	1.43582151101e-12	1.9396667648e-05	100.0
-0.000221971400546	-0.000933663266037	-5.72346903745e-05	-0.0290394979886	-0.116952491479	-0.00679914753903	1.43582151101e-12	1.9396667648e-05	100.0
7.31448592002e-05	0.000324245848253	0.000949208049189	0.00892154585479	0.0405629477823	0.119419608884	1.43540913366e-12	1.9391096797e-05	100.0
0.000332226950534	-0.000916537875295	-0.00076405057141	0.0412502585998	-0.116916155174	-0.0964067384559	1.43540913366e-12	1.9391096797e-05	100.0
-0.000210019277073	-0.000319812828125	0.000426447869495	-0.0270531078682	-0.040008442887	0.0509845359562	1.43507470568e-12	1.9386578974e-05	100.0
-0.000362801212999	-0.000475395757729	0.000267386402105	-0.0459007323335	-0.0597017510887	0.0314267577831	1.43507470568e-12	1.9386578974e-05	100.0
-0.000148768876327	-0.000435901071806	0.000521844320335	-0.0196277465266	-0.0550945920231	0.0635339413416	1.43507470568e-12	1.9386578974e-05	100.0
-0.000168894336676	-0.000514176469699	0.000537051216719	-0.022298674409	-0.0648592899925	0.0659461751318	1.43507470568e-12	1.9386578974e-05	100.0
0.000106452292526	-0.00115114127898	0.000204168582822	0.0120986239857	-0.145904233024	0.0253450095653	1.43507470568e-12	1.9386578974e-05	100.0
0.000176889106952	-0.00121876434823	-4.70100272249e-05	0.0210787144747	-0.154650159905	-0.00607976247966	1.43507470568e-12	1.9386578974e-05	100.0
6.3875563523e-05	-0.000774532847211	-0.000309842243249	0.00657865254677	-0.0969917172915	-0.0368905200424	1.43507470568e-12	1.9386578974e-05	100.0
0.000189070293786	-0.00061182128123	-0.000541441955022	0.0226017066161	-0.0771612459499	-0.0670738588935	1.43507470568e-12	1.9386578974e-05	100.0
-0.000128401980931	-0.000957334118927	-0.000524606362342	-0.0175910232955	-0.121826355622	-0.0657292905865	1.43507470568e-12	1.9386578974e-05	100.0
-0.000133837894579	-0.000321437038148	-0.000854603669168	-0.0178353353355	-0.0409347014491	-0.107039713245	1.43507470568e-12	1.9386578974e-05	100.0
-0.000153274136488	1.92282140818e-05	-0.000926514379927	-0.0202087312869	0.00220650498079	-0.116361974929	1.43507470568e-12	1.9386578974e-05	100.0
-7.49661251562e-05	8.3624888078e-06	-3.58672528947e-05	-0.00974537600203	0.00637991115503	-0.00328018919017	1.4349977621e-12	1.9385539535e-05	100.0
0.000202628303506	0.000227867269958	0.000470055270974	0.0243380887232	0.0282169468188	0.0559542927353	1.4349977621e-12	1.9385539535e-05	100.0
4.59343422018e-05	0.00027873678311	0.00106766185851	0.00536507517661	0.0350304300008	0.134757831007	1.4349977621e-12	1.9385539535e-05	100.0
0.000166461477249	-7.35036388255e-05	-0.000160810725918	0.0178801322603	-0.00813892795737	-0.0155786926351	1.4349977621e-12	1.9385539535e-05	100.0
-1.26660544026e-05	-0.00056146517179	-0.000853922778862	-0.0026128138777	-0.0716713727972	-0.107629654995	1.4349977621e-12	1.9385539535e-05	100.0
0.00033424396332	-0.000952438921245	-0.000635796691797	0.0413469088634	-0.121234378716	-0.0799310845788	1.4349977621e-12	1.9385539535e-05	100.0
0.000313559535991	0.000355750638234	-0.000490996074371	0.0388388883198	0.0440706841614	-0.059709490058	1.43458689344e-12	1.9379989066e-05	100.0
-0.000232321653693	-7.99476384793e-05	0.000161195237286	-0.027862454825	-0.0084462774363	0.0158061166721	1.43424441908e-12	1.9375362543e-05	100.0
1.53736296054e-05	-0.000527568039824	0.000804910506524	0.000963156866227	-0.0670931579967	0.1008627634	1.43424441908e-12	1.9375362543e-05	100.0
-0.000113020049249	-0.000780670710776	0.000511250569524	-0.0155348227764	-0.0986710031959	0.063309173376	1.43424441908e-12	1.9375362543e-05	100.0
-2.6006198613e-05	4.43382232472e-05	0.00106751512527	-0.0038580581326	0.0051306799771	0.1346505361	1.43424441908e-12	1.9375362543e-05	100.0
8.75573478333e-05	-0.000340870665895	0.001032941791	0.0104780641012	-0.0438025570603	0.130305682573	1.43424441908e-12	1.9375362543e-05	100.0
-0.000192635617153	-0.000921969933359	0.000209478868639	-0.0254441161338	-0.115663348332	0.0256341680965	1.43424441908e-12	1.9375362543e-05	100.0
-0.000283260901674	0.000501008124523	-0.000237534957942	-0.034040203384	0.0602833379934	-0.027192863363	1.43424441908e-12	1.9375362543e-05	100.0
-8.11222424171e-05	4.83454071489e-05	2.27703103324e-05	-0.0121797120971	0.013728972016	0.00367377328546	1.43417753348e-12	1.9374458978e-05	100.0
0.000227824696518	-0.000665274147789	0.000144396489649	0.025191271272	-0.0826399318367	0.0155539197888	1.43417753348e-12	1.9374458978e-05	100.0
6.80302120437e-05	-0.000282345385441	0.000523464540883	0.00769349951099	-0.0359240701257	0.0635381509858	1.43417753348e-12	1.9374458978e-05	100.0
-4.85985282389e-05	-0.000363397349913	6.51492744723e-05	-0.0102971469201	-0.0513579200104	0.00867879367147	1.43417753348e-12	1.9374458978e-05	100.0
0.000116945395527	0.000354613826673	-0.000415594905075	0.0136369778651	0.0433884057274	-0.0481936525607	1.43417753348e-12	1.9374458978e-05	100.0
0.000227541510362	0.000264186908023	-0.000784740201453	0.0284689217277	0.0332702493088	-0.0981479967872	1.43417753348e-12	1.9374458978e-05	100.0
0.000120393377377	-0.000802960791206	-0.000194475459576	0.0131470043015	-0.0997575981808	-0.0227250842121	1.43417753348e-12	1.9374458978e-05	100.0
-0.000157433261555	-0.00039216929587	0.000155818128927	-0.0183467225467	-0.0498977645118	0.0142930413685	1.43383003012e-12	1.9369764517e-05	100.0
-0.000191324790126	-0.000353044725221	-4.68492356837e-05	-0.0203153691601	-0.0454289575526	-0.00734966829469	1.43383003012e-12	1.9369764517e-05	100.0
-0.000202496900292	-0.000740988367624	0.0003937539395	-0.026592482383	-0.0932933192608	0.047909163528	1.43383003012e-12	1.9369764517e-05	100.0
-0.0001830395745	0.000477691918987	0.000748539762338	-0.0235317528147	0.0598786580252	0.0932196411847	1.43383003012e-12	1.9369764517e-05	100.0
0.000281916779488	-0.00068473418138	0.0014666091474	0.0352793797141	-0.087873164437	0.186913281528	1.43383003012e-12	1.9369764517e-05	100.0
4.18896236075e-05	-0.000749983763639	-4.15259143384e-05	0.00298702001083	-0.0903447714682	-0.00365285461449	1.43383003012e-12	1.9369764517e-05	100.0
-0.000124519610278	0.000591830834254	-0.000529155667153	-0.0157490915311	0.0733614487556	-0.0648767590867	1.43383003012e-12	1.9369764517e-05	100.0
-4.17927049118e-05	-0.000352464469623	-5.27563716467e-05	-0.00737524456501	-0.0493177712758	-0.00559136680779	1.43376917932e-12	1.9368942477e-05	100.0
7.25870417218e-05	-0.000202684279289	5.04501802358e-06	0.00525403398171	-0.0258536121041	-0.00309690428942	1.43376917932e-12	1.9368942477e-05	100.0
5.90970906306e-08	0.000142355533814	0.00102214838336	-0.000518504562425	0.017713383467	0.128884338516	1.43376917932e-12	1.9368942477e-05	100.0
0.00019989554104	-0.00125994159996	0.000260827392031	0.0240238117824	-0.160181126854	0.0326384460307	1.43376917932e-12	1.9368942477e-05	100.0
0.000221270828309	7.28101697172e-05	-0.000342696995025	0.0257051813963	0.00941137095833	-0.0388629963817	1.43376917932e-12	1.9368942477e-05	100.0
0.00011027111301	-0.000414614918125	-0.000899630833449	0.0131258669446	-0.0530298778184	-0.113087036989	1.43376917932e-12	1.9368942477e-05	100.0
0.000318291508209	-0.00115391000515	-0.000615683579472	0.0393695059392	-0.147115752811	-0.0777108748077	1.43376917932e-12	1.9368942477e-05	100.0
-0.00017098005899	0.000172458119299	0.000557406988374	-0.0216229667049	0.0213667562145	0.0671779505288	1.43341614407e-12	1.9364173286e-05	100.0
9.05026964665e-05	-0.000424594381082	0.00115503924556	0.0107998873701	-0.0545075498834	0.146270642562	1.43341614407e-12	1.9364173286e-05	100.0
0.000206978918558	-0.000390875369418	0.000239807624307	0.023234921267	-0.0494965850663	0.0264681946987	1.43336132806e-12	1.9363432771e-05	100.0
0.000174085146755	-4.44826841342e-05	0.000759207058553	0.0212744491394	-0.00588105212916	0.0943573591553	1.43336132806e-12	1.9363432771e-05	100.0
5.85144386891e-05	0.00062668553487	-0.000621755659835	0.00717662508411	0.0783535627594	-0.0771163972589	1.43336132806e-12	1.9363432771e-05	100.0
-7.65680476026e-05	0.000509720363239	-0.000627452288096	-0.00983157092486	0.0635960111434	-0.077464790225	1.43336132806e-12	1.9363432771e-05	100.0
-0.000200209981625	-0.000246340519692	0.000403809206417	-0.0256011530292	-0.0307650006057	0.0477037661089	1.43259038356e-12	1.9353017998e-05	100.0
-0.000249618113869	-1.62416817046e-05	0.000688863586011	-0.0322019076821	-0.0021315512901	0.0851861897847	1.43259038356e-12	1.9353017998e-05	100.0
-0.000294572845822	-0.000558213834497	0.000123898955208	-0.0354141940553	-0.0694649157906	0.0126450491226	1.43259038356e-12	1.9353017998e-05	100.0
-9.31816214414e-05	-0.000616035341331	0.000439017952914	-0.0127700162695	-0.0775043148875	0.0528878706965	1.43259038356e-12	1.9353017998e-05	100.0
0.000208892883253	1.45888120953e-05	0.000802160615311	0.0259252285758	0.00143825055607	0.100133307905	1.43259038356e-12	1.9353017998e-05	100.0
0.000116350793681	-0.00102060606562	0.000519327012981	0.0134864505599	-0.129710613948	0.065161062716	1.43259038356e-12	1.9353017998e-05	100.0
9.64461722315e-05	-0.00132685163393	0.000201956700644	0.0109014847362	-0.168906161041	0.0253990505497	1.43259038356e-12	1.9353017998e-05	100.0
-0.00017587383073	-0.000765412870211	2.45637938849e-05	-0.0217193439209	-0.0929593389963	0.00281810404342	1.43259038356e-12	1.9353017998e-05	100.0
-0.000174291018094	-0.000255396559324	6.41707645689e-05	-0.019308445188	-0.0313017095054	0.00719088572203	1.43259038356e-12	1.9353017998e-05	100.0
0.00017207392246	0.000417359261137	0.000717510144548	0.0213795169115	0.0523315236792	0.0891882828902	1.43259038356e-12	1.9353017998e-05	100.0
5.91553636759e-06	6.44392306615e-06	0.00048264957955	2.22442320443e-06	0.00110613107998	0.0573271911369	1.43259038356e-12	1.9353017998e-05	100.0
4.43250096888e-05	-0.00118452283613	-0.000233379949465	0.00421510398567	-0.150306934318	-0.0289680317683	1.43259038356e-12	1.9353017998e-05	100.0
0.000211814839915	-0.00105404915753	-0.000431582445231	0.025556861952	-0.133778317884	-0.0541454485732	1.43259038356e-12	1.9353017998e-05	100.0
-9.27152013802e-05	-0.000223743453877	1.39071442399e-06	-0.0115563155361	-0.02899135946	-0.000101304542021	1.43259038356e-12	1.9353017998e-05	100.0
0.000110489973251	-0.00096319616473	-0.000582433782315	0.0127940595755	-0.122442275629	-0.0731852811497	1.43259038356e-12	1.9353017998e-05	100.0
0.000328608133685	-0.000892947763795	-0.000499217180168	0.0404516777624	-0.11342359087	-0.062314037075	1.43259038356e-12	1.9353017998e-05	100.0
0.000110608574591	-0.00102682283271	-0.000707086315902	0.0129456312374	-0.130846147668	-0.0891546115274	1.43259038356e-12	1.9353017998e-05	100.0
-0.000123507545412	0.000775935121047	-0.00027599855709	-0.0152998512009	0.0958108165442	-0.0337676418878	1.43259038356e-12	1.9353017998e-05	100.0
-0.000108893299215	0.000627383066295	-0.000390689843174	-0.0134943291594	0.0771208417796	-0.0471400254942	1.43259038356e-12	1.9353017998e-05	100.0
-0.00011086548411	0.000577080881573	-0.000205538617783	-0.0130903590997	0.0686181309494	-0.0232640029969	1.43259038356e-12	1.9353017998e-05	100.0
8.79824681221e-06	0.000299995170874	-0.0011289052443	0.000654333477523	0.0377162112011	-0.14268793122	1.43259038356e-12	1.9353017998e-05	100.0
-4.69746692043e-05	-9.1640045021e-05	-0.000897586104078	-0.0066692776725	-0.0118538853931	-0.112427083677	1.43259038356e-12	1.9353017998e-05	100.0
-0.000187458347975	-6.79206681048e-05	-0.000298382989859	-0.0232606686822	-0.00723442412379	-0.0331936201334	1.43259038356e-12	1.9353017998e-05	100.0
-1.81794520716e-05	-0.000122101329922	-7.21074012854e-05	-0.00619557076779	-0.0138776975579	-0.0110218655128	1.43254914583e-12	1.9352460913e-05	100.0
7.1796983331e-05	-0.000193925050412	6.30865687716e-05	0.00583397958003	-0.0244553671529	0.00333588318446	1.43254914583e-12	1.9352460913e-05	100.0
0.000138464672432	-0.000156237516294	9.77781664174e-05	0.0141196438466	-0.0189528200021	0.00803583644439	1.43254914583e-12	1.9352460913e-05	100.0
-0.00018851891168	0.000466433093295	0.000387654664379	-0.0230925734758	0.0567181331726	0.0457506656038	1.43254914583e-12	1.9352460913e-05	100.0
0.000330326770981	0.000171705583173	0.00072985841509	0.0414542023059	0.0215223418343	0.0910472412675	1.43254914583e-12	1.9352460913e-05	100.0
-5.34242916835e-05	0.000491868621182	-0.000186646926185	-0.00585244272427	0.0563674156912	-0.0195210342433	1.43254914583e-12	1.9352460913e-05	100.0
-5.62686942696e-05	0.000496663267033	-0.000273204875282	-0.00657369681407	0.0586618369088	-0.0305942347041	1.43254914583e-12	1.9352460913e-05	100.0
8.05501043004e-05	0.000484663412599	-0.000178050422385	0.00882032000554	0.055626992656	-0.0183758560653	1.43254914583e-12	1.9352460913e-05	100.0
0.000461530284034	-0.00124818832739	0.000336508144751	0.0575667569498	-0.15894073109	0.0424165849244	1.43254914583e-12	1.9352460913e-05	100.0
8.203075974e-05	-0.00104918137221	0.000307245330812	0.00898501901756	-0.132699913623	0.0382649648989	1.43254914583e-12	1.9352460913e-05	100.0
-2.42372119766e-06	-5.82219515194e-05	5.5348193619e-05	-0.00425684533576	-0.00356758109479	0.00972957275292	1.43254914583e-12	1.9352460913e-05	100.0
6.07974768119e-05	-0.000944962366767	-0.000547893667687	0.00642637987616	-0.120117921577	-0.0683775347551	1.43254914583e-12	1.9352460913e-05	100.0
0.000331349106134	-0.000130341297578	-0.000631290975674	0.0411522854201	-0.0169804887689	-0.0780588640689	1.43254914583e-12	1.9352460913e-05	100.0
0.000408504023487	-0.000737223285692	-0.00101584836795	0.0513169576963	-0.0944302336187	-0.128551958175	1.43254914583e-12	1.9352460913e-05	100.0
