# x[AU] y[AU] z[AU] vx[AU/yr/2pi] vy[AU/yr/2pi] vz[AU/yr/2pi] m[MSUN] m[mtot] wf[%]
1.78103386699e-05	8.91573172213e-05	-4.13637219101e-09	0.00251199096191	0.0112021947296	1.47807142205e-06	6.70413558394e-08	0.909417331409	9.84927942376
-0.000183950390687	-0.000913426685568	1.77831828617e-08	-0.02597313859	-0.114815047327	-5.42077138461e-06	6.33739062696e-09	0.0859668304739	8.56757181628
-0.000131932385722	-0.000607815737135	-1.80341862601e-06	-0.0185563429676	-0.0760962997476	0.000282073750772	1.68767670621e-11	0.000228933682389	0.0
-0.000129515166248	-0.000788133787722	2.80992958966e-05	-0.0193465224677	-0.102728623138	0.0038137777974	8.42171619386e-12	0.00011424074843	0.0
-0.000121304049744	-0.000189974563602	-1.52157535167e-05	-0.0151739125388	-0.0156260734707	-0.00119633840527	4.22479645154e-12	5.7309448275e-05	0.0
-0.000150542116867	-0.000493951161318	-1.80759809545e-05	-0.0207069842143	-0.0602143054294	-0.00217037198598	4.22201743049e-12	5.7271750799e-05	0.0
-0.000112582633723	-0.000733361319142	-2.52042265713e-05	-0.0172130486479	-0.0942049537209	-0.00325830214501	8.41888889448e-12	0.00011420239606	0.0
-0.000121860509589	-0.000409187677923	-1.48423432727e-05	-0.0171905096168	-0.0481577291062	-0.00103037205332	4.21225665964e-12	5.7139345748e-05	0.0
-0.000117725091177	-0.000702403481201	2.1341737957e-05	-0.0170986853559	-0.0896127638808	0.00325266058582	4.21085809693e-12	5.7120374216e-05	0.0
-0.000127103807554	-0.000424678308535	-4.79463691059e-06	-0.0177884217453	-0.0503265450629	-0.000511196695141	8.39778523186e-12	0.000113916124456	0.0
-5.70982157856e-05	-0.000499412690879	-2.80061284047e-05	-0.00966266778192	-0.0608689216124	-0.00357049975863	4.20805745121e-12	5.7082383401e-05	0.0
-0.000133961608813	-0.000567710060863	-2.03174429494e-05	-0.0188363385829	-0.0706559148376	-0.00219641428985	4.20525227939e-12	5.704433119e-05	0.0
-0.000122707381655	-0.000799492652413	-4.05945660942e-05	-0.0194741372703	-0.104161213547	-0.00555732807708	5.62248110356e-12	7.6269068505e-05	25.2564392112
-0.000132304275999	-0.000326325620489	-1.12186719072e-06	-0.0178465041308	-0.0362952150407	0.000501081981048	4.19962835748e-12	5.6968042576e-05	0.0
-0.00011539310971	-0.000378927754819	-1.30427121019e-05	-0.0161063076031	-0.0438050099183	-0.00112627037065	4.19821973678e-12	5.6948934609e-05	0.0
-5.52664715969e-06	-0.000483312229544	-2.37890450008e-05	-0.00352729236051	-0.0586691347225	-0.00317060276003	4.19115953472e-12	5.6853162826e-05	0.0
-0.00012913121117	-0.000284108017595	2.0499654954e-05	-0.0174123447007	-0.0300996147062	0.00319718866475	4.18974387343e-12	5.6833959353e-05	0.0
-8.02512961637e-05	-0.000642680374942	-2.51129509312e-05	-0.0129449634137	-0.0808907346462	-0.00421439226589	4.18549035188e-12	5.6776260248e-05	0.0
-0.000131747154781	-0.000607939586736	2.88469990616e-05	-0.018936696205	-0.0762404605104	0.00396876182346	4.18549035188e-12	5.6776260248e-05	0.0
1.2291729413e-05	-0.000416359578546	-2.15040969931e-05	-0.00143901691123	-0.0491827163473	-0.00130599344973	4.18549035188e-12	5.6776260248e-05	0.0
-4.19968772784e-05	-0.000408326288123	1.01634436666e-05	-0.00793094582004	-0.0480886143455	0.000851565417831	4.18264947422e-12	5.6737723686e-05	0.0
-1.47999435162e-05	-0.000996896896742	-0.000121558646108	-0.00530571805968	-0.124648967832	-0.0129682542842	4.18264947422e-12	5.6737723686e-05	0.0
-1.32395492538e-05	-0.0005207151506	-3.09811418111e-05	-0.00447403149893	-0.0638060844884	-0.00423791381904	4.18122677234e-12	5.6718424706e-05	0.0
-0.000108287268557	-0.000354825963034	5.47438822884e-07	-0.0151765990651	-0.0401874528678	-0.000304393440253	4.18122677234e-12	5.6718424706e-05	0.0
-0.000253929129908	-0.000244596321437	5.57428437442e-05	-0.0315447144207	-0.0254937327121	0.0061184031608	1.46474324481e-12	1.9869271381e-05	100.0
-0.000155048300283	-0.000380659361337	1.04009934361e-05	-0.0203488413214	-0.0439640491386	0.00128385229176	1.46192650631e-12	1.9831062267e-05	100.0
-0.000155377650064	-0.000753097972737	-0.000202868022947	-0.021431917759	-0.0949695357094	-0.0237073578994	1.45774892254e-12	1.977439326e-05	100.0
-0.00018893280485	-0.0003353735553	8.43001130096e-06	-0.0243554187263	-0.0376807019969	0.00137989944256	1.4563684642e-12	1.9755667315e-05	100.0
-6.96426811308e-06	-0.00027579314775	-0.000216132661339	-0.00307960280195	-0.0300819620084	-0.0240674997373	1.45545117603e-12	1.9743224282e-05	100.0
-0.000195858479261	-0.000847383030633	-0.000124325409907	-0.025608823199	-0.107715658263	-0.0120062964944	1.45545117603e-12	1.9743224282e-05	100.0
-9.66495851267e-05	-0.000340246886709	-9.95577947487e-06	-0.013631583847	-0.0379977513788	0.000321565932698	1.45271590721e-12	1.9706120306e-05	100.0
-0.000177753359433	-0.000640200708271	2.25538926551e-05	-0.0236507392467	-0.0805129677884	0.00289260403392	1.45226229211e-12	1.9699967008e-05	100.0
-0.000217009794318	-0.000419966748136	-5.5366760505e-05	-0.0282480091015	-0.0497726918649	-0.0059410778152	1.45226229211e-12	1.9699967008e-05	100.0
-0.000281221895874	-0.000199195510201	-8.5448954094e-05	-0.034565743236	-0.0198081936777	-0.00883111217791	1.44553148903e-12	1.960866353e-05	100.0
-0.000203449407378	-0.000842114061922	0.00011413576563	-0.0263898697411	-0.107200989681	0.0106883759005	1.44199661046e-12	1.9560712832e-05	100.0
-4.8198551312e-05	-0.00014794996151	0.000295692903662	-0.00803522822134	-0.0148696328048	0.031596187051	1.44111905133e-12	1.9548808724e-05	100.0
-9.50542904017e-05	-0.000384431393421	-0.000236385198977	-0.0137751649983	-0.0453511277355	-0.0272300692714	1.44111905133e-12	1.9548808724e-05	100.0
-0.000157846015886	-0.000103755682807	-0.000148236275097	-0.0185264322729	-0.00620296921274	-0.0127613687922	1.44111905133e-12	1.9548808724e-05	100.0
-0.000382307428644	-0.000739106114496	0.000146603964223	-0.0492760134299	-0.0926057048832	0.017290920369	1.44068052322e-12	1.9542860082e-05	100.0
-0.0001860276905	-0.000549398067395	9.96444199055e-05	-0.0246623230656	-0.0674601249569	0.0115649864091	1.44068052322e-12	1.9542860082e-05	100.0
-0.000433132965969	-0.00068372814039	-0.000301567232153	-0.0563237409496	-0.0853974062188	-0.0373066923775	1.43936996786e-12	1.9525082372e-05	100.0
-0.00028110672741	-0.000423136502811	-0.000202419686606	-0.0365341398886	-0.050793208358	-0.0237891414383	1.43936996786e-12	1.9525082372e-05	100.0
-0.000148469400708	-0.0007204511957	-0.00030466233128	-0.0206980053717	-0.0902415677943	-0.0366313204239	1.43849844353e-12	1.9513260127e-05	100.0
-0.000271638272676	-0.000278553084914	-0.00016171258854	-0.0345374157668	-0.0311886716524	-0.0177503934079	1.43849844353e-12	1.9513260127e-05	100.0
-9.24188018139e-05	-0.000340319665793	0.000220475728489	-0.0132802515941	-0.0391922719718	0.0249625776939	1.43676243544e-12	1.9489711143e-05	100.0
-0.000150244199311	-0.000195627718604	0.000142549499242	-0.0189242951181	-0.0183471388042	0.0141718961743	1.43676243544e-12	1.9489711143e-05	100.0
-0.000341269923777	-0.000849223778624	0.000167737192893	-0.04395562891	-0.106595343845	0.0191835757177	1.43676243544e-12	1.9489711143e-05	100.0
-0.000293230946161	-0.000438906684806	2.57915170139e-05	-0.0375572182948	-0.0524096077275	0.00296040617941	1.43676243544e-12	1.9489711143e-05	100.0
-0.000350942314268	-0.000445871979714	8.20740052953e-06	-0.0450350647611	-0.0537316580792	0.000967042923932	1.43632994212e-12	1.9483844362e-05	100.0
-0.000399435566325	-0.000399940395148	-7.28447226422e-05	-0.0511065781255	-0.0478081693047	-0.00818259790038	1.43632994212e-12	1.9483844362e-05	100.0
-0.000215903384132	-0.00108621659553	0.000255595291531	-0.0291308019762	-0.136363154039	0.0308823117711	1.43589795169e-12	1.9477984403e-05	100.0
-0.000237920134421	-0.00102682847337	0.000107523392363	-0.0308800609088	-0.12743532964	0.0110557918882	1.43589795169e-12	1.9477984403e-05	100.0
-0.000168772089047	-0.000471153552722	-0.000408335397424	-0.023120204185	-0.0578976741709	-0.0493293957657	1.43546646417e-12	1.9472131267e-05	100.0
-0.000387997753467	-0.00109619447899	0.000115403841667	-0.0502884500438	-0.137478015991	0.0140330912037	1.43503547954e-12	1.9466284952e-05	100.0
-0.000340009438978	-0.00080531908647	3.49966995847e-05	-0.0425822613362	-0.101451286732	0.00391257295251	1.43503547954e-12	1.9466284952e-05	100.0
-0.000400687205757	-0.000668682991756	-1.97953923097e-05	-0.051382929107	-0.0834287629257	-0.00207749946854	1.43503547954e-12	1.9466284952e-05	100.0
-6.79785808943e-05	-0.000264857387185	0.000282187225403	-0.0103093858978	-0.0295343872961	0.0319164937702	1.43417501898e-12	1.9454612787e-05	100.0
-0.000255115068239	-0.000477496679403	0.00013628016049	-0.0333904892361	-0.0579393420949	0.0155903492144	1.43417501898e-12	1.9454612787e-05	100.0
2.48214057434e-06	-0.000496121349019	-0.000311637405512	-0.00203546279636	-0.0608720235702	-0.0369274716321	1.43417501898e-12	1.9454612787e-05	100.0
-0.00021922306082	-0.000519823629368	-0.000323058519201	-0.0293195829213	-0.0640246716734	-0.038642452856	1.43417501898e-12	1.9454612787e-05	100.0
-0.000102525071562	-0.000196802102592	-0.000283862781056	-0.0144044277801	-0.0215088487937	-0.0305254921206	1.43374554306e-12	1.9448786937e-05	100.0
-0.000499402271018	-0.00106187471999	0.000172236359872	-0.0648274789214	-0.133766025285	0.0210665604077	1.43331657003e-12	1.944296791e-05	100.0
-0.000207477754622	-0.000776011714851	-0.000244749755907	-0.0279793097128	-0.0973824891094	-0.0286122633093	1.43331657003e-12	1.944296791e-05	100.0
-0.000266482021351	-0.000244198475173	-0.000111712697058	-0.0333692151334	-0.0260770339617	-0.0114749050272	1.43331657003e-12	1.944296791e-05	100.0
0.000191288212172	-0.000144850422092	-0.000349154009891	0.0202854824524	-0.0162038864132	-0.039943231538	1.43246063556e-12	1.9431357142e-05	100.0
-0.000425961574325	-0.00112266964833	0.000292616435061	-0.0556689480922	-0.141414642986	0.0365452822304	1.43118025417e-12	1.9413988742e-05	100.0
-0.00030209436864	-0.000652300907943	-2.54300204989e-05	-0.0388247323741	-0.0815832376478	-0.00318224694802	1.4303288458e-12	1.9402439371e-05	100.0
-0.000193037157493	-0.000304033255976	-0.0003793499527	-0.0258492195522	-0.0361831280629	-0.0446534759697	1.4303288458e-12	1.9402439371e-05	100.0
-0.000183326919706	-0.000424038661133	-0.00025018422077	-0.0246172956676	-0.0509212264456	-0.0290592601483	1.4303288458e-12	1.9402439371e-05	100.0
7.5102229814e-05	-0.000266040621974	0.000402203094599	0.00680127274097	-0.0314676204107	0.0472674968359	1.42947995192e-12	1.9390924108e-05	100.0
-0.000281761340137	-0.000480611150042	0.000165990410089	-0.0365846289394	-0.0583307644026	0.0194669887984	1.42905600789e-12	1.9385173299e-05	100.0
-0.000290809767455	-0.000247358308463	-0.000112379788919	-0.0363084840388	-0.0266499702174	-0.0119798490274	1.42905600789e-12	1.9385173299e-05	100.0
-0.000144918872291	-0.000969540724352	0.000475478209196	-0.0203494678703	-0.122122769549	0.0590605584066	1.42821013141e-12	1.9373698968e-05	100.0
-0.000320917506983	-0.000660912841743	1.46206802401e-05	-0.0411553455057	-0.0826334385825	0.00132080766387	1.42821013141e-12	1.9373698968e-05	100.0
-0.000157545878338	-0.000443949973547	0.00017752043803	-0.0215311858521	-0.0531817301467	0.0201138387318	1.42736626653e-12	1.9362251924e-05	100.0
-0.000341139135004	-0.00103036170394	-4.05291027688e-05	-0.0433660068587	-0.128402778402	-0.00423403641289	1.42736626653e-12	1.9362251924e-05	100.0
-0.000284945229906	-0.000742569027889	-0.000115605583014	-0.0366633127588	-0.0933749670095	-0.0126328490157	1.42736626653e-12	1.9362251924e-05	100.0
-7.05975091663e-06	-0.000195861863935	-0.000594477182549	-0.00303635383646	-0.0240339903913	-0.0719462933855	1.42736626653e-12	1.9362251924e-05	100.0
-0.00017189955562	-0.000445596679973	0.000182988837501	-0.0231992229116	-0.0535381711347	0.0206780455676	1.4261034866e-12	1.9345122289e-05	100.0
-0.000206080207745	-0.000386404491057	0.000232245359593	-0.0272630292152	-0.0457380096313	0.0270520587595	1.4261034866e-12	1.9345122289e-05	100.0
0.00012065124185	-5.95497409035e-05	0.00029572800604	0.0105995380869	-0.00542211947006	0.0307500264371	1.4261034866e-12	1.9345122289e-05	100.0
-0.000104878284153	-0.000754061259911	-3.23371125008e-05	-0.0170049509944	-0.0970155088475	-0.00352246422524	1.42575799484e-12	1.9340435686e-05	100.0
-3.11578425013e-05	-0.000184444905411	-4.43270092594e-06	-0.00688795916671	-0.0140293591877	-0.000786892857162	1.42575799484e-12	1.9340435686e-05	100.0
6.49561177016e-06	-0.000422053375002	-4.22649102712e-05	-0.00200659051851	-0.0499443405355	-0.00344750116319	1.42575799484e-12	1.9340435686e-05	100.0
-3.88237946103e-05	-0.00110321290362	-1.88262520731e-05	-0.00794941105419	-0.136978143115	-0.00174620857118	1.42575799484e-12	1.9340435686e-05	100.0
2.86752196467e-05	-0.000833093576311	-0.000192366585235	0.000642324767211	-0.104705015123	-0.0220544658363	1.42575799484e-12	1.9340435686e-05	100.0
1.96444519167e-05	-0.000164708742683	-0.000156507489515	-0.000659601267356	-0.0136671799952	-0.0143461729135	1.42568406866e-12	1.9339432876e-05	100.0
-0.000310990083858	-0.000273724299179	-0.0001704321494	-0.03934353728	-0.0307862009707	-0.0188734234074	1.42568406866e-12	1.9339432876e-05	100.0
-9.15169655687e-05	-0.000693298390242	-4.52214763669e-05	-0.0146593771395	-0.0880888014711	-0.00681692088866	1.42529733916e-12	1.9334186883e-05	100.0
1.71663803601e-05	-0.00093655783852	0.000216913370125	-0.00067967557845	-0.117556440738	0.0252779380915	1.42529733916e-12	1.9334186883e-05	100.0
-0.000107356187878	-0.000360582008779	5.05597732321e-05	-0.0157084731636	-0.0412941506156	0.00678216121773	1.42529733916e-12	1.9334186883e-05	100.0
-9.08430025201e-05	-0.000915194618208	-0.000270036739975	-0.013748814736	-0.114800884121	-0.0320022184975	1.42526465071e-12	1.9333743463e-05	100.0
-3.35714621451e-05	-0.000188628293497	0.000304735320534	-0.00645672126695	-0.020541433694	0.0330554790116	1.42484573567e-12	1.9328060872e-05	100.0
-0.000312603931942	-0.00100567457562	-8.03726197822e-06	-0.0388382693148	-0.12497613566	-0.00136951872118	1.42484573567e-12	1.9328060872e-05	100.0
-0.000198330556619	-0.000510805058678	0.000110652834359	-0.0262263425285	-0.0623630160572	0.0129067063326	1.42484573567e-12	1.9328060872e-05	100.0
-0.000132786990056	-0.000850445517671	-0.000208221576158	-0.0188585322946	-0.106713079388	-0.0236087143961	1.42484573567e-12	1.9328060872e-05	100.0
-0.000293104068011	-0.000203175658743	-8.38471192892e-05	-0.0358309501304	-0.0204600224129	-0.00865895734372	1.42484573567e-12	1.9328060872e-05	100.0
-0.000100115178852	-0.000796503771226	-0.000529943706197	-0.0147355853834	-0.100117879806	-0.0655941905662	1.42484070667e-12	1.9327992654e-05	100.0
0.000116327962086	-0.000391362343542	3.65157465226e-05	0.0109313460919	-0.0462464937428	0.00473859868943	1.42438759448e-12	1.9321846178e-05	100.0
-0.000110633748579	-0.000797409707985	3.43860901357e-05	-0.0186176651415	-0.103373172298	0.00537320784799	1.42438759448e-12	1.9321846178e-05	100.0
-2.72209559384e-05	-0.000555325067779	-0.000621335917758	-0.00552895692114	-0.069503038701	-0.0769550274769	1.42438759448e-12	1.9321846178e-05	100.0
-2.30768378437e-05	-0.000275285437763	-0.000226482461598	-0.00511210266227	-0.0303713372505	-0.0247633555184	1.42438759448e-12	1.9321846178e-05	100.0
-0.00030525540537	-0.00102713875151	-0.000446696205436	-0.0405760675754	-0.129508626929	-0.0553843141855	1.42400941427e-12	1.9316716156e-05	100.0
-0.000128218101416	-0.000766347931983	-7.08334782201e-05	-0.0187407373743	-0.0974473011045	-0.00577533417785	1.42400941427e-12	1.9316716156e-05	100.0
8.0645926834e-06	-0.000167972894777	-0.000339839856758	-0.00156850811299	-0.0181486557709	-0.0378822519872	1.42400941427e-12	1.9316716156e-05	100.0
-0.000235682629893	-0.000209063964866	-0.000165877847485	-0.0294653360829	-0.0215981054099	-0.0172104285159	1.42400941427e-12	1.9316716156e-05	100.0
0.000214662627421	-0.00027011241787	2.62623235639e-05	0.0220779469417	-0.0303104170926	0.00198430530144	1.42393800258e-12	1.9315747455e-05	100.0
-5.56900902039e-05	-0.000628075521686	0.000207927146218	-0.0094058219533	-0.0781568444601	0.0240086947396	1.42393800258e-12	1.9315747455e-05	100.0
-0.000189388055093	-0.000268976649846	0.000325891889583	-0.0250158363962	-0.0308877201251	0.0377365913069	1.42359200793e-12	1.931105403e-05	100.0
8.75389941563e-05	-0.000826167933151	-0.000618946684166	0.00899272576311	-0.104349873123	-0.0770522042654	1.42349193098e-12	1.9309696485e-05	100.0
-0.000191962949898	-0.00115973734471	-0.000208295122659	-0.0262116816826	-0.145588667269	-0.0247685990087	1.42349193098e-12	1.9309696485e-05	100.0
-0.000111095698924	-0.00062195784653	-3.33117607409e-05	-0.0167511281317	-0.0781452249624	-0.00510342623097	1.42260934286e-12	1.9297724159e-05	100.0
-3.49729958844e-05	-0.000478429896228	-1.38681941113e-05	-0.00724039940247	-0.0580912382024	-0.000778757872397	1.42260934286e-12	1.9297724159e-05	100.0
-0.000138544126136	-0.000671459146978	5.73708799152e-05	-0.020143722477	-0.0852632399467	0.00783245099899	1.42260934286e-12	1.9297724159e-05	100.0
-0.000269247696184	-0.000294104227006	0.000179291616381	-0.0344007552278	-0.0333639618438	0.0198980166445	1.42234230338e-12	1.9294101763e-05	100.0
-0.000179160766497	-0.000442895576635	0.000645572655293	-0.0245246108536	-0.0549418598547	0.0798113680225	1.42234230338e-12	1.9294101763e-05	100.0
-0.00021379116477	-0.000423479807524	0.000280996476409	-0.0283293634969	-0.0508818135844	0.0335197904695	1.42234230338e-12	1.9294101763e-05	100.0
-0.000129549304581	-0.000546179894331	9.06696623791e-06	-0.0177495412061	-0.0672223666959	0.000536358478952	1.42234230338e-12	1.9294101763e-05	100.0
-0.00029003416925	-0.000947025214979	-9.17981011744e-05	-0.0360172599695	-0.118344774846	-0.00904092854629	1.42234230338e-12	1.9294101763e-05	100.0
-0.000101341033967	-0.00122347669892	0.000502086591992	-0.0148834600197	-0.154654685626	0.0625617882132	1.42174033302e-12	1.9285936023e-05	100.0
0.000147321440338	-0.00019774759254	-7.01686343521e-05	0.0124197471504	-0.019421673013	-0.00673266875238	1.42174033302e-12	1.9285936023e-05	100.0
3.57337878867e-05	-0.000278391177335	-5.36317879537e-05	0.00114489200278	-0.0292804084249	-0.00449434420766	1.42174033302e-12	1.9285936023e-05	100.0
-1.26385623903e-05	-6.50649161372e-05	-0.000486725176256	-0.00386432921937	-0.00733423595674	-0.0568529800897	1.42174033302e-12	1.9285936023e-05	100.0
-0.000297763756881	-0.000848823932693	-0.00046612331902	-0.0396140568984	-0.106738970017	-0.0575633508545	1.42174033302e-12	1.9285936023e-05	100.0
0.000125500321978	-0.000708525481172	-0.00026462524981	0.0131692187566	-0.0887534265087	-0.0315430153836	1.42174033302e-12	1.9285936023e-05	100.0
-0.000147963490292	-0.000276673486717	0.000235898919609	-0.0198638624879	-0.0311905523646	0.0258079153138	1.42151151388e-12	1.9282832087e-05	100.0
-0.000386482567135	-0.000445664938579	3.33750583269e-07	-0.0493417437028	-0.0536221680579	-0.000590775613939	1.42151151388e-12	1.9282832087e-05	100.0
-0.000361703398048	-0.000540448008435	-2.21165781118e-05	-0.0463789474677	-0.0662598166289	-0.00269234080407	1.42151151388e-12	1.9282832087e-05	100.0
-7.88943611949e-05	-0.000640086067669	-1.33564529659e-05	-0.0128962862038	-0.080644845391	-0.00324057057453	1.42131035419e-12	1.9280103352e-05	100.0
6.06968587207e-05	-0.000905859894234	0.000200723356185	0.00472938348044	-0.114081229671	0.023271569297	1.42131035419e-12	1.9280103352e-05	100.0
-8.88594864004e-05	-0.000913098946735	0.000480112550746	-0.0133737645886	-0.11506683746	0.0591117438582	1.42131035419e-12	1.9280103352e-05	100.0
-2.22371351586e-05	-0.00041991126601	-4.41116729712e-06	-0.00564465735744	-0.0497315110511	0.000682814277659	1.42131035419e-12	1.9280103352e-05	100.0
-0.000177289732179	-0.000820824393926	0.000469402719647	-0.0244169725247	-0.103372548525	0.0577984914008	1.42088339276e-12	1.9274311612e-05	100.0
1.5724424966e-05	-0.000683524785156	-6.61409641829e-05	-0.00122401211082	-0.0858772591432	-0.00644518545295	1.42088339276e-12	1.9274311612e-05	100.0
-0.000144659675794	-0.000926173668527	0.000586771095065	-0.0203297901956	-0.116696803858	0.0732733414297	1.42068273597e-12	1.9271589698e-05	100.0
-0.000277853460791	-0.000637224231641	4.09382419311e-05	-0.0358125599214	-0.0795194772612	0.00458557561559	1.42068273597e-12	1.9271589698e-05	100.0
-0.000238295877369	-0.000654262646193	-0.000246501227387	-0.0316406283673	-0.081460400494	-0.0293663458524	1.42026935282e-12	1.9265982148e-05	100.0
-0.000219447460431	-0.000794746812529	-0.000225133270964	-0.0292365016179	-0.099625745036	-0.0261305859632	1.42026935282e-12	1.9265982148e-05	100.0
3.6371130628e-05	-0.000275740741543	5.61640765787e-05	0.000703676394151	-0.0292360346071	0.00453504901143	1.42003852208e-12	1.9262850924e-05	100.0
0.000117758185237	-0.000478427317943	0.000242561672577	0.012030626097	-0.0586477882288	0.0284373863445	1.42003852208e-12	1.9262850924e-05	100.0
5.7784912952e-05	-0.000268775247394	-4.55987512568e-05	0.00323590987025	-0.0280054789013	-0.00576947331853	1.42003852208e-12	1.9262850924e-05	100.0
-1.02880907221e-05	-0.000899234450735	0.000155682768318	-0.00468094404709	-0.112903304319	0.016982994465	1.42003852208e-12	1.9262850924e-05	100.0
-0.000106042677237	-0.00076926715749	9.36280159768e-05	-0.015724173623	-0.0980493785264	0.00938403072352	1.42003852208e-12	1.9262850924e-05	100.0
-0.000209842078855	-0.00131346162864	6.18783870699e-05	-0.0284811951876	-0.164939569444	0.00764588194497	1.42003852208e-12	1.9262850924e-05	100.0
-0.000443279005722	-0.00133544351912	-7.27789007695e-05	-0.057990497737	-0.168369066937	-0.00883174656874	1.42003852208e-12	1.9262850924e-05	100.0
4.27890496292e-05	-0.000903172921498	-0.000239641500626	0.00258757507026	-0.113640579895	-0.0281879002639	1.42003852208e-12	1.9262850924e-05	100.0
-0.000416511797704	-0.000724443215621	-0.000227267022097	-0.0540943974337	-0.0907870545802	-0.0278753874911	1.41985596967e-12	1.9260374597e-05	100.0
3.8733721976e-05	-0.000405267350587	-0.000337894596871	0.00233260687945	-0.04905443118	-0.0398383238109	1.41962061283e-12	1.9257181977e-05	100.0
-5.22528032947e-05	-0.00107178327352	-0.000437166145507	-0.00872115685509	-0.134892685941	-0.0540291490941	1.41962061283e-12	1.9257181977e-05	100.0
-0.00027408530177	-0.000281030257819	0.000351761221659	-0.0356443327024	-0.0332056815222	0.0410999075876	1.4186188376e-12	1.9243592876e-05	100.0
-0.000272824095116	-0.000248983336051	0.000171216495757	-0.0344282119082	-0.0272095729319	0.0188132806389	1.4186188376e-12	1.9243592876e-05	100.0
7.06890541858e-05	-2.52799615623e-05	-0.000578239195413	0.00646102111541	-0.0029648286336	-0.0692418912157	1.4186188376e-12	1.9243592876e-05	100.0
9.89617384106e-05	-0.000746174866378	0.000375747130196	0.0100650311108	-0.093867671516	0.0456449225778	1.41757230433e-12	1.9229396631e-05	100.0
0.00014844118534	-0.000187398852001	0.000557939390751	0.0160997115313	-0.0229938264855	0.0673694172602	1.41757230433e-12	1.9229396631e-05	100.0
7.153408243e-05	-0.000716017332592	0.000440020006027	0.00671122081797	-0.089773284035	0.0537870957758	1.41757230433e-12	1.9229396631e-05	100.0
-0.000188871101145	-0.00128983867703	0.00013055463506	-0.0258659782589	-0.161944335888	0.015956520927	1.41757230433e-12	1.9229396631e-05	100.0
-3.0175708029e-05	-0.000227860345883	2.10291190468e-06	-0.006895909181	-0.0212387695066	0.0020390389211	1.41757230433e-12	1.9229396631e-05	100.0
-0.000249693931813	-0.00045361278441	-0.000437101716535	-0.0331255861339	-0.0558561966383	-0.0527917390984	1.41738572873e-12	1.9226865729e-05	100.0
-0.000382922127855	-0.00141029857325	0.000140194982775	-0.0504207177208	-0.178094443018	0.0172189391015	1.41677168879e-12	1.9218536265e-05	100.0
1.57488665519e-05	-0.0002905771724	-5.04293668954e-05	-0.00146767761256	-0.0312518939774	-0.00380850647408	1.41677168879e-12	1.9218536265e-05	100.0
-0.000204974115644	-0.00134329589358	-0.000362546336089	-0.0279378267188	-0.169602971394	-0.0450180531321	1.41677168879e-12	1.9218536265e-05	100.0
-0.000105240256725	-0.00103574352466	-5.31419322387e-06	-0.0168494629867	-0.126474764477	-7.61899734976e-05	1.41677168879e-12	1.9218536265e-05	100.0
-0.000319779837869	-0.000687603521351	-3.40903525427e-05	-0.0411803427477	-0.0865292282755	-0.00357018163828	1.41656600301e-12	1.9215746133e-05	100.0
-0.000271278199998	-0.000170900229946	-7.25337878222e-05	-0.0326610602965	-0.0158532760212	-0.00682560354976	1.41656600301e-12	1.9215746133e-05	100.0
-0.000114670101504	-0.000289083377903	0.00048838177902	-0.0163131565396	-0.0348483457732	0.0584853980467	1.41615664305e-12	1.9210193157e-05	100.0
-0.00025810765078	-0.000313901067557	0.000281454417272	-0.0334055344246	-0.0363023970713	0.0332125696277	1.41615664305e-12	1.9210193157e-05	100.0
-0.000106728312578	-0.000350776263141	6.51514680175e-05	-0.0147423116871	-0.0396386613535	0.00640771815585	1.41615664305e-12	1.9210193157e-05	100.0
-0.000253994742199	-0.000789670299565	-6.76746078512e-05	-0.0317301882291	-0.10039817778	-0.0066737333452	1.41615664305e-12	1.9210193157e-05	100.0
-8.59097778723e-05	-0.000437105887871	-0.000664519733682	-0.0128211728611	-0.0544432304475	-0.081977067547	1.41615664305e-12	1.9210193157e-05	100.0
-0.000215450040667	-0.000425981001419	-0.000371885126805	-0.028738373497	-0.051876520467	-0.044366682099	1.41615664305e-12	1.9210193157e-05	100.0
-0.000154652570747	-0.000132663110786	-0.000231241774125	-0.0196390143699	-0.0127668563218	-0.0227156426538	1.41615664305e-12	1.9210193157e-05	100.0
-8.11419278443e-06	-0.000351411668054	1.78213374838e-05	-0.00428385450986	-0.0400623142366	0.00225418991295	1.41598062832e-12	1.9207805514e-05	100.0
7.91968731143e-05	-0.00020141095652	0.000821131054307	0.00794030065431	-0.0253475209598	0.10173836189	1.41574778599e-12	1.9204647003e-05	100.0
-0.000269363584491	-6.15665841432e-05	2.01232858323e-05	-0.029760912198	-0.000805127604182	0.00177438817128	1.41574778599e-12	1.9204647003e-05	100.0
-0.000101602605304	-0.000310070996485	-0.000459399676877	-0.0146930206078	-0.0372877970497	-0.0553476673577	1.41574778599e-12	1.9204647003e-05	100.0
-0.000277226059107	-0.000166437814459	-9.25342271332e-05	-0.0334851905545	-0.0155974951023	-0.00864248915272	1.41574778599e-12	1.9204647003e-05	100.0
3.69434330184e-05	-0.000536151015049	-2.39045434609e-05	0.00149152224862	-0.0659053075337	-0.00440644654905	1.41558886983e-12	1.9202491302e-05	100.0
-3.68365403419e-05	-0.000745252334598	9.78533438778e-06	-0.00841195476089	-0.0945281329949	-0.000848252482191	1.41558886983e-12	1.9202491302e-05	100.0
0.000187525833033	-0.000639822731234	-0.000317035714286	0.021008901453	-0.0801326351264	-0.038167398063	1.41558886983e-12	1.9202491302e-05	100.0
