# x[AU] y[AU] z[AU] vx[AU/yr/2pi] vy[AU/yr/2pi] vz[AU/yr/2pi] m[MSUN] m[mtot] wf[%]
1.82799430175e-05	8.83381457186e-05	1.00634977045e-07	0.00260956772031	0.0111384971489	3.87539998124e-05	6.66706188512e-08	0.907551070295	19.8603353944
-0.000185652171265	-0.000881065097488	3.9123228699e-07	-0.0264190654457	-0.111270169876	3.05176283682e-05	6.51867446831e-09	0.0887351893925	8.9562091868
-0.000124239041967	-0.000689491054902	1.40149283923e-05	-0.0183966670043	-0.0888864424366	0.00178471389789	1.44915432468e-11	0.00019726553931	0.0
-0.000120046982928	-0.000721257520011	-2.74337263525e-05	-0.017854897686	-0.0932314529514	-0.00456158756634	4.83884594688e-12	6.5868592399e-05	0.0
-0.000113278067981	-0.000659618230154	2.44616508596e-05	-0.017089546605	-0.0843872941604	0.00435408464791	4.8317324375e-12	6.5771760044e-05	0.0
-0.00010633490379	-0.000535318410732	5.11749667036e-06	-0.0156405989114	-0.0665604486536	0.000660536232483	4.82995016269e-12	6.5747498901e-05	0.0
-0.000121691742194	-0.000692839421544	-2.73495714555e-05	-0.0175655689586	-0.0891722749185	-0.00434946854274	4.82101464945e-12	6.5625864593e-05	0.0
-7.65349764768e-05	-0.000286481375687	-1.07976056808e-05	-0.0115842142939	-0.0303812483298	-0.000819253183046	4.81742948096e-12	6.5577061634e-05	0.0
-0.00010733915678	-0.00099296499285	-1.13370359923e-05	-0.0175799465852	-0.121645265111	-8.35788747338e-05	4.81742948096e-12	6.5577061634e-05	0.0
-6.25885845827e-05	-0.000191045860842	-2.05963909452e-05	-0.00973522598893	-0.0153620138367	-0.00306200936917	4.81563463366e-12	6.5552629348e-05	0.0
-4.22862772371e-05	-0.000533480968302	6.75685672911e-06	-0.0079480020594	-0.0658922531273	-0.000575631152964	4.81563463366e-12	6.5552629348e-05	0.0
-5.83687241466e-05	-0.000264453362918	-2.53559001579e-05	-0.00928251435695	-0.0268973644679	-0.00127171679158	4.81024003379e-12	6.5479195578e-05	0.0
-0.000246890427886	-0.000235586046928	-0.000135301349934	-0.0312719206408	-0.0250999434915	-0.014481136774	1.6662182482e-12	2.2681327706e-05	100.0
-0.000201866918899	-0.000531980540984	-1.26611509973e-05	-0.0267792302893	-0.0658620110453	-0.00109531252764	1.66429566451e-12	2.2655156614e-05	100.0
-0.000274705199036	-0.000608018313358	4.70560474528e-05	-0.0359416796489	-0.0764509677827	0.00502257337239	1.66047815657e-12	2.2603190943e-05	100.0
-9.36602139685e-05	-0.000662276004461	0.000182841048746	-0.0139618305148	-0.083273422302	0.0212350491639	1.6590554547e-12	2.2583824472e-05	100.0
-0.000158600836489	-0.000354491559097	-4.02897148442e-05	-0.0210446319699	-0.0406090216316	-0.00417357773558	1.65763828471e-12	2.2564533304e-05	100.0
-0.000177619349384	-9.40522186657e-05	-1.3771009728e-05	-0.0191601029487	-0.00267244315539	0.000728431586509	1.65763828471e-12	2.2564533304e-05	100.0
-4.86698120624e-05	-0.000348496577311	-0.00019197391236	-0.00830411279982	-0.0404137891813	-0.0213909687719	1.65669585158e-12	2.2551704472e-05	100.0
-0.000120253414369	-0.000217724165395	-5.24123769911e-05	-0.0157083039498	-0.0203170076161	-0.0038588952397	1.65669585158e-12	2.2551704472e-05	100.0
-0.000248861683517	-0.000106243086045	1.96998085929e-05	-0.0285080398853	-0.00624383654125	0.00240479433373	1.65575593295e-12	2.2538909868e-05	100.0
-0.000206493778731	-0.000431761201204	0.00026387733512	-0.0277981169705	-0.0524139156399	0.0312417996995	1.65481752302e-12	2.2526135801e-05	100.0
-8.47477907785e-05	-0.000548736017197	0.000133941145721	-0.0127526917855	-0.0678715661958	0.015108508658	1.65481752302e-12	2.2526135801e-05	100.0
-0.000137662103308	-0.000715925384224	0.000281018418152	-0.0194691778312	-0.0900335741304	0.0338539974768	1.65481752302e-12	2.2526135801e-05	100.0
-0.00023935291599	-0.000634437250062	-3.66055156867e-05	-0.0311001106221	-0.079991772168	-0.00441903131795	1.65434932385e-12	2.2519762459e-05	100.0
-9.54677988809e-05	-0.000883105274907	0.000155969767737	-0.0152115830276	-0.11101193526	0.0164097294719	1.65388162758e-12	2.2513395963e-05	100.0
-0.000146572674172	-0.000878216722238	0.000147764245524	-0.0210055292337	-0.110477477121	0.0147005196713	1.65388162758e-12	2.2513395963e-05	100.0
-2.64451819333e-05	-0.000422271256465	-0.000334353556471	-0.00572896869495	-0.0513135627169	-0.0398443446062	1.65341443421e-12	2.2507036312e-05	100.0
-0.000283235303536	-0.00117345599398	0.000213877110873	-0.0379249016553	-0.148351387494	0.0267077389242	1.65294774374e-12	2.2500683507e-05	100.0
-0.000293368443472	-0.00111176490977	6.20501295477e-05	-0.0387170719992	-0.139587243577	0.00753562465241	1.65294774374e-12	2.2500683507e-05	100.0
-4.13182117311e-05	-0.000430816764914	0.000359977622021	-0.00740175662245	-0.0525876568601	0.0432265275365	1.6520158715e-12	2.2487998434e-05	100.0
-0.000153644048979	-0.000400710189574	0.000281063487831	-0.0210752478382	-0.0479635503268	0.0334949759205	1.6520158715e-12	2.2487998434e-05	100.0
-4.5184089288e-05	-0.000320843332224	-0.000348715843955	-0.00795692375636	-0.0381379831116	-0.0409428723111	1.6520158715e-12	2.2487998434e-05	100.0
-4.19839998572e-07	-0.000353581381937	-0.000406794651122	-0.00238404999404	-0.0427104993368	-0.0488177881694	1.6520158715e-12	2.2487998434e-05	100.0
-0.000202896483212	-4.89151094943e-05	-6.89258978136e-05	-0.0212372940074	0.00215875463844	-0.00523011894092	1.65155068973e-12	2.2481666166e-05	100.0
-0.00013611654383	-0.000966518892705	0.000218384555088	-0.0196337028916	-0.121578938642	0.0252622400493	1.65108601085e-12	2.2475340744e-05	100.0
-5.22727285309e-05	-0.000709088892065	-0.000381082727951	-0.00885319541734	-0.0891682225904	-0.0467484178436	1.65108601085e-12	2.2475340744e-05	100.0
-0.000118642812935	-0.000159268553185	-4.37805110411e-05	-0.0146003414861	-0.011226593258	-0.00217896592134	1.65108601085e-12	2.2475340744e-05	100.0
-0.000367003565473	-0.000691448724678	3.11902316267e-05	-0.0471513707846	-0.0870111638521	0.00326534304401	1.64877066287e-12	2.2443823165e-05	100.0
-2.34840888755e-05	-0.000503789438488	0.000214682341037	-0.00522107553825	-0.0616928538027	0.0251546581008	1.64784784281e-12	2.2431261314e-05	100.0
8.32194868132e-05	-0.000873980282595	-0.000430887285209	0.00829404430055	-0.110594685985	-0.0534169657649	1.64784784281e-12	2.2431261314e-05	100.0
-5.7126507334e-05	-0.000347578988943	-0.000351376132053	-0.00935718345541	-0.0414238450855	-0.041597921431	1.64784784281e-12	2.2431261314e-05	100.0
-0.000140372268982	-0.00064726765738	-1.13766960327e-05	-0.0191424802538	-0.0824062899677	-0.00118859151994	1.64738718713e-12	2.2424990658e-05	100.0
0.000130130174507	-0.000216082725982	0.00033254242979	0.0130374566529	-0.024754056282	0.0381730056857	1.64692703435e-12	2.2418726847e-05	100.0
-0.000174081423166	-0.000457336663502	-4.25614957707e-06	-0.0231149542547	-0.0551983922619	-0.00102829390495	1.64692703435e-12	2.2418726847e-05	100.0
-0.000177401362866	-0.000176763488834	0.00028710126939	-0.0233661701228	-0.018727299768	0.0317678552702	1.64646738447e-12	2.2412469882e-05	100.0
-0.000168100250287	-0.000675138767533	9.96611638738e-05	-0.02300216834	-0.0855506500292	0.0103894146081	1.64646738447e-12	2.2412469882e-05	100.0
-0.000245750427075	-8.96886903952e-05	5.6206380628e-05	-0.0279906270867	-0.00423185076819	0.00476300247411	1.64646738447e-12	2.2412469882e-05	100.0
-0.000350651016265	-0.000227931444515	2.46465641426e-06	-0.0439067133975	-0.0243117611442	0.000250798265918	1.64646738447e-12	2.2412469882e-05	100.0
-0.000119185804026	-0.000915364547632	0.0004062351985	-0.0173602613313	-0.115667332356	0.0501765750894	1.64554909051e-12	2.2399969643e-05	100.0
-5.75575548122e-05	-0.000444983871238	0.000309092561917	-0.00948519300336	-0.0540756553028	0.0368438162433	1.64463331104e-12	2.2387503632e-05	100.0
-0.000269434615636	-0.0011061082223	-8.67568513126e-05	-0.0358259720344	-0.138790274833	-0.010021454188	1.64463331104e-12	2.2387503632e-05	100.0
-0.000212664469468	-0.00099382973096	-0.000189508052831	-0.0287122967031	-0.124883931217	-0.0218122966825	1.64463331104e-12	2.2387503632e-05	100.0
-1.96506037248e-05	-0.000401551336265	0.000318303751839	-0.00487118344664	-0.0484472828665	0.0376862181467	1.64326291068e-12	2.2368849113e-05	100.0
-3.97404404647e-05	-0.00063205234857	0.000332488431675	-0.00727399899432	-0.0789519464193	0.040450184665	1.64326291068e-12	2.2368849113e-05	100.0
5.30786589431e-05	-0.000276135409974	-0.000256796551082	0.00386988532407	-0.0312190902718	-0.0289388265577	1.64280678109e-12	2.2362640068e-05	100.0
-0.000159889981255	-0.000808177512315	-0.000534221773178	-0.0224927103411	-0.102126059089	-0.0667481029862	1.6423516573e-12	2.2356444714e-05	100.0
-5.36728677462e-05	-0.000100435291069	0.000270065758336	-0.00874066399348	-0.00907687413205	0.0269330436487	1.64189653352e-12	2.235024936e-05	100.0
-0.000295854376081	-0.000314573446699	9.59037487356e-06	-0.0375684178349	-0.0357498366788	0.000138247483873	1.64189653352e-12	2.235024936e-05	100.0
-0.00020194248722	-0.000728606629225	-7.90400187761e-06	-0.0259581192566	-0.0942683282203	-0.00211730764325	1.64189653352e-12	2.235024936e-05	100.0
-0.00029637260438	-0.00055344094048	-7.41641775855e-06	-0.0384340429879	-0.0686331240605	-0.000462490398967	1.64189653352e-12	2.235024936e-05	100.0
-0.000120709055687	-0.000839413779838	-0.000334605217158	-0.0173886914116	-0.105706742385	-0.040923467913	1.64189653352e-12	2.235024936e-05	100.0
-0.000206134740018	-0.000249092680889	-0.000125155797883	-0.0261397733328	-0.0261741768409	-0.0134154888742	1.64189653352e-12	2.235024936e-05	100.0
-0.000142994126667	-0.000656380170517	-0.000383511350112	-0.0201788383414	-0.0822158739998	-0.0471663337002	1.64098829754e-12	2.2337886035e-05	100.0
-9.30967508483e-05	-0.00074410513986	-0.00034043571201	-0.0140163546616	-0.0935142440512	-0.0414656666528	1.64098829754e-12	2.2337886035e-05	100.0
-1.2789289914e-05	-0.000888219335264	-0.000735862798815	-0.00376676395229	-0.112824223885	-0.092796262895	1.64098829754e-12	2.2337886035e-05	100.0
-0.000137978816098	-0.000265159121192	-0.000277238778459	-0.0189071128012	-0.0299165899111	-0.0314564275258	1.64098829754e-12	2.2337886035e-05	100.0
-6.29292088153e-05	-0.000375886818943	0.00036320362749	-0.0100077765756	-0.045294204059	0.0433064228601	1.64053468244e-12	2.2331711218e-05	100.0
-0.000100516742449	-0.000151156969516	-2.80601077513e-05	-0.0130898928417	-0.00928522573724	-0.00482950095667	1.6396058276e-12	2.231906722e-05	100.0
-0.00045658257313	-0.0012579090594	-4.14110556207e-05	-0.0600381017795	-0.15925064406	-0.00517274036812	1.6396058276e-12	2.231906722e-05	100.0
-7.7267758765e-05	-0.000391674130032	0.000391682876272	-0.011805829118	-0.0476838564309	0.0469673695169	1.63917685457e-12	2.2313227842e-05	100.0
-7.98955347163e-05	-0.000304485820285	0.000295794728407	-0.0119591823565	-0.0351645630826	0.034238067502	1.63917685457e-12	2.2313227842e-05	100.0
9.29065359685e-06	-0.000508023190654	0.00037362963237	-0.00122167506019	-0.0628950338238	0.0451453454997	1.63917685457e-12	2.2313227842e-05	100.0
-6.24563650992e-05	-0.000620237185802	0.000373746744772	-0.00996404731423	-0.0773487411667	0.0458882389851	1.63917685457e-12	2.2313227842e-05	100.0
-0.00019422341889	-0.00036409757244	-0.000110068787082	-0.0254070913235	-0.0422585432948	-0.013493388382	1.63917685457e-12	2.2313227842e-05	100.0
-8.80741615128e-05	-0.000517937753094	1.58436953882e-05	-0.0137883497793	-0.0642152171524	0.00210376254884	1.63903604279e-12	2.2311311047e-05	100.0
0.000107399608035	-0.000361878486022	0.000587608202267	0.0112817796477	-0.0449617409906	0.0724342017011	1.63827364758e-12	2.2300932974e-05	100.0
-0.000214028284034	-0.000777032696763	0.000181557872281	-0.0284571244014	-0.0982783878459	0.0205484748323	1.63827364758e-12	2.2300932974e-05	100.0
-9.55170740274e-05	-0.000369988132953	-3.28763793287e-05	-0.0143690423846	-0.0429399162255	-0.00487856258512	1.63791055435e-12	2.2295990382e-05	100.0
0.000103318795025	-0.000261606860986	0.000146047819162	0.0089726791477	-0.0286533971481	0.0150014376199	1.63791055435e-12	2.2295990382e-05	100.0
-0.000428315327365	-0.00122620755424	0.000119100005078	-0.0564087009236	-0.155288066032	0.0147857941069	1.63791055435e-12	2.2295990382e-05	100.0
-0.000192617078901	-0.00137896316742	-4.87245160001e-05	-0.0265667888252	-0.174691715984	-0.00608165980338	1.63791055435e-12	2.2295990382e-05	100.0
-5.98038231443e-05	-0.00102750818431	0.000564186622537	-0.00977581485717	-0.130441769407	0.0708075154055	1.63737245219e-12	2.2288665488e-05	100.0
-0.000243597276963	-0.000827638135427	-0.000246613968991	-0.0325710638525	-0.104490268152	-0.0291494537935	1.63692235739e-12	2.2282538591e-05	100.0
-8.78170329399e-05	-0.000782795603186	-0.000203323280877	-0.0136859936177	-0.0986154840983	-0.0232263924093	1.63692235739e-12	2.2282538591e-05	100.0
0.000102114725227	-0.000593833062792	-7.49251036499e-06	0.00981521676748	-0.0745322967181	-0.00105788278645	1.63680367318e-12	2.2280923007e-05	100.0
5.88520724874e-05	-0.00104919690351	-0.0002158637706	0.0047148573253	-0.132655736334	-0.0257815481399	1.63680367318e-12	2.2280923007e-05	100.0
-0.000371276068403	-0.000418973987014	-3.11185659743e-05	-0.0477673474431	-0.0503411605341	-0.00321122186382	1.63647276549e-12	2.227641854e-05	100.0
-0.000186665243291	-0.000543434688071	-0.000119345431439	-0.0249996844025	-0.06719742354	-0.0139727505223	1.63647276549e-12	2.227641854e-05	100.0
-6.37911373681e-05	-0.000945720436447	-0.000144605760074	-0.0111302497005	-0.118453839156	-0.0156747626913	1.63647276549e-12	2.227641854e-05	100.0
1.86297452207e-05	-0.000551166856568	1.32172419811e-05	-0.000768795981272	-0.0684625606798	0.000152475319095	1.63625702173e-12	2.2273481737e-05	100.0
-6.40613475537e-05	-0.00018711225335	-3.67220462316e-05	-0.0100304918185	-0.0152101295402	-0.00142115451192	1.63625702173e-12	2.2273481737e-05	100.0
-0.000177906674209	-0.00074442295421	-2.33807624115e-05	-0.0234904158332	-0.0966579615227	-0.00067903432444	1.63625702173e-12	2.2273481737e-05	100.0
-7.20618972486e-05	-0.000233414345375	-3.62432678041e-05	-0.0111883508436	-0.022484171788	-0.00324788287907	1.63571439348e-12	2.2266095232e-05	100.0
4.6137193442e-05	-0.000346840709852	7.50313712052e-05	0.00238456206869	-0.0399477384575	0.00843453890635	1.63517629132e-12	2.2258770338e-05	100.0
-0.000168163328684	-0.000244052006276	8.58440648982e-05	-0.0216040246328	-0.0250226020148	0.00819115117864	1.63517629132e-12	2.2258770338e-05	100.0
3.70206634031e-05	-0.00019833493598	-0.000118677413989	0.000814491615728	-0.0184058310588	-0.0105599123271	1.63517629132e-12	2.2258770338e-05	100.0
-0.000241293836437	-0.00118966100679	-0.000111559904729	-0.0326170924642	-0.149718245236	-0.0133973339258	1.63517629132e-12	2.2258770338e-05	100.0
2.621694787e-05	-0.000696159933913	-0.000220550886584	0.000418332677024	-0.0875349355735	-0.0257984508262	1.63517629132e-12	2.2258770338e-05	100.0
-0.000162006240962	-0.000303905213278	0.000403870573968	-0.0222382299263	-0.0364446625606	0.047956526576	1.6351270072e-12	2.225809946e-05	100.0
-0.000234798820963	-0.000413135614202	0.000218036185143	-0.0310541373132	-0.0496389744399	0.025435181943	1.6351270072e-12	2.225809946e-05	100.0
8.42662800614e-05	5.89948580378e-06	-0.000347988339676	0.00675072937014	0.00161694075063	-0.0372794448266	1.6351270072e-12	2.225809946e-05	100.0
0.000141756255659	-0.000462747986025	4.82032440132e-05	0.0146147670022	-0.0564888667547	0.00461694510776	1.63464221235e-12	2.225150021e-05	100.0
2.46751074352e-05	-0.000585243657435	3.20664347658e-05	-0.000150364637716	-0.0730390890429	0.00229829126611	1.63464221235e-12	2.225150021e-05	100.0
-3.76483695266e-05	-0.000397011136042	-2.31037952253e-06	-0.00755824605748	-0.0468487041539	-0.000796715502948	1.63464221235e-12	2.225150021e-05	100.0
4.92968739962e-05	-0.00081575625421	0.000242225833426	0.00331849144184	-0.102820428916	0.0286953539179	1.63464221235e-12	2.225150021e-05	100.0
1.38391851523e-05	-0.000213461110319	3.04458444087e-05	-0.00237892394593	-0.0192516690627	0.00431768075048	1.63464221235e-12	2.225150021e-05	100.0
0.000149128353857	-0.000802949958565	-0.000627158601336	0.0167499391014	-0.101839708825	-0.0784861958009	1.63411215658e-12	2.2244284848e-05	100.0
-0.000142185842602	-0.000503621412741	-0.000460499909335	-0.0200509377421	-0.0627187481855	-0.0562096584213	1.63378476919e-12	2.22398283e-05	100.0
-0.000115670580196	-0.000577002294953	-2.47332149427e-05	-0.0171244617929	-0.0725852503529	-0.00227688726036	1.633586124e-12	2.2237124251e-05	100.0
0.000106077509685	-9.29853904598e-05	-0.00022289425177	0.00821818022794	-0.00745372159976	-0.0214809292566	1.633586124e-12	2.2237124251e-05	100.0
3.73876225425e-05	-0.000277025740441	-0.000381689416045	0.00207274337046	-0.0329420099971	-0.0449770126265	1.633586124e-12	2.2237124251e-05	100.0
9.17228668148e-05	-0.000140978589223	0.000244930461854	0.00723963903512	-0.0139421033936	0.0251534416541	1.63306411462e-12	2.2230018419e-05	100.0
-0.000152219374998	-0.000108328812965	-3.49199334473e-05	-0.0165792704479	-0.00404585654453	-0.00129758766693	1.63289212309e-12	2.2227677192e-05	100.0
8.73192374054e-05	-0.000454324713654	-0.000324505780068	0.0082863235064	-0.0558927314196	-0.0386332965501	1.63254562553e-12	2.2222960508e-05	100.0
-7.62605508729e-06	-0.00112454944949	-0.000422043512328	-0.00324066762664	-0.142630331783	-0.05239221522	1.63254562553e-12	2.2222960508e-05	100.0
-0.00012226178004	-0.000336008315852	0.000568646329042	-0.0175897119561	-0.0414982246285	0.0696534440242	1.63244655439e-12	2.2221611906e-05	100.0
-0.000202190549822	-0.000708377564628	6.61607415746e-05	-0.0267618012873	-0.0904081788978	0.00585745957051	1.63244655439e-12	2.2221611906e-05	100.0
-0.000197604979374	-0.000439074826284	0.000204329306266	-0.0263951262382	-0.0530071393927	0.024204991856	1.63244655439e-12	2.2221611906e-05	100.0
-5.79317569846e-05	-0.000410160691351	-0.000672482365152	-0.00945730670385	-0.0513298015263	-0.083423935522	1.63244655439e-12	2.2221611906e-05	100.0
-0.000110671351681	-0.000371589305609	-0.000341350585279	-0.0159232711615	-0.0447091164101	-0.0402302728214	1.63244655439e-12	2.2221611906e-05	100.0
6.10921607088e-05	-1.1399162656e-05	0.000456827034029	0.00479353168519	-0.000868977478043	0.0528284423287	1.63200148858e-12	2.2215553466e-05	100.0
-0.000207608249353	-0.000319591535062	4.79656539142e-05	-0.0266530279905	-0.0357794220398	0.00541595096954	1.63200148858e-12	2.2215553466e-05	100.0
-0.000193262852985	-0.000176844330439	-0.000148463859158	-0.0240277496058	-0.0164737719214	-0.0147575991778	1.63200148858e-12	2.2215553466e-05	100.0
-0.00029440274675	-0.000186231843733	-6.3002652374e-06	-0.0360361984855	-0.0179676666611	-0.00141861464972	1.63155692568e-12	2.2209501872e-05	100.0
-0.000104875148286	-0.00031308900767	-0.000123326259717	-0.0151434159362	-0.0352614087611	-0.01249126968	1.63155692568e-12	2.2209501872e-05	100.0
7.46279327758e-05	-0.000962093498634	-0.000191302841652	0.00640961434245	-0.121545328436	-0.0223993477032	1.63152021403e-12	2.2209002136e-05	100.0
-1.71847553696e-05	-0.00111779889391	0.000586926265275	-0.00436373656335	-0.142069285853	0.0736627484728	1.63050888371e-12	2.2195235443e-05	100.0
-0.000112989534931	-0.00105528189707	9.94074136377e-05	-0.0169424680546	-0.131441829043	0.0108855660975	1.63050888371e-12	2.2195235443e-05	100.0
0.000127701914363	-0.000528449475799	-8.1655966892e-05	0.0129209561607	-0.0655843709826	-0.00874697073307	1.63050888371e-12	2.2195235443e-05	100.0
-0.000136651927847	-0.000262443702302	-0.000484872661199	-0.0192661117346	-0.0315918963328	-0.0583928171964	1.63050888371e-12	2.2195235443e-05	100.0
0.000212365035688	-0.000761743434227	-0.000425263713917	0.0245783786595	-0.096533809685	-0.0525035934589	1.63050888371e-12	2.2195235443e-05	100.0
-0.000280302383803	-0.00123862442034	0.000281230252952	-0.0376937878544	-0.156873496972	0.0352313355411	1.63022474566e-12	2.2191367626e-05	100.0
-0.000275555762646	-0.000219691601774	-9.94222974392e-06	-0.0340341599908	-0.0222449382336	-0.001012327028	1.63022474566e-12	2.2191367626e-05	100.0
-0.000253735678766	-0.000891296657674	-0.000269363242561	-0.0338729941546	-0.11244038876	-0.0324945635442	1.63022474566e-12	2.2191367626e-05	100.0
-9.10994079477e-05	-0.000769703291038	-0.000265896047349	-0.0137955554472	-0.0967144741989	-0.0316722175106	1.63022474566e-12	2.2191367626e-05	100.0
7.69588276232e-05	-0.000289123886501	-2.94560066235e-05	0.00551986457479	-0.0314214080689	-0.00463916988311	1.630008499e-12	2.2188423977e-05	100.0
7.4549370695e-05	-0.000727420400844	0.000145777659735	0.00620128894902	-0.0917704172702	0.0164120049387	1.630008499e-12	2.2188423977e-05	100.0
0.000122297025655	-0.000829179827758	0.00062802363435	0.0133310992935	-0.105240826548	0.0785222998545	1.630008499e-12	2.2188423977e-05	100.0
-5.32506616359e-05	-0.000199752427111	1.86670420002e-05	-0.00974575632268	-0.0169902300794	0.00306518111644	1.630008499e-12	2.2188423977e-05	100.0
1.04424643519e-05	-0.000309024270337	0.000338040869415	-0.0012413314852	-0.0365728333616	0.039427294301	1.62951163457e-12	2.218166043e-05	100.0
0.000120510845252	-0.000549606151166	-7.25317544309e-05	0.0119947741936	-0.0682717289476	-0.00749585477865	1.62951163457e-12	2.218166043e-05	100.0
-3.44222390466e-05	-0.00102952612453	-4.03927896295e-06	-0.00808667251042	-0.127927159026	0.000192952334966	1.62951163457e-12	2.218166043e-05	100.0
