# x[AU] y[AU] z[AU] vx[AU/yr/2pi] vy[AU/yr/2pi] vz[AU/yr/2pi] m[MSUN] m[mtot] wf[%]
7.21897320462e-05	0.000312454561215	-6.87078639878e-08	0.0104616541932	0.0400018596925	4.9476757726e-06	4.89833015449e-08	0.66408838856	19.9016396166
-0.000143938854933	-0.000623393762294	-3.54292551647e-07	-0.0208742779499	-0.0799346080785	-8.64797193408e-05	2.44991827717e-08	0.332146308945	9.46089194144
-4.33826044297e-05	1.80418083818e-05	-4.27069825446e-05	-0.00490414550222	0.00800233085752	-0.00584104014963	1.64646637867e-12	2.232187643e-05	100.0
6.78424002127e-06	3.68971297183e-05	1.03306351058e-05	0.00084976962774	0.0115751513175	0.0015422354076	1.64495164624e-12	2.230134053e-05	100.0
-6.18803635452e-05	-0.000362479643275	2.31891017624e-05	-0.00866867976073	-0.0497532867987	0.00333237180621	1.64344546309e-12	2.2280920535e-05	100.0
2.29331378565e-06	-8.29722945983e-05	2.81185675165e-06	-0.000468639142707	-0.00736805483347	0.00131430657681	1.64095359749e-12	2.2247137206e-05	100.0
-6.3209854402e-05	-5.26184537913e-06	-1.7793672719e-05	-0.00724988101735	0.00423573305888	-0.00131066814363	1.63897670068e-12	2.2220335537e-05	100.0
0.000112381003729	-6.70799140592e-05	6.99754266222e-06	0.0127368808841	-0.00545877320209	0.00128491072401	1.63168667367e-12	2.2121501401e-05	100.0
-9.95487100807e-05	-0.000462716249985	5.94445211926e-05	-0.0143067118738	-0.0665593130647	0.00741060049156	1.63120741072e-12	2.211500382e-05	100.0
-7.80340238693e-05	0.000117210282887	1.57073229071e-05	-0.00635138466195	0.0230384438621	0.00116980130944	1.63025139932e-12	2.2102042749e-05	100.0
-3.46661083599e-05	-0.000107977812541	-0.000112163429717	-0.0049184178749	-0.0115525389238	-0.0118774495241	1.62834842869e-12	2.207624333e-05	100.0
-9.22987541092e-05	-0.000257037714214	-0.000196843640556	-0.0123207450884	-0.0330166698982	-0.022636828252	1.62834842869e-12	2.207624333e-05	100.0
-0.000155748981263	-7.21226116027e-05	-2.10352319582e-05	-0.0189007190474	-0.00641695065115	-0.00107626669912	3.21862537529e-12	4.3636334658e-05	100.0
-9.99627415686e-05	-0.000452180370967	-5.71748094634e-05	-0.013881478568	-0.0635612405949	-0.00251836352335	1.62504840405e-12	2.203150343e-05	100.0
-5.07310257251e-05	-0.000218821455184	2.27906707652e-05	-0.00688859978062	-0.0278284533126	0.00266608543703	1.62458020488e-12	2.2025155845e-05	100.0
0.000119799315312	6.55584774336e-05	-2.6887882826e-05	0.0111006558291	0.0149983106724	-0.00203072500435	1.62411250861e-12	2.2018815079e-05	100.0
-1.72449096784e-05	-0.000322118847364	5.28898648047e-06	-0.00367898759718	-0.0431667063548	-0.00103411184169	1.62364531524e-12	2.2012481131e-05	100.0
-2.84242807308e-05	0.000107871245476	-1.26892564127e-05	-0.00143712891841	0.0228097641993	0.00119918517024	1.6227139459e-12	2.1999854143e-05	100.0
-6.20078823555e-05	-0.000171773365949	1.41223323428e-05	-0.00816251289092	-0.0208923146684	0.000682816767229	1.62178509105e-12	2.1987261245e-05	100.0
-6.32033367183e-05	-0.000224034571697	1.9920098953e-05	-0.00795515511515	-0.0285499797309	0.0026884078129	1.62178509105e-12	2.1987261245e-05	100.0
-6.34204264954e-05	-0.000272541386005	2.81462947667e-05	-0.00857783334346	-0.0358433656063	0.00210275879209	1.62178509105e-12	2.1987261245e-05	100.0
2.09640520779e-07	-5.85253902294e-05	-9.89051996647e-05	-0.00082869215998	-0.00424195009987	-0.00945236686829	1.6208592536e-12	2.1974709255e-05	100.0
-0.000163653288649	-0.000193752568057	-0.000110870796465	-0.0207787112945	-0.0241847074244	-0.0115569412923	1.6208592536e-12	2.1974709255e-05	100.0
-0.000179527023308	-0.000361896403656	6.95011207402e-05	-0.0218711515636	-0.0488762461777	0.00694950757464	1.61947628076e-12	2.1955959678e-05	100.0
-2.26745370387e-05	5.78374102032e-05	8.30601861835e-05	-0.00263509514602	0.0135240127889	0.00643720230416	1.61901612798e-12	2.1949721182e-05	100.0
-0.00014877003619	0.000136618370993	2.64064449174e-05	-0.0147315254487	0.0238669822283	0.00281234597403	1.61901612798e-12	2.1949721182e-05	100.0
1.46755650233e-06	7.92041479438e-05	0.000171481658154	-0.000363525135729	0.0145823578367	0.0160884454654	1.61855748389e-12	2.194350314e-05	100.0
0.000117815483158	-3.73924759652e-05	-0.000217918242148	0.0132560154118	-0.00250486926277	-0.0242269498175	1.61764120153e-12	2.1931080693e-05	100.0
-0.000100420204196	-0.000125341096984	0.000138660609131	-0.0128860384692	-0.0141924468757	0.0151906605384	1.61718456904e-12	2.1924889924e-05	100.0
-0.000105426987772	-0.000120494628878	9.50266134102e-05	-0.0132446396065	-0.0133761127395	0.0100113338665	1.61718456904e-12	2.1924889924e-05	100.0
-0.00024302426725	-0.000331968958747	-1.06426862806e-05	-0.0296044678991	-0.0440184932833	-0.00108539159984	1.61627281277e-12	2.1912528838e-05	100.0
-2.04152192963e-05	-0.000223526812404	3.77664220464e-05	-0.00368901214238	-0.0284597710007	0.00284081906111	1.61627281277e-12	2.1912528838e-05	100.0
-9.42164332557e-05	-0.00034534685006	7.28081621017e-06	-0.0121575641498	-0.0471525222938	0.000106675433523	1.61627281277e-12	2.1912528838e-05	100.0
-0.000190068442759	6.37331338975e-05	-4.73063271936e-05	-0.0218130540592	0.0127660938504	-0.00476574670689	1.61627281277e-12	2.1912528838e-05	100.0
-4.57262085389e-05	0.000218620536408	0.00023700713934	-0.00510819089922	0.0303991355667	0.0226062725213	1.61536357099e-12	2.1900201844e-05	100.0
-0.000103171432279	-0.000149207032611	0.00016390325436	-0.0134605817475	-0.0177436018219	0.0180785386408	1.61536357099e-12	2.1900201844e-05	100.0
-0.000122807442172	5.78983488607e-05	7.63404053785e-05	-0.0138725313868	0.012425970482	0.00635967100958	1.61536357099e-12	2.1900201844e-05	100.0
-0.000156984002561	3.98310739155e-06	-1.61690227584e-05	-0.018322594955	0.00467611386765	-0.000775164077589	4.81510558369e-12	6.5280526364e-05	100.0
-2.55563983037e-05	4.47557702678e-06	1.90886218703e-05	-0.00335996913537	0.00593437462953	0.000743879401967	1.6151629142e-12	2.189748145e-05	100.0
-5.37302698687e-05	-0.000458574054564	6.04689832855e-06	-0.010821195323	-0.065432823141	0.000995864245475	1.61460821637e-12	2.1889961165e-05	100.0
-3.33502233759e-05	-0.000208240588554	7.65600337318e-05	-0.00518218289062	-0.0259270273185	0.0069439590957	1.6144573466e-12	2.1887915757e-05	100.0
-0.000153940673194	-0.00041311272147	9.95786363088e-05	-0.0190014965754	-0.0562243198819	0.00900695215962	1.6144573466e-12	2.1887915757e-05	100.0
-7.55212620416e-05	-0.000302040615295	-7.17805843409e-05	-0.0101168741332	-0.0402051106019	-0.00749793271286	1.6144573466e-12	2.1887915757e-05	100.0
-0.000143733686144	0.000156644721475	-6.66424783338e-05	-0.0142870768869	0.0261093825804	-0.00478189647169	1.6144573466e-12	2.1887915757e-05	100.0
-0.000160986152753	-0.000155038081956	-8.99564117793e-05	-0.0202819459073	-0.0186204146094	-0.00905056047206	1.61400524021e-12	2.188178635e-05	100.0
-1.6130694526e-05	-0.000336569933899	-0.000103635873595	-0.00382641436268	-0.0446049309518	-0.00987387159393	1.61295518665e-12	2.1867550307e-05	100.0
-0.000183682271194	-0.000170487823688	0.00013825922783	-0.023461483876	-0.0209809021143	0.0148258662297	1.61265244132e-12	2.1863445854e-05	100.0
-0.000262256159994	-7.69430556206e-05	0.000120023644454	-0.0328314006751	-0.00784819376202	0.0132526100396	1.61265244132e-12	2.1863445854e-05	100.0
-9.221164559e-05	-0.000447802070494	2.41095569604e-05	-0.0132426274176	-0.0633964188602	-0.00092699285399	1.61265244132e-12	2.1863445854e-05	100.0
1.1401798489e-06	-0.000208579699203	3.15881675708e-05	-0.00171218232435	-0.0265009424432	0.00341109295634	1.61131875261e-12	2.1845364443e-05	100.0
-0.000109684784631	-0.000420739728744	5.39352491753e-05	-0.0142281986454	-0.0587544499992	0.00369775325067	1.61077662726e-12	2.1838014609e-05	100.0
-6.51001305221e-05	-0.000424706106335	-1.28725618713e-05	-0.00923144414563	-0.0594085722299	0.000933120152356	1.60996444503e-12	2.1827003493e-05	100.0
0.000133967086926	-0.000115549297213	2.8516444727e-05	0.0146739138137	-0.0127033470791	0.00321324724506	1.60969841134e-12	2.1823396757e-05	100.0
-0.000250238209534	-8.56627427719e-05	-7.9488216352e-05	-0.0310549165703	-0.00885680722067	-0.00881943605776	1.60951837342e-12	2.1820955902e-05	100.0
-2.34740077928e-05	-0.000461990480885	-5.4897038324e-06	-0.00732095907534	-0.0640301180922	0.00336586094728	1.60951837342e-12	2.1820955902e-05	100.0
-0.000171118722574	7.12980401933e-05	2.41560631103e-06	-0.0191611985543	0.0140708071594	0.00191756739058	1.60907330762e-12	2.1814921948e-05	100.0
4.62536127595e-05	-0.000473000069405	1.71954343091e-05	0.000854226375953	-0.0647969931434	0.00270714213703	1.60862623022e-12	2.1808860721e-05	100.0
-0.000178929675795	7.65019980395e-05	4.74787339844e-05	-0.020321204834	0.0145413241877	0.00355890528257	1.60818518761e-12	2.180288131e-05	100.0
-0.000125489135715	-0.000331759622425	-3.2648896032e-05	-0.0154266770162	-0.0447799831058	-0.00328632203654	1.60818518761e-12	2.180288131e-05	100.0
-9.35090291496e-05	-0.000321974090631	-0.000137703680992	-0.0128746115568	-0.0424209906415	-0.0138889431933	1.60818518761e-12	2.180288131e-05	100.0
-1.61514060955e-05	-0.000339988394888	-0.000202113676335	-0.00348241205047	-0.0441192257046	-0.0222913327944	1.60818518761e-12	2.180288131e-05	100.0
5.9170985534e-05	-0.000175318191431	-0.000188346434459	0.00609004863452	-0.0213169297256	-0.0211639182748	1.60809315705e-12	2.1801633611e-05	100.0
-0.000160758413342	-0.000225299157477	0.000152426628042	-0.0207393426695	-0.0286386261833	0.0163319618417	1.60729907919e-12	2.1790867944e-05	100.0
8.59179905092e-05	-8.87286883957e-05	7.03403533136e-05	0.00838857099826	-0.00893884592659	0.00781065945529	1.60650298974e-12	2.1780075006e-05	100.0
-0.000107602530649	-8.50060201759e-06	0.000192762417968	-0.0136729214096	0.00176242013455	0.0210840545028	1.60650298974e-12	2.1780075006e-05	100.0
5.92171889429e-05	4.59887093801e-05	-6.02509705093e-06	0.00446016552672	0.0125602446838	-0.000452933441646	1.60650298974e-12	2.1780075006e-05	100.0
1.57254948342e-05	-0.000260192839175	-5.2415013399e-05	-5.25007512317e-05	-0.0340069452609	-0.00490375168624	1.60650298974e-12	2.1780075006e-05	100.0
-0.000231086063018	-0.000858131799265	5.58688866639e-05	-0.0289065691668	-0.105741056895	0.00629685841682	1.60650298974e-12	2.1780075006e-05	100.0
-1.67987104091e-05	-0.000182799378454	0.000421512819908	-0.00312605025198	-0.0229162111853	0.051359469393	1.60641548527e-12	2.1778888669e-05	100.0
-0.000323597435862	-0.000250238689427	3.07076796401e-05	-0.0404889746938	-0.0319382008688	0.00310592791707	1.60641548527e-12	2.1778888669e-05	100.0
5.36789673658e-05	-0.000528521746065	-3.7187763006e-05	0.000540685054351	-0.0718031958975	-0.00626685736396	1.60597595136e-12	2.1772929712e-05	100.0
7.58032426193e-05	-6.75302597606e-05	0.000190871785089	0.00813570211965	-0.0062945542686	0.0209306819675	1.60545092458e-12	2.1765811691e-05	100.0
-5.27518044547e-05	6.05291648747e-05	-0.000104565344452	-0.00584705210074	0.0133749946038	-0.00925758608693	1.60465533802e-12	2.175502557e-05	100.0
-0.000213672594258	-0.00018791779668	-0.000111017269272	-0.026879606353	-0.0232749504724	-0.011639516316	1.60465533802e-12	2.175502557e-05	100.0
5.4204393954e-05	5.91812421298e-05	-5.60454384262e-06	0.00454179303828	0.0155002826271	-0.000239965374295	1.60440539711e-12	2.175163701e-05	100.0
-0.000100786919182	-0.00030384710457	0.000207347487761	-0.0136452931684	-0.0393560512321	0.0232184082097	1.60421731281e-12	2.1749087068e-05	100.0
-0.000110404007823	-0.000166684831939	-0.000303831816351	-0.0147504731305	-0.0205119148645	-0.0360681084089	1.60421731281e-12	2.1749087068e-05	100.0
-8.00418836977e-05	-0.000315767488173	-0.000170500263471	-0.0111433265062	-0.0410844407349	-0.018126094959	1.60421731281e-12	2.1749087068e-05	100.0
-0.000249019053257	-0.000233832602358	-8.30535595651e-05	-0.0310475229102	-0.0296935093029	-0.00851602659589	1.60377928759e-12	2.1743148565e-05	100.0
1.93958582554e-05	-0.000247722087651	0.000172560540797	0.000966728461327	-0.0316745079873	0.0190506703154	1.60336640734e-12	2.1737550964e-05	100.0
0.000128771985817	-0.000211601521906	-6.07007007587e-05	0.0140423143806	-0.0267663517022	-0.00602716038339	1.60336640734e-12	2.1737550964e-05	100.0
-3.16086716915e-05	0.000142076931614	0.000231873017889	-0.00396980054498	0.0211389252663	0.0228044930868	1.60334176528e-12	2.1737216881e-05	100.0
-0.00020283454479	-4.01507262028e-05	5.60778276124e-05	-0.0245176109131	-0.0021316046118	0.00566427513086	1.60334176528e-12	2.1737216881e-05	100.0
3.799727749e-05	-0.000339084346894	0.000119472478935	0.0027498875082	-0.0443946775012	0.0119904427761	1.60334176528e-12	2.1737216881e-05	100.0
-0.000194977673937	4.05704775035e-05	2.62200939067e-05	-0.0225404689207	0.00953044183281	0.00278416922193	1.60334176528e-12	2.1737216881e-05	100.0
-4.8795226199e-05	-0.00036556889675	0.000207084404003	-0.00762914111493	-0.0476299490575	0.0224916100112	1.60290524876e-12	2.1731298832e-05	100.0
-0.000137718249321	-0.000313354155602	0.000226849007631	-0.0180953025882	-0.040517029208	0.0258406117011	1.60290524876e-12	2.1731298832e-05	100.0
-0.000241461856656	0.000138574788578	-2.89120976967e-06	-0.0275268034299	0.0224577950323	-0.000138562596729	1.60290524876e-12	2.1731298832e-05	100.0
5.71247881839e-05	-0.000469073689837	4.68445246434e-05	0.00284901531964	-0.062908493691	0.00222995888901	1.60233294945e-12	2.1723539916e-05	100.0
1.43640810631e-05	-6.92795044509e-05	1.77577474684e-05	3.3082525959e-05	-0.0056547712655	0.00356148130571	1.60233294945e-12	2.1723539916e-05	100.0
0.000133345314761	-4.94476710884e-05	-0.000234442452649	0.0150300179892	-0.00448432551322	-0.0263191340565	1.60233294945e-12	2.1723539916e-05	100.0
3.99294747903e-05	-0.000290203543365	-0.000232111858254	0.0035066220748	-0.0372796725352	-0.0265457661845	1.60233294945e-12	2.1723539916e-05	100.0
-2.77178623051e-06	-0.000494642363596	-0.000185596618228	-0.00299122385301	-0.0648826618596	-0.0185650698411	1.60233294945e-12	2.1723539916e-05	100.0
-0.000128384439298	-0.000408244820305	-2.88691452244e-05	-0.0156766895653	-0.0567058709204	-0.000887752004837	1.60203322152e-12	2.1719476372e-05	100.0
0.000104821927195	-0.000196166955102	1.338820846e-05	0.0109861193519	-0.0242881959411	-0.000564270204011	1.60079458076e-12	2.1702683568e-05	100.0
1.74631376027e-05	-0.000519746232003	-3.9225097373e-05	-0.00468925399417	-0.0709330685622	-0.00767949286299	1.60079458076e-12	2.1702683568e-05	100.0
8.31911356276e-05	-0.000392385113747	3.03152795389e-05	0.00723458412082	-0.05279130736	0.00251052072478	1.60079458076e-12	2.1702683568e-05	100.0
4.57203012516e-05	-7.70590263288e-05	0.000252001320437	0.00449820639082	-0.00815594053173	0.0284830611132	1.60079458076e-12	2.1702683568e-05	100.0
0.000359899176372	6.70673114467e-05	-9.98831778894e-05	0.0422786079959	0.0102272511732	-0.0115684443989	1.60079458076e-12	2.1702683568e-05	100.0
4.12631756483e-05	2.20191083629e-05	8.51234453901e-05	0.00403076724814	0.00830937453034	0.00749790421378	1.60079458076e-12	2.1702683568e-05	100.0
3.4206960056e-05	-0.000482468087796	-4.31064058213e-05	-0.000598124066796	-0.0647609499274	-0.00107875004813	1.60079458076e-12	2.1702683568e-05	100.0
-0.000187451587357	9.36288810961e-05	3.5759256274e-05	-0.0210775157783	0.0167155755002	0.00189723039778	1.60029671054e-12	2.169593372e-05	100.0
-0.000136107084718	-0.000100720717865	0.000122148661812	-0.017457657446	-0.010956239811	0.013094328295	1.60029671054e-12	2.169593372e-05	100.0
2.03479721814e-05	-0.000456716931874	-0.000507291561109	0.00147209707876	-0.0585914017601	-0.0627503957495	1.60029671054e-12	2.169593372e-05	100.0
-4.59107939208e-05	-0.000524286022715	-0.000138398271788	-0.00901652477672	-0.0694654927153	-0.0105467951339	1.60029671054e-12	2.169593372e-05	100.0
-3.05683435078e-05	6.59234609253e-06	5.75919269411e-06	-0.00416350818144	0.00621231899328	0.00140179250961	1.60028514385e-12	2.1695776906e-05	100.0
-1.49062036676e-05	-0.000339679548868	-0.000362053383631	-0.00311768641193	-0.043593186965	-0.0434281206848	1.59977671275e-12	2.1688883879e-05	100.0
0.000106292767541	-0.000348979598458	0.000536573171151	0.0125427848053	-0.0446363350076	0.066837783199	1.59943172389e-12	2.1684206712e-05	100.0
6.85019186974e-05	-0.00035628291817	-1.55879520944e-05	0.00565334220246	-0.0477958611717	-0.000834470589994	1.59926979034e-12	2.1682011307e-05	100.0
2.42679302868e-05	-0.000234641941464	-0.000282577411184	0.00177793484405	-0.0298967588519	-0.0332390807693	1.59926979034e-12	2.1682011307e-05	100.0
-0.000179422333282	-0.00050633933551	-0.000226900847105	-0.0229682873281	-0.0657709367216	-0.0238201872092	1.59926979034e-12	2.1682011307e-05	100.0
-2.5537126105e-05	-0.00047409242869	0.000188932993042	-0.0055347399489	-0.0622158210049	0.0189261389591	1.59900023636e-12	2.1678356844e-05	100.0
-0.000153377599258	-8.36395740892e-05	0.0001239655381	-0.0190381195167	-0.00831874932173	0.0130741510311	1.59900023636e-12	2.1678356844e-05	100.0
0.00012490871222	9.19302216044e-05	4.88903835167e-05	0.0110657073995	0.018492917632	0.00260382112295	1.59825996872e-12	2.1668320706e-05	100.0
-8.5452345673e-05	-0.000202313821048	0.000172003335326	-0.011502500296	-0.0251408283955	0.0186702161055	1.59770879118e-12	2.1660848148e-05	100.0
-1.29174594836e-05	9.66895098193e-05	0.000271261806008	-0.00226213611254	0.0148696634905	0.028983870684	1.59770879118e-12	2.1660848148e-05	100.0
-0.00021128130075	-0.000130000377004	6.39681722455e-05	-0.0261880107583	-0.0150123572148	0.00638338114278	1.59770879118e-12	2.1660848148e-05	100.0
-6.98658514462e-05	-0.000173900437468	5.55434677226e-05	-0.00933029942557	-0.0212784687385	0.00585361623153	1.59770879118e-12	2.1660848148e-05	100.0
3.42203417592e-05	-9.06965698811e-05	-0.000295456096742	0.00325861361079	-0.0102364559252	-0.0347463064636	1.59770879118e-12	2.1660848148e-05	100.0
-0.000130265040858	-0.000239892184702	-0.000154648100737	-0.0168447671991	-0.0304427339482	-0.0165399919159	1.59770879118e-12	2.1660848148e-05	100.0
-0.000103275714712	8.28861567947e-05	-8.71904315413e-05	-0.0111104821383	0.0162107224636	-0.00695433459797	1.59770879118e-12	2.1660848148e-05	100.0
-0.000164401137903	-0.000247629150881	-0.00044711255056	-0.0218137384103	-0.0313999430599	-0.0547398709113	1.59770879118e-12	2.1660848148e-05	100.0
-0.000130159735696	-0.000442982967544	-0.000185287052451	-0.0172976698105	-0.0586131450963	-0.0184928909056	1.59770879118e-12	2.1660848148e-05	100.0
1.30191752809e-05	-0.000270929190545	0.000357951813755	0.000468948418455	-0.0343458212937	0.0429892688849	1.59725618189e-12	2.1654711922e-05	100.0
-0.000248802623826	-1.71568283017e-05	-8.67657177222e-05	-0.0306493809369	0.000497473418079	-0.00887475398107	1.59685034222e-12	2.1649209773e-05	100.0
-2.24268328486e-05	0.000136933824727	-0.000262201830156	-0.0032115691061	0.0201197085319	-0.0271693245272	1.59685034222e-12	2.1649209773e-05	100.0
-2.91498431388e-05	0.000169459588084	-0.000201779701728	-0.00329049206991	0.0254577239454	-0.0179862825512	1.59685034222e-12	2.1649209773e-05	100.0
-0.000182434752028	-0.000221165716425	0.000260395103531	-0.0236487825529	-0.0278826545489	0.030178149088	1.59642187209e-12	2.1643400813e-05	100.0
-0.000110158550632	-0.000195792773159	0.000114780438356	-0.0143486413303	-0.0243107083962	0.0116367245157	1.59642187209e-12	2.1643400813e-05	100.0
0.000155739967929	-0.000175167642316	5.27817601872e-05	0.0173567034103	-0.0214193425745	0.00480771669731	1.59625792695e-12	2.1641178136e-05	100.0
0.000119339260743	-0.000188069929073	7.525764474e-05	0.0128970626096	-0.0233065954372	0.00715744183826	1.59625792695e-12	2.1641178136e-05	100.0
8.69382267952e-05	-0.000400665462941	6.15857998933e-05	0.00770398984926	-0.0527806952093	0.00438141085459	1.59625792695e-12	2.1641178136e-05	100.0
-6.51771942447e-05	-0.000226259029153	0.000326262911976	-0.00930420747174	-0.0286673742761	0.0388414174388	1.59576106253e-12	2.1634441925e-05	100.0
0.000139214687539	-0.000375290195751	-5.52671550191e-05	0.0144856658234	-0.0499220775467	-0.0078991970765	1.5952652039e-12	2.1627719349e-05	100.0
0.00011242846877	3.77634102408e-05	0.000108903145217	0.0114737999037	0.00947572795506	0.00927710352719	1.5952652039e-12	2.1627719349e-05	100.0
-0.000166289257826	-0.00040169968103	-7.26940839807e-06	-0.019413024227	-0.0554238466234	0.00072335193413	1.595139982e-12	2.162602166e-05	100.0
-2.11401987729e-05	0.000111125894575	-0.000377994701151	-0.00344014883272	0.0154645397418	-0.043717760496	1.59428807073e-12	2.161447192e-05	100.0
-7.1415208365e-05	0.000191338168619	-0.000173651459653	-0.0071905678659	0.0285148427465	-0.0142194145328	1.59428807073e-12	2.161447192e-05	100.0
5.55041690824e-05	-0.000427119669545	1.71703996399e-05	0.00294358688188	-0.0581465046365	0.00101032167345	1.59427801274e-12	2.161433556e-05	100.0
0.000200633422465	-0.000377745662679	3.47410909994e-05	0.022637419935	-0.0499912912436	0.00410116952522	1.59427801274e-12	2.161433556e-05	100.0
0.000209369291745	-7.06950684225e-05	4.57981948101e-05	0.0234516206815	-0.00702419298251	0.00567230103617	1.59427801274e-12	2.161433556e-05	100.0
-0.000104146693119	-0.000200783274725	0.000228458350771	-0.0139678943922	-0.0252153915699	0.0261504041431	1.59427801274e-12	2.161433556e-05	100.0
0.000174815605988	-0.000307064612585	0.000551704658113	0.0212116275981	-0.0392936344503	0.0687193065573	1.59329534768e-12	2.1601013133e-05	100.0
8.43648065173e-05	-9.62758633101e-05	4.84704092269e-06	0.00833177948376	-0.00991606159574	0.00154941382706	1.59329534768e-12	2.1601013133e-05	100.0
0.000111328855191	-0.000189830798267	-0.000338101822013	0.0128127417525	-0.0238990313956	-0.0404384629443	1.59329534768e-12	2.1601013133e-05	100.0
-0.000189801124328	-0.000808679847005	-0.000352320007928	-0.0250751223445	-0.102787424557	-0.0424550619121	1.59329534768e-12	2.1601013133e-05	100.0
-0.000199449471382	-0.000588389886782	0.000187361985039	-0.0241946321394	-0.0753977007091	0.017380350615	1.59301372412e-12	2.1597195037e-05	100.0
-0.000189048838333	-0.000189395013762	-9.04070308602e-05	-0.0236624836382	-0.0234100955134	-0.00908995919797	1.59301372412e-12	2.1597195037e-05	100.0
0.00026082038036	-0.000151794322137	4.44257450471e-05	0.0306679657143	-0.0187173629634	0.00540447460957	1.59280652964e-12	2.1594386009e-05	100.0
-0.000124781034393	-0.000107028075908	0.000305411317796	-0.0164390388396	-0.0124299482831	0.0357063437348	1.59259028298e-12	2.1591454257e-05	100.0
-0.000132020357199	-0.000131335896401	0.000107212719566	-0.0166541647055	-0.0150168756891	0.0108707164033	1.59259028298e-12	2.1591454257e-05	100.0
2.49088494446e-05	-0.00043081369213	0.000533094700732	0.00205868119694	-0.0553052365685	0.0661432238059	1.59259028298e-12	2.1591454257e-05	100.0
-0.000175859402108	1.2192216151e-05	-1.93845822212e-05	-0.0203125551298	0.00570439177681	-0.00138973959105	1.59259028298e-12	2.1591454257e-05	100.0
-6.10206294634e-05	-0.000127600330597	-0.000328200980002	-0.00861179143454	-0.0153947156611	-0.0388211878238	1.59259028298e-12	2.1591454257e-05	100.0
-0.000116870935985	-0.000265478946446	-0.000150722132224	-0.01540460058	-0.0341076953784	-0.0157732252175	1.59259028298e-12	2.1591454257e-05	100.0
0.000139529315132	-2.26078572708e-05	0.000367674708555	0.0163014571889	-0.00173814000322	0.043679731459	1.59231871741e-12	2.1587772522e-05	100.0
9.48045650091e-05	-0.000341011798225	-0.000225816778567	0.0101464625528	-0.0441118176138	-0.0256280470779	1.59231871741e-12	2.1587772522e-05	100.0
2.34094635132e-05	0.00010633648057	0.000604005518288	0.00204000329051	0.0139831663373	0.0747174391914	1.59216734474e-12	2.1585720295e-05	100.0
-0.000169162891942	-0.000235365632741	6.18029591928e-06	-0.0206518027211	-0.0301126022437	9.19163694108e-05	1.59216734474e-12	2.1585720295e-05	100.0
-0.000156866711078	-0.000521965043731	0.000237576260081	-0.0202813758097	-0.0674236128139	0.0250703731362	1.5917444065e-12	2.1579986334e-05	100.0
3.99312585971e-05	-0.000430321060004	0.000210297420303	0.00291132403992	-0.0562877186328	0.0231148033818	1.5917444065e-12	2.1579986334e-05	100.0
-0.000241889910783	-0.000228362292947	-8.61417516018e-05	-0.0298560779276	-0.0288464052612	-0.0104512284966	1.5917444065e-12	2.1579986334e-05	100.0
-0.000136603451114	0.000115718236242	2.78282688217e-05	-0.01359940891	0.0212598010858	0.00282876265059	1.5917444065e-12	2.1579986334e-05	100.0
0.000125236124995	-0.000278046014214	-5.4304838272e-05	0.0133643051906	-0.0362442289824	-0.00517511279671	1.59134661323e-12	2.1574593273e-05	100.0
0.00015460383145	-2.28498603844e-05	-7.84834555536e-05	0.016626180569	0.000334877064193	-0.00694165084755	1.59134661323e-12	2.1574593273e-05	100.0
-0.000160808235909	-0.000179722531933	0.000562462296704	-0.0215051651099	-0.0226537625647	0.0699296878576	1.59090104452e-12	2.1568552501e-05	100.0
-0.000186006538474	-0.000254471446845	-7.6894963245e-05	-0.0231363782751	-0.0327145465907	-0.00749311043809	1.59090104452e-12	2.1568552501e-05	100.0
3.22944719547e-05	-0.000461914786592	-4.64311130974e-05	-0.000603608510931	-0.0633615411836	-0.00389179133547	1.59038004094e-12	2.1561489023e-05	100.0
2.41866729805e-05	-0.000180042178468	5.62147881427e-05	0.00164338188605	-0.0218461259927	0.00448373161107	1.59038004094e-12	2.1561489023e-05	100.0
5.94184131733e-05	-0.000527030265645	-8.65280431963e-05	0.00265921227027	-0.06961349508	-0.00623602725412	1.59038004094e-12	2.1561489023e-05	100.0
5.92455579684e-06	-0.000598180877136	-0.000260799996266	-0.00153900086229	-0.0766508686351	-0.0285214361841	1.59038004094e-12	2.1561489023e-05	100.0
1.84950844016e-06	-0.00059599151209	-0.000173560137223	-0.00337926869411	-0.0761200537745	-0.0159391287263	1.59038004094e-12	2.1561489023e-05	100.0
