# x[AU] y[AU] z[AU] vx[AU/yr/2pi] vy[AU/yr/2pi] vz[AU/yr/2pi] m[MSUN] m[mtot] wf[%]
4.30160962517e-05	0.000188814813792	5.26335515868e-08	0.00596546723023	0.02368975642	2.90369111284e-05	5.86589353548e-07	0.908181871086	19.7047782029
-0.000440991596234	-0.00192381526097	7.89662423484e-07	-0.0613417999332	-0.241974693469	7.35350130912e-05	5.49596194612e-08	0.0850907534075	8.30868248843
-0.000328338041331	-0.0011825468068	2.19038100253e-05	-0.0449325325567	-0.147012858236	0.000474711450797	3.03559580984e-10	0.0004699834843	0.0
-0.000330091696078	-0.00131854158797	1.99744537494e-05	-0.0451940770961	-0.166616577571	0.00162747818765	1.53438568347e-10	0.00023755993055	0.0
-0.000258056094397	-0.000547726776058	2.00260437708e-05	-0.034303274583	-0.0558552250374	0.00331539034079	1.51659537232e-10	0.000234805561087	0.0
-0.000341663556171	-0.00159039080574	9.61190526557e-07	-0.0471421627898	-0.206019057528	0.00038352803688	1.02101661076e-10	0.00015807800982	24.741086232
-0.000339954661969	-0.0015816528298	3.50681554288e-05	-0.0485035748912	-0.204122333374	0.00550190104657	2.31375394147e-10	0.00035822494408	0.0
-0.000362946434932	-0.00169012563599	-4.12497823894e-05	-0.0520699082437	-0.221231763244	-0.0050803128449	7.60359220909e-11	0.00011772195587	0.0
-0.000258208855452	-0.000728075478677	2.42476923561e-05	-0.0356735875285	-0.0823847013245	0.00203372724726	8.89723757462e-11	0.000137750707864	14.3163958173
-0.000264857590218	-0.000490610877772	3.05990008453e-05	-0.0338615214357	-0.0480096334465	0.00424786574777	8.89581939883e-11	0.000137728751081	14.2440049139
-0.000339248870365	-0.00135707752089	1.82305645484e-05	-0.0472779297707	-0.171046201815	0.00184974201669	3.86770984727e-11	5.988148173e-05	0.0
-0.000359262531121	-0.00169545771523	-1.37895408554e-05	-0.0506953410708	-0.222258202354	-0.00235765931473	3.85263041434e-11	5.964801572e-05	0.0
-0.00027017877693	-0.000661737255209	-2.56565557138e-06	-0.0361133070922	-0.0730957285165	-0.000236318479221	7.64925093162e-11	0.000118428863074	0.0
-0.000289147150254	-0.000831277280406	1.41252812243e-05	-0.0391936108048	-0.0972733328874	0.0026425371089	3.83232082958e-11	5.9333574338e-05	0.0
-0.000348760344889	-0.00149278511215	2.87102422495e-05	-0.0474889448812	-0.191302148122	0.00376720901036	3.81693010204e-11	5.9095288736e-05	0.0
-0.000345091544147	-0.00147929131113	-2.04336070934e-05	-0.0482673328391	-0.188645654003	-0.0049828296315	3.81176834451e-11	5.9015372273e-05	0.0
-0.00032537447645	-0.00135811521634	-2.5184944603e-05	-0.0443031735073	-0.171333319346	-0.0055454287548	3.81176834451e-11	5.9015372273e-05	0.0
-0.000283262643871	-0.000706120399079	1.1793733119e-05	-0.0372356135779	-0.0797339112683	-0.000484039160797	3.81176834451e-11	5.9015372273e-05	0.0
-0.000255889541545	-0.00125020209285	-5.38762288536e-05	-0.0370705988154	-0.155995382103	-0.00393309311042	7.62353668901e-11	0.000118030744546	0.0
-0.000296786999522	-0.00150475783744	-1.76534002459e-05	-0.0430301288384	-0.191882256466	0.00113204190205	3.81176834451e-11	5.9015372273e-05	0.0
-0.000328294637864	-0.00140105053589	8.40072149184e-06	-0.0462418031116	-0.176949796614	0.00326840063697	5.09234939426e-11	7.8841857134e-05	25.147156069
-0.000255537800185	-0.000455813445071	-2.53687141651e-05	-0.0330488388414	-0.0427518608068	-0.00392377267993	3.80139805981e-11	5.8854815241e-05	0.0
-0.000261068883335	-0.000826102371991	1.43852686875e-05	-0.0364234397095	-0.0964270903973	-0.00010365272474	3.78046135974e-11	5.8530664601e-05	0.0
-0.000279460559113	-0.00119282155872	-2.8760192931e-05	-0.039478100848	-0.148418324615	-0.000730579381138	3.78046135974e-11	5.8530664601e-05	0.0
-0.000262729990307	-0.00133844340419	-3.30622615473e-05	-0.0384430232069	-0.168035075462	-0.000482545196881	3.76989192696e-11	5.8367024276e-05	0.0
-0.000264128995106	-0.00162147344033	5.94510722605e-07	-0.0413340853618	-0.207736586172	0.00419444887628	3.76989192696e-11	5.8367024276e-05	0.0
-0.000308410628735	-0.00145733501794	-8.86019514448e-06	-0.0445099272207	-0.184871759276	-0.00488581336373	3.76458181416e-11	5.8284810916e-05	0.0
-0.000342469948204	-0.00160045555702	-3.46905411074e-07	-0.0505038095336	-0.203701196788	-0.00488087091318	3.74854435823e-11	5.8036512398e-05	0.0
-0.000196023223638	-0.00093748768979	-0.000134014808615	-0.028670922418	-0.112269181463	-0.0133963854645	3.74854435823e-11	5.8036512398e-05	0.0
-0.000343346131804	-0.00177177032661	0.000252663046487	-0.0486666987231	-0.22467840293	0.0235455501177	3.73776219908e-11	5.7869578555e-05	0.0
-0.000332022900579	-0.00138310971385	-2.55386767116e-05	-0.0464621033164	-0.174382126924	-0.0061939258127	7.44831704778e-11	0.000115317921672	0.0
-0.000151258509143	-0.000423292392162	-1.25031222119e-05	-0.0215981363179	-0.0362528904932	0.00198723105216	3.73234346005e-11	5.7785683399e-05	0.0
-0.000269035615939	-0.000462089728928	1.68216009989e-05	-0.0335741995886	-0.0447705274029	0.00292214539214	3.72690611375e-11	5.7701500157e-05	0.0
-0.000274001828537	-0.00157770429128	-9.97832743351e-06	-0.0418172744592	-0.201827437192	0.00361167857984	3.72690611375e-11	5.7701500157e-05	0.0
-0.000273299941735	-0.000865413192408	-6.60732980439e-05	-0.0384528581635	-0.102336098656	-0.00937067260829	3.71597358773e-11	5.7532238273e-05	0.0
-0.000154068211474	-0.00112433172065	4.9884254642e-05	-0.0246943613108	-0.138522251298	0.00357280975626	3.71597358773e-11	5.7532238273e-05	0.0
-0.000344842695752	-0.000875912504281	0.000191360094292	-0.0466182469866	-0.104162721569	0.0197507420975	3.71597358773e-11	5.7532238273e-05	0.0
-0.000292743047124	-0.000676363794996	0.000385677721568	-0.0396153922197	-0.0773662876365	0.0424406719226	3.71597358773e-11	5.7532238273e-05	0.0
-0.000337735712036	-0.001325300668	5.34872931624e-05	-0.0485745322808	-0.166457003372	0.00676010023282	3.71597358773e-11	5.7532238273e-05	0.0
-0.000205316644123	-0.000626471457458	8.24174123088e-05	-0.0293354752838	-0.067601910806	0.0113225255495	3.71597358773e-11	5.7532238273e-05	0.0
-0.000265599204956	-0.0010216428648	-3.81478332031e-05	-0.0375386785149	-0.124295007926	-0.00184715293602	3.71597358773e-11	5.7532238273e-05	0.0
-0.000331200194121	-0.000685342521857	8.65359940514e-05	-0.0427961666094	-0.0768105955439	0.00927321877594	1.40911404245e-11	2.1816485755e-05	100.0
-0.000343905140777	-0.000703997556364	-3.21746433962e-05	-0.0445240257902	-0.0794000261228	-0.00355099584189	1.39371627432e-11	2.1578091148e-05	100.0
-0.000350049835856	-0.000866478387048	-0.000110748258785	-0.0465864887963	-0.102738754161	-0.0120544836246	1.39371627432e-11	2.1578091148e-05	100.0
-0.000217797001258	-0.000545896011974	-0.00023702660796	-0.0292824457667	-0.0568541474991	-0.0249200332149	1.37992526918e-11	2.1364573109e-05	100.0
-0.000398542888138	-0.00122471684672	-4.8973991323e-06	-0.0526211614189	-0.152723631352	-0.000230970739513	1.36618958295e-11	2.115191154e-05	100.0
-0.000454233285755	-0.000983588914277	-0.000416656835063	-0.0601925166689	-0.119649231676	-0.0496132650078	1.36314352241e-11	2.1104751172e-05	100.0
-0.000327362796862	-0.000317125325026	-0.000206102195845	-0.0393154148679	-0.0247256526693	-0.018456511914	1.36314352241e-11	2.1104751172e-05	100.0
-0.0005037340128	-0.000517476526449	-0.000140159150975	-0.0629143687023	-0.0546034293016	-0.0152281326962	1.35705844192e-11	2.1010539442e-05	100.0
-0.000499568834986	-0.00121134541984	-0.000162624158193	-0.0657083575137	-0.150637549781	-0.0191786926282	1.35705844192e-11	2.1010539442e-05	100.0
-0.000387800096369	-0.00046306355208	-9.34205461255e-05	-0.0478160718079	-0.0453351027793	-0.00826473093224	1.35705844192e-11	2.1010539442e-05	100.0
-0.000523405606661	-0.00140800533814	0.000300561081556	-0.068938545481	-0.176826414987	0.0351976266269	1.3449124201e-11	2.0822489714e-05	100.0
-0.000543060681311	-0.000715115049428	8.96269026241e-05	-0.0695135064511	-0.0822410620471	0.0107611832428	1.3449124201e-11	2.0822489714e-05	100.0
-0.000399832626715	-0.000413484981421	0.00012102250081	-0.0483856417008	-0.0384441758308	0.0122438942968	1.34187993784e-11	2.0775539571e-05	100.0
-0.000280953775908	-0.00165655556867	-0.000758695198594	-0.0397898508204	-0.208527936392	-0.0926996038419	1.34187993784e-11	2.0775539571e-05	100.0
-0.000272005181234	-0.000832772059034	-0.000613383778824	-0.0375541413321	-0.0997571824601	-0.0727742992831	1.34187993784e-11	2.0775539571e-05	100.0
-0.000415375163933	-0.00141392519733	-0.000185050560028	-0.055581931119	-0.17840675946	-0.0201743876247	1.33582050521e-11	2.0681724932e-05	100.0
-0.000429866960526	-0.000381739206981	-0.000167316261815	-0.0521378334503	-0.0351153809906	-0.0152879074763	1.33582050521e-11	2.0681724932e-05	100.0
-3.55334616878e-05	-0.000549608397875	-0.000516763599042	-0.00889824565092	-0.0608787818999	-0.0573995975729	1.33279254905e-11	2.0634844864e-05	100.0
-0.000379826343424	-0.000356457177315	-0.000323416250276	-0.0469093027009	-0.032789016164	-0.0327058215094	1.33279254905e-11	2.0634844864e-05	100.0
-0.00041328070985	-0.00157203714872	-0.000140601962445	-0.0549332986364	-0.200954850002	-0.0140672747951	1.32976610158e-11	2.0587988154e-05	100.0
-0.000232664990518	-0.00125366529712	0.000420976761329	-0.0334201532657	-0.155585217151	0.0492070155435	1.3267411628e-11	2.0541154802e-05	100.0
-0.000375905454903	-0.00127444120847	0.000288060705713	-0.0508234422985	-0.158645889469	0.032641751568	1.3267411628e-11	2.0541154802e-05	100.0
-0.000331590590988	-0.000912825037088	-9.41501116566e-05	-0.044280412806	-0.109065692803	-0.0106162186615	1.32522894487e-11	2.0517742019e-05	100.0
-0.00010224293161	-0.000354348230259	-0.000630396312753	-0.0167943009954	-0.0366028813548	-0.069289128261	1.32220551479e-11	2.0470932025e-05	100.0
-0.000706085442298	-0.00220971554978	0.000204903792484	-0.0906931751878	-0.276580590131	0.023669905736	1.32069379976e-11	2.0447527029e-05	100.0
-0.000687532317531	-0.000788004754001	0.000390772317704	-0.08868215123	-0.0939623218747	0.0452007371475	1.31767187838e-11	2.0400740393e-05	100.0
-0.000599205588506	-0.000774248352453	0.000361274366715	-0.0774201667919	-0.0914847873173	0.0417504648623	1.31767187838e-11	2.0400740393e-05	100.0
0.00021399822013	-0.000987300127194	-0.000934656550162	0.022562577045	-0.12177441211	-0.114241379472	1.31767187838e-11	2.0400740393e-05	100.0
-0.000639448238056	-0.00214348261997	0.000249238844333	-0.0823550476738	-0.267338260922	0.0271229561594	1.3146504599e-11	2.0353961544e-05	100.0
-0.0002787994781	-0.00139100759581	-0.00024171870352	-0.0394922966447	-0.174655506592	-0.0262614771709	1.3146504599e-11	2.0353961544e-05	100.0
-0.000646940471366	-0.00195002679012	0.000384599261492	-0.0838999144714	-0.24535054646	0.0436882014427	1.30408153002e-11	2.0190329006e-05	100.0
-0.000113086685712	-0.000972998497832	-0.000615670802593	-0.0184877678862	-0.118486917898	-0.0729377298109	1.30408153002e-11	2.0190329006e-05	100.0
-0.000635359320345	-0.00130222366922	3.11292146219e-06	-0.0822395722432	-0.162860516147	0.000432511779462	1.30257232948e-11	2.0166962939e-05	100.0
-0.000642290364478	-0.00170430830531	-7.00739268343e-05	-0.0794510412251	-0.217439074582	-0.00639349142764	1.30257232948e-11	2.0166962939e-05	100.0
-0.000626991592528	-0.000525261947702	-0.000200208305485	-0.0785452640248	-0.0571762267398	-0.0219791233241	1.30257232948e-11	2.0166962939e-05	100.0
-0.000605128350473	-0.000578988676595	8.63566011839e-05	-0.0757703896283	-0.0638088895034	0.00972865650291	1.30106312894e-11	2.0143596873e-05	100.0
-0.000664026642373	-0.00177398094323	0.000166100706151	-0.0830693174153	-0.225577302868	0.0164090345725	1.2995539284e-11	2.0120230807e-05	100.0
-0.000593305770902	-0.000667602782664	8.95612620775e-05	-0.0754831596446	-0.0761109238133	0.00930823632724	1.2995539284e-11	2.0120230807e-05	100.0
-0.000632754518611	-0.000900307074892	2.30559946078e-05	-0.0815176796344	-0.108036241629	0.00308223935695	1.2995539284e-11	2.0120230807e-05	100.0
-0.000441623721767	-0.000287603068965	-6.28580882087e-05	-0.0508444193418	-0.0208556570094	-0.00658747190526	1.2995539284e-11	2.0120230807e-05	100.0
-0.000478807978348	-0.00091953408385	-0.00062225983536	-0.0632786018962	-0.111416447461	-0.0750755195979	1.2995539284e-11	2.0120230807e-05	100.0
-0.000847971378512	-0.00208088434751	0.000744628479461	-0.111171822786	-0.262521541846	0.0922407379319	1.29653603021e-11	2.007350646e-05	100.0
-0.000217859120999	-0.00151689652913	0.000851634728314	-0.0316488851969	-0.190448285622	0.104793736488	1.29351813203e-11	2.0026782114e-05	100.0
-0.00074118248048	-0.00230129690248	-4.98787911505e-05	-0.0955672215618	-0.288098540466	-0.00459865536254	1.29351813203e-11	2.0026782114e-05	100.0
-6.47506305716e-05	-0.00134562552026	0.000811918279797	-0.0124427887316	-0.167982633401	0.0991452444554	1.28899103331e-11	1.9956691701e-05	100.0
-0.000331747657382	-0.00159529896083	0.000397249261269	-0.0461190759198	-0.201209698271	0.0454073288714	1.28899103331e-11	1.9956691701e-05	100.0
-0.000516876048357	-0.000118895245492	9.05105921872e-05	-0.0571419566265	-0.000375643681424	0.00675847251852	1.28899103331e-11	1.9956691701e-05	100.0
-0.000464569120642	-0.000413740079644	-2.42714693372e-05	-0.0560248247487	-0.0389895842204	-0.00191236439651	1.28899103331e-11	1.9956691701e-05	100.0
-0.000318238897153	-0.00118549306591	-0.000668161382514	-0.0438319063329	-0.146804236499	-0.0809670460215	1.28748233567e-11	1.9933333421e-05	100.0
-0.000785027117234	-0.00141928244491	-0.000643886926126	-0.102576462186	-0.177352614557	-0.0786322549352	1.28597313512e-11	1.9909967355e-05	100.0
1.90382185212e-05	-0.000222717171308	0.000502791138985	-0.00377062826666	-0.0190016313977	0.0483097805121	1.28446443748e-11	1.9886609074e-05	100.0
-0.000476664065721	-0.000369987140104	0.000182856456566	-0.0574884081954	-0.0340263604224	0.0183714554277	1.28446443748e-11	1.9886609074e-05	100.0
-0.000505771174643	-0.00138731868695	7.24919648739e-05	-0.0657557581735	-0.174908256991	0.00750961853191	1.28446443748e-11	1.9886609074e-05	100.0
-0.000663527787692	-0.00121317970744	-1.95016233363e-05	-0.0859605093768	-0.150855972912	-0.0016674569481	1.28446443748e-11	1.9886609074e-05	100.0
-0.000552747217752	-0.00201580219992	-0.000242324536241	-0.0703167226313	-0.252528037616	-0.0233957493766	1.28446443748e-11	1.9886609074e-05	100.0
-0.000374464767038	-0.00156465860145	-0.000238270070611	-0.0509184607244	-0.197840678319	-0.0248953510015	1.28446443748e-11	1.9886609074e-05	100.0
-0.000509959875371	-0.00164629539624	-0.000301411043774	-0.0670780098757	-0.209029887153	-0.033319530578	1.28446443748e-11	1.9886609074e-05	100.0
-0.000183514737346	-0.00213314183395	-0.000209814880052	-0.0301635549832	-0.265823022422	-0.0208326605479	1.28406010651e-11	1.9880349055e-05	100.0
-8.86840329941e-05	-0.000807864856729	0.000300433262764	-0.0155202458167	-0.0946236105379	0.0329133252897	1.28231454334e-11	1.9853323525e-05	100.0
-0.000217089658302	-0.000353713711923	-3.3292258986e-05	-0.0295829142978	-0.0259086572792	-0.00388462989453	1.28231454334e-11	1.9853323525e-05	100.0
-0.00064028728193	-0.00201678049111	-0.000186740176176	-0.0798435064469	-0.252000128416	-0.0179266496763	1.28231454334e-11	1.9853323525e-05	100.0
-0.000628050365994	-0.00147482232406	-0.000332714509171	-0.0819066395426	-0.185331727568	-0.0383907496487	1.2814460364e-11	1.9839876942e-05	100.0
-0.000588669689541	-0.00191167884003	-0.000653415613194	-0.0780032600284	-0.240652058926	-0.0793873678472	1.2814460364e-11	1.9839876942e-05	100.0
-0.000328841519006	-0.000633142070417	-0.00053885888194	-0.0440340949012	-0.0726464578901	-0.0615236547671	1.2814460364e-11	1.9839876942e-05	100.0
-0.00029622070084	-0.00147291404676	-8.76090488833e-09	-0.0435092239739	-0.18738672647	0.00435453974765	1.28058104975e-11	1.9826484861e-05	100.0
-0.000332085520299	-0.000830370278526	0.000734615552319	-0.0452201741516	-0.100167667155	0.0877155105114	1.27993683586e-11	1.9816510876e-05	100.0
-0.000306226050576	-0.00104114774456	1.36399018305e-05	-0.0425151701125	-0.127480917255	0.00145398821679	1.27885962574e-11	1.9799833064e-05	100.0
-0.000219203034138	-0.00214521395905	4.86828474852e-05	-0.0361047345389	-0.264122123989	0.0020219546207	1.27885962574e-11	1.9799833064e-05	100.0
-0.00118055383705	-0.00220369282896	8.4403001232e-05	-0.152477289214	-0.277609536968	0.00988724256593	1.27885962574e-11	1.9799833064e-05	100.0
8.40113038721e-06	-0.00098547457875	-0.000235525009234	-0.00460348151667	-0.119345659931	-0.0255493282449	1.27885962574e-11	1.9799833064e-05	100.0
-0.00066446456912	-0.00223884605772	-4.34079482964e-05	-0.0850635658092	-0.277528876114	-0.00404174360015	1.27885962574e-11	1.9799833064e-05	100.0
-0.000247094759411	-0.00169311018095	-0.000380401678799	-0.0365959679886	-0.213168275295	-0.0420972508313	1.27885962574e-11	1.9799833064e-05	100.0
-7.3401703491e-05	-0.0011344633073	8.76091925953e-05	-0.014678246474	-0.139558647534	0.00767370938636	1.27714976841e-11	1.9773360346e-05	100.0
-0.000136541054197	-0.00134549593031	0.000365925708293	-0.0222045951759	-0.167998009036	0.0419964917934	1.27714976841e-11	1.9773360346e-05	100.0
-0.000269119037662	-0.0009510727272	-1.86674726975e-05	-0.0378471082683	-0.114431897999	-0.00311347329987	1.27714976841e-11	1.9773360346e-05	100.0
-0.000225382536464	-0.00201599563616	0.000231334167085	-0.0361250007182	-0.251572922264	0.0216828336394	1.27714976841e-11	1.9773360346e-05	100.0
-0.000665953781453	-0.00183537445109	-0.000706652754249	-0.0878845850752	-0.230975968678	-0.085593595586	1.27545147777e-11	1.9747066709e-05	100.0
-0.000363621493284	-0.000659985901992	0.000683398034889	-0.0487448043623	-0.0777083671116	0.0797856991398	1.27540873134e-11	1.9746404891e-05	100.0
-0.000576324078141	-0.000967590052203	0.00066309543105	-0.075768834075	-0.118436527804	0.079613083665	1.27540873134e-11	1.9746404891e-05	100.0
-0.000176274589335	-0.00119525709018	0.000884550234644	-0.0265013254732	-0.148727426774	0.107825720001	1.27540873134e-11	1.9746404891e-05	100.0
-0.000649909789993	-0.00138199108157	0.000405494474067	-0.0850571774235	-0.172981800824	0.0478191916165	1.27540873134e-11	1.9746404891e-05	100.0
-0.000326295257189	-0.00163620197009	-3.60042984248e-06	-0.0445586187814	-0.211356530855	-0.00114145191277	1.27540873134e-11	1.9746404891e-05	100.0
-0.00086768100216	-0.00140244365771	-0.000248681393785	-0.111791191006	-0.175211449985	-0.0297273666096	1.27540873134e-11	1.9746404891e-05	100.0
-0.000255006087764	-0.00150266886813	4.09616487462e-05	-0.039231741578	-0.191460464694	0.00776752290185	1.27376374801e-11	1.9720936579e-05	100.0
0.000160207063495	-0.000593205292219	-0.000991890916399	0.0153300297198	-0.0713349272326	-0.119450708033	1.27376374801e-11	1.9720936579e-05	100.0
-0.000566198987122	-0.00168196356233	5.8723392559e-06	-0.0700292540646	-0.216890384559	-0.000939002118322	1.27238982735e-11	1.9699664972e-05	100.0
-0.000793977885074	-0.00154315150777	-0.000141038343228	-0.101558009162	-0.194288870685	-0.0168552054532	1.27238982735e-11	1.9699664972e-05	100.0
7.32956870823e-05	-0.0010213204826	0.000636232920714	0.0042737966361	-0.125194521736	0.0755126236562	1.27208758493e-11	1.969498553e-05	100.0
-0.000300237542713	-0.0016148083585	-0.000913831686042	-0.0422673084118	-0.203171870334	-0.11192688135	1.27042147983e-11	1.9669190203e-05	100.0
-0.000575322846036	-0.0021346327547	-0.000234608460079	-0.0743331079584	-0.265436281761	-0.0236955805128	1.27042147983e-11	1.9669190203e-05	100.0
0.000370432902438	-0.000597175672314	0.00072539257285	0.041077618432	-0.0705768521069	0.0862732536967	1.26936941468e-11	1.9652901695e-05	100.0
-0.000742126145048	-0.00153487038796	9.59782987205e-05	-0.0946653426534	-0.193433799524	0.0107313809711	1.26936941468e-11	1.9652901695e-05	100.0
-0.000342942353851	-0.00123519471731	-0.000252573070774	-0.0466381757206	-0.153475966994	-0.0285029001623	1.26785920834e-11	1.9629520057e-05	100.0
-0.000443401256085	-0.00218932107722	-0.000335459770779	-0.0596087004216	-0.27398625992	-0.0372467459854	1.26785920834e-11	1.9629520057e-05	100.0
-0.000181645062298	-0.000903891006384	5.57417061572e-06	-0.0278604954339	-0.107786943677	-0.00183985631197	1.26712095229e-11	1.9618090072e-05	100.0
-0.000275208164584	-0.00138724307237	2.44938235408e-06	-0.0410211981318	-0.175410587912	0.00288840294498	1.26712095229e-11	1.9618090072e-05	100.0
-0.000713503280966	-0.00113189458712	-0.000172237961038	-0.0923124500857	-0.139708428209	-0.0200527267477	1.266349002e-11	1.9606138418e-05	100.0
-0.0004528202547	-0.000169329789545	-9.24466624176e-06	-0.0488250160103	-0.00480433960497	0.000927992620725	1.266349002e-11	1.9606138418e-05	100.0
-0.000671564379292	-0.00163727456483	-0.000282189530797	-0.0865779497631	-0.207157643911	-0.0325327506884	1.266349002e-11	1.9606138418e-05	100.0
-0.000629356447057	-0.00185979034232	-0.000333486620208	-0.0810203984304	-0.23423812094	-0.0367602004572	1.266349002e-11	1.9606138418e-05	100.0
-0.000524483816467	-0.00253323130728	0.000990736213667	-0.0705590299828	-0.320164134687	0.123420894687	1.26386065669e-11	1.9567612828e-05	100.0
-0.000344710876964	-0.00132563492142	3.59914817524e-05	-0.0487481752026	-0.167204409357	0.00316498081964	1.26386065669e-11	1.9567612828e-05	100.0
2.13930973444e-05	-0.00104089523816	-1.07476259928e-05	-0.00343891216363	-0.12681525448	0.00136842480254	1.26386065669e-11	1.9567612828e-05	100.0
-0.000630580580677	-0.00204081113355	-0.000300272458825	-0.0812031554972	-0.255530216588	-0.0318467332351	1.26386065669e-11	1.9567612828e-05	100.0
-0.000146325549131	-0.00174146164455	-0.000154753869241	-0.0268301384258	-0.2211388527	-0.0138097916558	1.26386065669e-11	1.9567612828e-05	100.0
0.000121542128955	-0.00158224808757	-0.000578670240378	0.0101403413895	-0.198645308704	-0.069175150383	1.26386065669e-11	1.9567612828e-05	100.0
-0.000348829490392	-0.00140978331632	-4.96565648357e-05	-0.048670246436	-0.17895604727	-0.00669289062773	1.26224534441e-11	1.9542603896e-05	100.0
-0.000180263461056	-0.000368813611403	-7.58638480474e-05	-0.0243106945997	-0.0282710308871	-0.011077024176	1.26224534441e-11	1.9542603896e-05	100.0
-0.000205140118488	-0.0018216007771	0.000106481929211	-0.036372193924	-0.231374201608	0.00578451816297	1.26224534441e-11	1.9542603896e-05	100.0
-0.000416700959675	-0.00195826193273	0.000829259089581	-0.0568131365209	-0.246797186729	0.101238827403	1.26224534441e-11	1.9542603896e-05	100.0
-0.000253960698967	-0.00104153658652	2.71369758186e-05	-0.0366106328736	-0.127296203347	0.00463764081123	1.26224534441e-11	1.9542603896e-05	100.0
-0.000306626836648	-0.00144476579592	6.75799614573e-05	-0.0450464483045	-0.183819795512	0.00974083009525	1.26224534441e-11	1.9542603896e-05	100.0
-5.68525678254e-06	-0.000983173287506	-0.000109922198893	-0.00592024838689	-0.118806929773	-0.0110206048213	1.26224534441e-11	1.9542603896e-05	100.0
-0.000234540318186	-0.000333036560486	0.000673567904199	-0.0322307343138	-0.0352556163863	0.0746201355609	1.26181637138e-11	1.9535962358e-05	100.0
-0.000587982439452	-0.0011065111259	0.000436246454429	-0.077013108689	-0.136268190827	0.051555695902	1.26181637138e-11	1.9535962358e-05	100.0
-0.000606019004006	-0.00211985135207	0.000334560835551	-0.078840531062	-0.264896234881	0.037116375648	1.26063908432e-11	1.9517735114e-05	100.0
0.000152112888783	-0.00141835157604	-0.000401564156367	0.01358964044	-0.177885650052	-0.0471376168887	1.26063908432e-11	1.9517735114e-05	100.0
6.02633034763e-05	-0.000508474122099	-3.34698574797e-05	-0.000704230019686	-0.050217495622	-0.00678915706704	1.2574542236e-11	1.9468425784e-05	100.0
0.000178804029207	-0.000901448855381	0.000232626528808	0.0158287397277	-0.108395717745	0.025025597405	1.2574542236e-11	1.9468425784e-05	100.0
-0.000308446579213	-0.000801969661524	1.02070921822e-05	-0.0417491675154	-0.0937262784303	-0.000821792295759	1.2574542236e-11	1.9468425784e-05	100.0
-0.000580818385706	-0.00165954086658	-1.79904008787e-05	-0.0723001143255	-0.213381278788	-0.00268361181549	1.2574542236e-11	1.9468425784e-05	100.0
-0.000448218246418	-0.000892324934074	-0.000109288414364	-0.0584673314409	-0.10631700907	-0.0116877087312	1.2574542236e-11	1.9468425784e-05	100.0
-0.000697546978388	-0.0023470901024	0.000121608061671	-0.090412931877	-0.29251733313	0.0143657002968	1.2574542236e-11	1.9468425784e-05	100.0
-0.00106329902582	-0.00242195212268	0.000134819609368	-0.137806883787	-0.305187293644	0.0177583760642	1.2574542236e-11	1.9468425784e-05	100.0
-6.22751752743e-05	-0.00190734820713	-0.000330400671485	-0.0144558183196	-0.239955230135	-0.0363893852019	1.2574542236e-11	1.9468425784e-05	100.0
-0.000334631234501	-0.000843187391838	-0.00128408651728	-0.0461609356697	-0.104582545052	-0.15837207509	1.25728172917e-11	1.9465755154e-05	100.0
0.000230509256807	-0.00111612800135	-0.000803266899373	0.0239272302564	-0.138848069943	-0.0970996852888	1.25587512007e-11	1.9443977451e-05	100.0
-0.000515653317156	-0.00233920445199	-0.000398387134062	-0.0687374705751	-0.292984894422	-0.0468628728539	1.25587512007e-11	1.9443977451e-05	100.0
-0.00028859879039	-0.00167152589813	-2.73145660315e-05	-0.0454192185072	-0.21578300205	-0.00758032125215	1.25430456582e-11	1.9419661481e-05	100.0
-0.000781450586115	-0.00112972513425	-0.00032107771673	-0.101277765519	-0.13955254802	-0.0379094691747	1.2542572933e-11	1.9418929589e-05	100.0
-4.67969425483e-05	-0.000160297975585	0.000580963170915	-0.0104873967108	-0.0123653511486	0.0581221619768	1.25274457246e-11	1.939550902e-05	100.0
-0.000689057326068	-0.00142452767077	0.000408015150532	-0.0896519250286	-0.178393607088	0.0486893201873	1.25274457246e-11	1.939550902e-05	100.0
-0.000660529498138	-0.00113492923272	0.000351354707056	-0.0859655305838	-0.13994641159	0.0418079079496	1.25274457246e-11	1.939550902e-05	100.0
-2.06570566783e-05	-0.000309846826496	-0.000856158145171	-0.00732895058783	-0.0346165777157	-0.0985853071211	1.25274457246e-11	1.939550902e-05	100.0
-0.000243896479537	-0.00112178165829	-0.000994653243484	-0.034830597936	-0.139440461506	-0.121871286872	1.25274457246e-11	1.939550902e-05	100.0
-0.000711753676384	-0.00066811369739	-9.3967637141e-05	-0.0900126097139	-0.0766968270437	-0.0117780368198	1.25123134873e-11	1.9372080665e-05	100.0
-0.000693101031885	-0.000943512547869	-0.000493656347864	-0.0900707373306	-0.11485984003	-0.0587367959515	1.25123134873e-11	1.9372080665e-05	100.0
-0.000677472518865	-0.000518810340908	0.00012336871248	-0.0844553737321	-0.0563584628375	0.0137323941408	1.24971812499e-11	1.934865231e-05	100.0
-0.000468958884346	-0.000372435626138	-0.000360735878007	-0.0583431094793	-0.0367296727431	-0.0373837800741	1.24971812499e-11	1.934865231e-05	100.0
0.000351672471258	-0.00127885051174	0.000954757547361	0.0398057044941	-0.160142450903	0.117352515373	1.24810733881e-11	1.9323713453e-05	100.0
-0.000342038000939	-0.00144894312931	-2.43578934764e-05	-0.0482839695788	-0.184682463195	-0.00307259802042	1.24810733881e-11	1.9323713453e-05	100.0
-6.38719556254e-05	-0.00162530558291	0.00116241919979	-0.0123551527992	-0.204502733748	0.143926740084	1.24810733881e-11	1.9323713453e-05	100.0
-0.000372861606719	-0.00162724063371	2.80990309677e-05	-0.0518050243319	-0.210642168193	0.00262028301209	1.24810733881e-11	1.9323713453e-05	100.0
-0.000615858551481	-0.00261000414339	0.000269716711389	-0.0815369872987	-0.327505346758	0.032861572416	1.24810733881e-11	1.9323713453e-05	100.0
