# x[AU] y[AU] z[AU] vx[AU/yr/2pi] vy[AU/yr/2pi] vz[AU/yr/2pi] m[MSUN] m[mtot] wf[%]
0.000165043996698	0.000654322511551	-1.87842915609e-08	0.0235507653071	0.0837150121413	-6.85512565536e-05	4.26944506751e-07	0.664354821885	19.8881202351
-0.000330240352326	-0.00130850725494	-2.40158319052e-07	-0.0470758337712	-0.167523007406	-4.87153583314e-05	2.12558861989e-07	0.330756111543	18.9198219822
1.87038264215e-05	-0.000484356443029	-6.33165555143e-05	-0.00120946689974	-0.0619959851001	-0.00719219881026	2.78517151378e-11	4.3339171618e-05	100.0
-0.000240472146881	-3.52648496728e-05	3.05331007335e-05	-0.0280803076073	0.00348670850101	0.00277818393179	2.71155310364e-11	4.2193618859e-05	100.0
-3.87449020155e-05	-0.000828557518633	-1.45398971618e-05	-0.011262721287	-0.113462571839	-0.00358150469399	2.65488843181e-11	4.1311877852e-05	100.0
-0.000149999281574	0.000244323134968	-2.81925599941e-05	-0.0130818252129	0.0475257854619	-0.00412276370248	1.49489004109e-11	2.3261510367e-05	100.0
-0.000188755197663	-0.000557149505324	1.35507171627e-05	-0.0262847403884	-0.0735616056522	0.00141674680297	1.48976750969e-11	2.3181800278e-05	100.0
-7.48164124839e-05	-0.00025185207723	3.55929305129e-05	-0.0113184013434	-0.0281688496004	0.00152495892706	1.48716500626e-11	2.3141303547e-05	100.0
-9.8489353044e-05	-0.000508250763585	8.32184259692e-06	-0.0150212979735	-0.0658720219613	0.000949799983732	1.48716500626e-11	2.3141303547e-05	100.0
-0.000157947205067	-0.000330415313017	-0.000167683757447	-0.0217448143799	-0.0399713740973	-0.0181115663225	1.48345863905e-11	2.3083629941e-05	100.0
-1.02408258823e-05	-7.31819018531e-05	-6.73190540673e-05	-0.00249838617898	-0.000904201394868	-0.00534904775339	1.48345863905e-11	2.3083629941e-05	100.0
-7.92393625426e-05	-0.000275919125285	4.17697943845e-05	-0.0116110234335	-0.031389514882	0.00336267098497	1.48161400474e-11	2.3054926171e-05	100.0
-0.000176093002506	-0.000124846727347	4.0430736465e-06	-0.0221335133174	-0.00951637273741	-0.0011904682868	1.47611329313e-11	2.296933134e-05	100.0
-0.000115705801714	-0.000568584352377	-0.000123646971193	-0.0171880960143	-0.0746660895479	-0.0111219274298	1.47611329313e-11	2.296933134e-05	100.0
-9.86318343367e-05	-0.000558085245708	-6.35542639177e-05	-0.015711422682	-0.073451837724	-0.0068846668901	1.47247230283e-11	2.2912675043e-05	100.0
-5.70191274768e-05	0.000172825007275	3.07202575331e-06	-0.00465549374458	0.0381149271494	-0.00289215804242	1.46944686115e-11	2.2865597104e-05	100.0
-0.00017726443575	-0.000383831596836	5.77479316856e-05	-0.0231415258434	-0.04770153915	0.00753493173886	1.46944686115e-11	2.2865597104e-05	100.0
-0.000179159907889	-0.000812271791513	-1.78714331239e-05	-0.0263401725186	-0.112506279629	-0.000900168019237	1.46944686115e-11	2.2865597104e-05	100.0
-0.000162067970283	-0.000716609207059	-0.000140881194621	-0.0229870968396	-0.0967858914141	-0.0150513811767	1.46440630233e-11	2.2787162565e-05	100.0
-0.000131865638312	-0.000557310115598	-7.97050513835e-05	-0.0194625217397	-0.0733510489404	-0.00753794779722	1.45811302157e-11	2.2689234816e-05	100.0
-0.000292492714804	-0.000670966316501	9.79605557314e-05	-0.0378528523618	-0.0903980073822	0.00971847334792	1.45603856231e-11	2.2656954813e-05	100.0
-3.87320100305e-05	-0.000232127863682	-1.2397340233e-05	-0.00713046961155	-0.0251216001756	-0.00340207369062	1.45457110241e-11	2.2634120134e-05	100.0
-7.62739791924e-05	-0.000105149610101	-3.73114930412e-05	-0.0105031217164	-0.00595347601843	-0.00445433952019	1.45457110241e-11	2.2634120134e-05	100.0
-1.15806803465e-05	-0.000388026514143	-2.50526338494e-05	-0.00454982717233	-0.047946726918	-0.000388530280027	1.45104829341e-11	2.257930282e-05	100.0
-0.000190160914844	-0.000765371940819	-6.09477887321e-05	-0.0263320326743	-0.105055068658	-0.00643962633003	1.44937313613e-11	2.2553236228e-05	100.0
-0.00016067088493	8.50951402211e-05	6.74490730502e-06	-0.0182078888296	0.0226729174038	0.000714942665448	1.44937313613e-11	2.2553236228e-05	100.0
-0.000273832241678	-0.000595635192333	-7.49218746935e-05	-0.0352948798846	-0.0790127623815	-0.00781330286845	1.44937313613e-11	2.2553236228e-05	100.0
-0.000213657500253	-0.000644726417039	-4.01433033993e-06	-0.0295928531325	-0.0868760972503	0.00115289963439	1.44754358879e-11	2.2524767221e-05	100.0
-0.000113019422508	-0.000379703455224	9.16292272869e-05	-0.016451040625	-0.046914385229	0.00786869976914	1.44405598274e-11	2.2470497688e-05	100.0
-4.29221032997e-05	-0.000331509130865	-2.76958957117e-05	-0.00764820632728	-0.0396416252895	-0.00295079308556	1.44405598274e-11	2.2470497688e-05	100.0
-5.61442324239e-05	-0.000278342674606	-0.0002058807404	-0.00891759581553	-0.0321764933362	-0.0214738831868	1.44405598274e-11	2.2470497688e-05	100.0
-6.69825318844e-05	0.000221421820043	6.75464341887e-05	-0.00473876931666	0.0450448043906	0.00181811275842	1.4410742933e-11	2.2424100564e-05	100.0
-0.000200308378694	-0.000634695664669	1.95224375496e-05	-0.0284187465826	-0.0853490149314	0.00274529800601	1.44058597816e-11	2.2416502046e-05	100.0
-0.000247433627075	-0.000213731377936	4.43739199879e-05	-0.0308391409282	-0.0229344857978	0.00246099074812	1.43776471357e-11	2.2372601242e-05	100.0
-0.000194494287571	0.000126716954134	1.78481628756e-05	-0.0210512406849	0.0283361120236	0.00499692627285	1.43611218676e-11	2.2346886796e-05	100.0
-4.05402376412e-05	-0.000805666707661	2.22330534668e-05	-0.0106276339459	-0.109917271291	0.000650771919398	1.43369625893e-11	2.2309293308e-05	100.0
-6.26165020035e-05	-0.000520931487376	5.65267495181e-05	-0.0113768318198	-0.0676114574682	0.00610592368311	1.43369625893e-11	2.2309293308e-05	100.0
-0.000344848193718	-0.000450235030384	0.00022333002961	-0.0447669038285	-0.0577013579247	0.0247114026099	1.43369625893e-11	2.2309293308e-05	100.0
3.21306893922e-05	-0.000398470990075	3.41814813271e-05	0.00114824633681	-0.0493273315854	0.00157305130563	1.43027553848e-11	2.2256064561e-05	100.0
-0.000219357528904	-0.000423535297177	0.00014114974718	-0.0294077011906	-0.0536836987652	0.0136684391656	1.43027553848e-11	2.2256064561e-05	100.0
-0.000230313823645	-0.000860034305355	-1.72923770819e-05	-0.0323415241324	-0.12071410659	-0.00338507921008	1.43027553848e-11	2.2256064561e-05	100.0
-0.000291849414064	-0.000634860888866	-7.58668702963e-05	-0.0376497768258	-0.0846061703416	-0.00548150864246	1.42857121304e-11	2.2229544092e-05	100.0
-4.7239633386e-05	-0.000692935527324	-7.40254549626e-05	-0.0104421825491	-0.0931045110958	-0.00733344478787	1.4268704079e-11	2.2203078402e-05	100.0
-0.000178775019149	-0.000378652306727	7.98764476465e-05	-0.0242061844172	-0.0471697617792	0.00880883153547	1.42517412885e-11	2.2176683142e-05	100.0
2.6796885986e-05	-0.000283114131764	-3.94947639037e-05	0.000576248439768	-0.0325065999997	-0.00596514324342	1.4234808672e-11	2.2150334833e-05	100.0
-6.25953975707e-05	-0.000309261426587	-1.79668256114e-06	-0.010301774946	-0.0365804003532	-0.000810003908671	1.4234808672e-11	2.2150334833e-05	100.0
-0.000262268130211	-0.000414835904573	0.000134198360158	-0.0346107842363	-0.0525493637314	0.01395533068	1.4234808672e-11	2.2150334833e-05	100.0
-0.000105048072018	-0.00048470381407	8.38677865821e-05	-0.015686767237	-0.0622741840151	0.00807511365293	1.4234808672e-11	2.2150334833e-05	100.0
-8.58050217088e-05	-0.000831800184774	-2.98908093636e-05	-0.0163102556419	-0.114251050938	0.000603773474139	1.4234808672e-11	2.2150334833e-05	100.0
-0.000145402825663	9.14147834926e-05	-8.70747907042e-05	-0.0161484403103	0.0232089359076	-0.00590898527068	1.42293823895e-11	2.2141891167e-05	100.0
5.64909119011e-05	-5.48865045938e-05	3.76609591336e-07	0.00493961118518	0.00219704249673	0.00229634280828	1.42179162874e-11	2.2124049129e-05	100.0
-0.000161931486475	-0.00090731407282	1.858696742e-05	-0.0243623627604	-0.12777587854	0.00180929573802	1.41965732448e-11	2.2090837896e-05	100.0
-5.10038332685e-05	-0.000211623535836	-0.000269558095428	-0.00807088105785	-0.0226949429874	-0.0283103876807	1.41965732448e-11	2.2090837896e-05	100.0
-2.61481469047e-05	-0.000574186339605	-1.98105465829e-05	-0.00706405245649	-0.0754750269484	-0.00074087747152	1.41674654383e-11	2.2045544161e-05	100.0
-0.000264579715164	-0.000276858456843	-8.30986725736e-05	-0.0331608427305	-0.0320595314483	-0.00952837017909	1.41474450205e-11	2.2014391023e-05	100.0
-0.000112665117499	4.76474765172e-06	-0.000329415556795	-0.0146484120979	0.00734961888602	-0.0338211448647	1.41474450205e-11	2.2014391023e-05	100.0
4.43408046075e-05	0.000115396746325	-3.93340019191e-06	0.00453836964176	0.0296865954888	-0.0032031045516	1.41340075535e-11	2.1993481406e-05	100.0
-5.92472431802e-05	-0.000175017209807	-5.90380145698e-05	-0.00876097412515	-0.0164724932781	-0.00847300636574	1.41340075535e-11	2.1993481406e-05	100.0
-0.000214478094714	-0.000614072546041	0.00024494275465	-0.0285226576393	-0.0808001551746	0.0261742128089	1.41340075535e-11	2.1993481406e-05	100.0
-0.000372803890243	-0.000364552374394	-0.000100241943156	-0.0471337432494	-0.0452219910604	-0.00890564417611	1.41310957671e-11	2.1988950468e-05	100.0
-0.000193809530679	0.000224341773449	7.01066307757e-07	-0.0181898091498	0.0433239171407	0.00186453406723	1.40984224052e-11	2.1938108484e-05	100.0
-0.000288316478578	-0.000412341000252	-0.000343087919125	-0.0378272544423	-0.0521477519868	-0.039039887156	1.40840897776e-11	2.1915805936e-05	100.0
1.88922955713e-06	-0.000755260979794	7.86807612162e-05	-0.00489601743771	-0.10161297909	0.00553781407205	1.40675142195e-11	2.1890013235e-05	100.0
-0.000246364475039	-0.0008484701685	1.15713595234e-05	-0.0326119397025	-0.118606977745	0.00412311777713	1.40657993332e-11	2.1887344755e-05	100.0
-3.24880373775e-05	-0.000782793604628	1.01419748938e-05	-0.00971341143298	-0.106759767572	-0.00102050938275	1.40509738643e-11	2.1864275313e-05	100.0
0.000112777628078	0.000130239590924	1.76350862606e-05	0.0108243097824	0.0322731935067	0.00599529503254	1.40344687121e-11	2.1838592168e-05	100.0
-2.51433277078e-05	-0.000424192816001	-0.00023958545428	-0.00590166880152	-0.0534009913427	-0.0254664680091	1.40344687121e-11	2.1838592168e-05	100.0
-6.95189894839e-05	-0.000657667895175	-0.000149858285757	-0.0124915984121	-0.087316935949	-0.0136352458127	1.40344687121e-11	2.1838592168e-05	100.0
-6.11935740587e-05	-0.000820331342323	-0.000122863011873	-0.0129768774262	-0.110962068575	-0.00883974351132	1.40344687121e-11	2.1838592168e-05	100.0
-0.000120633515341	-0.000302575147869	9.83273208113e-05	-0.0171158466212	-0.0357243998961	0.00802829653703	1.40179937339e-11	2.1812955977e-05	100.0
-0.000227708742709	-0.000285307936131	-1.66392764646e-05	-0.0297453072788	-0.0331934071951	-0.00174765380154	1.40179937339e-11	2.1812955977e-05	100.0
-0.00037382779979	-0.000439561270647	6.53809088721e-05	-0.0472105126273	-0.0560444366009	0.00499608254146	1.40169376455e-11	2.1811312631e-05	100.0
-0.000330164453056	-0.000649086800411	-0.000205864255326	-0.0423094246726	-0.0859215845726	-0.0203090601164	1.40169376455e-11	2.1811312631e-05	100.0
-4.10313795028e-05	-0.000690270478362	2.03973157146e-05	-0.00984473958009	-0.0929274761221	5.41428326647e-05	1.40015539586e-11	2.1787374563e-05	100.0
3.79688670341e-05	-0.000193207609017	9.87734893208e-05	0.0022678840769	-0.0192141606095	0.00902659890182	1.40015539586e-11	2.1787374563e-05	100.0
-0.000136978188213	-0.000583647237721	0.000289988130994	-0.0200223372542	-0.0764049358862	0.0316185741507	1.40015539586e-11	2.1787374563e-05	100.0
-0.000189206121822	0.000224000140872	-4.37755209714e-05	-0.0181139134515	0.0428695562164	-0.000554008050876	1.39844151534e-11	2.1760705411e-05	100.0
-2.41677292857e-05	-0.000259397143585	0.000142215689946	-0.00541769960998	-0.0292467316669	0.013937804557	1.39361066549e-11	2.1685534087e-05	100.0
4.08408289865e-05	0.000112333933828	-0.000180614924321	0.00370229224678	0.0265710444386	-0.0146657818883	1.39361066549e-11	2.1685534087e-05	100.0
-0.000156485692286	-0.000972328676868	-6.50771875732e-05	-0.0263284772514	-0.136770842474	-2.30900458397e-05	1.39361066549e-11	2.1685534087e-05	100.0
5.70463921342e-05	-0.000857135042564	-6.22943581937e-05	0.000492150359213	-0.115340523446	-0.00226630255813	1.39361066549e-11	2.1685534087e-05	100.0
-0.000353637897274	-0.00080768593941	-0.000163369044109	-0.0446530246886	-0.109986316733	-0.0146557676748	1.39357043355e-11	2.1684908051e-05	100.0
-9.29264293131e-05	-0.00100348004699	4.62431795308e-05	-0.021917218893	-0.141316838746	0.00723581063376	1.39035640467e-11	2.1634895565e-05	100.0
4.18502076347e-05	-0.00039457544761	2.90700800262e-06	0.00210001506619	-0.0489857954922	0.00252396889914	1.39035640467e-11	2.1634895565e-05	100.0
0.000143400813391	0.000191303285696	-5.80349184703e-05	0.0132852866379	0.0419194924777	-0.00128494968504	1.39035640467e-11	2.1634895565e-05	100.0
-0.000237439499979	-0.00026898543685	1.1070217595e-05	-0.0303797777904	-0.0311731317467	0.00251476296512	1.39035640467e-11	2.1634895565e-05	100.0
-9.83436056219e-06	-0.000829603543281	-0.000307563818861	-0.00572514921459	-0.110107141392	-0.0318719236942	1.39035640467e-11	2.1634895565e-05	100.0
-0.000123642352672	0.000276623016126	-6.48987064921e-05	-0.0093533032345	0.0520496737674	0.000181237337525	1.39032773942e-11	2.1634449514e-05	100.0
9.10200204273e-08	-0.000768211832844	-1.51674427683e-05	-0.00609163104142	-0.103984789842	-0.00455995975065	1.38711421344e-11	2.1584444855e-05	100.0
-0.000222111745699	-0.000632198446552	7.60235928879e-05	-0.0287379519531	-0.0842134887554	0.00752589264998	1.38708856558e-11	2.1584045757e-05	100.0
-0.000237645894381	-0.000524122427265	-0.000305869341287	-0.0315367807239	-0.0676223066542	-0.0335101557437	1.38708856558e-11	2.1584045757e-05	100.0
-6.6938186935e-05	-0.000938069499675	-2.95271822074e-05	-0.0168860543733	-0.130241666801	-0.00782846169077	1.38549739247e-11	2.1559286016e-05	100.0
1.81712482643e-05	0.000167494884571	3.71891388632e-05	0.00145211038003	0.0379249256701	0.00050023327915	1.38549739247e-11	2.1559286016e-05	100.0
-0.000335999942966	-0.000923131482045	9.88415865334e-05	-0.0414086321788	-0.12901297019	0.00513533156958	1.38549739247e-11	2.1559286016e-05	100.0
-0.000247172443825	-0.00025976774753	8.90891434125e-05	-0.0307469356513	-0.0294142128153	0.0109790803747	1.38547023591e-11	2.1558863441e-05	100.0
4.54682575078e-05	0.000144174271392	-0.000141976008493	0.004963187002	0.0328182106282	-0.010470550935	1.38388358889e-11	2.153417413e-05	100.0
-0.000171069015643	-0.0009612606442	-0.000168033862891	-0.0269173874234	-0.132677950663	-0.0111129250312	1.38388358889e-11	2.153417413e-05	100.0
-0.000286539520739	-0.000279775121712	2.24874698427e-05	-0.0357141670058	-0.0325405862132	0.00106063570275	1.38385291204e-11	2.1533696777e-05	100.0
9.85674397704e-05	-0.000458872935529	-3.72970677831e-05	0.00832393488122	-0.0579816328714	-0.00728029188942	1.38227280271e-11	2.1509109196e-05	100.0
-0.000253259620359	-0.000196283337875	-3.13771724279e-05	-0.0318820359995	-0.0203875288624	-0.00506580523581	1.38227280271e-11	2.1509109196e-05	100.0
-0.0002172249424	-5.66172767391e-05	-2.34484786413e-05	-0.025414514413	0.000645046306012	-0.000190683228044	1.38223609106e-11	2.1508537938e-05	100.0
4.10381885556e-05	-0.000462462091594	-7.27031249048e-05	0.00136197446522	-0.0588855652672	-0.00601747081553	1.38066453102e-11	2.148408339e-05	100.0
-0.000199278955686	-0.000319542336501	-0.000178494544254	-0.0259080270501	-0.0383020046546	-0.0200294438466	1.38066453102e-11	2.148408339e-05	100.0
-0.000155666351694	-0.000248539350373	0.000261729542618	-0.0206999206704	-0.0282327213469	0.0274882258747	1.38062027589e-11	2.148339475e-05	100.0
-0.000201922238128	-0.000588645582614	2.84023771155e-05	-0.0257851755734	-0.077701013456	0.00300530597892	1.38062027589e-11	2.148339475e-05	100.0
0.000104845523045	-0.000373523834768	0.000552721953889	0.0110513978588	-0.0460848059174	0.0651940727014	1.37900546651e-11	2.1458267213e-05	100.0
8.97323899009e-05	2.15267686427e-05	0.000134053931785	0.00864760760656	0.0132663823452	0.0107330636105	1.37745603404e-11	2.1434156985e-05	100.0
-0.000347230146585	-0.000246509686204	-0.000406302536791	-0.0444250303572	-0.0289474073016	-0.0459933198044	1.37577785936e-11	2.140804344e-05	100.0
-3.99792808248e-05	-0.000453754207298	-3.55049475073e-05	-0.00836818382468	-0.0578858237584	-0.0039333773196	1.37425860083e-11	2.1384402739e-05	100.0
5.60220286023e-05	-0.000134281526635	-3.29765742815e-05	0.00395227604761	-0.0102069419497	-0.00311227005596	1.37425860083e-11	2.1384402739e-05	100.0
9.16097253047e-05	-0.000266719959604	-0.000152497123149	0.0083092899278	-0.0302186653926	-0.0144399748903	1.37425860083e-11	2.1384402739e-05	100.0
7.68198650504e-05	-0.000547563177221	5.31384030261e-05	0.00588340317714	-0.0708738289651	0.00268684999806	1.37107223141e-11	2.1334820654e-05	100.0
-6.79458411168e-05	-0.000293084963983	0.000149028759438	-0.0110381372724	-0.034524597976	0.0137327863748	1.37107223141e-11	2.1334820654e-05	100.0
-0.000307527404245	4.69732249464e-05	0.000384334042102	-0.0377454747217	0.0119455020562	0.0416232520191	1.37094248342e-11	2.1332801687e-05	100.0
-0.00011574973639	-0.00027732018518	0.000385751598983	-0.0161566145736	-0.0326843584413	0.0423442528055	1.37094248342e-11	2.1332801687e-05	100.0
-0.000236202231881	6.58371037042e-05	0.000174097202695	-0.027245015752	0.017645558741	0.0163457685351	1.37094248342e-11	2.1332801687e-05	100.0
-0.000321742891712	-0.000767175708939	-0.000111736195955	-0.0399640771566	-0.104462352045	-0.0110964540479	1.37094248342e-11	2.1332801687e-05	100.0
-0.00032674729131	-0.000237865030755	-2.9680955596e-05	-0.0396232067953	-0.0264031975675	-0.00247478917786	1.37094248342e-11	2.1332801687e-05	100.0
-2.20439178016e-05	4.59822028443e-05	3.55592477253e-05	-0.00422554107016	0.017654495201	0.00304643717475	1.369482567e-11	2.131008439e-05	100.0
2.43021440779e-05	-0.000600931561515	-0.000133571123483	-0.00082876660915	-0.0788903647382	-0.0133983871253	1.369482567e-11	2.131008439e-05	100.0
9.83825747862e-05	-0.000137176028248	1.85274097554e-05	0.00906712529613	-0.0105778863505	-0.00102818920613	1.36789541708e-11	2.1285387253e-05	100.0
7.15929828071e-05	-0.000153378206733	0.000357563790351	0.00652624943783	-0.0147883638704	0.03869787713	1.36789541708e-11	2.1285387253e-05	100.0
-0.000165836555299	-0.000967351349674	0.000195066981017	-0.0262953709805	-0.132655725507	0.0137916436681	1.36789541708e-11	2.1285387253e-05	100.0
-0.000125639914606	0.000183094074046	0.000454142154518	-0.0153204707162	0.0301412239309	0.047277542812	1.36772241975e-11	2.1282695296e-05	100.0
-0.000315389885486	-0.000597720338469	0.000178565471474	-0.0403601051118	-0.0783897111863	0.0169537920326	1.36772241975e-11	2.1282695296e-05	100.0
-0.000283879670775	-0.000571909601926	4.78656286516e-05	-0.0358187801804	-0.0752257449734	0.00308105780558	1.36772241975e-11	2.1282695296e-05	100.0
-0.000257659730427	-5.8863651459e-05	-3.75495945324e-06	-0.0304027757835	9.8617063062e-06	-0.00267656452541	1.36772241975e-11	2.1282695296e-05	100.0
1.74221558188e-05	-0.000636076721579	-8.317828743e-05	-0.00240976116219	-0.0843417907025	-0.0109349610313	1.36472916363e-11	2.1236118186e-05	100.0
-7.26021051782e-05	-0.000761899477557	1.18719611729e-05	-0.0140995726319	-0.103936983405	0.00170976085378	1.36472916363e-11	2.1236118186e-05	100.0
-0.000154653272428	-0.000809520812384	-0.000144911234462	-0.0228916280434	-0.110476100156	-0.0131779977617	1.36450487058e-11	2.1232628033e-05	100.0
6.58291413422e-05	-0.000809995726831	-0.000227528460704	0.00321642471252	-0.107587682994	-0.0225330638094	1.36157246526e-11	2.1186997803e-05	100.0
-0.000127671401342	-0.000905716323073	-0.000452105919446	-0.0194128204764	-0.118927301871	-0.0490156231225	1.36157246526e-11	2.1186997803e-05	100.0
-0.000163105969783	8.35337624762e-05	0.000361869740904	-0.0198398175113	0.0178035861256	0.0366746219818	1.3612898359e-11	2.1182599897e-05	100.0
-0.000357500724367	3.50424525775e-05	0.000216176686792	-0.0430386508166	0.0111803061915	0.0210519944834	1.3612898359e-11	2.1182599897e-05	100.0
-7.78872330901e-05	-0.000733214837997	0.000366288561566	-0.0131811969999	-0.0960073252542	0.0389593982322	1.35842532198e-11	2.1138026103e-05	100.0
-0.000121530193805	-0.00105570958618	-0.000475649500284	-0.0191730404393	-0.138199907546	-0.0505255019665	1.35842532198e-11	2.1138026103e-05	100.0
-0.000403191133649	-0.00058331316427	0.000419613169347	-0.0518320903302	-0.0751936568179	0.0475166666503	1.35807731573e-11	2.1132610888e-05	100.0
-0.000261669739775	7.45447843129e-05	-0.000152600126634	-0.0301316916108	0.0187015510242	-0.0136792429804	1.35807731573e-11	2.1132610888e-05	100.0
9.70310763654e-05	0.0001424388946	-0.000136269881627	0.00912230271017	0.0322252181774	-0.00926326300933	1.35528723089e-11	2.1089195262e-05	100.0
7.62009126244e-05	-0.000586870899761	-0.000146426737663	0.0054394276457	-0.0763135752724	-0.0134994591969	1.35528723089e-11	2.1089195262e-05	100.0
0.000259703924937	-7.94760089456e-05	-0.000260855745148	0.0287550755939	-0.00392233556341	-0.0263655402222	1.35528723089e-11	2.1089195262e-05	100.0
-3.00387367372e-05	-0.000403760286609	-4.95455091233e-05	-0.00679120275945	-0.0506219336197	-0.00455931862039	1.35215869488e-11	2.1040513104e-05	100.0
8.62038006735e-05	0.000106224490199	-2.49166860849e-05	0.00746460063917	0.0279714712622	-0.00167383664289	1.35215869488e-11	2.1040513104e-05	100.0
-0.000277621697345	-0.0003877195916	-7.94556694382e-05	-0.0346279112724	-0.0479797082186	-0.00777901023447	1.35165931596e-11	2.1032742427e-05	100.0
-0.000365970771682	-0.000230111213535	-0.000224734499941	-0.0460750278703	-0.0262215995433	-0.0233324890288	1.35165931596e-11	2.1032742427e-05	100.0
-1.28818952862e-05	-0.000817085176534	-9.42752198344e-06	-0.00868406510894	-0.111350826535	-0.00186097804522	1.35059769572e-11	2.101622289e-05	100.0
7.57549600604e-05	-0.000345263295302	8.72991996737e-06	0.00543697165835	-0.0417892289224	0.00290128494617	1.34903870815e-11	2.0991963979e-05	100.0
0.000136104678313	-0.000244373744452	0.000110117034092	0.0133943562598	-0.0269395305026	0.00901603471879	1.34748223509e-11	2.0967744194e-05	100.0
0.000211967060651	-0.000289119955034	-0.000508387795589	0.0238955462238	-0.03470291163	-0.0585688868465	1.34748223509e-11	2.0967744194e-05	100.0
-0.000310837026118	0.000126253509783	1.56594774434e-05	-0.0348876675207	0.0261953995836	-0.00134948898989	1.34685159947e-11	2.0957931073e-05	100.0
-0.00017636165889	-0.000431392422807	4.55955017447e-05	-0.0235795415125	-0.0545142318816	0.0036025490061	1.34685159947e-11	2.0957931073e-05	100.0
-0.000380299319193	-0.000723507383451	-0.000174200327873	-0.04800057152	-0.0967418971149	-0.0154246002158	1.34685159947e-11	2.0957931073e-05	100.0
-0.000284280293429	-1.97804943918e-05	-0.000664694300465	-0.0365667212848	0.000613367750704	-0.0778162200242	1.34685159947e-11	2.0957931073e-05	100.0
-3.31961837623e-05	-0.000833842541851	-2.86933091849e-05	-0.0116744667644	-0.113105093459	-0.00806096733433	1.34592777361e-11	2.0943555712e-05	100.0
-3.2365050498e-05	-0.000770225557361	-4.4281936434e-05	-0.00985341107247	-0.104677876942	-0.00502176666864	1.34592777361e-11	2.0943555712e-05	100.0
-0.000294613915765	-0.000483904137942	0.000433718586457	-0.0386976874931	-0.0618789539215	0.0504426188903	1.34592777361e-11	2.0943555712e-05	100.0
-3.5697698742e-05	-5.00073541334e-05	-0.000110014860158	-0.00513295650618	0.00224303564263	-0.00920318067025	1.34592777361e-11	2.0943555712e-05	100.0
0.000208502250748	0.000111010405839	-9.41349408658e-05	0.0202456497073	0.0268682857102	-0.00498916534556	1.34592777361e-11	2.0943555712e-05	100.0
-0.000319310535701	-0.000836821962868	-0.000355674608509	-0.0419897641495	-0.111449765314	-0.036942470172	1.34592777361e-11	2.0943555712e-05	100.0
-0.000174545476722	-0.00103704441964	0.000250983413877	-0.0267020960401	-0.140253379173	0.0191334663067	1.34524986547e-11	2.0933006998e-05	100.0
-0.000319522359157	-0.000284833274402	1.06949228222e-05	-0.0394280787233	-0.0329560284856	0.00422902861791	1.34524986547e-11	2.0933006998e-05	100.0
-5.5887340331e-05	-0.00082118624266	2.17501616438e-05	-0.0130083514575	-0.112571248897	0.00435177325532	1.34437532374e-11	2.0919398531e-05	100.0
2.87730350162e-05	5.91811091948e-05	2.01954286599e-05	0.000543431199051	0.0199220585918	0.00483302139217	1.34437532374e-11	2.0919398531e-05	100.0
7.95654617362e-05	-0.000458796302326	6.58673421647e-05	0.00589858117633	-0.0581857190008	0.00455023625293	1.34282488546e-11	2.0895272652e-05	100.0
0.000100746942236	8.63265187236e-05	0.000579999644413	0.010516108572	0.0158150329175	0.0648365535644	1.34282488546e-11	2.0895272652e-05	100.0
9.96761628239e-05	-0.000574887751467	0.000704559793711	0.0100331719122	-0.0736335068117	0.084256690615	1.34282488546e-11	2.0895272652e-05	100.0
3.36817049496e-05	-0.000344922534028	-1.09770562282e-05	0.000751198713654	-0.041807885449	-0.00296734581125	1.34282488546e-11	2.0895272652e-05	100.0
-5.03586363085e-05	-0.000717187659878	1.47929665031e-05	-0.0114161693328	-0.0970981274828	0.00294358707234	1.34282488546e-11	2.0895272652e-05	100.0
-0.000250067887069	-0.00010326544462	0.000643471977847	-0.0324784190195	-0.0105033129585	0.0751803518429	1.34204790618e-11	2.0883182324e-05	100.0
-0.000396916712899	-0.000135507070443	0.000240793679231	-0.0493854795775	-0.0128654962811	0.025653820019	1.34204790618e-11	2.0883182324e-05	100.0
-5.24725107855e-05	0.000177797404786	0.000693582361998	-0.00757285488773	0.0267921798564	0.0794828415494	1.34204790618e-11	2.0883182324e-05	100.0
-0.000391200832747	-0.000388670421577	0.000181100239584	-0.0492210816881	-0.0484111698658	0.0192346033487	1.34204790618e-11	2.0883182324e-05	100.0
-0.000341653521737	0.000103119602357	-0.000199708763763	-0.0401656342912	0.0212018127469	-0.0186333182503	1.34204790618e-11	2.0883182324e-05	100.0
-0.000168106703828	0.000184796879947	-0.000400167608696	-0.0199222704879	0.0307704818702	-0.0403051294296	1.34204790618e-11	2.0883182324e-05	100.0
-0.000225356331813	-0.000273725160408	-0.000576141885026	-0.0296337221377	-0.0328744993945	-0.0671387445611	1.34204790618e-11	2.0883182324e-05	100.0
-0.000285269099228	-0.000946788659606	0.000789429839124	-0.0382813949634	-0.122452831582	0.0949406555385	1.33884795848e-11	2.0833388951e-05	100.0
-0.000407810859938	-0.000528996945369	6.0315055134e-05	-0.0505734131705	-0.0686826874944	0.00656830781178	1.33884795848e-11	2.0833388951e-05	100.0
7.17338731613e-05	-0.000658971148518	0.000270497057957	0.00495743508865	-0.0859147990959	0.0278094606078	1.33664375123e-11	2.0799089981e-05	100.0
1.93998323313e-05	-0.00110521541895	0.000505905771799	-0.00213022745358	-0.143890383911	0.0556052292464	1.33664375123e-11	2.0799089981e-05	100.0
6.29938328728e-05	-0.000647141197157	0.00014272824426	0.00373950036088	-0.0849599633623	0.0126187875575	1.33664375123e-11	2.0799089981e-05	100.0
-0.000269551465568	-0.000565105750633	-7.44640801495e-05	-0.0357562120919	-0.0747229033569	-0.00535914368984	1.33664375123e-11	2.0799089981e-05	100.0
7.926273339e-05	-0.000184622806379	-0.000415247603935	0.00778834628332	-0.0193646764288	-0.0459522743334	1.33664375123e-11	2.0799089981e-05	100.0
-0.000446069386982	-0.000696774277884	2.24230590543e-05	-0.0545036383772	-0.0932819082177	0.000966950411564	1.33564901658e-11	2.078361123e-05	100.0
-0.000173568520999	0.000246119979694	2.6276565512e-05	-0.0150811807001	0.0468339068806	0.00616438175416	1.33564901658e-11	2.078361123e-05	100.0
0.000158710259784	-4.7695957851e-05	1.30891661976e-05	0.015962585213	0.00306726541108	-0.00235816239479	1.33356500224e-11	2.0751182543e-05	100.0
0.000241662601258	5.09031477913e-06	0.000412717849954	0.026716379655	0.0062810970604	0.0443337599036	1.33356500224e-11	2.0751182543e-05	100.0
-0.000166717623749	-0.00108736753337	0.000554649879592	-0.0240366277187	-0.141358126724	0.0610449921253	1.33356500224e-11	2.0751182543e-05	100.0
0.000161482920632	-0.00030694851767	0.000549444436097	0.0177904420867	-0.0373422386463	0.0641715557896	1.33356500224e-11	2.0751182543e-05	100.0
7.84134663088e-05	-0.000686477448572	-0.000137298522933	0.00481582439343	-0.0904406761601	-0.0114803208036	1.33356500224e-11	2.0751182543e-05	100.0
-2.74470212824e-05	-0.000445885207917	-0.00077205882403	-0.005633203814	-0.0565883270121	-0.0931893037388	1.33356500224e-11	2.0751182543e-05	100.0
-0.000346278613911	-0.000766915562923	9.18001055947e-06	-0.0420391254943	-0.104592716541	0.00105604233155	1.33245208628e-11	2.073386481e-05	100.0
4.57379650638e-05	-0.000403177786186	0.000192688159037	0.00238703456608	-0.0501948780657	0.0191476509864	1.33202864514e-11	2.0727275777e-05	100.0
-0.000187530029329	-0.000603550538631	0.000201382027973	-0.0258963176937	-0.0795953528191	0.0205213537682	1.33202864514e-11	2.0727275777e-05	100.0
0.00011714928387	-0.00034569501537	-4.0482700466e-05	0.0105359892846	-0.0416542588496	-0.000457435426617	1.33202864514e-11	2.0727275777e-05	100.0
3.93316261553e-05	-0.000414652603762	-2.72566770718e-05	0.00117641687217	-0.0517956436847	-0.00573222576258	1.33049379674e-11	2.0703392487e-05	100.0
0.000129847322072	-0.000318627438024	-3.75504488314e-05	0.0122403441237	-0.0377750567523	-0.00722812598527	1.33049379674e-11	2.0703392487e-05	100.0
0.000219821526738	-0.000670325354638	-0.000471782889541	0.0243155774828	-0.0865672800011	-0.0541959413103	1.33049379674e-11	2.0703392487e-05	100.0
-0.000440249653694	-0.000625830524304	-0.000206488806161	-0.0552354510031	-0.0820491225311	-0.020856385797	1.32925616177e-11	2.0684134041e-05	100.0
-0.000261244403146	0.000172704493046	-3.97814988867e-05	-0.0277780331865	0.0340016862632	-0.00278211185237	1.32765845097e-11	2.065927257e-05	100.0
-8.32683199949e-05	-0.000173180670051	-0.000370055540978	-0.0114995377265	-0.0176454109773	-0.0405818801041	1.32765845097e-11	2.065927257e-05	100.0
-0.000288957792372	-0.000479676370026	-0.000314609930046	-0.0374838569059	-0.0613054271082	-0.0334942122691	1.32765845097e-11	2.065927257e-05	100.0
0.000199955924607	-0.00012084719522	0.000145701936344	0.020917305175	-0.00892100447151	0.0121561705737	1.32742963183e-11	2.0655711988e-05	100.0
-0.00022771110702	-0.000122217380504	3.26489589273e-07	-0.0271689092728	-0.00902151565058	-0.00125364005894	1.32606124307e-11	2.0634418924e-05	100.0
-0.000452132528582	-0.000530064950604	-0.000128003824716	-0.0563352138106	-0.0685027092825	-0.0122647712695	1.32606124307e-11	2.0634418924e-05	100.0
-8.97028555166e-05	-0.000636148689762	-0.000758187856213	-0.0135870645961	-0.0817597858805	-0.0910475327984	1.32590031532e-11	2.0631914778e-05	100.0
-0.000322115876266	-0.00022923258006	-4.93529976159e-05	-0.039462264508	-0.0254232173982	-0.00811827881323	1.32446453806e-11	2.0609573103e-05	100.0
-0.000328796115325	-0.000751664202664	0.000409744310198	-0.0430592079225	-0.0991640476992	0.0451940850797	1.32446453806e-11	2.0609573103e-05	100.0
-0.000507876194377	-0.00081562310325	0.00062708726663	-0.0654484940603	-0.105609011179	0.0742455195398	1.32286783306e-11	2.0584727282e-05	100.0
-0.00039818246014	-0.000932622722216	0.000105650205127	-0.0470800048018	-0.128980441839	0.00529048205814	1.32286783306e-11	2.0584727282e-05	100.0
-0.000325988514768	-0.000196286878574	-7.86141064239e-06	-0.0394610340183	-0.0205723959481	-0.000624012389076	1.32286783306e-11	2.0584727282e-05	100.0
-0.000184592873574	-0.00115168931659	0.000366498687565	-0.0277079194664	-0.15189260144	0.0330367867758	1.32284721419e-11	2.0584406438e-05	100.0
-0.000323301909671	-0.000542675577173	-5.17537543267e-05	-0.0401490151202	-0.0706765751131	-0.00342223143928	1.31967492595e-11	2.0535043466e-05	100.0
-0.000327146415915	-0.000256299894528	-2.11055186402e-06	-0.0404292535092	-0.0290901049006	0.00208071428396	1.31967492595e-11	2.0535043466e-05	100.0
-0.000350070440461	-0.000508735440811	0.000586731307968	-0.045840197001	-0.0646981320425	0.0694907051835	1.31828038643e-11	2.0513343478e-05	100.0
4.81256819399e-05	-0.000343922481639	-5.27741449558e-05	0.00241438744021	-0.041591016317	-0.00233228479551	1.31828038643e-11	2.0513343478e-05	100.0
-0.000220344031942	-0.000685972396932	-0.000142987991139	-0.0299134121683	-0.092209633347	-0.0130915188763	1.31828038643e-11	2.0513343478e-05	100.0
7.64759699551e-05	0.000142410566703	-0.000398722211519	0.00770065148502	0.0263415139219	-0.0398539076251	1.31828038643e-11	2.0513343478e-05	100.0
-0.000405838734963	-0.000696820796862	2.90768758141e-05	-0.0497978762929	-0.0936275514972	0.0048066464407	1.31807922674e-11	2.0510213296e-05	100.0
-0.000209279565989	-0.000465187291038	0.000506282326417	-0.0282851573012	-0.0592651523272	0.0591897482882	1.31648302464e-11	2.0485375301e-05	100.0
0.000166429244838	2.02342524157e-05	5.85190765285e-05	0.016025039886	0.0130165999617	0.00203513922595	1.31524388097e-11	2.0466093379e-05	100.0
-0.000404253891523	-0.000183620147255	8.36008852966e-05	-0.0501680998381	-0.0193992645912	0.00649956991572	1.31329212912e-11	2.0435722787e-05	100.0
-0.000171477224816	-0.000290784326351	-0.000430432642969	-0.0229048575201	-0.034732587111	-0.0484699457933	1.31329212912e-11	2.0435722787e-05	100.0
-0.000474302476038	-0.000542102389075	-0.000584262264797	-0.0611099992465	-0.0691150787167	-0.0689605574951	1.31329212912e-11	2.0435722787e-05	100.0
-0.000315013744898	-0.000878595039054	-0.000899602508112	-0.0418875562331	-0.113082623698	-0.109402079958	1.31221341031e-11	2.0418937185e-05	100.0
4.95000772421e-05	-0.000423324385419	2.28237421276e-06	0.0017818512866	-0.053041037927	0.00275692448916	1.31070068947e-11	2.0395398215e-05	100.0
-0.000403560479427	-0.00110874199662	-0.000473336995184	-0.0514569972272	-0.144530796099	-0.0496058125536	1.31070068947e-11	2.0395398215e-05	100.0
2.28260487654e-05	-0.000972561301369	-0.000268233262922	-0.00358239690441	-0.128927045423	-0.0245669511552	1.31070068947e-11	2.0395398215e-05	100.0
