# x[AU] y[AU] z[AU] vx[AU/yr/2pi] vy[AU/yr/2pi] vz[AU/yr/2pi] m[MSUN] m[mtot] wf[%]
0.000107499932432	0.000419906591615	1.25593221155e-06	0.0143411024588	0.0522974021087	0.000288699939835	5.44771706709e-06	0.909620210202	20.3575704337
-0.00111133322421	-0.00429941537316	-3.39022962075e-07	-0.149809610654	-0.535869662868	-1.01314695129e-05	5.17468309756e-07	0.0864030981995	17.5820051694
-0.000978748709957	-0.0037918849742	-1.2296635569e-05	-0.133857617929	-0.491989017555	-7.77372136726e-05	5.80740720252e-10	9.6967865538e-05	0.0
-0.00100199835872	-0.00353585255682	-3.17000032889e-05	-0.133602481902	-0.451380169499	-0.00391164342103	5.75264952451e-10	9.605356162e-05	0.0
-0.00103014940439	-0.00220251354012	-0.00018657349772	-0.133648544236	-0.266011597171	-0.0205482538781	5.57060503804e-10	9.3013915067e-05	0.0
-0.00101813694932	-0.00346108909162	3.53287116486e-06	-0.133746262281	-0.440690450081	0.00227861495946	2.94098930333e-10	4.9106502329e-05	0.0
-0.000974033867449	-0.00233555057519	0.000282841784325	-0.127395731798	-0.284042559627	0.032002728485	2.86569322142e-10	4.7849263067e-05	0.0
-0.00112619527793	-0.00280848966482	-9.48161594656e-05	-0.146452431032	-0.348703397585	-0.00866633235206	2.86569322142e-10	4.7849263067e-05	0.0
-0.000920929463403	-0.00169564798171	0.000143950557901	-0.117913474756	-0.196357748237	0.0137001579301	2.83227456285e-10	4.7291262589e-05	0.0
-0.000930775222792	-0.00178752310944	-0.00015025446288	-0.119210482837	-0.208900941605	-0.0159934066177	2.79808445689e-10	4.6720381044e-05	0.0
-0.000682684426069	-0.00190378866375	8.95673598448e-05	-0.0911847297193	-0.224126119716	0.00921081718517	2.77482939144e-10	4.6332084859e-05	0.0
-0.000965521659594	-0.00378166722135	4.19822749202e-05	-0.129824799828	-0.489619793439	0.00785080224821	2.76305501215e-10	4.613548483e-05	0.0
-0.0011004622265	-0.00326330239318	-8.95873609851e-06	-0.143643347894	-0.412584748994	-0.000740343348389	2.75117904721e-10	4.5937188597e-05	0.0
-0.00102673871447	-0.00282159773181	7.0673991037e-05	-0.135350263512	-0.350869648083	0.00958801991299	2.75117904721e-10	4.5937188597e-05	0.0
-0.000601322553523	-0.000658370614623	-0.000170005323685	-0.069253858197	-0.044330507418	-0.0161826334528	2.75117904721e-10	4.5937188597e-05	0.0
-0.00110723157893	-0.00281946412624	2.34096771626e-05	-0.144257165649	-0.350127480539	-0.000761488202338	2.72710827923e-10	4.5535272404e-05	0.0
-0.000952337878764	-0.00337213498895	0.000115523326977	-0.127606388161	-0.426560756044	0.00796313294632	2.72710827923e-10	4.5535272404e-05	0.0
-0.000869648346338	-0.00180241125598	0.000244910509706	-0.112943025349	-0.210908037526	0.0261742724849	2.72710827923e-10	4.5535272404e-05	0.0
-0.00106774303433	-0.00340670991756	-4.00203950276e-05	-0.139026858517	-0.43345977755	-0.00506435845263	2.70259043385e-10	4.5125891238e-05	0.0
-0.000896880525185	-0.00243788931783	0.000176640128655	-0.117864484825	-0.297448007362	0.0191223351887	2.70259043385e-10	4.5125891238e-05	0.0
-0.000144009596542	-0.000954003409154	-0.000161104537506	-0.0244269469884	-0.0843857649452	-0.0142444325766	1.15194647141e-10	1.9234365122e-05	100.0
-0.000859460978611	-0.000852681627306	-0.000790238655382	-0.105827305575	-0.0839828044267	-0.0840136301748	1.10549417391e-10	1.8458738413e-05	100.0
-0.000737326041968	-0.000729798909297	-0.000264903892319	-0.0857004615741	-0.0589564665531	-0.0228081130967	1.08842678039e-10	1.8173759478e-05	100.0
-0.00127447452673	-0.00300397185479	0.000183359893939	-0.163559812948	-0.374548669212	0.0195196526904	1.05394650158e-10	1.7598032837e-05	100.0
-0.000959818629156	-0.00172528628578	8.66019896498e-05	-0.122249738481	-0.200223549881	0.0104895606039	1.05394650158e-10	1.7598032837e-05	100.0
-0.00131966201675	-0.0014792281615	0.000528337347458	-0.165710604908	-0.169980248385	0.0611482743264	1.04524433358e-10	1.7452730359e-05	100.0
-0.00121175743259	-0.00303390449213	0.000123118612744	-0.158092239785	-0.379923053561	0.0131542970571	1.04423451196e-10	1.7435869092e-05	100.0
-0.000930538534597	-0.00159196735111	-0.000274872335726	-0.11962204094	-0.182463511007	-0.0299197607898	1.04423451196e-10	1.7435869092e-05	100.0
-0.00169242178512	-0.00433403326596	1.40369651538e-05	-0.202400467263	-0.538467474945	0.00135680405432	1.04423451196e-10	1.7435869092e-05	100.0
-0.00125650512899	-0.00316281705031	-0.000320311805942	-0.163286805791	-0.396024216047	-0.033117920524	1.04423451196e-10	1.7435869092e-05	100.0
-0.00162695601435	-0.00220212334513	0.000566433733037	-0.207386195137	-0.267242419885	0.0667507157858	1.0408801742e-10	1.7379860797e-05	100.0
-0.00180024476157	-0.00320286246848	0.000468559818552	-0.228876616494	-0.399273236238	0.0553849626977	1.0408801742e-10	1.7379860797e-05	100.0
-0.00104366191898	-0.00345516068445	-2.93317910915e-05	-0.138669948494	-0.441483130677	-0.00123407857574	1.04019673417e-10	1.7368449212e-05	100.0
-0.000539214456774	-0.00192557549203	-5.61039938438e-06	-0.0741926264763	-0.226731907355	-0.000265130503782	1.04019673417e-10	1.7368449212e-05	100.0
-0.000968676963328	-0.00310402917292	2.716907299e-05	-0.128529792366	-0.389770697714	0.0029660347374	1.03617907235e-10	1.7301365215e-05	100.0
-0.000861420000746	-0.00260854323223	-4.48415503143e-06	-0.115180009644	-0.321470942004	-0.000732661926297	1.03617907235e-10	1.7301365215e-05	100.0
-0.000332739464647	-0.000833403296027	6.08262011486e-05	-0.0443037695753	-0.0666175964096	0.00360732079014	1.03617907235e-10	1.7301365215e-05	100.0
-0.000879719098234	-0.00346121526187	0.000350749295297	-0.119174144424	-0.43708278999	0.0354070279249	1.0321810236e-10	1.7234608702e-05	100.0
-0.000877817042352	-0.00321290304248	6.22831137623e-05	-0.118450557136	-0.404670724298	0.00618370468774	1.0321810236e-10	1.7234608702e-05	100.0
-0.000722172610643	-0.00241968380416	0.000409138209211	-0.0974877577661	-0.295312442832	0.0480220793923	1.0321810236e-10	1.7234608702e-05	100.0
-0.00104375243003	-0.00324315896215	-0.000224113100415	-0.137889671755	-0.408381699532	-0.0226951050246	1.0321810236e-10	1.7234608702e-05	100.0
-0.000454258767916	-0.00128165442992	-0.000483001999192	-0.0609627688687	-0.13734527559	-0.0514996007795	1.0321810236e-10	1.7234608702e-05	100.0
-0.00189125679314	-0.00509063050715	-0.000628062602892	-0.241186946541	-0.633424151122	-0.075091395037	1.0321810236e-10	1.7234608702e-05	100.0
-0.000400634573785	-0.00201351482505	-0.000694282899777	-0.0562440775985	-0.239256134815	-0.0794711731595	1.02772986266e-10	1.7160286451e-05	100.0
-0.000913630058305	-0.00364639016871	-5.64216975683e-05	-0.125176636777	-0.468101876273	-0.00360340127475	1.02424275951e-10	1.7102061336e-05	100.0
-0.00073932715795	-0.00223803312442	-6.08721493775e-05	-0.0983554579401	-0.270106037385	-0.00574372324229	1.02424275951e-10	1.7102061336e-05	100.0
-0.000694320265616	-0.00257854060847	0.000238342357021	-0.0945462114218	-0.316311348209	0.0253074558843	1.02030053257e-10	1.7036236895e-05	100.0
-0.000153398867067	-0.00129685198053	-0.00129256536256	-0.0264137102667	-0.146515188801	-0.148324653996	1.01891303364e-10	1.7013069447e-05	100.0
-0.00117081250308	-0.00186710869675	-0.000143447988595	-0.148452652715	-0.220527615924	-0.0169887927282	1.01005345819e-10	1.6865138693e-05	100.0
-0.000990902183409	-0.000959776428088	-9.20919104098e-05	-0.119318422835	-0.0944710159146	-0.00965447452207	1.01005345819e-10	1.6865138693e-05	100.0
-0.00109666032098	-0.00306745777626	-8.38430927747e-05	-0.141625040334	-0.383754894075	-0.00762278998785	1.01005345819e-10	1.6865138693e-05	100.0
-0.000632702979482	-0.00182648493165	0.000361218737387	-0.0850383618618	-0.213667825542	0.0403699420391	1.00857946059e-10	1.6840526953e-05	100.0
-0.000597527739197	-0.00188351529552	0.000578683420947	-0.0812531894966	-0.222394522544	0.0654048084914	1.00857946059e-10	1.6840526953e-05	100.0
-0.000832706237108	-0.00314117282473	-4.53688184487e-05	-0.113136249787	-0.39439543406	-0.00311246803446	1.00857946059e-10	1.6840526953e-05	100.0
-0.00145138576508	-0.00168190219548	0.000946407515344	-0.184597095178	-0.199423608707	0.110114310041	1.0011486218e-10	1.6716452206e-05	100.0
-0.000585681506869	-0.00257824072679	0.00132153022316	-0.0803470127779	-0.316010787534	0.158908058281	1.0011486218e-10	1.6716452206e-05	100.0
-0.00101923455225	-0.00365994496271	-3.42075809051e-05	-0.136601463427	-0.47084455077	-0.00280016108724	1.00084738518e-10	1.6711422376e-05	100.0
-0.00067345863874	-0.000844206304936	8.20406853826e-05	-0.080875172782	-0.0731850193107	0.00782954538932	1.00084738518e-10	1.6711422376e-05	100.0
-0.000718285395957	-0.00172600579408	0.000698241565079	-0.094857452297	-0.201282691123	0.0779992500023	1.00084738518e-10	1.6711422376e-05	100.0
-0.000790804117374	-0.00190116699108	-0.000178790749847	-0.104501832814	-0.224186930669	-0.0200194345781	1.00084738518e-10	1.6711422376e-05	100.0
-0.000859580769287	-0.00298370738949	3.74703237591e-05	-0.115709389686	-0.372055766503	0.00214647465419	9.97004229382e-11	1.6647252153e-05	100.0
-0.000533815287245	-0.000997378943643	0.000122299021419	-0.0677594579864	-0.0939828781378	0.0111613645182	9.97004229382e-11	1.6647252153e-05	100.0
-0.000952684478149	-0.00303136526267	-0.000209824140151	-0.127105616933	-0.379160711046	-0.0223366709954	9.97004229382e-11	1.6647252153e-05	100.0
-0.000996068446247	-0.00361067231053	-0.000247419902889	-0.133222904719	-0.459931831255	-0.0215800993301	9.97004229382e-11	1.6647252153e-05	100.0
-0.00155398684174	-0.00349173773741	-0.000119329120986	-0.194637147079	-0.439480524541	-0.0144886761415	9.96678853591e-11	1.6641819264e-05	100.0
-0.000952242722262	-0.00142018468455	-0.000532584090637	-0.120038781555	-0.159281441016	-0.0588981895904	9.96678853591e-11	1.6641819264e-05	100.0
-0.00113641444818	-0.0024532194619	0.000965847136486	-0.148014534428	-0.299788525014	0.114835533928	9.92196512897e-11	1.6566976397e-05	100.0
-0.0011044058093	-0.00286741582178	0.000681592506918	-0.1440604091	-0.354891806581	0.0797211602206	9.92196512897e-11	1.6566976397e-05	100.0
-0.000666617047518	-0.00297557613526	6.6863154089e-05	-0.0921653610098	-0.371080204872	0.00540364741455	9.85562266466e-11	1.645620257e-05	100.0
-0.000121183317645	-0.00126781145903	0.000421199406884	-0.0235095476597	-0.133949588446	0.0431570141203	9.85562266466e-11	1.645620257e-05	100.0
-0.000400962895169	-0.00345141674573	0.00118749140966	-0.0590791564625	-0.43058068711	0.141601763327	9.85562266466e-11	1.645620257e-05	100.0
-0.00104157227975	-0.00309507409052	0.0017671004437	-0.137635883998	-0.384340111909	0.215196268181	9.85562266466e-11	1.645620257e-05	100.0
-0.00224736146595	-0.00446056433442	-0.000202516739231	-0.282569033445	-0.555068077769	-0.0251859493814	9.85562266466e-11	1.645620257e-05	100.0
-0.000659507025664	-0.00266230805135	-0.000114135822476	-0.0907848853668	-0.327996032518	-0.0100237055572	9.85562266466e-11	1.645620257e-05	100.0
-0.00107849428835	-0.00222407500022	-0.00057895993152	-0.140876885571	-0.269587596652	-0.0670859042609	9.85562266466e-11	1.645620257e-05	100.0
-0.00245493362754	-0.00420547961275	2.71140598821e-06	-0.309950638667	-0.523793392337	0.00107202083153	9.85562266466e-11	1.645620257e-05	100.0
-9.11151144078e-05	-0.00156423039783	-0.000889608043131	-0.0201660249758	-0.179202598769	-0.100679185961	9.85562266466e-11	1.645620257e-05	100.0
-0.00134855574031	-0.00362311631291	-0.000419525613542	-0.171324370893	-0.458317664991	-0.0450329047937	9.83194114068e-11	1.6416660883e-05	100.0
-0.0013333183243	-0.00236935009383	0.00110865401555	-0.172009791606	-0.289897325733	0.132969294712	9.81775938284e-11	1.6392981214e-05	100.0
-0.000985181060535	-0.0034883662651	0.000737686332256	-0.130084406874	-0.436830692804	0.0833223336783	9.74138910821e-11	1.6265463679e-05	100.0
-0.00121654412418	-0.000839196782431	-0.000199902055404	-0.145422181778	-0.0813530112208	-0.0197098128094	9.69589684531e-11	1.6189504004e-05	100.0
-0.000487311503659	-0.000550830831872	0.000630539946268	-0.0575251174689	-0.0355864256938	0.0566518594373	9.65026879963e-11	1.6113317609e-05	100.0
-0.000735942219063	-0.00199484402213	-0.00136415255428	-0.0980999561628	-0.240240525802	-0.16223793551	9.65026879963e-11	1.6113317609e-05	100.0
-0.0010263429583	-0.00230103888678	0.000451353420253	-0.134478285507	-0.279465403268	0.0506566443346	9.63031878781e-11	1.6080006529e-05	100.0
-0.000407831961956	-0.00199731305521	0.000102416312794	-0.0588094147668	-0.2363990467	0.00977085392033	9.63031878781e-11	1.6080006529e-05	100.0
-0.000354257370028	-0.000968694619595	0.000144592868253	-0.0491452987009	-0.0885032888426	0.0101012192374	9.63031878781e-11	1.6080006529e-05	100.0
-0.00126598740065	-0.00398986147261	0.000510103082664	-0.161571569214	-0.504024002174	0.0472469833917	9.63031878781e-11	1.6080006529e-05	100.0
-0.000301688807426	-0.00232957203	-7.34878808673e-05	-0.0469916735241	-0.28223138588	-0.00613238548149	9.63031878781e-11	1.6080006529e-05	100.0
-0.000873794399334	-0.00339425361119	-0.000225182989339	-0.119260841501	-0.42896548089	-0.0210978221236	9.63031878781e-11	1.6080006529e-05	100.0
-9.11275347785e-05	-0.00235068149242	-0.000464493237129	-0.0204747927882	-0.284769121447	-0.0521745578215	9.63031878781e-11	1.6080006529e-05	100.0
-0.00204807839895	-0.00432943763323	0.00035254074014	-0.256257075837	-0.537527550049	0.039435329142	9.55614618274e-11	1.5956158502e-05	100.0
-0.000628525260734	-0.00266982277904	-0.00057200845489	-0.0869764739593	-0.328223176913	-0.0642840392072	9.55614618274e-11	1.5956158502e-05	100.0
-0.000936323803237	-0.00313686253871	-0.000956476398832	-0.124902425374	-0.390210379307	-0.111941264853	9.55614618274e-11	1.5956158502e-05	100.0
-0.000272894094548	-0.00144966260867	9.35093653308e-06	-0.0415479660898	-0.158904973194	0.00185896165698	9.48238092604e-11	1.5832990637e-05	100.0
-0.000711989106206	-0.00352534902604	0.000272926078526	-0.101123650399	-0.445052932779	0.025265743743	9.44564413846e-11	1.5771650218e-05	100.0
-0.0017902378414	-0.00351802502454	0.000479647927562	-0.226148254125	-0.439279282717	0.0527293396402	9.44564413846e-11	1.5771650218e-05	100.0
-0.00110218653794	-0.00129135660612	0.000249110321562	-0.136884502534	-0.142060864661	0.0273867606569	9.41980014785e-11	1.5728497801e-05	100.0
-0.000460121149933	-0.00213375576856	0.000230644938511	-0.0657304580295	-0.255380476321	0.0241769236823	9.40899787274e-11	1.5710460947e-05	100.0
-0.000469792025255	-0.00192430138493	3.19300012671e-05	-0.0658668948986	-0.226526962664	0.00330847955348	9.40899787274e-11	1.5710460947e-05	100.0
-0.000334724938782	-0.000981879698706	-3.0997198295e-06	-0.0465429599024	-0.0896351254599	-0.00106233288335	9.40899787274e-11	1.5710460947e-05	100.0
-0.00189603999283	-0.00273639245548	0.000963047853328	-0.242057414017	-0.337733850379	0.113859628288	9.40899787274e-11	1.5710460947e-05	100.0
-4.28738996905e-05	-0.0013152027329	-0.00101698257989	-0.0144227703303	-0.147245593135	-0.113921497022	9.40899787274e-11	1.5710460947e-05	100.0
-0.00186467097737	-0.00394243091342	-0.000903190808651	-0.237000725994	-0.491545139945	-0.10574548561	9.40899787274e-11	1.5710460947e-05	100.0
-0.000983950150368	-0.00305863660358	-4.46955792874e-05	-0.131481252882	-0.383891487283	-0.00449263025582	9.37244212887e-11	1.5649422822e-05	100.0
-0.000624213618684	-0.00361589945538	-0.000212284052376	-0.0919872217675	-0.457008452259	-0.0174954911864	9.37244212887e-11	1.5649422822e-05	100.0
-0.000432405837558	-0.000874192564092	6.45776522954e-05	-0.0551137462018	-0.0738717943674	0.00619720063579	9.33596684888e-11	1.558851905e-05	100.0
-0.00103467690219	-0.00449700032074	-0.000806425528756	-0.136685232719	-0.558065970362	-0.0868820833076	9.33596684888e-11	1.558851905e-05	100.0
-0.000305588678476	-0.000541245883288	-0.000587001510684	-0.0389594033386	-0.0323455530618	-0.0469863301777	9.32644193777e-11	1.5572615045e-05	100.0
-0.000610457733427	-0.00231705999429	0.000195552625295	-0.0843402368245	-0.280689991609	0.0270990351349	9.29957203277e-11	1.5527749631e-05	100.0
-0.000309099796799	-0.000500396897989	0.000650860863443	-0.0388967553934	-0.0274876390145	0.054684193497	9.26325768053e-11	1.5467114564e-05	100.0
-0.000643421674256	-0.00375072645148	-0.000954731263966	-0.0901998601334	-0.468908363216	-0.109476057317	9.26325768053e-11	1.5467114564e-05	100.0
-0.00107511060189	-0.00153153297495	0.000227510817331	-0.134640526588	-0.174278243547	0.0257402102304	9.23235452383e-11	1.5415514718e-05	100.0
-0.000838654568765	-0.00337322478401	1.9709371828e-05	-0.116472305188	-0.426866623566	-0.00149598447221	9.19084019372e-11	1.5346197107e-05	100.0
0.000245667379817	-0.00169891644079	0.000527135733296	0.0198337018929	-0.196605886659	0.0588798194648	9.19084019372e-11	1.5346197107e-05	100.0
-0.000413991745699	-0.00127901880264	0.000706222344313	-0.0574219324515	-0.138949039611	0.0751714585175	9.19084019372e-11	1.5346197107e-05	100.0
-0.000856463162747	-0.0037404023276	-0.000131753486469	-0.117699566918	-0.480858442162	-0.0164353854448	9.19084019372e-11	1.5346197107e-05	100.0
-0.00157506668075	-0.00377838244465	0.00112170148054	-0.202372777966	-0.471284483488	0.131846362848	9.19084019372e-11	1.5346197107e-05	100.0
-0.000874163262338	-0.00310506506293	-3.29637761221e-05	-0.118657828786	-0.390463062845	-0.00727072741142	9.19084019372e-11	1.5346197107e-05	100.0
-0.00101854999043	-0.00464878960353	0.000473670987531	-0.135305299216	-0.569888402356	0.0422391765119	9.19084019372e-11	1.5346197107e-05	100.0
-0.000557549699362	-0.00151337332029	-7.05396228009e-05	-0.0755293213006	-0.169210478733	-0.00364973389576	9.19084019372e-11	1.5346197107e-05	100.0
0.000176020493465	-0.00117381011072	-0.000144329791948	0.00849746636768	-0.119587756276	-0.0103973701646	9.19084019372e-11	1.5346197107e-05	100.0
-0.00181376491671	-0.00431941112976	-5.98533222485e-05	-0.220970443317	-0.535854429414	-0.00560362981503	9.19084019372e-11	1.5346197107e-05	100.0
-0.00137254660637	-0.00367268879276	0.000755880147765	-0.17623735682	-0.460867102837	0.0861106954685	9.1850266788e-11	1.5336490122e-05	100.0
-0.0010008421787	-0.000509928914697	0.000600588179695	-0.115618079324	-0.0371671546248	0.0617066878977	9.1850266788e-11	1.5336490122e-05	100.0
-0.00108728037337	-0.0023251458035	0.000275958097049	-0.139459769482	-0.28246405601	0.0333353745169	9.1850266788e-11	1.5336490122e-05	100.0
-0.00102143329123	-0.0021123249164	-0.000799060611161	-0.132481387665	-0.254291005932	-0.0933339708168	9.1850266788e-11	1.5336490122e-05	100.0
-0.000781093646074	-0.00352742328712	0.000130285570161	-0.110206100291	-0.447514470377	0.0090370403461	9.1186842145e-11	1.5225716296e-05	100.0
-0.000698723553623	-0.00297486342464	0.000467224404445	-0.0964453099515	-0.369801177933	0.0518977330549	9.1186842145e-11	1.5225716296e-05	100.0
-2.09032540501e-05	-0.00271939432096	0.00108465610888	-0.0114968341448	-0.33453759036	0.128676213548	9.1186842145e-11	1.5225716296e-05	100.0
-0.000370197565312	-0.00233120315763	-9.43018003197e-06	-0.0551131418078	-0.282375821919	-0.0014059807545	9.1186842145e-11	1.5225716296e-05	100.0
-0.00106522835676	-0.00425585178774	-0.000809909695593	-0.140154516857	-0.530502596599	-0.0864276599443	9.1186842145e-11	1.5225716296e-05	100.0
-0.00153575365181	-0.00377251275656	0.000765324004642	-0.195436392987	-0.47279975449	0.0882092010191	9.08975745171e-11	1.5177416489e-05	100.0
-0.000893096709497	-0.00207479735131	0.00102308622084	-0.11758795027	-0.250123519778	0.118536609903	9.08270177574e-11	1.5165635434e-05	100.0
-0.00209420403361	-0.0044583070684	-7.53291503233e-05	-0.261351760795	-0.552725569076	-0.0102392301024	9.08270177574e-11	1.5165635434e-05	100.0
0.000493364433034	-0.00197143244947	-0.000596886769606	0.0504083870771	-0.235035565745	-0.0673828706646	9.08270177574e-11	1.5165635434e-05	100.0
-0.000861818975743	-0.00334313161237	-7.23870621175e-06	-0.118888281508	-0.423417576993	4.78817226404e-05	9.0467696269e-11	1.5105638543e-05	100.0
-0.00182836102854	-0.00479199714585	0.000475511041729	-0.230618135637	-0.593240473683	0.0533107035397	9.0467696269e-11	1.5105638543e-05	100.0
-0.000315606449009	-0.00335277478411	-0.000797704655498	-0.0496377109916	-0.41801708902	-0.0921134807489	9.0467696269e-11	1.5105638543e-05	100.0
-0.00214430775478	-0.00384189931201	-0.00111561686065	-0.273551547321	-0.479078632267	-0.133233173902	9.0467696269e-11	1.5105638543e-05	100.0
-0.00218804664223	-0.00454316988978	-0.000810995885117	-0.278371809696	-0.566902535669	-0.0953817751523	9.0467696269e-11	1.5105638543e-05	100.0
-0.000414093984193	-0.00358032525546	-0.000208680202759	-0.0659220310461	-0.450748443398	-0.0192956502651	9.01089279697e-11	1.5045734019e-05	100.0
-0.00159390027962	-0.00333262115127	-0.001088490145	-0.205198654405	-0.415134075109	-0.128709211914	9.01089279697e-11	1.5045734019e-05	100.0
-0.000590940475799	-0.000349640357495	0.000716201050648	-0.0668900750108	-0.0141603988678	0.0610535104474	8.99364335394e-11	1.5016932153e-05	100.0
-0.00129471862028	-0.00241049285155	-0.000255724982428	-0.165886404541	-0.294198399325	-0.0281547242985	8.99364335394e-11	1.5016932153e-05	100.0
-0.0021211983435	-0.0042172128333	-0.000312542030948	-0.265834210816	-0.525067905055	-0.0344452281601	8.97506122798e-11	1.4985905069e-05	100.0
0.000221584315886	-0.002829922812	0.000509466996438	0.0170399390333	-0.349050261632	0.0578510946926	8.90353387278e-11	1.4866473889e-05	100.0
-0.000463463921195	-0.00225026856201	-7.24676372951e-05	-0.0661505864691	-0.2715101401	-0.00747079227349	8.90353387278e-11	1.4866473889e-05	100.0
-0.00204454795672	-0.00410253407504	0.000103855994683	-0.25446594464	-0.511203602865	0.0101689246226	8.90353387278e-11	1.4866473889e-05	100.0
7.59875235577e-05	-0.00300240879685	-0.000828089166914	-0.000459466822079	-0.371919041319	-0.0975254562	8.90353387278e-11	1.4866473889e-05	100.0
-8.76137302802e-05	-0.000796789058242	-0.00068466751225	-0.0203187320202	-0.0708900433099	-0.0638804741302	8.90353387278e-11	1.4866473889e-05	100.0
-0.00108762379925	-0.00219320889859	-0.00168543467885	-0.142351553527	-0.268036069894	-0.202398630419	8.90353387278e-11	1.4866473889e-05	100.0
-0.00226842463373	-0.00258916187288	-0.00105938318914	-0.288780946682	-0.318611327378	-0.126925990727	8.90353387278e-11	1.4866473889e-05	100.0
-0.00189417040459	-0.00449243038832	-0.000202189116827	-0.234892243711	-0.555327833454	-0.0214294424406	8.90353387278e-11	1.4866473889e-05	100.0
-0.000256961551686	-0.00198313569954	-5.53250548171e-05	-0.0410974429287	-0.234356041695	-0.00866035053068	8.86782802858e-11	1.4806854865e-05	100.0
-0.000896819278124	-0.00363692940798	2.74682343717e-05	-0.125858636942	-0.466185310274	0.00645897293155	8.86782802858e-11	1.4806854865e-05	100.0
-0.00108281653671	-0.00261446799771	0.00157666653286	-0.141978292786	-0.321781324368	0.191217377039	8.84774726297e-11	1.4773325462e-05	100.0
-0.00173852776689	-0.00311866932589	-0.00136537266509	-0.22349270764	-0.38718482205	-0.163783364447	8.83215738734e-11	1.474729462e-05	100.0
-0.00184391187962	-0.00444853874561	-0.000462251844772	-0.230491325545	-0.552074701984	-0.0496347513966	8.83215738734e-11	1.474729462e-05	100.0
-0.00134924092238	-0.00166734664439	-0.000875045472422	-0.171762986252	-0.196804111945	-0.100783769876	8.79862909674e-11	1.4691311517e-05	100.0
-0.00063014851436	-0.00352069462076	-8.41006577174e-05	-0.0919880368487	-0.446227289335	-0.0121113187913	8.7609066267e-11	1.4628325277e-05	100.0
-0.00131572402701	-0.00340284626137	0.00150610999813	-0.171228028806	-0.423373869182	0.180700825627	8.7609066267e-11	1.4628325277e-05	100.0
-0.000657768479588	-0.00338567400853	3.37319140118e-05	-0.0946646710093	-0.427830892223	0.00267852775532	8.7609066267e-11	1.4628325277e-05	100.0
-0.00175907114419	-0.0040914986167	0.000194449030437	-0.215546031579	-0.511541112475	0.0159415246224	8.7609066267e-11	1.4628325277e-05	100.0
0.000181277460402	-0.00193078973737	-0.000149670851659	0.012246287735	-0.227198520288	-0.0153537327315	8.7609066267e-11	1.4628325277e-05	100.0
0.000311501236702	-0.00132356192046	0.000163388340313	0.024995762728	-0.141987006012	0.0221192997334	8.7609066267e-11	1.4628325277e-05	100.0
-0.000383632431842	-0.00280359180721	-0.000159188916925	-0.057982536085	-0.34650397283	-0.0154827570883	8.7609066267e-11	1.4628325277e-05	100.0
-0.00013145574812	-0.00167949876415	-0.000312866527725	-0.0251720323098	-0.192109291017	-0.0326783919608	8.7609066267e-11	1.4628325277e-05	100.0
-0.000522980676923	-0.000598857983284	-0.000343231125007	-0.0606836819923	-0.0368863095621	-0.0260710242754	8.74924439393e-11	1.4608852529e-05	100.0
-0.00150185874818	-0.00236775453496	0.000142951370083	-0.191048285729	-0.288832590257	0.0185541717124	8.69959818353e-11	1.4525956894e-05	100.0
-0.00195137659376	-0.00345370291758	-0.0010498033854	-0.249573633821	-0.430578205665	-0.126789052096	8.69959818353e-11	1.4525956894e-05	100.0
-0.00159052939608	-0.00200318850053	-0.00111848954505	-0.203183014848	-0.241777804131	-0.134698918692	8.69959818353e-11	1.4525956894e-05	100.0
-0.000599974522686	-0.0032580172953	-8.88472737868e-06	-0.0868939745852	-0.409892243158	-0.00120118777628	8.68975141692e-11	1.4509515479e-05	100.0
-1.85641142037e-05	-0.000812629843467	0.000614906609904	-0.0119861184499	-0.0705529141324	0.0577674691904	8.68975141692e-11	1.4509515479e-05	100.0
-0.00222143386704	-0.00435056483013	0.00106883190417	-0.282937330516	-0.54185679329	0.128217888055	8.68975141692e-11	1.4509515479e-05	100.0
-0.000321091616326	-0.00370362456643	-0.000441435997337	-0.0533323748384	-0.463818696893	-0.0455998619407	8.68975141692e-11	1.4509515479e-05	100.0
-0.000686828435453	-0.00403815896352	-0.000888414890387	-0.0957688842767	-0.504431322647	-0.0989297014827	8.68975141692e-11	1.4509515479e-05	100.0
0.000216475017455	-0.00170818615422	-5.28543982912e-06	0.0156511682385	-0.196322413447	-0.00368504862525	8.65419644249e-11	1.4450148366e-05	100.0
0.000591886383013	-0.00134414042265	0.00103731830556	0.061063098693	-0.153236657037	0.117921939213	8.65419644249e-11	1.4450148366e-05	100.0
-5.36485503847e-05	-0.000712241666017	-0.000290455386462	-0.0146740051187	-0.0477847843845	-0.0216657964971	8.59946089204e-11	1.4358754921e-05	100.0
-0.00131777088516	-0.00279799868682	-0.00100737610946	-0.170745820795	-0.345583608184	-0.119390419506	8.59946089204e-11	1.4358754921e-05	100.0
-0.000675634088487	-0.000660356354611	-0.000774210842494	-0.0822094740046	-0.05764780201	-0.0755254228375	8.59946089204e-11	1.4358754921e-05	100.0
-0.000158528455365	-0.0026976559532	0.000474452161297	-0.0296947671666	-0.331851453665	0.0540983350026	8.58313175457e-11	1.4331489714e-05	100.0
-0.000403639815082	-0.00180155751949	0.000922004588599	-0.057982482422	-0.212749570558	0.104100752681	8.58313175457e-11	1.4331489714e-05	100.0
-0.000658246306597	-0.00309609902783	8.05086684031e-05	-0.0930826048702	-0.387861750026	0.0112540648551	8.58313175457e-11	1.4331489714e-05	100.0
-0.00161475790885	-0.00466249857225	0.000185504442591	-0.198321088548	-0.571965821191	0.0170792762462	8.58313175457e-11	1.4331489714e-05	100.0
-0.000133683191435	-0.00237273991795	-0.000857952633346	-0.0258420456856	-0.288889250164	-0.0991456020243	8.58313175457e-11	1.4331489714e-05	100.0
-0.00244318608259	-0.00373955510244	-0.000712006894226	-0.309842935893	-0.465062881635	-0.0845930014547	8.58313175457e-11	1.4331489714e-05	100.0
-0.000628092248729	-0.000667829795749	0.00125667547145	-0.0803786814929	-0.0661690734891	0.136391584953	8.54895472398e-11	1.4274423392e-05	100.0
-0.000201646112688	-0.00260252230615	0.000159260508973	-0.0351099638743	-0.319221266754	0.016895565282	8.54760695409e-11	1.4272172983e-05	100.0
-0.000475115433424	-0.00299842780262	1.12362431225e-05	-0.0701922966702	-0.373778162018	-0.000281552634512	8.54760695409e-11	1.4272172983e-05	100.0
-0.00153436643467	-0.00324318650386	0.0017038949674	-0.198842025845	-0.403767683607	0.206586535446	8.54760695409e-11	1.4272172983e-05	100.0
-0.00158517387988	-0.00441846410218	0.00121353649461	-0.2039139868	-0.55047937395	0.143502517813	8.54760695409e-11	1.4272172983e-05	100.0
-0.000413832208823	-0.00306708351959	-3.89535730745e-05	-0.062880394132	-0.382807654132	-0.00281162009126	8.54760695409e-11	1.4272172983e-05	100.0
-0.000608581703463	-0.00355377094214	8.08262188119e-05	-0.0909229422694	-0.450248466093	0.0134786155542	8.54760695409e-11	1.4272172983e-05	100.0
0.000246419772157	-0.000985614383548	-0.000515147192312	0.0160727781573	-0.095533367646	-0.0505714861927	8.54760695409e-11	1.4272172983e-05	100.0
-0.000732905588609	-0.00361932346882	8.80270214568e-07	-0.106635413011	-0.461699694812	3.22271955908e-05	8.51208718261e-11	1.421286465e-05	100.0
-0.00217699149731	-0.00405110176986	0.000103520600738	-0.272633560786	-0.504306813156	0.00936238621164	8.51208718261e-11	1.421286465e-05	100.0
6.12643107012e-07	-0.00276717062691	-0.00143093558998	-0.00890197248129	-0.341838496424	-0.171509897653	8.51208718261e-11	1.421286465e-05	100.0
-0.000314398543481	-0.00311952974361	6.36399139577e-05	-0.0508058709947	-0.389136667768	0.0037811776336	8.47656238213e-11	1.415354792e-05	100.0
0.000113493976248	-0.000782365306888	7.13670365831e-05	-0.000914377533952	-0.0576385145949	0.000806291245052	8.47656238213e-11	1.415354792e-05	100.0
-0.000510609315825	-0.00322060974435	0.00173955739391	-0.0718400228342	-0.400344162093	0.210288904165	8.47656238213e-11	1.415354792e-05	100.0
-0.000371532088177	-0.00385758774907	0.000400328770923	-0.0611064773042	-0.484683017518	0.0400495326609	8.40549266521e-11	1.4034880871e-05	100.0
-0.00074949226794	-0.00298015646957	-0.00177980045621	-0.101310190025	-0.36974554094	-0.215013894128	8.40549266521e-11	1.4034880871e-05	100.0
-0.00242860807076	-0.00453829571239	-0.000588791679439	-0.307896465787	-0.564306030466	-0.0695980467394	8.40549266521e-11	1.4034880871e-05	100.0
-0.00118372840022	-0.000936343241214	0.00114251871835	-0.148054413023	-0.102226793199	0.128698056985	8.39553023179e-11	1.4018246323e-05	100.0
-0.00154233694832	-0.00253644598412	0.0012003692723	-0.198506739068	-0.31157600304	0.144462041875	8.39553023179e-11	1.4018246323e-05	100.0
-0.0013613528405	-0.00339686217091	-0.00106068579411	-0.175898043221	-0.423563862919	-0.127491968218	8.39553023179e-11	1.4018246323e-05	100.0
0.000663889671051	-0.00120438486041	0.00126368140566	0.0692812633629	-0.138343534261	0.144325441596	8.33437265838e-11	1.3916129851e-05	100.0
-0.000122343039753	-0.00130463712516	-5.79077728317e-05	-0.0254218975769	-0.138115798549	-0.00730681171833	8.33437265838e-11	1.3916129851e-05	100.0
-0.000680273333195	-0.00104262374765	6.26719953254e-05	-0.0833320515559	-0.102037084489	0.00577916483565	8.33437265838e-11	1.3916129851e-05	100.0
-0.00247418418449	-0.0045256633491	-4.55290699141e-05	-0.312376343564	-0.561760337853	-0.00582475309589	8.33437265838e-11	1.3916129851e-05	100.0
-0.00236420327398	-0.00416427026504	-0.000331121716895	-0.297933109713	-0.517625256682	-0.0385400390836	8.33437265838e-11	1.3916129851e-05	100.0
