# x[AU] y[AU] z[AU] vx[AU/yr/2pi] vy[AU/yr/2pi] vz[AU/yr/2pi] m[MSUN] m[mtot] wf[%]
0.000411165720678	0.00149261729085	7.50579815575e-07	0.0560538982701	0.18757183059	0.000123607161272	4.00817288317e-06	0.666373553518	10.0073648885
-0.000825213954728	-0.00300859529263	3.12969024531e-07	-0.112573455861	-0.378406179402	0.000119926060572	1.98254508522e-06	0.329605446662	18.9864639616
-0.000512528815412	-0.00195991520493	-7.36622225733e-05	-0.0711884799612	-0.266320636046	-0.0108540250538	1.29344571454e-10	2.1504012981e-05	100.0
-0.000206675006892	0.000331276756902	-0.000130932008058	-0.0209083706159	0.0695432655892	-0.015010305623	1.29344571454e-10	2.1504012981e-05	100.0
-0.000649654078719	-0.00222208853679	-9.27766837526e-05	-0.0870764419005	-0.309768905049	-0.00644111572101	1.29155883669e-10	2.1472642939e-05	100.0
-0.000576056707357	-0.00101869196331	0.000158346253875	-0.0743582624394	-0.128141791621	0.014709840805	1.28147922775e-10	2.1305065716e-05	100.0
-0.000520345090032	-0.00115473183724	0.000121970036977	-0.0683913911526	-0.147476070198	0.0141913726709	1.28147922775e-10	2.1305065716e-05	100.0
-0.00083170994131	-0.00133657212007	0.000260378883341	-0.105973816772	-0.173588313467	0.0260086272633	1.26957962655e-10	2.1107230448e-05	100.0
-0.000891535190347	-0.00147056193829	-0.000437938898124	-0.112390800106	-0.191316192615	-0.0460570549263	1.26957962655e-10	2.1107230448e-05	100.0
-0.000404666782005	-0.000788474221579	-6.08255216764e-05	-0.0537549430023	-0.0950472330744	-0.00532437088013	1.26168159439e-10	2.0975922745e-05	100.0
-0.000847514449215	-0.000937739981282	-0.000405488840163	-0.107285847956	-0.117177715204	-0.0442713290546	1.26168159439e-10	2.0975922745e-05	100.0
-0.000575890586543	-0.00122736709126	0.000154533185231	-0.0738984265358	-0.157759813989	0.0157179285717	1.23814591118e-10	2.0584633314e-05	100.0
-0.000571450381125	-0.00145542685756	3.66693357174e-05	-0.0761946914164	-0.190957953207	0.00474709758787	1.23424542487e-10	2.0519786288e-05	100.0
-0.000388896301737	-4.54187260748e-05	0.000126027408644	-0.0458699798954	0.0113373804401	0.0111725829528	1.22257766021e-10	2.0325805389e-05	100.0
-0.00060321738441	-0.00133361867944	-0.000146705477246	-0.0757059375287	-0.172455656142	-0.0212538720707	1.22257766021e-10	2.0325805389e-05	100.0
7.42184015457e-05	0.000409582083223	0.000112674656779	0.0123846235156	0.0857248893681	0.00783938563973	1.21910866143e-10	2.0268132002e-05	100.0
-0.000358345304684	0.000781275070381	-1.92617211129e-05	-0.0239836905141	0.13260503339	-0.00267776633576	1.21910866143e-10	2.0268132002e-05	100.0
-0.000375630046404	0.000260624516616	3.44858296797e-05	-0.0410769837182	0.0562596701954	0.00507142524129	1.19169713398e-10	1.9812405229e-05	100.0
-0.000987556279302	-0.00218882067216	-0.000538109044877	-0.121708610954	-0.292092557855	-0.050026078807	1.18785850428e-10	1.9748586592e-05	100.0
-5.88681587471e-05	0.000376501872262	-0.000258894298821	-0.00332863556893	0.0769058644208	-0.0213771895167	1.18740941528e-10	1.9741120321e-05	100.0
-0.000444433630953	0.000138396658656	0.000294246701895	-0.0500250455081	0.0366100016044	0.0296553448298	1.18287678466e-10	1.9665763662e-05	100.0
-0.000418350949236	0.000769565631859	-7.46023078188e-05	-0.0322241540005	0.128799788857	-0.00578670305294	1.17834214245e-10	1.959037356e-05	100.0
-0.00047249596963	-0.00109585792494	0.000245754364216	-0.062556016479	-0.138817722946	0.0271868917153	1.17636977173e-10	1.9557582168e-05	100.0
-0.00031646870044	-0.000448364080379	0.000127193790466	-0.0409820725815	-0.046219538035	0.0141453304407	1.17636977173e-10	1.9557582168e-05	100.0
-0.000343134586607	-0.000125355652305	-7.64566540251e-05	-0.04040535223	0.000211154402211	-0.00727710268082	1.17254824061e-10	1.94940478e-05	100.0
-0.000691220928588	-0.00125841257699	-0.000113108102287	-0.0891210791802	-0.162860759541	-0.0116121856505	1.16873073267e-10	1.943058032e-05	100.0
-0.000137850781569	9.34154149161e-05	0.000268845021482	-0.0150686301169	0.0330888021881	0.0252114720263	1.16472815783e-10	1.9364036034e-05	100.0
-0.000568641951412	6.7622900658e-05	3.59829910674e-05	-0.0648865116587	0.0258646013199	0.00250627369493	1.16472815783e-10	1.9364036034e-05	100.0
-0.000405999285209	-0.00133729762378	-0.000135857381772	-0.0555295915228	-0.173134820257	-0.0123978426239	1.16110678059e-10	1.93038293e-05	100.0
-0.000469462539777	-0.00127530481435	-0.000347802094004	-0.0619995209147	-0.163600289679	-0.0359487595472	1.15349741258e-10	1.9177320745e-05	100.0
-0.000220880325999	-0.00077244951796	-0.000425693211728	-0.0302395672052	-0.0922091769694	-0.046490900486	1.14590111996e-10	1.9051029572e-05	100.0
-0.000906541111684	-0.00188754053249	-0.000241417533224	-0.114140942671	-0.254133047534	-0.0220885847711	1.14590111996e-10	1.9051029572e-05	100.0
-0.000356863082584	-0.000979243400421	0.000243820660463	-0.0487055412567	-0.121937431506	0.0264526486625	1.13452956293e-10	1.8861973235e-05	100.0
-0.000906734534558	-0.00023267275466	0.000232153092724	-0.110458326558	-0.019504381311	0.0251680958938	1.12831724894e-10	1.8758691219e-05	100.0
-0.000340179101232	-0.000430224477326	-0.000188957340086	-0.0421267334121	-0.0438309219969	-0.017940133191	1.12831724894e-10	1.8758691219e-05	100.0
-0.000256647271885	-0.000148690675361	0.000348457860463	-0.03082363682	-0.00358228302423	0.0349001062122	1.11918258762e-10	1.8606824099e-05	100.0
-0.000383777176375	-0.00163449075449	0.000173735040588	-0.0536937284048	-0.215429593534	0.0136343221048	1.11562960467e-10	1.8547754444e-05	100.0
-0.000793924324285	-0.00181663615938	7.30601928079e-05	-0.101678037621	-0.245001929216	0.0120676822665	1.11562960467e-10	1.8547754444e-05	100.0
-0.000853316363814	-0.0014902400927	0.00036391925922	-0.107573021006	-0.194791417252	0.0379240843247	1.11003233642e-10	1.8454697791e-05	100.0
-0.000757049779386	-0.000241914161229	-0.000500139512881	-0.0918161516867	-0.0199672176364	-0.0570403708408	1.11003233642e-10	1.8454697791e-05	100.0
-8.13035710006e-05	-0.000489214042911	-0.000146716208374	-0.0127703276014	-0.0515695276368	-0.00993918512152	1.11003233642e-10	1.8454697791e-05	100.0
3.3468317776e-06	0.000572172912639	-0.000248452879163	0.00646799462292	0.10722144446	-0.0120083134836	1.11003233642e-10	1.8454697791e-05	100.0
1.20979660147e-05	-0.000630028722809	-2.56396613505e-05	-0.00389373658595	-0.0711356074376	-0.0056923716492	1.10808460776e-10	1.8422316083e-05	100.0
-0.000480354735604	-0.00194239589307	3.22830788052e-07	-0.0686455639003	-0.263380993766	0.00113974542292	1.10808460776e-10	1.8422316083e-05	100.0
-0.000466344741991	-0.00203283063821	-3.86634836635e-05	-0.0686212252425	-0.27677920672	-0.00615166734256	1.09678094213e-10	1.8234388464e-05	100.0
-0.000313724465197	-0.00225366003395	-8.70271493243e-05	-0.054964791325	-0.307134284153	-0.00132713787962	1.09678094213e-10	1.8234388464e-05	100.0
-2.09098283683e-05	-0.000877537468185	-0.000231906214739	-0.00732564286832	-0.106224147537	-0.0240026825995	1.09301573572e-10	1.8171790516e-05	100.0
1.54275458655e-05	0.000315454144937	0.000335347501794	0.00388482323053	0.0668479037474	0.0279688073904	1.0870780047e-10	1.8073073544e-05	100.0
-0.000174053414538	-0.000838991835798	0.000212354284325	-0.024903572845	-0.101330714119	0.0232482080433	1.08548984898e-10	1.8046669868e-05	100.0
-0.000416719738244	-0.00134680646634	-2.04466612284e-05	-0.0577891538814	-0.174833984546	-0.00284111675083	1.08548984898e-10	1.8046669868e-05	100.0
-0.000843730586601	-0.0013484441702	0.000562086778224	-0.106772920287	-0.173857802748	0.061569802957	1.08548984898e-10	1.8046669868e-05	100.0
-0.000437304989168	-0.000736896547552	-4.88435211311e-05	-0.0566972986298	-0.0880123510667	-0.00555068048628	1.08548984898e-10	1.8046669868e-05	100.0
-0.000640599713783	-0.000558857412821	3.94413418359e-06	-0.0788327530575	-0.0631663498938	-0.000280217414646	1.0824719508e-10	1.7996496196e-05	100.0
-1.69892327859e-05	-0.00152569169683	7.02828649753e-05	-0.00986052899646	-0.198405233814	0.00439662535633	1.07796748254e-10	1.7921607746e-05	100.0
-0.000369248332316	-0.00148811439086	0.000122052756042	-0.0524552823976	-0.194764241416	0.00892703245304	1.07796748254e-10	1.7921607746e-05	100.0
-0.000536822030736	-0.00164755572868	-0.000248051955602	-0.0725840328258	-0.21810000759	-0.0241634656274	1.07796748254e-10	1.7921607746e-05	100.0
-0.000931695021378	-0.000794291366809	-0.000486803358512	-0.116182916899	-0.0973853975526	-0.0538582242063	1.07796748254e-10	1.7921607746e-05	100.0
-0.000461637388827	0.000230143340536	0.000295019555556	-0.0513301916845	0.0486108657048	0.0250718623076	1.077860365e-10	1.7919826878e-05	100.0
-0.000889806572695	-0.000313895113736	0.000247896589005	-0.108843564304	-0.0302123373432	0.0257918963423	1.077860365e-10	1.7919826878e-05	100.0
-0.000100326323522	-0.00112035578465	5.16237858424e-05	-0.0184598842158	-0.141294185807	0.00643648268432	1.07420780801e-10	1.7859101768e-05	100.0
-0.000936612949532	-0.00121862360224	-0.00012739988001	-0.115808302258	-0.156457072688	-0.0117883973075	1.07324274442e-10	1.7843057229e-05	100.0
-0.000513789735251	0.000426550826328	-9.37075749969e-05	-0.0532862692392	0.0776413034881	-0.00608399874394	1.07324274442e-10	1.7843057229e-05	100.0
0.000128524694643	-0.000568871600423	-0.000657162941772	0.0108403869776	-0.0637047704289	-0.0729009426717	1.06293129894e-10	1.7671625638e-05	100.0
-0.000375458693805	-0.00188668811788	-0.00036619157584	-0.0553466416497	-0.249450200935	-0.0318117438992	1.06293129894e-10	1.7671625638e-05	100.0
-0.000468457537752	-0.00167746718851	-3.22686472195e-06	-0.0659557307344	-0.223078151202	0.00191012326751	1.05541446439e-10	1.7546655485e-05	100.0
-9.76054581103e-05	-0.00143237546027	8.44258702407e-06	-0.019630209284	-0.18565075282	0.00370493952821	1.05541446439e-10	1.7546655485e-05	100.0
0.000211612118648	-0.000461752637633	0.000140095801598	0.0195021839614	-0.0470118459743	0.0178737813578	1.05541446439e-10	1.7546655485e-05	100.0
-0.00067536191329	-0.000680368211618	0.000137814778469	-0.0849329495161	-0.0808993505447	0.0151009892432	1.05541446439e-10	1.7546655485e-05	100.0
-0.000529431610794	-0.00146921837792	6.00559237004e-05	-0.0696465158557	-0.192425027037	0.0054493918455	1.05541446439e-10	1.7546655485e-05	100.0
-0.000576539715535	0.000749245764432	-0.000173260496769	-0.0534548199304	0.120780948474	-0.016340575268	1.05470939969e-10	1.7534933524e-05	100.0
-0.000284876929883	-0.00142926708261	9.05874077658e-05	-0.0434839780603	-0.185986903177	0.00780464316555	1.05165579566e-10	1.7484166229e-05	100.0
-0.000265662453296	-0.000881907976181	-0.000768494280113	-0.0371758676097	-0.108197279912	-0.0864034038659	1.05165579566e-10	1.7484166229e-05	100.0
-0.000404599721632	-0.00238278730882	-0.000680498896834	-0.0605426804078	-0.312459621751	-0.0625113564278	1.05165579566e-10	1.7484166229e-05	100.0
-0.000363517259888	0.000598035137281	7.90827954679e-05	-0.0307201349533	0.105204512186	0.000753219711197	1.04540123814e-10	1.7380181899e-05	100.0
-0.000587632492279	-0.0014456915361	1.51623483622e-05	-0.0742503134712	-0.189340687584	-0.00124252014988	1.04540123814e-10	1.7380181899e-05	100.0
-0.00048996286637	-0.00218479092798	0.000224455138391	-0.0721907934482	-0.297791783991	0.0130276408473	1.04413845821e-10	1.7359187716e-05	100.0
0.000110295047248	-0.00147033237205	7.89562068212e-05	0.00425855695462	-0.189538037922	0.0137781254266	1.04413845821e-10	1.7359187716e-05	100.0
-0.000476632546027	-0.000903711185643	0.000622684005595	-0.0619233224687	-0.111329495767	0.0695659256287	1.04037878369e-10	1.7296681738e-05	100.0
-0.000464239785286	-1.82767272937e-05	-0.000189116111477	-0.0544164602538	0.0138315634465	-0.0148802035493	1.04037878369e-10	1.7296681738e-05	100.0
-0.00107540842418	-0.00101908748304	-0.000712161436466	-0.13408887605	-0.127913498027	-0.0821087391829	1.04037878369e-10	1.7296681738e-05	100.0
-0.00029333994562	-0.000976011037034	-0.000615183488671	-0.0400106181905	-0.120782836947	-0.0672883509248	1.04037878369e-10	1.7296681738e-05	100.0
-0.000285895350454	-0.00118549110686	0.00046196672558	-0.0409041070658	-0.150623387631	0.0500109108108	1.03661810337e-10	1.7234159038e-05	100.0
-0.000295800187649	-0.00171035517366	-0.000200076202468	-0.044780393203	-0.226595854436	-0.0213201386093	1.03661810337e-10	1.7234159038e-05	100.0
-0.000622904020893	-0.00213523226571	-0.000865871218112	-0.0814382207293	-0.278418856718	-0.0917312622059	1.03606290263e-10	1.722492862e-05	100.0
-0.000252108183603	-0.00173126733628	0.00014648065075	-0.040317443824	-0.229144024952	0.0136491583147	1.03285692014e-10	1.7171627977e-05	100.0
-0.000336722279123	-0.00149967228143	0.000584452956007	-0.0475530223198	-0.193785445795	0.0620033249471	1.03285692014e-10	1.7171627977e-05	100.0
-0.000661969408098	-0.00194334090138	0.000459928403694	-0.0861217448534	-0.257813702629	0.0415177871049	1.03285692014e-10	1.7171627977e-05	100.0
-0.000299762065811	-0.00041673308695	-0.000283296837286	-0.0397274054411	-0.0420331322255	-0.0310346538947	1.03285692014e-10	1.7171627977e-05	100.0
-0.0010159060401	-0.00057499855136	0.000918886067942	-0.127056579829	-0.0677724633158	0.106863081695	1.02669137578e-10	1.7069123523e-05	100.0
-0.0012881844716	-0.000115831004625	-0.000214498983527	-0.156164048406	-0.00493883371039	-0.0256727585297	1.02669137578e-10	1.7069123523e-05	100.0
-0.000541777576237	0.000634625373334	-0.000615741673153	-0.0574743492085	0.098356892023	-0.0578850472928	1.02669137578e-10	1.7069123523e-05	100.0
4.78713010412e-05	-0.000111145253219	-0.00130633623577	0.00355131556535	-0.00525277911976	-0.150338240844	1.02669137578e-10	1.7069123523e-05	100.0
4.58491812431e-05	-0.00132430575818	0.000525546098304	-0.00117518619454	-0.168262138013	0.056442306047	1.02533153631e-10	1.7046515689e-05	100.0
-0.000515800193585	-0.00160540936784	-0.000322396417104	-0.0693170133492	-0.211115024242	-0.0302705092265	1.01780011768e-10	1.6921303072e-05	100.0
-0.000944166510787	-0.0019098924392	-0.000358977783084	-0.11586231131	-0.254470371894	-0.0339741579986	1.01780011768e-10	1.6921303072e-05	100.0
-0.00120366104202	-0.00270025733368	-0.00085185057156	-0.14495694247	-0.347002158212	-0.08368790778	1.01780011768e-10	1.6921303072e-05	100.0
-0.00078942001004	-0.000762836736553	2.78750396947e-05	-0.096565712098	-0.0919231188705	0.00426647840334	1.01256795426e-10	1.6834316421e-05	100.0
-7.69642437631e-05	-0.000701633435148	-0.00104512036273	-0.0125845481524	-0.0836212914425	-0.119601163844	1.01256795426e-10	1.6834316421e-05	100.0
-0.000369071990468	-0.0021842206339	0.000127267867597	-0.0599591402613	-0.297232934787	0.00453251914173	1.01026216136e-10	1.6795981762e-05	100.0
0.00017168362375	-0.000506414079656	4.17019910291e-05	0.015834201211	-0.0529759714891	0.000754285596776	1.01026216136e-10	1.6795981762e-05	100.0
0.000169174357219	-0.000996581821869	0.000228197092674	0.0147710012467	-0.12259038342	0.0212039453477	1.01026216136e-10	1.6795981762e-05	100.0
-0.00110326970008	-0.00237717437558	0.000535526453172	-0.130564433536	-0.314486849545	0.0445988446557	1.01026216136e-10	1.6795981762e-05	100.0
-0.000467316880119	0.000255676207476	0.00055724633596	-0.0535770215478	0.0492872978425	0.054575771113	1.00784070164e-10	1.67557241e-05	100.0
-0.000632650360257	0.000625907460339	2.22202414563e-05	-0.0622547374259	0.103284160482	-0.00200795188681	1.00784070164e-10	1.67557241e-05	100.0
-0.00092499085744	-0.00123565685504	0.000621458701778	-0.115773338497	-0.157636826086	0.0691579196837	1.00649041726e-10	1.6733275123e-05	100.0
-4.0759713723e-05	-0.000585486450991	-6.9502105039e-05	-0.0104254091768	-0.0653663820713	-0.00184938363772	1.00649041726e-10	1.6733275123e-05	100.0
-0.000142249957699	-0.00128705994156	-0.000162441150768	-0.0251262195001	-0.165025930046	-0.0168777914892	1.00271615865e-10	1.6670526679e-05	100.0
0.000377654823619	-1.8202411619e-05	0.000177282199512	0.0397727409401	0.0180254078397	0.0151935353549	9.98939888457e-11	1.6607744791e-05	100.0
-0.000940439394168	8.50424520113e-05	1.27534838115e-05	-0.110470787096	0.0246357510065	0.00413286169829	9.9835602247e-11	1.6598037803e-05	100.0
0.000202138757427	0.000428536560133	9.25535004958e-05	0.0197034525219	0.0893501586403	0.00545184999529	9.95160600864e-11	1.6544912738e-05	100.0
-0.00172223139123	-0.002504297225	0.000183408628088	-0.199634502529	-0.319595491455	0.0155176704814	9.95160600864e-11	1.6544912738e-05	100.0
-0.000594161285639	-0.000690582023973	-0.000104598745442	-0.074070733559	-0.0816481758672	-0.0101102797932	9.88828093962e-11	1.6439632471e-05	100.0
-0.000969430926466	-0.00139502724099	-4.85220125543e-06	-0.118491636442	-0.180834479149	0.00367725036147	9.88828093962e-11	1.6439632471e-05	100.0
-0.000148573311077	-0.000831270107443	-0.000199140105328	-0.0227841542868	-0.100364395516	-0.0181072917461	9.88828093962e-11	1.6439632471e-05	100.0
-0.00162876513663	-7.14281694786e-05	-0.000994959481866	-0.203063266357	-0.00275178768233	-0.117031538803	9.88828093962e-11	1.6439632471e-05	100.0
0.000469608759405	0.000336417781881	-0.000109996138247	0.0466935356655	0.0729107698931	-0.00762328390668	9.87593979291e-11	1.6419114859e-05	100.0
0.000661943143647	0.000133435890802	-0.000154805762172	0.0694431730184	0.0390586018511	-0.0171003503305	9.83806142411e-11	1.6356140671e-05	100.0
-5.3481135413e-05	-0.000610275855591	0.000301446564781	-0.0115546571392	-0.0688149408424	0.0315753443409	9.80014785237e-11	1.6293107957e-05	100.0
-0.000514342912248	0.000775271254178	-6.76587177587e-05	-0.0430624710574	0.12587586942	-0.0134805411252	9.74448193837e-11	1.6200561318e-05	100.0
-0.000675313316876	-0.000534241766872	-0.000369436985215	-0.0830719255551	-0.060346806284	-0.0374682614889	9.74448193837e-11	1.6200561318e-05	100.0
-0.00122465150187	-0.00134534341571	-0.000994951168312	-0.153713719571	-0.17092028932	-0.115661925261	9.74448193837e-11	1.6200561318e-05	100.0
-0.00160665071772	-0.00249894419533	-0.000200450671194	-0.184184651195	-0.323677566378	-0.0181421380494	9.72422012904e-11	1.6166875311e-05	100.0
-0.000670672507841	-0.00150649852939	-0.0007113037895	-0.0863588475619	-0.19446315763	-0.077415349413	9.72422012904e-11	1.6166875311e-05	100.0
-0.000782977265598	-0.00213823408457	-0.000862674792536	-0.0997925301381	-0.278645735789	-0.0902275185805	9.72422012904e-11	1.6166875311e-05	100.0
-0.000425457469844	-0.000431114349765	0.00062913149312	-0.0532297310979	-0.0459117155227	0.06728075501	9.69629413569e-11	1.6120447315e-05	100.0
-0.000476264890139	0.000288015775267	-0.000760039217189	-0.0550678966401	0.0515930444417	-0.0786745188231	9.69629413569e-11	1.6120447315e-05	100.0
2.237664204e-05	-0.000396744220364	0.000563497111213	-0.00171626440828	-0.039775802184	0.0599294332351	9.64812644898e-11	1.6040366756e-05	100.0
0.000485665174986	-0.00102380492084	0.000615656540478	0.0536648360905	-0.126094734979	0.0680908197002	9.64812644898e-11	1.6040366756e-05	100.0
0.000400408849375	0.00043449822093	-0.000140677766158	0.0383706896477	0.0897949300398	-0.0181188030105	9.64812644898e-11	1.6040366756e-05	100.0
-0.00119999065849	0.000224766684991	-2.4191375254e-05	-0.142260084039	0.0407794855826	0.00176096603357	9.64798060821e-11	1.604012429e-05	100.0
-0.00145647072068	-0.00113245438526	0.000312417930518	-0.180892079328	-0.143581362988	0.0334021806397	9.59952123995e-11	1.59595588e-05	100.0
-0.000353717756038	-0.00201082302744	0.00137677222106	-0.0493229808843	-0.257519702578	0.159764517288	9.57186681217e-11	1.5913582291e-05	100.0
-0.000521308142316	-0.00068084399593	3.07978857743e-05	-0.0658750354107	-0.0805420112716	0.00366800718216	9.57186681217e-11	1.5913582291e-05	100.0
-0.000315258659955	-0.00215148784808	-7.93133839304e-05	-0.0538749525264	-0.29228386295	-0.00272414834542	9.53366155889e-11	1.5850064646e-05	100.0
-0.00198703022362	-0.00220935098483	-0.000225842563607	-0.241008399551	-0.282018804601	-0.0209668128395	9.53366155889e-11	1.5850064646e-05	100.0
6.45750591475e-05	-0.00166724567324	0.000575577577736	-0.000340986239249	-0.215173688478	0.0614412738082	9.49540601568e-11	1.5786463392e-05	100.0
0.000480654929522	6.74291280337e-05	-0.000435337048958	0.0517266526303	0.027902454217	-0.0409295823601	9.49540601568e-11	1.5786463392e-05	100.0
0.000658046166408	1.10265799599e-05	-0.00117559844212	0.0756007363403	0.0111380531359	-0.133050449733	9.49540601568e-11	1.5786463392e-05	100.0
1.9502438884e-05	-0.000751980962587	-0.00174173727207	-0.00131501483615	-0.0921032557885	-0.208625257615	9.49540601568e-11	1.5786463392e-05	100.0
2.31928255052e-05	-0.000442442552279	0.000940015895828	-0.000971480156983	-0.0479626700234	0.105352660805	9.45710018255e-11	1.5722778529e-05	100.0
-0.00112617388745	-0.00188579734043	0.000912697684206	-0.140442691792	-0.243716149064	0.100480602313	9.45710018255e-11	1.5722778529e-05	100.0
9.71291545997e-05	-0.000571227973441	5.68241975038e-05	0.00556914252866	-0.0627574589519	0.0109127735985	9.41873903051e-11	1.5659001696e-05	100.0
-0.00168126942284	-0.00233526134413	-8.75461798602e-05	-0.196239516267	-0.300903732418	-0.00407154305002	9.41873903051e-11	1.5659001696e-05	100.0
-0.00011424998251	0.000723729589956	0.000478322836997	-0.00409501817377	0.120377290054	0.0323958670426	9.40423038819e-11	1.5634880542e-05	100.0
-0.000784732323332	0.000752090807333	4.84110081662e-05	-0.0800836434972	0.115080150472	-0.0040480484526	9.40423038819e-11	1.5634880542e-05	100.0
-0.00125810651034	-0.0015024454568	-5.01652846072e-05	-0.152956162752	-0.19478649617	-0.00344628716659	9.40423038819e-11	1.5634880542e-05	100.0
0.000366168226016	0.000498005545209	-0.000477268489531	0.0392336840362	0.0921017746296	-0.0371470895846	9.40423038819e-11	1.5634880542e-05	100.0
-0.000919634963093	-0.000109892279937	-0.000560617470714	-0.111368529462	-0.00427277520701	-0.0590879066261	9.40423038819e-11	1.5634880542e-05	100.0
0.000294262584441	-0.00150966839142	-0.000436784813449	0.0278144737537	-0.192955207919	-0.0459274506502	9.38032255956e-11	1.5595132893e-05	100.0
-0.000452010329937	-0.000684377161727	-0.00103232881569	-0.0583239417841	-0.0815648764358	-0.118779171473	9.38032255956e-11	1.5595132893e-05	100.0
-0.00135932364056	-0.00226642337711	-0.000108920673147	-0.155286799545	-0.299982195532	-0.00483224099855	9.38032255956e-11	1.5595132893e-05	100.0
0.000451822510185	-0.000288362462902	0.000444050818579	0.0483144027716	-0.0237797582124	0.0475142889286	9.3418407117e-11	1.5531155399e-05	100.0
-0.0011155364825	0.000219952164239	-2.91075811897e-05	-0.131167253303	0.0414071775627	-0.00499812113755	9.30562693931e-11	1.5470948664e-05	100.0
-0.00074165498246	0.000497372281095	-3.33060071536e-05	-0.0801498555691	0.0836592942724	-0.00508306150763	9.30562693931e-11	1.5470948664e-05	100.0
-0.000392646757498	0.000864010602859	-0.000447297629879	-0.0321912037687	0.134834417133	-0.0332059273968	9.30562693931e-11	1.5470948664e-05	100.0
-0.000895650593842	-0.00228987869398	-0.00070554677701	-0.110845658171	-0.301336093562	-0.0673693494461	9.30562693931e-11	1.5470948664e-05	100.0
0.000279203621593	-0.00198109251177	0.000314890616708	0.022362451578	-0.257491972429	0.0298135905945	9.26469094329e-11	1.5402891058e-05	100.0
-0.000365935647004	-0.00210000059419	8.40912755451e-05	-0.059155883901	-0.285901273775	0.00778145451056	9.26469094329e-11	1.5402891058e-05	100.0
-2.9356144152e-05	0.000263095847767	-3.80782578137e-05	-0.00376462684403	0.0613976621838	-0.00516237967422	9.26469094329e-11	1.5402891058e-05	100.0
-0.000128171455571	-0.000846783672637	-5.40765218245e-05	-0.0210079625509	-0.10233771788	-0.00562924312606	9.26469094329e-11	1.5402891058e-05	100.0
0.000395562975282	-0.00110311462388	-0.000874247260593	0.0431383363622	-0.137094124104	-0.0990774426933	9.26469094329e-11	1.5402891058e-05	100.0
-0.000712056634707	-0.000559576687899	-3.54606960866e-05	-0.0867313795509	-0.0635905998319	-0.00413493302568	9.25606622177e-11	1.538855214e-05	100.0
-0.000619387799522	0.000675304138604	3.42384310541e-05	-0.0607495039899	0.109865833256	0.000511729528551	9.20632446051e-11	1.5305854624e-05	100.0
-0.00141771888796	-0.00229047166191	-6.12798234968e-05	-0.161252610742	-0.302033963418	-0.0117756447691	9.1872696093e-11	1.5274175229e-05	100.0
-8.62781720596e-05	-0.00167121758779	-0.0008652271919	-0.0172872233317	-0.214575558885	-0.095287054888	9.1872696093e-11	1.5274175229e-05	100.0
-0.000596325379289	-0.00171871129487	-0.00162840187718	-0.0780943583601	-0.218547166746	-0.193150709867	9.1872696093e-11	1.5274175229e-05	100.0
-0.000699995048726	0.000685193181964	4.40388033718e-06	-0.0699615420968	0.109322564922	0.00536223775331	9.15639159756e-11	1.5222839394e-05	100.0
-0.000379950272093	-0.00220708974884	-6.08085381846e-05	-0.0626087228365	-0.302706326592	-0.00506734307258	9.14844578998e-11	1.5209629195e-05	100.0
0.000227365279551	0.000288524692477	5.3789310165e-05	0.0218689405689	0.0667638163584	0.00614856590915	9.14844578998e-11	1.5209629195e-05	100.0
-0.00149948591976	-0.00207617085629	0.000515680844159	-0.181071828521	-0.269263344945	0.0516557397349	9.10955156477e-11	1.5144966108e-05	100.0
-0.000935079307583	-0.0010054135084	-9.22211945694e-05	-0.115130213375	-0.126170773561	-0.0122269419107	9.10955156477e-11	1.5144966108e-05	100.0
-0.0011557936218	-0.00140513386231	-6.79475967702e-05	-0.140846778697	-0.181829596555	-0.00806895515849	9.1062676329e-11	1.513950645e-05	100.0
-0.000156285604425	-0.00184174276372	0.000132172135462	-0.0310324792925	-0.243904724629	0.00918118556357	9.0705718467e-11	1.5080160887e-05	100.0
-0.000700402553591	-0.00166106931594	0.00151503413992	-0.0908736385963	-0.211348180821	0.178625205189	9.0705718467e-11	1.5080160887e-05	100.0
0.000167937580725	0.000367141030457	3.84194598306e-05	0.0162210919126	0.0792552811151	0.0111008306442	9.0705718467e-11	1.5080160887e-05	100.0
-0.00034023581716	0.00023970927992	-7.74303840075e-05	-0.03626300194	0.0536297412539	-0.00513190315927	9.0705718467e-11	1.5080160887e-05	100.0
-0.00139714264135	-0.00217169026063	-0.00108448424293	-0.172856627526	-0.277788731752	-0.122124068749	9.0705718467e-11	1.5080160887e-05	100.0
-0.00137398768858	-0.000385084907549	6.72817864646e-05	-0.16822187503	-0.0418489028194	0.00604477641377	9.05594250856e-11	1.5055839071e-05	100.0
5.3151157713e-05	-0.00142220471605	0.00157127152258	0.00225616461951	-0.179271766316	0.18693018244	9.03151166475e-11	1.5015221891e-05	100.0
-8.73741968775e-05	-0.00169186187668	-1.29573666505e-05	-0.021371175852	-0.222409612641	-0.00261937698942	9.03151166475e-11	1.5015221891e-05	100.0
-0.001800780273	-0.00217260517679	0.000266998799208	-0.216367828253	-0.278836094172	0.0247657146242	9.03151166475e-11	1.5015221891e-05	100.0
-9.2402395464e-05	-0.000642085827375	-9.53336859761e-05	-0.016307975692	-0.0732974052525	-0.0113374575656	9.03151166475e-11	1.5015221891e-05	100.0
-0.00200803997272	-0.00277917707949	0.000382640300475	-0.240832306034	-0.350284059669	0.0391269669543	9.03151166475e-11	1.5015221891e-05	100.0
0.000221159017326	-0.00188494599429	-0.000190503485555	0.0150031522442	-0.245771933412	-0.0168441987382	9.03151166475e-11	1.5015221891e-05	100.0
-0.000659718593562	-0.00203828971892	-0.000882037211643	-0.0863089646308	-0.265600879326	-0.093235597951	9.03151166475e-11	1.5015221891e-05	100.0
-0.00183727609079	-0.00290533821829	0.000108362981245	-0.212107695112	-0.363456868753	0.0145099860963	9.03151166475e-11	1.5015221891e-05	100.0
-0.000899751722268	-0.000350624311012	-0.00126298840188	-0.112745519368	-0.0387603991732	-0.148093913758	8.95466363586e-11	1.4887459203e-05	100.0
0.000132038126349	-0.000476891907339	0.000220221032959	0.0112803856584	-0.0491556094369	0.0205639264377	8.95312476427e-11	1.4884900772e-05	100.0
0.000657820131681	0.000268519622633	0.000271817817932	0.0682410296723	0.0574230923271	0.0209274813059	8.95312476427e-11	1.4884900772e-05	100.0
-8.21083419271e-05	-0.0010515999444	0.00166458433115	-0.0141829840278	-0.131444014301	0.199141846663	8.95312476427e-11	1.4884900772e-05	100.0
-0.00106348502325	-0.00216193681713	0.00116336960055	-0.133430016002	-0.277437097849	0.130004317778	8.95312476427e-11	1.4884900772e-05	100.0
-0.0022787694279	-0.00269409656116	8.62566752229e-05	-0.27737627066	-0.337850673271	0.00835925287501	8.87437074736e-11	1.4753969309e-05	100.0
-0.000727404501888	-0.000159293145855	0.000923747200902	-0.0892800694141	-0.0117930345287	0.10317714498	8.80103798398e-11	1.463205088e-05	100.0
-0.000631073543716	0.000631195094383	0.000336423884622	-0.0651080130246	0.0997914253557	0.0257510333655	8.80103798398e-11	1.463205088e-05	100.0
-0.000186387443274	0.000733517733284	0.0013632822465	-0.0219571822726	0.102204617812	0.149231587157	8.80103798398e-11	1.463205088e-05	100.0
-0.000970700505031	0.000602015276324	4.11679577549e-05	-0.107669782034	0.0929845730318	-0.00220654476234	8.80103798398e-11	1.463205088e-05	100.0
-0.00108175694201	-0.000588020530108	-0.00010191401618	-0.131500893077	-0.0682864079938	-0.0108706683043	8.80103798398e-11	1.463205088e-05	100.0
-0.000831419293523	0.000298721055593	9.66610384783e-05	-0.0944284713197	0.055024452424	0.0130030635213	8.80103798398e-11	1.463205088e-05	100.0
0.000368705960298	-0.000164605460344	0.00020906389314	0.0386658059423	-0.00405566799672	0.0160184291818	8.79520938209e-11	1.4622360614e-05	100.0
-0.000310775247772	-0.00228033774628	2.8881777098e-05	-0.0572906955688	-0.312070062834	0.00286087770901	8.79520938209e-11	1.4622360614e-05	100.0
-5.75008524603e-05	-0.000179513763186	0.000675643676525	-0.00878063828131	-0.0093630301006	0.0721501415195	8.79520938209e-11	1.4622360614e-05	100.0
-0.000313494707542	-0.00220999131507	-4.71346864906e-07	-0.0568253697224	-0.301555183496	0.00161449621358	8.79520938209e-11	1.4622360614e-05	100.0
0.000148724344256	0.000389203648471	-1.99002863749e-05	0.0159788971078	0.0826432556045	0.0069932052271	8.79520938209e-11	1.4622360614e-05	100.0
9.32784469773e-05	0.000160743451036	-0.00026932893988	0.00856986403277	0.0438450546799	-0.0213724699722	8.79520938209e-11	1.4622360614e-05	100.0
1.18288657961e-05	-0.00172448284506	-0.000841633199462	-0.00605944575292	-0.222188379355	-0.0940764976553	8.79520938209e-11	1.4622360614e-05	100.0
0.000308621275697	-0.000542918869927	-2.6385628087e-05	0.0316291216866	-0.0581296662172	-0.00557402075312	8.71562055249e-11	1.4490041243e-05	100.0
0.000545293593454	0.000716364531852	0.00120521397809	0.06096011884	0.102100792669	0.126696110783	8.69738542699e-11	1.4459724673e-05	100.0
-0.00133556550708	-0.000914704941385	0.00134654338559	-0.168160071153	-0.113137148837	0.161007039648	8.69738542699e-11	1.4459724673e-05	100.0
-0.00113326158853	0.000150623445418	0.000168732679716	-0.134216969008	0.0314846091761	0.015568670726	8.69738542699e-11	1.4459724673e-05	100.0
-0.00079883942292	-0.0013823825062	-5.30426586225e-05	-0.10196574425	-0.180882860418	-0.00532288792543	8.69738542699e-11	1.4459724673e-05	100.0
-0.00145272102479	-0.00123019612946	-0.00063280485295	-0.180274225651	-0.155747712245	-0.0736782732758	8.69738542699e-11	1.4459724673e-05	100.0
0.000611240319947	-0.000770457923303	0.00139617813511	0.0717285298193	-0.0934616460505	0.165403204241	8.67565012296e-11	1.4423588927e-05	100.0
-0.000113243164557	-0.00263333405768	-0.000271082630677	-0.0393753742359	-0.346067863234	-0.0116833217018	8.63556402661e-11	1.4356944311e-05	100.0
0.000631957611286	-0.00025827756662	0.000613361192687	0.0704463849786	-0.0210902619731	0.0667750265579	8.59534717647e-11	1.4290082311e-05	100.0
0.000611681702686	-0.000303610720383	0.00130403809892	0.0708996529852	-0.0319177389947	0.151515162174	8.59534717647e-11	1.4290082311e-05	100.0
8.40635631654e-06	-0.00186885031259	-0.000103528698273	-0.0119655239233	-0.24667324245	-0.0141697421308	8.59534717647e-11	1.4290082311e-05	100.0
-0.000201648697738	-0.00110316506744	0.00117145678411	-0.0290894033293	-0.137675462636	0.136322570176	8.59534717647e-11	1.4290082311e-05	100.0
0.000306801858638	-0.000743286671794	5.49929113463e-05	0.0307049121765	-0.0867686381252	0.00950516112717	8.59534717647e-11	1.4290082311e-05	100.0
-0.000783733651765	-0.00220559061533	0.000499045668322	-0.0979639227467	-0.294787228527	0.0422515721293	8.59265163669e-11	1.4285600877e-05	100.0
-0.000966757709273	-0.00124295850429	-0.00054208374026	-0.120983480756	-0.159220171349	-0.0610619533545	8.59265163669e-11	1.4285600877e-05	100.0
-0.00115569525463	-0.00200431144165	-0.000277710153705	-0.13775862474	-0.266260148921	-0.024019336813	8.59265163669e-11	1.4285600877e-05	100.0
9.8372783096e-05	9.68207020342e-05	0.000686660818829	0.0098500755391	0.0295711422264	0.0700616313271	8.55500460153e-11	1.4223011289e-05	100.0
-0.00114307443127	-0.00102422209817	-0.000845400836043	-0.143283783861	-0.128448211173	-0.0975394967788	8.53985224821e-11	1.4197819942e-05	100.0
0.000362772859942	-0.000933278424196	0.000124794160302	0.0372889319639	-0.11362696537	0.0117533869563	8.51453127279e-11	1.4155722885e-05	100.0
-0.000556336123112	0.000489150362205	0.00100057678602	-0.0646755972336	0.0739184966792	0.106794574655	8.48675112021e-11	1.4109537354e-05	100.0
-0.000597548443362	0.00110628706475	6.37960815227e-05	-0.0451907383044	0.162554766712	-0.00666687366585	8.48675112021e-11	1.4109537354e-05	100.0
-8.31459295363e-05	-0.00208672555257	7.40935571418e-05	-0.0264481292827	-0.278794341983	0.0104761929157	8.47391210328e-11	1.4088192014e-05	100.0
0.000817215241821	0.000275313796034	-9.18283283961e-05	0.0850819903532	0.0575482048352	-0.00421150549939	8.47391210328e-11	1.4088192014e-05	100.0
-0.000180221149525	-0.00255480053728	-0.000117023315446	-0.0496982510277	-0.342306095251	0.00308147137254	8.47391210328e-11	1.4088192014e-05	100.0
-0.00124335689753	-0.00176014174605	-0.000666151391077	-0.153465471157	-0.228141862289	-0.0705166892967	8.47391210328e-11	1.4088192014e-05	100.0
-0.000183017618519	-0.00226306410897	-3.30016123859e-05	-0.0427065122814	-0.305882677995	-0.00757557505709	8.39224127093e-11	1.3952411238e-05	100.0
0.000219279884643	-0.00129191938118	9.85833444553e-05	0.0188139641531	-0.164165601076	0.0152902626474	8.39224127093e-11	1.3952411238e-05	100.0
0.000276133961364	9.93560408745e-05	-7.58263210627e-06	0.0273150536345	0.0368838493349	0.0037377710306	8.39224127093e-11	1.3952411238e-05	100.0
-0.00136995899882	-0.00233935664894	0.000290700747768	-0.157171859286	-0.30907324038	0.025396217503	8.39224127093e-11	1.3952411238e-05	100.0
-0.000698246363142	-0.00243115084398	-0.000817031312666	-0.090378486355	-0.315939403902	-0.077128034802	8.39224127093e-11	1.3952411238e-05	100.0
-0.000741306280103	-0.0011036283977	0.00152983335043	-0.0952983316325	-0.137990569019	0.18344644731	8.3795883267e-11	1.393137525e-05	100.0
-0.00139014977979	-0.00222715156888	0.000613707570237	-0.167083935727	-0.290176376854	0.063824478058	8.3795883267e-11	1.393137525e-05	100.0
-0.00128736184418	-0.00110097476548	0.000671799421207	-0.160304930392	-0.138764314866	0.0759791557156	8.3795883267e-11	1.393137525e-05	100.0
-0.000541977808391	0.00116693331906	-2.00719483175e-05	-0.0343094964845	0.172520106476	0.00870240916414	8.3795883267e-11	1.393137525e-05	100.0
0.000132258905354	-0.00225305244662	0.000397317141761	0.00125501976769	-0.293733702391	0.035619368466	8.30994684355e-11	1.3815593711e-05	100.0
2.31550187345e-05	-0.00217757651727	4.75093810323e-05	-0.0141659428983	-0.28892276503	-0.00172151964666	8.30994684355e-11	1.3815593711e-05	100.0
-0.000349295206599	-0.00181369515876	0.000664002721196	-0.0495699001648	-0.236467603226	0.0697582539935	8.30994684355e-11	1.3815593711e-05	100.0
0.000376995449956	3.01412955773e-05	-9.09869533324e-05	0.0387765799249	0.0254438630121	-0.00280544299316	8.30994684355e-11	1.3815593711e-05	100.0
0.000228293815829	-0.00115005595705	-0.000512626274152	0.0222754299893	-0.14364109315	-0.0565031348307	8.30994684355e-11	1.3815593711e-05	100.0
0.000582105117563	-0.00183926032104	-0.000549147102914	0.0630154829826	-0.235766706828	-0.0598077341514	8.30994684355e-11	1.3815593711e-05	100.0
-0.00144090302009	-0.00149460265693	-0.000136856857268	-0.176059174635	-0.192564157127	-0.00931335783454	8.30994684355e-11	1.3815593711e-05	100.0
