# x[AU] y[AU] z[AU] vx[AU/yr/2pi] vy[AU/yr/2pi] vz[AU/yr/2pi] m[MSUN] m[mtot] wf[%]
0.000405775908966	0.00147050236432	-2.22418131033e-07	0.0556591614236	0.185506151267	-6.82471284408e-05	3.99942555985e-06	0.666136677944	19.6356541285
-0.000816764017977	-0.00295787829954	-6.56744398101e-07	-0.112137052364	-0.373158911464	-0.000157976851715	1.98154299476e-06	0.33004201428	18.8990193135
-0.000643098567519	-0.00167980076277	-8.83518386201e-05	-0.0842680925665	-0.225877490874	-0.00986095994482	1.39445955936e-10	2.3225851925e-05	100.0
-0.000601103017023	-0.0016856108827	-3.68955529759e-05	-0.0800307568025	-0.226324334484	-0.000586604198306	1.3852876835e-10	2.3073086914e-05	100.0
-0.000742669704055	-0.000886465615048	-0.000185188065341	-0.0936653585396	-0.110359564518	-0.0202169612145	1.3852876835e-10	2.3073086914e-05	100.0
-0.000186106871961	-0.000629577237512	9.28231050283e-05	-0.0261737000157	-0.0718025024948	0.0107931169898	1.34893159062e-10	2.2467546779e-05	100.0
-0.000287481982362	-0.000969277503894	-4.05506976999e-05	-0.0400636779706	-0.120981873584	-0.00265269423037	1.31304067952e-10	2.1869754623e-05	100.0
-0.000436168549336	-0.00167973329175	9.98276083484e-05	-0.0617813819019	-0.224963485321	0.0133920050275	1.31304067952e-10	2.1869754623e-05	100.0
-0.000565774753096	-0.000937918012091	2.2040752931e-05	-0.0736722317627	-0.117626432418	0.00309387287616	1.28195396461e-10	2.135198024e-05	100.0
-0.000620664653317	-0.0005594318542	-0.0001245727977	-0.0774819631721	-0.063736896636	-0.0153753812117	1.27311852832e-10	2.1204818902e-05	100.0
-0.00050198745649	-0.0021840004065	6.2641844439e-05	-0.0734887267035	-0.30436335116	0.01248270851	1.27311852832e-10	2.1204818902e-05	100.0
2.66605055683e-05	0.000378925701822	-2.50220201496e-05	0.00507409275715	0.0811427491689	-0.00965094534416	1.26889115752e-10	2.1134408622e-05	100.0
-0.000355344410119	0.000638870956664	2.3932248537e-05	-0.0280110810329	0.112902784176	0.00170826385671	1.26889115752e-10	2.1134408622e-05	100.0
-0.000142281583243	0.000239986532475	-9.7070271061e-05	-0.013051394563	0.0569935567445	-0.00968492781795	1.26889115752e-10	2.1134408622e-05	100.0
-0.000290156269918	-0.0014001240134	-9.79838819591e-05	-0.0424124694456	-0.182968333778	-0.0142574807136	1.26870759931e-10	2.1131351311e-05	100.0
-0.000380909782548	-0.00119693144068	-9.40935968482e-05	-0.0516520579651	-0.153840772731	-0.00806450159216	1.2643011964e-10	2.1057959106e-05	100.0
-0.000424126863251	-0.00142188962393	-3.63527126827e-05	-0.0579131838661	-0.186941147889	-0.00573267306701	1.25550096305e-10	2.0911384102e-05	100.0
-0.000304983450383	-0.000627444668743	0.000238484929164	-0.0400162981261	-0.0721378808553	0.0244810508087	1.24232952974e-10	2.0692003226e-05	100.0
-0.000440725124499	0.000499908443744	0.000162649233463	-0.0445241288693	0.0903656583715	0.0156767152332	1.24232952974e-10	2.0692003226e-05	100.0
-0.000326908222866	-0.000466899505282	-1.99522409813e-05	-0.0422758389275	-0.0489482932688	-0.000905711242862	1.23356651094e-10	2.0546048059e-05	100.0
-0.000523912720537	-0.0010686576801	-1.26798760713e-05	-0.0677142613384	-0.135972753498	0.000423989446886	1.23235603253e-10	2.0525886562e-05	100.0
-5.73302076157e-05	0.000335737494431	-0.000196588382143	-0.0024929645631	0.0722347158475	-0.0160096372195	1.23235603253e-10	2.0525886562e-05	100.0
-0.000343141376604	-0.00185021790674	6.37749593377e-06	-0.0521689076988	-0.24937817797	-0.00258188147646	1.21607617917e-10	2.0254732436e-05	100.0
-7.38405087941e-05	0.000297996243011	-3.51388430089e-05	-0.00646981180191	0.0671856064184	-0.00470905337554	1.21607617917e-10	2.0254732436e-05	100.0
-1.87104649953e-06	0.00037370740936	-0.000198894851242	0.00232898148393	0.0792153902823	-0.0197046886156	1.21607617917e-10	2.0254732436e-05	100.0
-0.00074232348148	-0.000244991341819	-0.000115199349773	-0.0900586886025	-0.0197737263058	-0.013377894256	1.2117100082e-10	2.0182010326e-05	100.0
-0.000619990947839	-0.00138715274395	0.000225029145064	-0.0809609033732	-0.181741488669	0.0216336490006	1.20734635172e-10	2.0109330098e-05	100.0
-0.000539023845103	-0.00101971070214	0.000151342816212	-0.0679424139966	-0.128658646844	0.0156037918281	1.20481827737e-10	2.0067222975e-05	100.0
-0.000341746032358	0.000300459258502	-1.39134378395e-06	-0.0349606194469	0.0633012558053	0.0037032970502	1.20021473796e-10	1.9990547302e-05	100.0
-0.000217980770959	-0.00064453818728	-0.000268168222083	-0.0302034596504	-0.0742695092771	-0.0295566956812	1.19862557645e-10	1.9964078532e-05	100.0
-0.000700200739221	-0.00188395440344	3.4221612187e-05	-0.0904876106727	-0.257186386569	0.00519392206316	1.19862557645e-10	1.9964078532e-05	100.0
-0.000659976689381	-0.00129563461013	-4.45945705229e-05	-0.0837542343827	-0.168393167895	0.00114575978174	1.19560616957e-10	1.9913787868e-05	100.0
-0.00045983288071	-0.00133581685251	-0.000641811067489	-0.0601721742017	-0.171510286153	-0.0713015715497	1.19560616957e-10	1.9913787868e-05	100.0
0.000257109985911	-0.000183302384404	0.000146861169916	0.0267486986576	-0.00576385313948	0.0113579150987	1.18991133887e-10	1.9818935856e-05	100.0
-8.71945598153e-05	7.02106696429e-05	0.000183982513556	-0.0110206502324	0.0312119384794	0.0186320615979	1.18991133887e-10	1.9818935856e-05	100.0
-0.000149475841223	0.000261228452184	0.0001719917523	-0.0147819177559	0.0589723891051	0.0114826608312	1.1863754545e-10	1.9760042842e-05	100.0
-0.000535212590924	-0.000886559829959	9.64486638378e-05	-0.0665033808987	-0.109639217401	0.0102524591789	1.1863754545e-10	1.9760042842e-05	100.0
-0.00028357675371	-0.000866340479337	-0.000192307249096	-0.0395177626359	-0.106086159365	-0.0187368069806	1.18120313608e-10	1.9673893695e-05	100.0
-0.000471754062673	-0.00186863131669	3.2232849123e-05	-0.0671562512504	-0.253403748019	0.00980644143692	1.18120313608e-10	1.9673893695e-05	100.0
-0.000864915532117	-0.00196619317269	-0.00019999512586	-0.107105472025	-0.268325605081	-0.0172761665284	1.18120313608e-10	1.9673893695e-05	100.0
-0.00130982198799	-0.000347054353729	-8.04599458514e-05	-0.161822506061	-0.0368145429867	-0.00908176625169	1.1724904072e-10	1.9528776147e-05	100.0
-0.000456906769683	-0.00170096246076	6.53470139906e-05	-0.0634912540515	-0.227719800607	0.00317551285635	1.16814887828e-10	1.9456464472e-05	100.0
-0.00041101347758	-0.0020174925955	0.000129381344731	-0.0617372318812	-0.274705655384	0.00603776722256	1.16814887828e-10	1.9456464472e-05	100.0
0.000199703426481	0.00049554472392	0.000168615751013	0.0229759901872	0.101914595967	0.015910099191	1.16814887828e-10	1.9456464472e-05	100.0
-5.50125764604e-05	0.000478517885034	0.000537823820543	-0.00359712540652	0.0858436471005	0.0455555668747	1.16785116195e-10	1.9451505765e-05	100.0
-0.000475719072391	-9.53246944443e-05	0.000308803134455	-0.0557063184107	0.00326725270684	0.0329240461752	1.16785116195e-10	1.9451505765e-05	100.0
-0.00049193244675	-4.78897068359e-05	-0.00025240538671	-0.0582635613339	0.0098147388915	-0.0238863349106	1.16785116195e-10	1.9451505765e-05	100.0
7.42481253177e-05	-9.80081701256e-05	-0.000187677099504	0.00563426042051	0.00626084839883	-0.0145113712453	1.16379880008e-10	1.93840104e-05	100.0
-0.000384241111241	-0.00222068010624	3.23832746638e-05	-0.064556802289	-0.307088908646	-0.00310751352247	1.15944872188e-10	1.9311556329e-05	100.0
0.00010212339418	0.00028158181339	-7.13028692393e-05	0.0128070170749	0.0662222753669	-0.00418021494935	1.15944872188e-10	1.9311556329e-05	100.0
-0.000594952910316	0.000232391211187	-3.68322393121e-05	-0.0662696966639	0.0493227764148	-0.001163876305	1.15855506998e-10	1.9296671834e-05	100.0
-0.000550800607191	-0.00109951844408	-0.000167299066069	-0.0713708154589	-0.140222664757	-0.0157881485248	1.15509914658e-10	1.9239110634e-05	100.0
-0.00108510529034	-0.000640932421099	-0.000447137149613	-0.133941036292	-0.0762121922741	-0.0499319651122	1.14923333015e-10	1.9141410717e-05	100.0
-0.000836539223883	-0.000580131875306	-0.000444748619086	-0.104500665737	-0.0674974719725	-0.0472739994804	1.14923333015e-10	1.9141410717e-05	100.0
-0.000211569581866	-0.00151079378578	0.000393021368298	-0.0336784307733	-0.196985679226	0.0406150486109	1.14639949308e-10	1.9094210868e-05	100.0
-0.000293567327847	-0.000447667366037	2.32750166631e-06	-0.0389599455689	-0.0462134247127	-0.00307689658189	1.13769883378e-10	1.894929435e-05	100.0
0.000442279461582	-0.000223765160288	0.000403911913026	0.0476862219623	-0.0132614159574	0.0457559258772	1.13769883378e-10	1.894929435e-05	100.0
-0.000270170476243	-0.0015075058057	-1.74376151518e-05	-0.0410036333614	-0.198276424972	-0.0015065791537	1.13769883378e-10	1.894929435e-05	100.0
-0.000389478790683	-0.00205308805054	-0.000499811647887	-0.0580682643563	-0.273642982269	-0.0461421544497	1.13769883378e-10	1.894929435e-05	100.0
-0.000504061296068	0.000493234537796	0.000311431477554	-0.051542775445	0.0857545399111	0.0267540156248	1.13519992758e-10	1.8907673046e-05	100.0
-0.000361970499979	-0.00101996847459	-0.000506881258311	-0.0477026254773	-0.127651755655	-0.0550244146678	1.13519992758e-10	1.8907673046e-05	100.0
-0.000851742808262	-0.00117771381642	-0.00123846538165	-0.108934209257	-0.148729479449	-0.147141246771	1.13519992758e-10	1.8907673046e-05	100.0
-0.000450777337521	-8.22293958292e-05	0.00114715513962	-0.0564879273796	-0.0013759076342	0.130711441325	1.13050787792e-10	1.8829523163e-05	100.0
-0.00057744134423	-0.00219827465058	5.65955903622e-06	-0.0820316473266	-0.308473987724	-0.00229245740078	1.12464055279e-10	1.8731798117e-05	100.0
-0.000908785111137	-0.00171325141756	0.000437614639397	-0.113621964126	-0.227368184961	0.0460598285841	1.12109963942e-10	1.8672821341e-05	100.0
-0.000268139204731	-0.00154175304321	0.000137201721709	-0.0408087479683	-0.202771191489	0.0105345400284	1.12028544559e-10	1.8659260284e-05	100.0
0.000137538508748	-0.00184837236844	0.00072307759458	0.0081887893816	-0.238792606976	0.0786052134317	1.12028544559e-10	1.8659260284e-05	100.0
-0.000474459049657	-0.00148875113007	-0.000133509989765	-0.0625643710288	-0.195878928803	-0.0104947775001	1.11165921538e-10	1.8515583442e-05	100.0
-0.000925237821049	-0.00169472855284	-0.000401143812597	-0.114431320584	-0.223832392966	-0.0399257953856	1.11165921538e-10	1.8515583442e-05	100.0
6.86531192319e-05	-0.00105309152565	-0.000116720111919	0.000957681088149	-0.131893565635	-0.0152210592214	1.11156969932e-10	1.851409248e-05	100.0
-0.000119303714495	-0.00119629920889	-3.02411279234e-06	-0.0214012259234	-0.15293663084	-0.000506957120924	1.11156969932e-10	1.851409248e-05	100.0
4.25677823241e-05	-0.0010372492249	-4.78687275681e-05	-0.000847057272959	-0.129807804388	-0.00525347383281	1.11156969932e-10	1.851409248e-05	100.0
0.000355488270636	-0.000686314027864	0.000168929028319	0.0368647963686	-0.0793222986261	0.0159401168487	1.10284640955e-10	1.8368799032e-05	100.0
-0.000190327621582	-0.00109296776829	-0.000285874955599	-0.0295694895953	-0.138157028977	-0.029225786662	1.10284640955e-10	1.8368799032e-05	100.0
-0.000550023236948	0.000114002697099	0.000321276542641	-0.0625060535301	0.0311514348418	0.0287985711673	1.10218358839e-10	1.835775921e-05	100.0
-0.00121375324128	-0.00101038811718	-9.90341075623e-05	-0.149490019083	-0.127274198209	-0.00912228420005	1.10218358839e-10	1.835775921e-05	100.0
-0.000691448241248	0.000458271365329	-0.000212821917084	-0.0753697971961	0.0773617742744	-0.01474063245	1.10218358839e-10	1.835775921e-05	100.0
0.000121251283993	-0.000595086038741	4.45844171404e-05	0.00889447665122	-0.0662148436944	0.00525561702885	1.09848074147e-10	1.8296085299e-05	100.0
-0.000154310975524	0.000358351677789	0.000394555592742	-0.0153350725367	0.0708863801463	0.0339386201196	1.09848074147e-10	1.8296085299e-05	100.0
0.000237429787395	-0.00139098942556	-0.00032748363526	0.0212351812554	-0.177654287851	-0.0326709025445	1.09848074147e-10	1.8296085299e-05	100.0
0.000231836337909	-0.000420242396712	0.000414475667988	0.0235773773428	-0.04185433268	0.0412804214059	1.0941125589e-10	1.8223329685e-05	100.0
-0.000903719602006	-0.000626958119258	0.000156801420216	-0.110864646939	-0.0739202470832	0.0172726431993	1.09267024396e-10	1.8199306763e-05	100.0
-0.000447682947943	0.00061852845332	3.92527811748e-05	-0.0391580724827	0.107189959483	0.00210487844025	1.09267024396e-10	1.8199306763e-05	100.0
-0.000119851815865	-0.000433921668646	-0.000392232692253	-0.0167467677123	-0.0438845810344	-0.0404932386591	1.09267024396e-10	1.8199306763e-05	100.0
-0.000396769515504	-0.00214924498113	-0.000304270092562	-0.0587402942248	-0.290618730083	-0.0208563304791	1.09267024396e-10	1.8199306763e-05	100.0
-0.000902048911984	-0.000752583000167	0.000213764482899	-0.11106785447	-0.0914271858293	0.0260654650498	1.08789923911e-10	1.8119841818e-05	100.0
-0.000369111544981	-0.00210251079235	-0.000293358902735	-0.0585657167321	-0.285168179682	-0.0239460976689	1.08536714157e-10	1.8077667685e-05	100.0
0.000534359301078	-1.55231844747e-05	-0.000233317887759	0.0585407383884	0.0181765541738	-0.0198868371968	1.08536714157e-10	1.8077667685e-05	100.0
-9.79099515418e-05	-0.0016851068036	-0.000183916414741	-0.0217751499777	-0.221067720586	-0.0125962167949	1.08536714157e-10	1.8077667685e-05	100.0
-0.000629087420059	0.000437706107765	7.74363797679e-05	-0.0667464127449	0.0776492179131	0.0053814758386	1.08311767339e-10	1.8040200973e-05	100.0
-0.000528499665951	-8.54635049762e-05	0.000327544158541	-0.0633363161222	0.00345615437073	0.0331503219039	1.07832604968e-10	1.7960392604e-05	100.0
-0.000574255178747	1.4360852842e-05	-0.000166022059925	-0.0658725076178	0.0182219268559	-0.0149995277057	1.07832604968e-10	1.7960392604e-05	100.0
-0.000235528446576	-0.00189618611544	2.87259037979e-05	-0.0413851424337	-0.255082128226	0.0050936854764	1.07660814596e-10	1.7931779528e-05	100.0
-9.18727767494e-05	-0.00104297023146	-8.22225010653e-05	-0.0175314202193	-0.130917180285	-0.00766174820013	1.07660814596e-10	1.7931779528e-05	100.0
-0.000830066001668	-0.00122647740968	5.09590508035e-05	-0.101582671275	-0.157850487253	0.00610017689569	1.07352336218e-10	1.7880399959e-05	100.0
0.000120545937757	0.000419640343123	-0.000371133400931	0.0134988357986	0.08277819337	-0.0279912363246	1.07222286482e-10	1.7858739124e-05	100.0
-6.51978243471e-06	-0.000692988153808	-0.00117417474325	-0.00435441861201	-0.0826318051232	-0.137102309691	1.07222286482e-10	1.7858739124e-05	100.0
-0.00132316247259	-0.000545714594466	0.000421540081981	-0.163673257711	-0.0637249991239	0.0480495676446	1.06870910801e-10	1.7800214662e-05	100.0
-0.000140940630073	-0.00173638488211	6.03134210967e-05	-0.0280113192002	-0.230529667546	0.0104262671432	1.06783356048e-10	1.7785631709e-05	100.0
0.000315578356945	-0.00150916087177	0.000508403809714	0.0309288890779	-0.193292705715	0.0547564709524	1.06343922714e-10	1.7712440533e-05	100.0
0.000216748131516	1.66520364678e-05	-0.000232607515991	0.0210374293125	0.0230189455934	-0.0196024552623	1.06343922714e-10	1.7712440533e-05	100.0
-0.00020553539618	-0.00246279849323	-0.000499717190199	-0.0428382138945	-0.32480377533	-0.0393867897509	1.06343922714e-10	1.7712440533e-05	100.0
-0.00031124079107	0.000339416344681	-0.000913673218011	-0.0360375517381	0.0579108587901	-0.0964672504954	1.05904589961e-10	1.7639266109e-05	100.0
0.000110208483241	-0.000468237484038	0.000419885766349	0.00967900211312	-0.0485016441398	0.0429728659474	1.05904087062e-10	1.7639182348e-05	100.0
-0.000379836082714	-0.0022687798555	1.25718629664e-05	-0.066263822925	-0.314779670989	0.0005083204787	1.05904087062e-10	1.7639182348e-05	100.0
0.000318818025396	0.000101342372235	3.89674182782e-06	0.0315390272142	0.0371775078273	0.000103121317458	1.05904087062e-10	1.7639182348e-05	100.0
-0.000151441151194	-8.16669173955e-05	-0.000297226557203	-0.0183578227588	0.00709614856511	-0.0285674447262	1.05904087062e-10	1.7639182348e-05	100.0
0.000293957090727	-0.000593420769177	-0.000627141408918	0.030665590047	-0.0671363698073	-0.0686032508314	1.05904087062e-10	1.7639182348e-05	100.0
1.36393398619e-05	0.000574791206677	-0.00056121310863	0.0041393490984	0.100025841058	-0.0455796003978	1.05904087062e-10	1.7639182348e-05	100.0
0.000486678791431	-0.000477329259881	0.00015940597571	0.0526321437385	-0.0496387827886	0.0130076547596	1.0546369822e-10	1.7565832024e-05	100.0
4.87368786052e-05	-0.00114608917311	-2.44487789357e-05	-0.00156010848378	-0.14473316024	0.000289317801998	1.0546369822e-10	1.7565832024e-05	100.0
-0.00130357084828	-0.0015362493846	0.000518529836902	-0.161750248246	-0.199460240081	0.0567852166981	1.05419593959e-10	1.7558486102e-05	100.0
-7.75417382796e-05	-0.00152468360106	-3.92983294708e-05	-0.0190519999017	-0.199394749778	-0.0108528346419	1.05022806479e-10	1.7492397938e-05	100.0
-2.43591668066e-06	-0.00187680194535	0.000899522979307	-0.00839415057853	-0.242293083103	0.0995726858098	1.05022806479e-10	1.7492397938e-05	100.0
-0.000121383267543	-0.0015683316659	-4.30955305375e-05	-0.0245548563701	-0.206107494255	-0.00794158459046	1.05022806479e-10	1.7492397938e-05	100.0
0.00026094655499	-0.000861054523619	0.000120923799726	0.0254275078388	-0.104073721082	0.0117723483536	1.05022806479e-10	1.7492397938e-05	100.0
5.51090211139e-06	0.000241400716862	0.000445392612904	-1.87348330964e-05	0.0537275782784	0.0400345029854	1.05022806479e-10	1.7492397938e-05	100.0
-0.000164330852237	-0.000906774264869	0.000989510921695	-0.0243395744624	-0.111750619964	0.114645068531	1.05022806479e-10	1.7492397938e-05	100.0
0.000484236460051	-0.000380522123381	-7.20963732875e-05	0.0527262385082	-0.0350941543726	-0.00662277593169	1.05022806479e-10	1.7492397938e-05	100.0
-0.000565629719855	-0.0015669795262	0.000100259867783	-0.0743191055051	-0.208378435608	0.00746004862614	1.05022806479e-10	1.7492397938e-05	100.0
-0.000418695604395	0.000726995891192	0.000684450215306	-0.0423391356066	0.110494189306	0.0616632359363	1.04445779921e-10	1.7396289497e-05	100.0
-0.00058924898393	0.000773974431977	0.000352404710597	-0.0572284353075	0.119060208496	0.0246911019569	1.04445779921e-10	1.7396289497e-05	100.0
-0.000895544402759	-0.000232232257247	0.000379351340747	-0.108628323384	-0.019779393528	0.03942465237	1.04445779921e-10	1.7396289497e-05	100.0
-0.000886639002744	-0.000984852363611	-0.000249504426616	-0.108714444402	-0.123389520138	-0.0283569795249	1.04445779921e-10	1.7396289497e-05	100.0
-0.000831106470889	-0.000318112713378	-0.00013091096068	-0.0999162581775	-0.0302724772546	-0.0135913847441	1.04445779921e-10	1.7396289497e-05	100.0
-0.000178034892211	-0.00184511521466	0.000851369743527	-0.0287412096147	-0.239178701962	0.0935056328025	1.03466534572e-10	1.7233188263e-05	100.0
-0.00123816730327	-0.00192671418317	0.00149223334955	-0.156909303277	-0.245892407324	0.178139852253	1.03466534572e-10	1.7233188263e-05	100.0
-0.000917033847595	-0.00030295670806	0.000463432401314	-0.111458846034	-0.0289566984218	0.0514392912857	1.03466534572e-10	1.7233188263e-05	100.0
-0.000780696418295	0.000188645323239	9.15042996732e-05	-0.0895992286087	0.0403663707983	0.00598716087287	1.03466534572e-10	1.7233188263e-05	100.0
-0.00106173504955	-0.00215328895427	-0.000253893173133	-0.124758876078	-0.292715525716	-0.0197270261696	1.03466534572e-10	1.7233188263e-05	100.0
-0.00120501876047	-0.00151828931172	-0.000542933115418	-0.149121724479	-0.196671167994	-0.0600941925979	1.03466534572e-10	1.7233188263e-05	100.0
-0.000109774111417	-0.001525188167	0.000580939602304	-0.0203225964219	-0.196862890048	0.0617015177878	1.03253405885e-10	1.7197689956e-05	100.0
-0.00090462230563	-0.00189990995955	-0.000656018503898	-0.113646007385	-0.251378779182	-0.0703917416756	1.03253405885e-10	1.7197689956e-05	100.0
-0.000481095383906	-0.00218707522393	-0.000636388471283	-0.0677013174475	-0.28973678234	-0.0595882259993	1.03253405885e-10	1.7197689956e-05	100.0
-0.000696509227253	-0.00214811685906	0.000219895538232	-0.090553214117	-0.296687256689	0.0122036454315	1.02481505881e-10	1.7069123767e-05	100.0
7.25976258564e-05	-0.000924158370123	0.000416495397932	0.00286273435763	-0.11342750376	0.0447583460817	1.02364782974e-10	1.7049682623e-05	100.0
0.000286466471792	0.000315168933203	0.000686912219734	0.0308461328693	0.0607199758775	0.0656867782989	1.02364782974e-10	1.7049682623e-05	100.0
-0.000109444248647	-0.00224033878552	-0.000288724791208	-0.0309790357952	-0.297963815115	-0.0200359797174	1.02364782974e-10	1.7049682623e-05	100.0
-0.000625767527098	-0.00188957034179	-0.000814465006687	-0.0823211947148	-0.246813744119	-0.0859477587252	1.02364782974e-10	1.7049682623e-05	100.0
-0.000170446930947	-0.00238981696877	0.000143907260914	-0.0443412829919	-0.322212681267	0.00263436647638	1.0191936514e-10	1.6975494679e-05	100.0
-0.000110528283054	-0.000929891782878	0.000719193554337	-0.0172337781322	-0.114243583249	0.081741737948	1.0191936514e-10	1.6975494679e-05	100.0
0.000536067384019	-7.22488249159e-05	-0.000438761451984	0.0584428369676	0.00755122850694	-0.0438973455785	1.0191936514e-10	1.6975494679e-05	100.0
1.57259073026e-05	-0.00129476125124	-0.000511231048204	-0.00501485597079	-0.164830931854	-0.0542017688763	1.0191936514e-10	1.6975494679e-05	100.0
-0.000143114326045	0.00085020126874	0.000632610698863	-0.00802296342736	0.13095359974	0.0464553933364	1.01490392111e-10	1.6904045751e-05	100.0
-0.000524737736404	0.000573996989624	0.00030685315138	-0.0524269267674	0.0950236937621	0.0220242448489	1.01490392111e-10	1.6904045751e-05	100.0
-0.000231465331558	-0.00202556378799	-0.000185054274399	-0.0428284141022	-0.273674340585	-0.0252371437187	1.01473142667e-10	1.6901172717e-05	100.0
-3.9925211493e-05	-0.00132466064746	5.50249712044e-05	-0.0132368018935	-0.170679974756	0.00223231831683	1.01473142667e-10	1.6901172717e-05	100.0
0.000257468911534	-0.00135164538749	0.000705636773278	0.0251005420748	-0.171483104533	0.0778302108613	1.00578283806e-10	1.6752126735e-05	100.0
-0.00178931077359	-0.00228399808461	5.64021130148e-05	-0.212187846856	-0.292927604324	0.00162024432143	1.00578283806e-10	1.6752126735e-05	100.0
-0.000403262827029	-0.0010078751786	0.00110893954676	-0.0536997830516	-0.125771517087	0.128925384202	1.0049274065e-10	1.6737878831e-05	100.0
-0.000663266504702	-0.000897768975932	0.00110344462523	-0.0853534962616	-0.111418695356	0.130022352973	1.0049274065e-10	1.6737878831e-05	100.0
-0.000498973986085	0.00044278004348	-0.000195066855313	-0.0508707236265	0.0793427004872	-0.0130588137594	1.0049274065e-10	1.6737878831e-05	100.0
-0.000683929654288	-0.00219645205665	-0.00083344404908	-0.088881869855	-0.286924380302	-0.0835520287022	1.00129546838e-10	1.6677385964e-05	100.0
-0.000591954470425	-0.00103767536626	0.000469676508096	-0.0753247408428	-0.130809126566	0.0520548760436	9.96799046503e-11	1.660249442e-05	100.0
-0.00066012882682	-7.36236941372e-05	-0.000858589006307	-0.0815053635345	0.00109149709739	-0.0965709443649	9.92293069546e-11	1.6527443729e-05	100.0
-0.000695867368452	-1.33741115501e-05	-0.000217173089389	-0.0810179676735	0.0132302500387	-0.0223097535185	9.84760645119e-11	1.6401985107e-05	100.0
-0.000841190716226	0.000297104222333	-0.000263540500226	-0.0962806559072	0.0532436891275	-0.0221341120729	9.84760645119e-11	1.6401985107e-05	100.0
-0.00124162580678	-0.00206119861003	0.000288834199483	-0.147382918026	-0.274028472461	0.0225100547326	9.78712779172e-11	1.6301253008e-05	100.0
-3.87881776221e-05	-0.00211708932726	-8.13115057593e-05	-0.0215763374583	-0.282623392818	-0.00125814899445	9.78712779172e-11	1.6301253008e-05	100.0
0.000104095940926	-0.000267019486488	-0.000685715164327	0.00990151885187	-0.0212170811944	-0.0749258188338	9.78712779172e-11	1.6301253008e-05	100.0
-0.000140017409446	-0.000723364320385	-0.000561412539483	-0.0204128867996	-0.0853043212099	-0.0609303477768	9.78712779172e-11	1.6301253008e-05	100.0
-0.000449914998008	-0.00139339689271	-0.00119327656386	-0.06019403177	-0.177559696759	-0.139160778655	9.78712779172e-11	1.6301253008e-05	100.0
0.000380208201453	0.000303494100929	0.000258886037607	0.0384423896917	0.0667910920267	0.0187099867155	9.69603765709e-11	1.6149535021e-05	100.0
-0.00139001203885	-0.00249061727073	0.00051976395033	-0.161538686534	-0.323712269237	0.0455006501937	9.69603765709e-11	1.6149535021e-05	100.0
-0.000462777325272	0.00094555101191	5.98396759166e-05	-0.0305772833873	0.150389904133	-0.00211072209328	9.69429762581e-11	1.6146636858e-05	100.0
-0.000381245382499	-0.000853091950526	0.00053105411878	-0.0498393390492	-0.104140597422	0.0587868052009	9.69429762581e-11	1.6146636858e-05	100.0
-0.000425541768697	-3.23478398593e-05	0.000175960005185	-0.0500059195744	0.0129617941588	0.0177754986193	9.69429762581e-11	1.6146636858e-05	100.0
-0.000500124082789	-0.000842809990343	-0.000662325956442	-0.0640887881004	-0.103309915325	-0.0726613520953	9.69429762581e-11	1.6146636858e-05	100.0
-0.00017014543828	0.000382403205001	0.000350569879482	-0.0153252913748	0.0741064902766	0.0277554132415	9.64276051437e-11	1.606079763e-05	100.0
-0.000750590519869	0.000166217310338	-0.000184335230555	-0.0860459574313	0.0373489731291	-0.0155421870498	9.64276051437e-11	1.606079763e-05	100.0
0.00021680796071	5.41171647933e-05	0.000929580082653	0.0233237433812	0.021006089158	0.100778675695	9.60445468124e-11	1.5996996166e-05	100.0
-0.0016519741052	-0.00263119881412	6.24047290501e-05	-0.186630868792	-0.335308190929	0.001743382148	9.55846957711e-11	1.5920404256e-05	100.0
-7.76556392457e-05	-0.00159370754994	-1.21776421086e-05	-0.0200473538288	-0.209091964284	0.0035876294768	9.55846957711e-11	1.5920404256e-05	100.0
0.000475472901828	0.000386849628368	-4.05717018123e-05	0.0484093882892	0.0829918746879	0.000751934205313	9.55846957711e-11	1.5920404256e-05	100.0
-0.000784819874645	0.000824661281359	0.000278199804832	-0.0812164816298	0.123804744558	0.020683809956	9.53901240652e-11	1.5887996764e-05	100.0
-0.000732667965441	1.57242917643e-05	6.11813372007e-05	-0.085363024519	0.0168235007084	0.000663441538914	9.53901240652e-11	1.5887996764e-05	100.0
-0.000770239331555	-0.00158721044724	-1.88434953346e-06	-0.0965137371512	-0.21125638399	-0.00502014497229	9.53901240652e-11	1.5887996764e-05	100.0
-0.00110280608827	-0.000929644544466	-0.00113772985747	-0.13947395137	-0.115859749666	-0.133593888121	9.53901240652e-11	1.5887996764e-05	100.0
-0.000649447041267	0.000358497367817	-0.000517705184028	-0.0733549985822	0.0616325486331	-0.0495406926071	9.53901240652e-11	1.5887996764e-05	100.0
-0.000174776229526	0.000544672468289	-0.000837251851406	-0.0183629131822	0.0865296356667	-0.0811438267706	9.53901240652e-11	1.5887996764e-05	100.0
0.000506644696882	-0.00112565348245	0.000450144456267	0.0555810344991	-0.140242378583	0.0472527615181	9.5123486902e-11	1.5843586188e-05	100.0
-0.0012693587467	-0.0012349253967	0.000931232384713	-0.159674681236	-0.156746960016	0.108420758262	9.5123486902e-11	1.5843586188e-05	100.0
0.000640374780608	0.000138612548554	-0.000769401161403	0.0713049589113	0.0329384215296	-0.0806328291012	9.5123486902e-11	1.5843586188e-05	100.0
-0.00155989915818	-0.0025653046791	-0.000128516536666	-0.173019670222	-0.328499512279	-0.0114610135724	9.5123486902e-11	1.5843586188e-05	100.0
-0.000101954438674	-0.00011210561755	-0.000928641486606	-0.0148125111377	-0.0030240331504	-0.101911208293	9.5123486902e-11	1.5843586188e-05	100.0
0.000290877756905	0.000530527726555	0.000362842175788	0.0309863525588	0.100954165238	0.0232511390466	9.46608196251e-11	1.576652521e-05	100.0
-0.000550254136692	-0.00131126516141	0.00115744447625	-0.0722872008685	-0.166225075708	0.134306111805	9.46608196251e-11	1.576652521e-05	100.0
-0.000251146202972	-0.000358707664574	0.000743113872208	-0.0332840304206	-0.0358213048275	0.0809005001034	9.43428867421e-11	1.5713570917e-05	100.0
-0.00115036504654	-0.00139743154392	3.21487707084e-05	-0.140974512241	-0.181823516376	0.00277863599664	9.43428867421e-11	1.5713570917e-05	100.0
0.000222147257227	-0.00120813500944	-0.000220815056146	0.019557552039	-0.153000382711	-0.0216133257151	9.41966436506e-11	1.5689212947e-05	100.0
0.000388751107866	-0.00117862702928	-0.000229161927597	0.0401659956404	-0.148171324209	-0.0211865782283	9.37309589785e-11	1.5611649398e-05	100.0
-0.000132656315201	0.000662684318227	-0.00036384591714	-0.00706614632879	0.115966915541	-0.0229511021984	9.37309589785e-11	1.5611649398e-05	100.0
-0.00108919707311	-0.00117615925352	0.000100971962818	-0.133946022634	-0.150622443231	0.0100007587807	9.32852394052e-11	1.5537411198e-05	100.0
0.000297662105661	-0.000904405105814	0.000134519803991	0.0295399252029	-0.109579403978	0.009165116202	9.23239978476e-11	1.5377308641e-05	100.0
0.000369844022967	-0.00149948806731	2.94074192174e-05	0.0358775956099	-0.193454099186	0.00229996811583	9.23239978476e-11	1.5377308641e-05	100.0
0.000333948537096	-0.000816642178785	0.000103947466119	0.0336467621994	-0.0978150070898	0.0138077626196	9.23239978476e-11	1.5377308641e-05	100.0
0.000381987689434	0.000128053607865	-0.00043573458842	0.0413189947648	0.0375384244414	-0.0388216106284	9.23239978476e-11	1.5377308641e-05	100.0
-0.00168894008911	-0.00262161816672	5.40354871395e-05	-0.191998434156	-0.334073618142	0.00465005970112	9.13771392075e-11	1.5219601675e-05	100.0
0.000305241448834	-0.00110714459487	-0.000741089843868	0.0318459919492	-0.138056677441	-0.0823397805199	9.13771392075e-11	1.5219601675e-05	100.0
8.55272715991e-05	-0.00120615911955	-0.00154935775286	0.00619231992996	-0.151567602318	-0.184750547235	9.13771392075e-11	1.5219601675e-05	100.0
-0.0011183674623	-0.00153012954141	-0.000578413286794	-0.139281182951	-0.198535621955	-0.0619877363824	9.11355464251e-11	1.5179362443e-05	100.0
-0.000395376728246	-0.00212394531007	0.00077803905848	-0.0569478798251	-0.277607372871	0.0782696407811	9.0900843362e-11	1.514027075e-05	100.0
-0.000124134740435	-0.00207663705818	-2.27739283611e-05	-0.0323821909222	-0.279689419283	-0.0014546539086	9.0900843362e-11	1.514027075e-05	100.0
-0.000944322037867	-0.00149379674587	0.000754811901277	-0.119635354339	-0.193245271482	0.0830814992737	9.05902528074e-11	1.508853938e-05	100.0
-2.27015719516e-05	-0.000682661416985	-0.000712872811565	-0.00612599849075	-0.0800810174598	-0.0786244451539	9.05902528074e-11	1.508853938e-05	100.0
-0.000928774791244	-0.00199460778094	-0.00076114350149	-0.116346439178	-0.261265320109	-0.0788114703793	9.05902528074e-11	1.508853938e-05	100.0
-0.000314802192696	-0.000402129471519	-0.000909659669976	-0.0405478922522	-0.0430336261684	-0.101206191974	9.05902528074e-11	1.508853938e-05	100.0
-0.00147980660382	-0.00182806148945	0.000934707767201	-0.184149747876	-0.234863777106	0.105246672079	9.04224856297e-11	1.50605964e-05	100.0
-0.000448856537762	-0.00106904410766	0.00010991287636	-0.0583718585511	-0.135470089711	0.011351200422	9.04224856297e-11	1.50605964e-05	100.0
-0.000700033256623	0.000680462499992	6.05558009898e-05	-0.0705020851016	0.109406743139	0.00374614973512	9.00416400549e-11	1.4997163489e-05	100.0
-0.00114701899276	-0.00200778991442	-0.000559402126617	-0.139379181448	-0.265210646945	-0.0570785228355	9.00416400549e-11	1.4997163489e-05	100.0
0.000218278340388	-0.00164626853937	5.72687662673e-05	0.0163481586849	-0.214254750848	0.00162648379377	8.99420660106e-11	1.4980578626e-05	100.0
1.06746936379e-05	-0.00115407226949	0.00185511275944	-0.00276919821789	-0.14502150676	0.224469235622	8.99420660106e-11	1.4980578626e-05	100.0
0.000597476437277	-0.000299944410753	-0.000181193582169	0.0652820485084	-0.0245577367694	-0.0158065483309	8.99420660106e-11	1.4980578626e-05	100.0
-9.50840611731e-06	-0.00230319373376	-4.50065845382e-05	-0.0220577382454	-0.30674808721	0.0060203480802	8.99420660106e-11	1.4980578626e-05	100.0
-0.00161518387588	-0.00199615967769	-0.00113900326791	-0.20263324765	-0.255833751523	-0.132046559582	8.99420660106e-11	1.4980578626e-05	100.0
-0.00205548023459	-0.00251708815171	-0.000280200208732	-0.248800896359	-0.318656329639	-0.0283689166837	8.99420660106e-11	1.4980578626e-05	100.0
