# x[AU] y[AU] z[AU] vx[AU/yr/2pi] vy[AU/yr/2pi] vz[AU/yr/2pi] m[MSUN] m[mtot] wf[%]
-3.96133278462e-08	3.4978069435e-05	2.7078582422e-08	5.87103228873e-05	0.0043094649372	3.61796836431e-06	8.58149623686e-10	0.908238882527	9.86589670186
-1.58060578431e-06	-0.000355801813579	2.67659298477e-07	-0.000798495135501	-0.0438168451585	3.57776475086e-05	7.98775124694e-11	0.0845398758691	16.3331820272
1.62113408517e-05	-0.000332853278419	-2.80064527723e-06	0.00108476072189	-0.0420461547712	-0.000436558203429	3.04837131061e-13	0.00032263014237	6.3608985153
1.85504046589e-05	-0.00032319944243	3.70539548502e-06	0.00155507202904	-0.0405894823977	0.00032918085997	1.71302106645e-13	0.00018130082403	0.0
2.03418064586e-05	-0.000305978212864	8.760964819e-07	0.00199842255387	-0.0382099042268	2.84797503123e-05	1.14201018874e-13	0.00012086680796	0.0
2.15748938919e-05	-0.000197252895552	-2.30528538238e-05	0.00212054152328	-0.0241609120115	-0.00261993903388	7.64859364235e-14	8.0950337223e-05	25.351563242
2.87970464689e-05	-0.000247731392155	-9.32539811544e-06	0.0029886882517	-0.0306086721541	-0.00104228220004	7.64777643113e-14	8.0941688114e-05	25.355159938
1.12702078319e-05	-0.000191987688465	-1.87852915282e-05	0.00091941028338	-0.0234584203669	-0.00217081457288	7.6475979019e-14	8.0939798616e-05	25.354864093
2.34282507726e-05	-0.000200942570421	-2.45738546919e-05	0.00230917980725	-0.0245302037825	-0.00287784088276	7.64680935594e-14	8.0931452891e-05	25.360188264
2.18910622335e-05	-0.000314625435434	8.62442338158e-07	0.00214812998924	-0.0394189257311	7.68179007738e-05	5.71143140203e-14	6.044801432e-05	0.0
2.50730326978e-05	-0.0002978714608	-2.24817003868e-06	0.00246226913303	-0.0371153297416	-7.74439075778e-05	1.33588130573e-13	0.000141385524249	14.5150474527
1.83061762463e-05	-0.000317925027926	2.24835284156e-06	0.00161870946513	-0.0399500341101	0.000106422587881	5.7101087771e-14	6.0434016069e-05	0.0
2.79785569201e-05	-0.00025017828586	-2.5966375738e-06	0.00292786414449	-0.030863921779	-0.000265580299414	5.70988750145e-14	6.0431674156e-05	0.0
2.84377602388e-05	-0.000238662060054	-8.24833665898e-06	0.00299034178324	-0.0294707463413	-0.000962398324944	5.70966622579e-14	6.0429332244e-05	0.0
2.20515998815e-05	-0.00025935393531	4.1253999025e-06	0.00218929190008	-0.0321139362562	0.000478076535534	5.70944495014e-14	6.0426990331e-05	0.0
1.70260866313e-05	-0.000309513346643	5.0847532001e-06	0.00148971042152	-0.0387344811959	0.000384769493416	5.70900239883e-14	6.0422306506e-05	0.0
1.84356718015e-05	-0.000294677825877	4.14285355068e-06	0.0018344687786	-0.036760451686	0.000354512633432	1.1417119695e-13	0.00012083524536	0.0
2.10257504146e-05	-0.000297492706887	1.98649907943e-06	0.00214702046065	-0.037058420076	0.000193426914235	5.70878112318e-14	6.0419964593e-05	0.0
3.1373188041e-05	-0.000281225951286	-1.58160604829e-06	0.00326123321853	-0.0349435821078	-6.85945965153e-05	5.70855984752e-14	6.041762268e-05	0.0
1.67176346414e-05	-0.000185333661143	-2.48264660722e-05	0.00153052536602	-0.0226562946674	-0.00289397289874	5.70855984752e-14	6.041762268e-05	0.0
1.2670135958e-05	-0.000195454039013	-2.3429364626e-05	0.00106714062391	-0.0239088378632	-0.00265047524795	5.70855984752e-14	6.041762268e-05	0.0
2.3260565178e-05	-0.000287793836467	-1.97089521255e-05	0.00233018470827	-0.0357003005363	-0.0021135367077	5.70855984752e-14	6.041762268e-05	0.0
4.98810011284e-05	-0.000165484048424	-9.55041851408e-06	0.00553463065378	-0.0201523957629	-0.00117193742903	5.70844920969e-14	6.0416451724e-05	0.0
1.86340886315e-05	-0.000237351530064	1.20837311824e-05	0.00177915177721	-0.0292972382958	0.00141456006433	5.70833857187e-14	6.0415280767e-05	0.0
2.03641307028e-05	-0.000300391086977	6.00348627943e-06	0.00187819393662	-0.0374861435743	0.000595034634948	5.70811729621e-14	6.0412938855e-05	0.0
2.19466434464e-05	-0.000319274798883	1.64150921949e-06	0.00208915577742	-0.0400122900271	0.000202880910437	5.70811729621e-14	6.0412938855e-05	0.0
1.95742013974e-05	-0.000199587078929	-2.1425467896e-05	0.00190154681484	-0.0244421170919	-0.00259251072797	5.70789602056e-14	6.0410596942e-05	0.0
3.08720450839e-05	-0.000246088994942	-3.76801484622e-05	0.00327477374628	-0.03034904599	-0.00440825119559	5.70789602056e-14	6.0410596942e-05	0.0
3.30367315295e-05	-0.000233752604381	-1.30635285927e-05	0.00349984483891	-0.0288588947299	-0.00151368869099	5.7076747449e-14	6.0408255029e-05	0.0
2.62222146976e-05	-0.000244524361028	-2.05858234111e-06	0.00271808137281	-0.0302160361278	-0.000257000283774	5.7076747449e-14	6.0408255029e-05	0.0
-4.59434960895e-05	-0.000120941086249	-4.5970506736e-05	-0.00602809669292	-0.0142379137042	-0.00536944597886	1.9407579697e-14	2.0540378985e-05	100.0
-4.51526663274e-05	-8.13706839345e-05	-5.58416442561e-05	-0.00585549739322	-0.00913511947636	-0.00639512084375	1.94014242106e-14	2.053386421e-05	100.0
-2.8499222754e-05	-5.5845399589e-05	-1.76266029086e-05	-0.0038171670388	-0.0053949284802	-0.0016924129821	1.93967673639e-14	2.0528935548e-05	100.0
1.62561706635e-05	-0.000289370076743	-1.32803031922e-06	0.00167797343522	-0.0359354119346	-0.000230394438508	1.93964354504e-14	2.0528584261e-05	100.0
-4.22471906881e-05	-0.000182631938925	-3.13301589098e-05	-0.0056195926378	-0.0221300025059	-0.00370040318772	1.93954547969e-14	2.0527546368e-05	100.0
-7.94641799136e-06	-0.000112921950179	-0.000107711405868	-0.00146470766766	-0.0135197596693	-0.0127905412249	1.93954547969e-14	2.0527546368e-05	100.0
4.96668956746e-07	-5.19719485092e-05	-5.45777786869e-05	-0.000584856578713	-0.00530796972965	-0.00588447790231	1.93948010279e-14	2.0526854439e-05	100.0
-2.23108403895e-05	-0.000104657858081	-5.88153356163e-05	-0.00321144473604	-0.0121788801196	-0.00684297095416	1.93948010279e-14	2.0526854439e-05	100.0
-5.8835075313e-06	1.67787407679e-08	5.06059317842e-05	-0.00143883128352	0.0011404764677	0.0039862294697	1.93941522879e-14	2.0526167833e-05	100.0
-5.18429056811e-05	-0.000145407456177	-1.73637554181e-05	-0.00678253892405	-0.0173476134839	-0.00205142048385	1.93941522879e-14	2.0526167833e-05	100.0
-5.11412981435e-05	-0.000130560767026	-2.29726623649e-05	-0.00666413351923	-0.015429032846	-0.00269308286176	1.93941522879e-14	2.0526167833e-05	100.0
-2.47928663493e-05	-3.59156107507e-05	4.59453375067e-05	-0.00339482005226	-0.00302595984103	0.00461293603849	1.9393503548e-14	2.0525481226e-05	100.0
-6.32599870414e-06	-0.000257809827369	-2.48916443635e-05	-0.00115270457204	-0.0317304752753	-0.00297407690801	1.93931816925e-14	2.0525140585e-05	100.0
-1.65413219501e-05	-8.01339391791e-05	7.28273778966e-06	-0.00252315688155	-0.00869952628036	0.000869955743742	1.93931816925e-14	2.0525140585e-05	100.0
-1.67106653283e-05	-0.000230535977027	5.35866591094e-05	-0.00245953798489	-0.0282070880294	0.0063858467743	1.9392854808e-14	2.052479462e-05	100.0
-2.79006014743e-05	-0.000122400202498	9.058543233e-06	-0.00383527281119	-0.0143167233685	0.000967696378158	1.9392854808e-14	2.052479462e-05	100.0
-3.54119523962e-05	-3.86188375701e-05	-5.83308887203e-05	-0.00457724892735	-0.00365745855819	-0.00614251932047	1.93925329525e-14	2.0524453978e-05	100.0
-8.53052060186e-05	-0.00012626950953	-3.13996247047e-05	-0.0108110444464	-0.0149316109239	-0.00375897128747	1.9392211097e-14	2.0524113337e-05	100.0
-5.91828405075e-05	-0.000139505619761	1.4432928408e-06	-0.00765908671934	-0.0165960031744	0.000251884871411	1.9392211097e-14	2.0524113337e-05	100.0
-6.00444917603e-05	-0.00010770704739	-3.46677866505e-05	-0.00768030262558	-0.0124881486282	-0.00408362711399	1.9392211097e-14	2.0524113337e-05	100.0
3.76130321673e-05	-0.000137670110896	2.35279305336e-05	0.00398256975875	-0.0165789204611	0.00280054415	1.93917534587e-14	2.0523628986e-05	100.0
-3.1067600505e-05	-3.62171123315e-05	2.13185400232e-05	-0.00387381644697	-0.00260186719708	0.00196266956265	1.9391572415e-14	2.0523437375e-05	100.0
-2.28353394184e-05	-0.000113293569525	-8.37244985199e-05	-0.00325982522579	-0.0134197861382	-0.00980325471943	1.9391572415e-14	2.0523437375e-05	100.0
-4.43699419166e-05	-4.10726130422e-05	-6.11298207288e-05	-0.00562369455379	-0.00403402378029	-0.00656537354524	1.9391572415e-14	2.0523437375e-05	100.0
2.22887938993e-05	-0.00028836907047	5.31334893358e-06	0.00218208032285	-0.0358716823455	0.000342146192799	1.93914064582e-14	2.0523261732e-05	100.0
9.93255345044e-06	-0.000155949944473	-2.02331644751e-05	0.00066431880624	-0.0188849678412	-0.00227149006878	1.93914064582e-14	2.0523261732e-05	100.0
-1.2191829362e-05	-3.44680331637e-05	-9.71597305295e-05	-0.00198867061477	-0.0037189677089	-0.0108734209911	1.93912505595e-14	2.0523096734e-05	100.0
3.43606141909e-05	-0.000303542434819	-7.09099325369e-06	0.00349197201291	-0.037826666781	-0.00076323154977	1.93910594578e-14	2.0522894477e-05	100.0
3.43517002552e-05	-0.000120141471873	4.56784712451e-06	0.00353047363145	-0.0142989997217	0.000534316692958	1.93910594578e-14	2.0522894477e-05	100.0
-2.27569060299e-05	-0.000166155158016	7.78469369551e-05	-0.0032445151934	-0.020078609181	0.00928972380857	1.9390928704e-14	2.0522756092e-05	100.0
1.99281972621e-05	-0.000277907467516	1.48636761446e-05	0.00192846785129	-0.0344889689498	0.00154885984387	1.93903805438e-14	2.0522175936e-05	100.0
3.24005454691e-05	-0.000206859369884	2.78435241525e-05	0.00342123536248	-0.0254480286701	0.00326086214186	1.93903805438e-14	2.0522175936e-05	100.0
1.08610524835e-05	-0.000180966665143	-1.50082995306e-05	0.000814091652269	-0.0221086325911	-0.00171410530074	1.93903805438e-14	2.0522175936e-05	100.0
4.16256580429e-05	-0.000263729774404	-1.83443029199e-05	0.0045445773582	-0.0326422663024	-0.00206938015252	1.93903805438e-14	2.0522175936e-05	100.0
6.53959993449e-05	-0.000224094397916	-3.09863591227e-05	0.00749014670623	-0.0275989260958	-0.00358380424607	1.93903805438e-14	2.0522175936e-05	100.0
-4.47270896397e-06	-3.71769088007e-05	-7.62673890384e-05	-0.00113400996097	-0.00382472392266	-0.0082283647883	1.9390290022e-14	2.052208013e-05	100.0
3.08857756877e-05	-0.000310425740237	2.4492488614e-06	0.00302476877944	-0.0387657622975	0.000226743767876	1.93897167169e-14	2.0521473362e-05	100.0
4.13749975297e-06	-0.000340736850486	-5.39218114745e-05	4.0724490823e-05	-0.0419593826552	-0.00602038678769	3.87756466027e-14	4.103893886e-05	100.0
2.21610168005e-05	-0.000314483255596	6.72416504388e-06	0.00194129895173	-0.0393753004022	0.000548032321545	1.93893848034e-14	2.0521122075e-05	100.0
1.25813210067e-05	-0.000167528889634	-2.12594830589e-05	0.00101723308613	-0.0203656297012	-0.00242111472989	1.93893848034e-14	2.0521122075e-05	100.0
2.62149346033e-05	-0.000283997848968	-1.72828967732e-05	0.00265703229152	-0.0352442568676	-0.00183791320529	1.93893848034e-14	2.0521122075e-05	100.0
-6.12228817653e-05	-0.000137537895825	-2.84951601681e-05	-0.00787129510144	-0.0163249137428	-0.00341279914914	1.93893395425e-14	2.0521074173e-05	100.0
2.53097351606e-05	-0.000322181463008	3.21386184048e-06	0.00214094112094	-0.0403776872428	0.000369745022641	1.93890579189e-14	2.0520776111e-05	100.0
5.3710103299e-05	-0.000160042278015	6.33073523579e-06	0.00596989111982	-0.0195176484747	0.000762314123162	1.93890579189e-14	2.0520776111e-05	100.0
-1.80827416015e-05	-1.26430928138e-05	5.77433610511e-05	-0.00258535729969	-0.000553460038069	0.00530340255541	1.9389022716e-14	2.0520738853e-05	100.0
3.38184556921e-05	-0.000307473997015	2.07693077987e-06	0.00336996727611	-0.0383791782342	0.000197851793339	1.93887360634e-14	2.0520435469e-05	100.0
4.97591111215e-05	-0.000198639252604	5.57980254067e-06	0.00553457478298	-0.0244093579551	0.000647474578671	1.93887360634e-14	2.0520435469e-05	100.0
-1.44380768375e-05	-5.79610437537e-06	7.10052184319e-05	-0.00228363812669	-7.35600250603e-05	0.00701850481081	1.93887360634e-14	2.0520435469e-05	100.0
8.27157479588e-07	-0.000353206092064	6.16949630681e-05	-0.000359339155034	-0.0433921118879	0.00702873127796	1.93887360634e-14	2.0520435469e-05	100.0
6.47167951348e-05	-0.000117713523024	-1.97445650889e-05	0.00719130480738	-0.0141568321714	-0.00231620794926	1.93887360634e-14	2.0520435469e-05	100.0
2.14350140827e-05	-0.000294944095224	-1.90598448611e-05	0.00210500954559	-0.0366050918126	-0.00194788767747	1.93887360634e-14	2.0520435469e-05	100.0
5.04109439487e-06	-0.000315261126935	-7.41912074822e-05	0.000154312338121	-0.0388625361231	-0.0086867057822	1.93887360634e-14	2.0520435469e-05	100.0
-7.85683797838e-05	-6.6488273925e-05	9.22781731278e-06	-0.00969653242767	-0.00709723391344	0.00104406886393	1.93887058895e-14	2.0520403534e-05	100.0
-6.75503491374e-05	-0.000157322181311	-9.31845679338e-05	-0.0087011080608	-0.0190529810356	-0.011086952579	1.93887058895e-14	2.0520403534e-05	100.0
1.99899661099e-05	-0.000301117400931	1.21306988917e-05	0.00186495328532	-0.0374981594748	0.00107399901635	1.93884142079e-14	2.0520094827e-05	100.0
1.93929321669e-05	-0.000330122224119	6.30387289303e-07	0.00124773355412	-0.0415498950114	-0.000134382376165	1.93884142079e-14	2.0520094827e-05	100.0
2.64661458955e-05	-0.000253330448733	1.52886628473e-05	0.002705720224	-0.0313669227247	0.0017663277927	1.93884142079e-14	2.0520094827e-05	100.0
4.1793856741e-06	-0.000342181664595	4.28783478266e-05	4.0122672673e-05	-0.0421818008022	0.00451140006631	1.93884142079e-14	2.0520094827e-05	100.0
3.24368149165e-05	-0.000230746134591	-3.08170935116e-05	0.00344957291796	-0.0284539853787	-0.00357842906477	1.93884142079e-14	2.0520094827e-05	100.0
1.38649009086e-05	-4.45480294079e-05	-1.2649761271e-05	0.000757106974474	-0.00388469275623	-0.001177941006	1.93884142079e-14	2.0520094827e-05	100.0
-6.14789906846e-05	-8.41756243928e-05	-1.37600716332e-05	-0.00777390942894	-0.00936425694691	-0.00155873386096	1.93883890629e-14	2.0520068215e-05	100.0
-5.93364615369e-05	-0.000107175535307	-3.89792075035e-05	-0.00759305232904	-0.0124182119199	-0.00456434074532	1.93883890629e-14	2.0520068215e-05	100.0
1.17519709463e-05	-0.000328031157665	-5.5698440147e-05	0.000944891318156	-0.0404528317057	-0.00629867909546	1.93880923524e-14	2.0519754185e-05	100.0
-2.12725394921e-05	-7.9351889171e-05	8.71101738883e-05	-0.00308136541446	-0.00917568399212	0.00999355098824	1.93880722364e-14	2.0519732895e-05	100.0
3.73846808429e-05	-0.000294875330615	-4.25998068821e-06	0.00388219410502	-0.036727066695	-0.000411125003153	1.93877755259e-14	2.0519418866e-05	100.0
2.871067689e-05	-0.000215312510608	-1.58940028449e-05	0.00295570381517	-0.0265204915257	-0.0018529506111	1.93877755259e-14	2.0519418866e-05	100.0
2.41698217741e-05	-0.000329203577702	-6.01363278468e-06	0.00198165816128	-0.0411978904296	-0.000220300970903	1.93877755259e-14	2.0519418866e-05	100.0
3.4226757412e-05	-0.000268184275333	-0.000102504071176	0.00372118750705	-0.0330297453415	-0.0123025773884	1.93877755259e-14	2.0519418866e-05	100.0
9.48311458019e-06	-0.000316657911221	-7.24169885862e-05	0.000685498670251	-0.0390161942978	-0.00849162540338	1.93877755259e-14	2.0519418866e-05	100.0
-1.82083389901e-05	-1.01301030604e-05	4.68814007926e-05	-0.00254674337947	0.000110224562655	0.0038265301431	1.93877554099e-14	2.0519397576e-05	100.0
-2.29022859013e-05	-7.34389045218e-05	7.96122504035e-05	-0.00326798437437	-0.00838854151414	0.00903483580284	1.93877554099e-14	2.0519397576e-05	100.0
1.94334691577e-06	-0.000202724276222	-2.62331414962e-05	-0.0002021785129	-0.024749865589	-0.00308681796918	1.93877554099e-14	2.0519397576e-05	100.0
4.80013983922e-05	-0.00021894445876	2.35110999277e-05	0.0053354149045	-0.0269822914521	0.0027068945915	1.93874637284e-14	2.0519088869e-05	100.0
8.75182467621e-06	-0.000304570107942	-6.1995869992e-05	0.00059741747804	-0.0375914812604	-0.00719046082789	1.93871519309e-14	2.0518758872e-05	100.0
-3.06338579898e-05	-0.000150377365899	6.80175643703e-05	-0.00421069182891	-0.0180758433091	0.00803243074921	1.93871267859e-14	2.051873226e-05	100.0
-3.94785904971e-05	-1.94109281891e-05	6.08441033553e-06	-0.00445888904546	-8.70924619182e-05	0.000446144965323	1.93871267859e-14	2.051873226e-05	100.0
1.82706826709e-05	-0.000324606525894	-2.15419244861e-06	0.00126933042917	-0.040768083067	-0.000534719080822	1.93865383938e-14	2.0518109524e-05	100.0
-5.66376251056e-06	-2.73999256582e-05	7.67837814018e-05	-0.00129262871475	-0.00272945082033	0.00813047243252	1.93865383938e-14	2.0518109524e-05	100.0
3.51597161436e-05	-0.000257877303464	-1.91783257039e-05	0.00375492703574	-0.03193296792	-0.0021818291039	1.93865383938e-14	2.0518109524e-05	100.0
3.09126887579e-05	-0.000296218558076	-3.75915476984e-06	0.00310823858842	-0.036869899403	-0.000187047631296	1.93865383938e-14	2.0518109524e-05	100.0
1.00590523806e-05	-0.000370691698776	-5.6788392944e-05	0.000716400550138	-0.0455212331071	-0.00639780003361	1.93865383938e-14	2.0518109524e-05	100.0
5.64852793971e-06	-0.000371863197475	-4.41429895934e-05	0.000183682555523	-0.0455450282487	-0.00472920380696	1.93865383938e-14	2.0518109524e-05	100.0
6.02070003734e-07	-2.47807714966e-05	6.29074535678e-05	-0.000648053869802	-0.00213393070643	0.00631698216143	1.93865031909e-14	2.0518072266e-05	100.0
-1.79051657518e-05	-0.000238765310789	-1.80731437028e-05	-0.0025788232998	-0.0292472096352	-0.00208226802743	1.93865031909e-14	2.0518072266e-05	100.0
-2.01576623116e-05	-0.000148580707279	-4.7707405687e-05	-0.00291857449774	-0.0177510825079	-0.005633057411	1.93865031909e-14	2.0518072266e-05	100.0
-2.11074397077e-05	-6.81378518244e-05	-0.000109785770634	-0.00304225544201	-0.00796831075885	-0.0127148048659	1.93865031909e-14	2.0518072266e-05	100.0
3.24003075567e-05	-0.000315146018104	-2.39690154741e-06	0.00312035994571	-0.0393877613459	-0.00027534108764	1.93859298858e-14	2.0517465498e-05	100.0
1.91214680163e-05	-0.000131597365784	2.52638843422e-05	0.00169723802593	-0.0157937473014	0.00299798671504	1.93859298858e-14	2.0517465498e-05	100.0
2.32666895084e-05	-0.000126154218257	5.37497018084e-05	0.00228114438681	-0.0150603633564	0.00624448590964	1.93859298858e-14	2.0517465498e-05	100.0
1.2641636791e-05	-0.000362069284633	9.6438730294e-05	0.00109016832945	-0.0445081441502	0.0115012402403	1.93859298858e-14	2.0517465498e-05	100.0
3.72392122103e-05	-0.00029884679247	-3.06477844133e-06	0.00382236426859	-0.0372227312497	-0.000287338367456	1.93859298858e-14	2.0517465498e-05	100.0
0.000117841006792	-9.44958738134e-05	-8.81980101741e-05	0.0138053655476	-0.0115451423657	-0.0105621056284	3.87689429561e-14	4.1031843929e-05	100.0
1.7315997251e-05	-0.000286133565316	-2.97860400128e-05	0.0016071333694	-0.035480032356	-0.00329303093666	1.93859298858e-14	2.0517465498e-05	100.0
3.29952192107e-05	-0.000141968665895	-0.000139691370487	0.00353618801458	-0.0173599558371	-0.0167529087679	1.93859298858e-14	2.0517465498e-05	100.0
1.495162826e-05	-0.000305318261445	-8.43318275786e-05	0.00134930929744	-0.0376467325329	-0.00997322477746	1.93859298858e-14	2.0517465498e-05	100.0
-1.97938680099e-08	-0.000102795734164	-0.000160988076343	-0.000480736790201	-0.0124280256839	-0.0193523215437	1.93858745669e-14	2.051740695e-05	100.0
1.71320934623e-05	-0.000235657112117	1.50227843624e-05	0.00158856637151	-0.0290909958866	0.00158656056486	1.93856281463e-14	2.0517146146e-05	100.0
9.53221654645e-05	-2.13964399461e-07	7.64225495223e-05	0.010607401863	-3.46867589923e-05	0.00885432449379	1.93856281463e-14	2.0517146146e-05	100.0
5.3560486269e-06	-0.000342289795352	4.67157394474e-05	0.000172312896391	-0.0422068762826	0.00500605942278	1.93856281463e-14	2.0517146146e-05	100.0
3.43932807013e-05	-0.000291858990303	-5.02357100281e-06	0.00355099751551	-0.0363439708231	-0.000430635255038	1.93856281463e-14	2.0517146146e-05	100.0
1.36738765367e-05	-0.000186268542598	-9.56244183828e-06	0.00112638132646	-0.0228019637543	-0.00106540593018	1.93856281463e-14	2.0517146146e-05	100.0
7.86029860985e-06	-0.000407182443319	3.11868091736e-05	0.000465877106779	-0.0496734816286	0.0035518546697	1.93856281463e-14	2.0517146146e-05	100.0
3.83485390892e-05	-0.000221790769018	-2.58708601746e-05	0.00414253982685	-0.0273232950514	-0.00295275574966	1.93856281463e-14	2.0517146146e-05	100.0
1.09583510121e-05	-0.000390293599119	-6.05791798426e-07	0.000674269311562	-0.0471372505035	-6.54838822642e-05	1.93856281463e-14	2.0517146146e-05	100.0
1.54263294564e-05	-0.000221373378565	0.000185564658087	0.00144104545829	-0.0272193328251	0.0225259906285	1.93855677984e-14	2.0517082276e-05	100.0
5.3846964503e-05	-9.88119831775e-05	2.91070900964e-05	0.00576999899101	-0.0117171016111	0.00348066448738	1.93853314357e-14	2.0516832117e-05	100.0
1.94323618598e-05	-0.00031460524758	-9.00812271387e-06	0.00173940130484	-0.0392636047006	-0.000595457400699	1.93853314357e-14	2.0516832117e-05	100.0
9.36218479746e-06	-0.000395589175949	-1.20588294002e-05	0.000585709632037	-0.0479810242723	-0.00118660993482	1.93853314357e-14	2.0516832117e-05	100.0
-3.51378306229e-05	-0.000103153091256	-9.72713645048e-05	-0.00474747839331	-0.0122111151794	-0.0114470873397	1.93852560008e-14	2.0516752279e-05	100.0
-3.85677527421e-05	-9.78729311018e-05	-5.7177158928e-05	-0.00513622189051	-0.011285057672	-0.00659412946761	1.93849442033e-14	2.0516422282e-05	100.0
3.56038257168e-05	-0.000221995515789	3.18478804411e-05	0.00384231226608	-0.0273187567566	0.00365062199047	1.93847380147e-14	2.0516204059e-05	100.0
2.46332855679e-05	-0.000276856515351	3.66574629113e-05	0.00251238959608	-0.0342495374052	0.00415115974745	1.93847380147e-14	2.0516204059e-05	100.0
3.66904064457e-05	-0.000272793035249	5.20910543227e-06	0.00389327780291	-0.0338827371112	0.000504573592642	1.93847380147e-14	2.0516204059e-05	100.0
4.97788962086e-05	-0.000141037191969	4.90491404989e-05	0.00544921622429	-0.0171435656696	0.00579294947667	1.93847380147e-14	2.0516204059e-05	100.0
-2.12493361585e-07	-3.38737370391e-05	9.75163815483e-05	-0.000632727459141	-0.00378899216013	0.0109299353571	1.93847380147e-14	2.0516204059e-05	100.0
9.36770332654e-06	-4.61730148195e-05	8.41252179133e-05	0.000466009015248	-0.00515210136436	0.00934426842718	1.93847380147e-14	2.0516204059e-05	100.0
7.52042263259e-06	-0.00035116628783	6.85250974431e-05	0.000432033122437	-0.0432012695668	0.00788938950065	1.93847380147e-14	2.0516204059e-05	100.0
2.33669977169e-05	-6.03598965644e-05	0.000116011254878	0.00225307134605	-0.0071556629019	0.0135194325873	1.93847380147e-14	2.0516204059e-05	100.0
1.83800821919e-05	-6.02958567805e-05	-6.6339422305e-05	0.00145070128576	-0.00684292258894	-0.00736177761259	1.93847380147e-14	2.0516204059e-05	100.0
-1.59619959003e-05	-2.73778327775e-05	4.96623993031e-06	-0.00252602245665	-0.00103535606208	0.000822929978176	1.93847380147e-14	2.0516204059e-05	100.0
6.86516129805e-06	-0.00044842855393	3.43124028021e-05	0.00037484686541	-0.05494493577	0.00413435304993	1.93847380147e-14	2.0516204059e-05	100.0
0.000103333788728	-7.04994292743e-05	-7.49300726778e-05	0.0119238485219	-0.0084644769968	-0.00879760388876	1.93847380147e-14	2.0516204059e-05	100.0
8.16202008014e-06	-0.000402198229617	-5.77494936811e-05	0.000536644856189	-0.0492409950558	-0.00679706893336	1.93847380147e-14	2.0516204059e-05	100.0
1.5612837589e-05	-0.00035374457182	-6.51732768587e-05	0.00138636155302	-0.0435514563536	-0.00746457012873	1.93847380147e-14	2.0516204059e-05	100.0
1.11714504289e-05	-0.000379279389844	-4.2543983728e-05	0.0008061715324	-0.0463699228115	-0.004616410616	1.93847380147e-14	2.0516204059e-05	100.0
-2.54133795081e-05	-3.95980881251e-05	4.60838722292e-05	-0.00346961239912	-0.00354813280914	0.0045948831818	1.93846324058e-14	2.0516092285e-05	100.0
-4.21392439364e-05	-0.000140715203702	-3.46152048353e-05	-0.00555464283843	-0.0167108038225	-0.00414079190687	1.93846324058e-14	2.0516092285e-05	100.0
4.91875713182e-06	-0.000146310409731	-1.7963655579e-05	0.000137660912527	-0.0174752787971	-0.00218799531905	1.93846324058e-14	2.0516092285e-05	100.0
-2.02447124984e-05	-0.000201266531449	-2.19904199766e-05	-0.00290245010991	-0.0244803068988	-0.0025908634925	1.93846324058e-14	2.0516092285e-05	100.0
-3.96320249015e-05	-0.00012105633067	-4.18684837157e-05	-0.00525282456581	-0.0141890538144	-0.00488480150966	1.93846324058e-14	2.0516092285e-05	100.0
5.86817523754e-05	-0.000236473787364	-0.00013369064259	0.00673846137127	-0.0290990245422	-0.0161524957942	1.93844463331e-14	2.0515895352e-05	100.0
4.93226148145e-06	-0.00040188809559	-8.94641879017e-05	0.00015480992175	-0.0493380086058	-0.0107059528264	1.93844463331e-14	2.0515895352e-05	100.0
6.08775191885e-05	-3.44859411966e-05	-6.85841902695e-05	0.00648044383289	-0.00369146486912	-0.00768635422301	1.93843206083e-14	2.0515762289e-05	100.0
-4.11573232011e-05	-0.000107447561678	-6.23417066611e-05	-0.0054545911585	-0.0125536582632	-0.00722459885968	1.93840138398e-14	2.0515437614e-05	100.0
-2.87894173035e-05	-0.000111387660827	-6.07454300845e-05	-0.00396294218001	-0.0130234373741	-0.00709387161905	1.93840138398e-14	2.0515437614e-05	100.0
-2.54860101394e-05	-0.000175561146299	-0.000200401065862	-0.00357892495668	-0.0214943949252	-0.0243470002056	1.93840138398e-14	2.0515437614e-05	100.0
7.33246868199e-05	-0.000140394540001	7.92924775232e-05	0.00840275521101	-0.0171462576568	0.00941391253258	1.93830130704e-14	2.0514378431e-05	100.0
4.03135443244e-05	-0.000245997562939	0.000103453702754	0.0044705082094	-0.0302784748006	0.0123944577457	1.93830130704e-14	2.0514378431e-05	100.0
3.3280734584e-05	-0.000302955293314	5.99761319958e-07	0.00333001931889	-0.0378123941525	-9.02674177562e-05	1.93830130704e-14	2.0514378431e-05	100.0
9.00369020226e-05	-9.14896585691e-05	5.20237423065e-05	0.0102585248998	-0.0110442971756	0.00608524010318	1.93830130704e-14	2.0514378431e-05	100.0
1.92688335543e-05	-9.92133805485e-05	0.000140542430849	0.00184336622553	-0.0120553509648	0.016723393765	1.93830130704e-14	2.0514378431e-05	100.0
1.78982408691e-05	-0.000363204937268	0.000107185177957	0.00173710905609	-0.0447022923883	0.0128126581239	1.93830130704e-14	2.0514378431e-05	100.0
3.2071228135e-05	-0.000322204697939	-1.82806850255e-06	0.00298959842634	-0.0402776668227	-0.000126480460574	3.87646381389e-14	4.1027287844e-05	100.0
3.40615356894e-05	-6.95627590106e-05	-4.48981591247e-05	0.0032355735687	-0.00795336575304	-0.00496350147162	1.93830130704e-14	2.0514378431e-05	100.0
1.06930050944e-05	-0.000454596105444	5.1783762465e-05	0.000855988086558	-0.0557562397963	0.00624074528582	1.93830130704e-14	2.0514378431e-05	100.0
-1.65465631129e-05	2.18335871588e-07	-4.83121423238e-05	-0.00234350335277	0.00107239998572	-0.00357206325656	1.93830130704e-14	2.0514378431e-05	100.0
-8.81868644939e-06	-2.14138106158e-05	-6.16449545528e-05	-0.00167106834547	-0.00170646994869	-0.00602902864366	1.93830130704e-14	2.0514378431e-05	100.0
3.6784230711e-05	-0.000491014731876	-1.60698099642e-06	0.00404237250213	-0.0602788877686	-0.000183556232753	1.93830130704e-14	2.0514378431e-05	100.0
-3.29992668077e-05	-3.93659984326e-05	5.23124930795e-05	-0.00429651838709	-0.00366614571169	0.00534142338853	1.93827817367e-14	2.0514133595e-05	100.0
-1.94259632614e-05	9.60634157876e-05	0.000142144347948	-0.00275455081572	0.011269130175	0.0166859044578	1.93827817367e-14	2.0514133595e-05	100.0
-4.84249375362e-05	-0.000127878006027	-3.40123190236e-05	-0.00630471133169	-0.0150639672506	-0.00401186821394	1.93827817367e-14	2.0514133595e-05	100.0
1.52885599768e-06	-3.19883206994e-05	-9.42846436116e-05	-0.000427338864729	-0.00343691843479	-0.0104936973995	1.93827817367e-14	2.0514133595e-05	100.0
-1.65846606412e-05	-3.66254159245e-06	-0.000129611212782	-0.00247403147057	-0.000373928304203	-0.0148789568349	1.93827817367e-14	2.0514133595e-05	100.0
2.20800658796e-05	-0.000333069135362	7.35369474881e-06	0.00167091037246	-0.0417112649411	0.000270076087039	1.93824548522e-14	2.051378763e-05	100.0
2.70528625632e-05	-0.000284584891996	4.90427144856e-05	0.00278363036266	-0.0351989083053	0.0056368277882	1.93824548522e-14	2.051378763e-05	100.0
3.61332532395e-05	-0.000319190859138	-2.92406266629e-06	0.00351186693187	-0.039858670196	-0.000220598477375	1.93824548522e-14	2.051378763e-05	100.0
4.09636716634e-06	-0.000416132600616	0.000174078833911	5.22811647606e-05	-0.051186472593	0.0212418331053	1.93824548522e-14	2.051378763e-05	100.0
0.000103155187756	-0.000167194974828	-9.49559570436e-05	0.0121633481035	-0.0205387025087	-0.0114095140632	1.93824548522e-14	2.051378763e-05	100.0
5.12323948238e-05	-0.000111519571735	-0.000153012272661	0.00575338600785	-0.0136721913973	-0.01834675266	1.93824548522e-14	2.051378763e-05	100.0
6.85099170934e-06	-0.000430864637033	-0.000116805045007	0.000391203354533	-0.0529460764409	-0.014172072948	1.93824548522e-14	2.051378763e-05	100.0
1.16142959574e-05	-0.000420550837245	-2.2898084262e-05	0.000928826829071	-0.0513561141036	-0.00265073775635	1.93824548522e-14	2.051378763e-05	100.0
-1.21187793985e-05	-0.000107541004553	0.000121737352362	-0.00196433441953	-0.012873674979	0.0144415868592	1.93821681997e-14	2.0513484246e-05	100.0
-8.6191611496e-06	4.7840827675e-05	9.44447184969e-05	-0.00153591546343	0.00542977364	0.0100278601556	1.93821681997e-14	2.0513484246e-05	100.0
-8.74165331486e-07	-0.00036619782621	0.000107882752131	-0.000552505857888	-0.0449848609631	0.0129810426571	1.93821681997e-14	2.0513484246e-05	100.0
-5.96667211039e-05	-5.72380001843e-05	-1.44694837405e-06	-0.00734419825833	-0.00569210431133	-0.000171575555519	1.93821681997e-14	2.0513484246e-05	100.0
8.75647270493e-05	-0.000140835756722	-2.71671477086e-05	0.0100634746803	-0.01721576308	-0.00323710788756	1.93819016631e-14	2.0513202152e-05	100.0
1.60075725784e-05	-0.000391656994988	1.43170904217e-05	0.0012823026454	-0.0475388471939	0.00134719084186	1.93819016631e-14	2.0513202152e-05	100.0
1.90310416965e-05	-0.000332644039291	-6.21123373429e-06	0.00130559274263	-0.0417363509131	-7.34923151102e-05	1.93819016631e-14	2.0513202152e-05	100.0
2.97467478733e-05	-0.000281421770424	3.92019783467e-05	0.00309539942923	-0.0348495646231	0.0044597947549	1.93816250685e-14	2.0512909413e-05	100.0
3.87252801239e-05	-0.000301128547072	5.25667203872e-05	0.00418061948787	-0.0372207458584	0.00603552363562	1.93816250685e-14	2.0512909413e-05	100.0
3.18675366307e-05	-0.000297265705253	0.000219468644122	0.00348716573969	-0.036615530935	0.0267422635666	1.93816250685e-14	2.0512909413e-05	100.0
3.26416730168e-05	-0.000309763567998	-0.00011044283516	0.00351996130691	-0.0382106106088	-0.0132294945485	1.93816250685e-14	2.0512909413e-05	100.0
2.14092504834e-05	-0.000417554817757	-4.2225294702e-05	0.00209915250231	-0.051089746441	-0.00491461044187	1.93816250685e-14	2.0512909413e-05	100.0
-2.43696809583e-05	-0.000115782977705	6.23909105205e-05	-0.00345856632914	-0.0136545596245	0.00722093416885	1.93815546626e-14	2.0512834898e-05	100.0
-3.5045752218e-05	-2.95090568224e-05	6.3229908521e-06	-0.00418475036693	-0.00148043373959	0.000548825117095	1.93815546626e-14	2.0512834898e-05	100.0
6.49001253218e-05	-0.000257193347184	4.98021358709e-05	0.00740715769523	-0.0318303863207	0.00592055070511	1.93813535029e-14	2.0512621997e-05	100.0
5.40025309438e-05	-0.000218531632135	5.11618927996e-05	0.00608437259945	-0.0269565875155	0.00606929667014	1.93813535029e-14	2.0512621997e-05	100.0
1.10347849456e-05	-0.000348635135567	4.59401080413e-05	0.00078809864386	-0.0429583057529	0.00488267681501	1.93813535029e-14	2.0512621997e-05	100.0
5.57709872076e-05	-0.000241920322246	2.50143069904e-05	0.0062756325102	-0.0299367501854	0.00299621113168	1.93813535029e-14	2.0512621997e-05	100.0
0.000177562055587	-5.64704953444e-05	-2.17572871951e-05	0.0211100303707	-0.00700202282837	-0.00269933240576	1.93813535029e-14	2.0512621997e-05	100.0
2.8784838856e-05	-0.000159762449948	0.000214083408388	0.00308542603452	-0.0196632340152	0.0259843477836	1.93813535029e-14	2.0512621997e-05	100.0
1.77929422594e-05	-0.000370674989674	2.89435548858e-05	0.00140780632076	-0.0452375539216	0.00274258990832	1.93813535029e-14	2.0512621997e-05	100.0
2.6370305032e-05	-0.000363915705713	0.000102544044412	0.00273770088061	-0.0447245407426	0.0122585232118	1.93813535029e-14	2.0512621997e-05	100.0
-1.67232822867e-06	2.10236060312e-05	-0.000108456056374	-0.000763202526072	0.00243580216018	-0.011981045568	1.93813535029e-14	2.0512621997e-05	100.0
-3.16154348599e-05	-3.36322108935e-05	-0.000108519845316	-0.00427957474609	-0.00375264589676	-0.0123707192752	1.93813535029e-14	2.0512621997e-05	100.0
2.60218471599e-05	-0.000332590292263	-7.27831756833e-05	0.00265356170688	-0.0410223298028	-0.00847233286643	1.93813535029e-14	2.0512621997e-05	100.0
2.03420131922e-05	-0.000410281898417	-4.29597840613e-05	0.00195162992482	-0.0502085345732	-0.00493880353501	1.93813535029e-14	2.0512621997e-05	100.0
-4.33025702304e-05	-0.000204489996702	-0.000104587909318	-0.005764854921	-0.0249346241752	-0.01260411995	1.93812478941e-14	2.0512510223e-05	100.0
-3.84485534044e-05	-0.000114012520534	-5.24528399588e-05	-0.00510090019227	-0.013333614046	-0.0060996645453	1.93812478941e-14	2.0512510223e-05	100.0
7.98459823533e-05	-0.00023884909027	2.39499622891e-06	0.0092169451742	-0.0295630863321	0.000327792820965	1.93810819374e-14	2.051233458e-05	100.0
0.000200463111257	-3.18274122948e-05	-9.28717869645e-05	0.0240587094487	-0.00404451776727	-0.0113017673577	1.93810819374e-14	2.051233458e-05	100.0
4.14988101198e-05	-0.000507415868239	8.85249243257e-05	0.00464307089811	-0.0623965609204	0.0107428380394	1.93810819374e-14	2.051233458e-05	100.0
1.91670436443e-05	-0.000307022218218	-2.53388951959e-05	0.00178342347319	-0.0381694225097	-0.0026255611934	1.93810819374e-14	2.051233458e-05	100.0
1.61072532619e-05	-0.000423182816204	0.00013431371456	0.00153443364178	-0.0520367572922	0.016367051402	1.93809411256e-14	2.0512185549e-05	100.0
-3.34552218744e-05	-0.000114743978331	-5.12006999422e-05	-0.00450543257656	-0.0133686296793	-0.00597585998975	1.93809411256e-14	2.0512185549e-05	100.0
6.28598732823e-05	-0.000206684527409	2.37542698287e-05	0.00712887573277	-0.0254925590554	0.00289274680287	1.93808103718e-14	2.0512047163e-05	100.0
6.70229674466e-05	-9.99150670933e-05	-6.34597770268e-06	0.00735422503949	-0.0119460184871	-0.000748113486316	1.93808103718e-14	2.0512047163e-05	100.0
3.15058979646e-05	-0.00045746494083	0.000136789794208	0.00340709605694	-0.0562612831718	0.0166355863932	1.93808103718e-14	2.0512047163e-05	100.0
3.05193340529e-05	-0.000353408649592	-0.000139361360175	0.0032954728939	-0.0435085844894	-0.0168366606874	1.93808103718e-14	2.0512047163e-05	100.0
2.03449285953e-05	-0.00038480242187	-0.000110007410714	0.00204693238587	-0.0473152715019	-0.0132079822218	1.93808103718e-14	2.0512047163e-05	100.0
3.02304452914e-05	-0.000230331403607	-1.38047781184e-05	0.00316135694387	-0.0284644054612	-0.00148584217472	1.93805438352e-14	2.0511765069e-05	100.0
1.64173438693e-05	-0.000393291342843	7.13269865679e-06	0.00130468520944	-0.047651662027	0.000697802916674	1.93805438352e-14	2.0511765069e-05	100.0
5.6036192213e-05	-5.73402771741e-05	0.000128379731343	0.00623970799786	-0.00685408553146	0.0151830586298	1.93802772986e-14	2.0511482975e-05	100.0
5.31242897717e-05	-0.000195166663906	-0.000175576827525	0.00605583552282	-0.0240449315471	-0.0212538574077	1.93802772986e-14	2.0511482975e-05	100.0
4.3325161848e-05	-0.000484892512772	-7.17117833282e-05	0.00485876932545	-0.0595736363479	-0.00868078869387	1.93802772986e-14	2.0511482975e-05	100.0
-5.56527841482e-06	-0.000127970464475	-0.000197304176536	-0.0011307184238	-0.0156804097949	-0.0238497565425	1.9380030878e-14	2.0511222171e-05	100.0
5.21114968564e-05	-0.000301922053741	3.78464290361e-06	0.0056676444524	-0.0375526211111	0.000270539796239	1.93797492545e-14	2.051092411e-05	100.0
5.33155852318e-05	-0.000132910894166	7.8342195535e-05	0.00591790101012	-0.0162121997773	0.00926278153601	1.93797492545e-14	2.051092411e-05	100.0
2.14306197421e-05	-5.97080114249e-05	9.40475221817e-05	0.00194155188042	-0.00698491600898	0.0107325067061	1.93797492545e-14	2.051092411e-05	100.0
3.76116178858e-05	-0.000296683076626	0.00018226790625	0.00416703502703	-0.0365570041156	0.0221284903384	1.93797492545e-14	2.051092411e-05	100.0
3.71559019603e-05	-0.000308689402496	-9.95420495514e-07	0.003718497176	-0.0385102598016	-0.000245499089524	1.93797492545e-14	2.051092411e-05	100.0
1.41725075804e-05	-4.07406199051e-05	5.14448157075e-05	0.000788086445289	-0.00415035368225	0.00526049227808	1.93797492545e-14	2.051092411e-05	100.0
3.35026160302e-05	-0.000226447001388	0.000249635082186	0.00369325962406	-0.0279132335816	0.0304139521166	1.93797492545e-14	2.051092411e-05	100.0
5.83446331807e-05	-0.000276083909168	1.09593093553e-05	0.00653324541908	-0.0342874667271	0.00127324824331	1.93797492545e-14	2.051092411e-05	100.0
2.78487121943e-05	-0.000363650628371	0.000116296791623	0.00295698691716	-0.0447138427525	0.0139714094846	1.93797492545e-14	2.051092411e-05	100.0
4.89333918588e-05	-0.00028321655355	-1.15404537693e-05	0.00536951471347	-0.0351697864896	-0.00121837110797	1.93797492545e-14	2.051092411e-05	100.0
2.68140574918e-05	-0.00015908784562	-1.69010549881e-05	0.00267494902764	-0.0193701073278	-0.00183193159425	1.93797492545e-14	2.051092411e-05	100.0
2.02852694086e-05	5.42955606326e-05	-0.000149446919274	0.00194948873819	0.00629487758907	-0.0175548967542	1.93797492545e-14	2.051092411e-05	100.0
-1.73108803339e-06	-0.000531892133121	2.89789729267e-05	-0.000661023668169	-0.0654108028647	0.00356750376214	1.93797492545e-14	2.051092411e-05	100.0
2.49886604643e-05	-0.000479888438105	9.63462683296e-06	0.00258994402912	-0.0588744691419	0.00114192353505	1.93797492545e-14	2.051092411e-05	100.0
1.95623500816e-05	-0.000351730398814	-2.56189922742e-05	0.00148674346787	-0.0433974900126	-0.00215313399645	1.93797492545e-14	2.051092411e-05	100.0
4.39206013117e-05	-0.000287714060331	8.82871460215e-06	0.00474276516087	-0.0357323373051	0.000804305854396	1.93792262393e-14	2.0510370567e-05	100.0
3.82404754575e-05	-0.000270896844677	5.70472017962e-05	0.00415959374061	-0.0335211001574	0.00669613676736	1.93792262393e-14	2.0510370567e-05	100.0
7.06760722965e-05	-0.000246714356035	9.16745951518e-05	0.00816934642164	-0.0304496536937	0.0109659014304	1.93792262393e-14	2.0510370567e-05	100.0
4.52024616404e-05	-0.000247646491201	9.85533602919e-05	0.00504451592529	-0.0305233111754	0.0117870970855	1.93792262393e-14	2.0510370567e-05	100.0
1.92657089504e-05	-0.000341364398217	2.34763840813e-05	0.00149923836515	-0.0423490550966	0.00194378199023	1.93792262393e-14	2.0510370567e-05	100.0
6.18876419623e-05	-0.000261449795876	6.89409969924e-06	0.00698430962103	-0.0324347359965	0.000834582836118	1.93792262393e-14	2.0510370567e-05	100.0
1.53784723983e-06	4.22088661279e-05	8.60620808422e-05	-0.000455448909554	0.00466873507253	0.00887645497341	1.93792262393e-14	2.0510370567e-05	100.0
2.60084921149e-05	-0.000395291015763	0.000188718401204	0.0027520357567	-0.0486239086797	0.0230080620082	1.93792262393e-14	2.0510370567e-05	100.0
2.31400651193e-05	-0.000305318163389	-2.5498434849e-05	0.00222084331979	-0.0379127802182	-0.00263678315082	1.93792262393e-14	2.0510370567e-05	100.0
3.86156065756e-05	-0.00029642056188	-0.000164798983726	0.00429341106968	-0.0365156678858	-0.0199723942792	1.93792262393e-14	2.0510370567e-05	100.0
2.63318088591e-05	-0.00039316798358	-0.000108191755807	0.00276827881001	-0.0483013397335	-0.0130089039562	1.93792262393e-14	2.0510370567e-05	100.0
1.15065372531e-05	-0.000381187464168	-8.36861136554e-06	0.000586010170723	-0.0458926563487	-0.000614652748462	1.93792262393e-14	2.0510370567e-05	100.0
-2.9940997965e-05	-0.000118596950204	-0.000121904168366	-0.00410453911468	-0.014225668164	-0.0145082959212	1.93791206304e-14	2.0510258794e-05	100.0
