# x[AU] y[AU] z[AU] vx[AU/yr/2pi] vy[AU/yr/2pi] vz[AU/yr/2pi] m[MSUN] m[mtot] wf[%]
7.14179251417e-06	0.00015767243256	2.75427670786e-07	0.00110969895187	0.0193737149187	3.57852207715e-05	6.69218536905e-08	0.907796282371	9.73208175064
-7.82527381917e-05	-0.00161682627283	1.20052049409e-06	-0.0121231651777	-0.198673926308	0.000160547347892	6.10932420202e-09	0.0828731048624	8.04721948598
1.83470562466e-05	-0.00107001296791	-6.98549894267e-05	0.000333829735963	-0.13147373301	-0.00783067134081	1.25987910303e-11	0.00017090285205	0.0
2.14903447419e-05	-0.00137988313807	0.000218716042942	0.000600480508305	-0.17005498314	0.0250891996817	9.79627804292e-12	0.00013288670738	14.54937613
-1.02386207018e-05	-0.00150531464068	9.92467553952e-06	-0.00435377783796	-0.189632058002	-0.000401139690953	8.46895401992e-12	0.00011488153049	0.0
-1.0971194328e-05	-0.00114530685229	-2.37587939191e-05	-0.00312566250163	-0.141054975401	-0.00311915690982	8.44678823417e-12	0.00011458085116	0.0
-1.86289527502e-05	-0.00134309620692	-8.91742991099e-06	-0.00373328169898	-0.166745395655	-0.00116673792914	4.24687825313e-12	5.7608988355e-05	0.0
-2.66168712246e-05	-0.00138182981598	-2.31895627616e-05	-0.00502406795879	-0.17173530934	-0.00190005808075	4.24413242342e-12	5.757174112e-05	0.0
-1.51875218034e-05	-0.00130237393045	-1.97410222845e-05	-0.00357404865494	-0.161465290716	-0.00203871645322	4.24138257052e-12	5.7534439311e-05	0.0
4.29925274805e-06	-0.00113220496988	-4.74679545322e-05	-0.00125495264166	-0.139333299904	-0.00527972946025	4.23172589981e-12	5.7403446379e-05	0.0
-9.12998233136e-06	-0.00148814777201	-2.00074573167e-05	-0.00418872216818	-0.186450454826	-0.000503634465137	4.23172589981e-12	5.7403446379e-05	0.0
7.94574032359e-07	-0.00134055362052	3.39384667904e-06	-0.00204241735961	-0.16639118223	-0.000193466035643	8.4426116562e-12	0.000114524195797	0.0
-1.97304783075e-05	-0.00149086154092	3.41339879459e-05	-0.00469685407704	-0.18666862662	0.00143932936311	4.22757144941e-12	5.7347091177e-05	0.0
-1.87810629553e-05	-0.00139572626972	5.48260307057e-06	-0.00401917280902	-0.173591131955	0.000973369976437	4.22757144941e-12	5.7347091177e-05	0.0
-8.72308433264e-06	-0.00132531303268	-1.5146897655e-05	-0.00313800799493	-0.164599455395	-0.0016964135004	4.22618445337e-12	5.7328276548e-05	0.0
-2.11079945432e-05	-0.000962540408983	-2.67039363749e-05	-0.00423321077562	-0.117880546934	-0.00312090587494	8.40602322389e-12	0.000114027872981	0.0
-2.38293283281e-05	-0.00147631130621	-6.4803072534e-05	-0.00505388947616	-0.183970169085	-0.00520179673903	4.22479645154e-12	5.7309448275e-05	0.0
-2.74528394013e-05	-0.00125324751003	-3.10055899131e-05	-0.00517528729054	-0.154945334328	-0.0030145302555	4.22340744391e-12	5.7290606359e-05	0.0
-2.77396893537e-06	-0.00103378233471	1.19101413781e-05	-0.00213771191884	-0.126856976094	0.00138893848619	4.22201743049e-12	5.7271750799e-05	0.0
3.88923955059e-05	-0.00127473533726	8.88517084689e-05	0.00277299327381	-0.157571381754	0.0100303575619	4.21923388334e-12	5.7233991926e-05	0.0
-9.73054675167e-06	-0.00136344760358	-1.4077702759e-05	-0.00349835194188	-0.169477435759	-0.00158552911484	8.39624988056e-12	0.000113895297384	0.0
4.39836205637e-06	-0.00128288903359	-2.41579931726e-05	-0.0016343220619	-0.158950203297	-0.00254692669067	4.21644631299e-12	5.7196178479e-05	0.0
-1.92429323568e-05	-0.00149228038217	4.35969746119e-06	-0.00514769808865	-0.187922339992	0.00105832517255	4.21225665964e-12	5.7139345748e-05	0.0
-1.46874505354e-05	-0.00100566590952	-5.63709451093e-05	-0.00357483502892	-0.123335880446	-0.00649486446314	4.21225665964e-12	5.7139345748e-05	0.0
-1.18795452942e-05	-0.000779284580954	-6.87375294373e-05	-0.00320414126979	-0.0943881936021	-0.00828451984757	4.21225665964e-12	5.7139345748e-05	0.0
-1.91082961296e-05	-0.00149213644556	-4.18219532713e-05	-0.00504130834287	-0.186713450977	-0.00253515993441	4.21225665964e-12	5.7139345748e-05	0.0
-1.81431798661e-05	-0.0015199513321	2.99864883023e-05	-0.00561551028948	-0.190356798038	-0.000162946404994	4.21085809693e-12	5.7120374216e-05	0.0
2.62137911238e-05	-0.0010294315677	2.07536291143e-05	0.00118745303577	-0.126377895046	0.00202446849315	4.21085809693e-12	5.7120374216e-05	0.0
-1.23254380846e-05	-0.00144319040873	8.23739382943e-06	-0.00413495912464	-0.180483604287	0.00159545927793	4.21085809693e-12	5.7120374216e-05	0.0
2.75316130552e-05	-0.0011512922086	-5.40826801989e-05	0.00131214970374	-0.141811531776	-0.00604893625825	4.21085809693e-12	5.7120374216e-05	0.0
2.45621095314e-05	-0.00102219570743	-5.25419316145e-05	0.00111496356811	-0.125378062356	-0.00599775041994	4.21085809693e-12	5.7120374216e-05	0.0
5.2909057737e-05	-0.00107016012916	-0.000140907617898	0.00451982154683	-0.131328612858	-0.0164562065523	4.21085809693e-12	5.7120374216e-05	0.0
-1.3051607645e-06	-0.00146666863962	-5.57082472445e-05	-0.00311647508257	-0.183033136916	-0.0048092243409	4.21085809693e-12	5.7120374216e-05	0.0
-3.72431938498e-05	-0.00072146076281	-3.09752108617e-06	-0.00644774206453	-0.0871358794908	-0.000386355983566	4.20945802552e-12	5.710138222e-05	0.0
4.36856390303e-05	-0.000978760103769	-4.74073473694e-05	0.00332448626929	-0.120009615161	-0.00596901973773	4.20805745121e-12	5.7082383401e-05	0.0
6.80447325511e-05	-0.00108073161839	2.92166666293e-05	0.00633460477681	-0.132802401598	0.00314096513998	4.20805745121e-12	5.7082383401e-05	0.0
-1.30194635772e-05	-0.00151693476156	1.01831105147e-05	-0.00497236568796	-0.190596327841	-0.00172108434812	4.20805745121e-12	5.7082383401e-05	0.0
2.944568201e-05	-0.000770576679605	-7.26439627727e-05	0.00170661507658	-0.0933810913807	-0.00888239911618	4.20525227939e-12	5.704433119e-05	0.0
4.27691824968e-05	-0.00129283164142	7.309502442e-05	0.00300938598583	-0.159744017944	0.00799043148854	4.20244258148e-12	5.7006217581e-05	0.0
9.99735610675e-05	-0.00091094613715	5.89607383396e-05	0.0101824891639	-0.111603915883	0.00662258876674	4.20244258148e-12	5.7006217581e-05	0.0
6.99982105427e-05	-0.00130120315904	-0.000117377197014	0.00638982750731	-0.160716450138	-0.0132274282872	4.20244258148e-12	5.7006217581e-05	0.0
3.89746767405e-05	-0.000931242419081	-5.23550808307e-05	0.0028387610303	-0.113997454014	-0.00599952725161	4.19962835748e-12	5.6968042576e-05	0.0
-3.42759942919e-05	-0.000531555457413	2.94230667823e-05	-0.00615643768129	-0.0624982055025	0.00369957983244	4.19962835748e-12	5.6968042576e-05	0.0
9.37791454073e-05	-0.000920232264108	5.18152253874e-05	0.00963750995772	-0.112304472752	0.00587587327621	4.19821973678e-12	5.6948934609e-05	0.0
-1.44989398669e-05	-0.000981540128766	-2.21505264219e-05	-0.00360802494324	-0.11987926718	-0.0026202687698	4.19821973678e-12	5.6948934609e-05	0.0
0.000132816971873	-0.000916726643155	3.71093696489e-05	0.0141981496443	-0.112212625901	0.00433502106418	4.19115953472e-12	5.6853162826e-05	0.0
3.32827035385e-05	-0.00124766040584	9.80648015132e-05	0.00198325787888	-0.15429501853	0.0111328164777	4.18974387343e-12	5.6833959353e-05	0.0
4.79350562595e-05	-0.00133738784298	0.000171348101421	0.00374047498354	-0.165151180609	0.0195797012917	4.18974387343e-12	5.6833959353e-05	0.0
0.000126360314367	-0.000741136355841	-7.66261852216e-05	0.0133477255076	-0.0898193028942	-0.00855515609542	8.37523422531e-12	0.000113610219601	0.0
2.76161673356e-05	-0.00121096285824	-3.10786351253e-05	0.00135558244854	-0.149620101566	-0.00366265722591	4.18832720634e-12	5.6814742236e-05	0.0
1.37464139073e-05	-0.000877915287801	-7.42560446216e-05	-0.000247310451769	-0.107252000355	-0.00883600376408	4.18832720634e-12	5.6814742236e-05	0.0
4.3506063094e-05	-0.00073676750474	-3.00890809009e-05	0.00326929522009	-0.089310556206	-0.00363133707391	4.18832720634e-12	5.6814742236e-05	0.0
-0.000133587807169	-0.000939846504246	0.000184341438852	-0.0180957345118	-0.114553742739	0.0218048428072	4.18832720634e-12	5.6814742236e-05	0.0
3.8638094018e-05	-0.00148017598609	-9.73440721439e-05	0.00151226927106	-0.183315261079	-0.00948590880595	4.18832720634e-12	5.6814742236e-05	0.0
8.80079251222e-06	-0.00141197928046	6.86840831619e-05	-0.00138494596665	-0.175437264501	0.00669616370363	4.18549035188e-12	5.6776260248e-05	0.0
-1.05046237038e-05	-0.00148769491483	-4.27615034263e-06	-0.00504067912733	-0.187050078893	-0.00122885072898	4.18549035188e-12	5.6776260248e-05	0.0
0.000203026962021	-0.000893932018847	7.05617091046e-05	0.0228158677875	-0.109314220387	0.00796835964277	4.18549035188e-12	5.6776260248e-05	0.0
0.00014866056159	-0.00100653444762	0.000127049021387	0.0161449832294	-0.123452288624	0.0146999405151	4.18549035188e-12	5.6776260248e-05	0.0
2.60694414316e-05	-0.00156919293885	0.000108250121671	-0.000502875994861	-0.193407485913	0.00964054700892	4.18549035188e-12	5.6776260248e-05	0.0
0.000174467291679	-0.000781745019517	0.000101627029896	0.0192939258539	-0.095180183179	0.0118561427409	4.18549035188e-12	5.6776260248e-05	0.0
3.51584812885e-05	-0.000665534120426	-0.000113703473194	0.00223226683782	-0.0801823455897	-0.0131891788077	4.18549035188e-12	5.6776260248e-05	0.0
-9.90617010767e-07	-0.00137852468926	6.54394466672e-06	-0.00277180342151	-0.171289502624	0.00153865920074	4.18549035188e-12	5.6776260248e-05	0.0
2.02368031646e-05	-0.000933569327535	-7.84002165279e-06	0.000482774538442	-0.114413595247	-0.00113883011167	4.18264947422e-12	5.6737723686e-05	0.0
3.43321896172e-05	-0.0016450634789	-0.000136149797639	0.000973727401835	-0.201337945192	-0.0134892723852	4.18264947422e-12	5.6737723686e-05	0.0
1.61258074584e-05	-0.00142140118409	0.000125715951531	-0.000356084545648	-0.175962777894	0.0133502627464	4.18122677234e-12	5.6718424706e-05	0.0
3.94786399998e-05	-0.000886925551274	5.70904979251e-05	0.00285733715971	-0.108447979835	0.00655076438027	4.18122677234e-12	5.6718424706e-05	0.0
-5.86158597824e-05	-0.000314567626784	-0.000130244985312	-0.00929212389155	-0.0341638012443	-0.0139924334921	4.18122677234e-12	5.6718424706e-05	0.0
0.000106742799482	-0.000396504096271	-8.73662081074e-05	0.0101876901999	-0.0453476634381	-0.00919973017363	4.18122677234e-12	5.6718424706e-05	0.0
7.41490359395e-05	-0.000726978866685	6.76407118942e-05	0.00691424791959	-0.0882076021735	0.00822270542019	4.17980356757e-12	5.6699118905e-05	0.0
1.63957251933e-05	-0.00148475538883	-9.70476139738e-05	-0.000738918229273	-0.184232414222	-0.00918679822865	4.17980356757e-12	5.6699118905e-05	0.0
-0.000177656601559	-0.000259087324697	7.73088092356e-06	-0.0224630751037	-0.0259600257142	0.00061161109884	1.46474324481e-12	1.9869271381e-05	100.0
-7.25011489351e-05	-0.000778576590128	-1.60517718652e-05	-0.0105332446691	-0.0942000644068	-0.00209349015491	1.46474324481e-12	1.9869271381e-05	100.0
-3.88117570099e-05	-0.0002676337114	0.000113495030401	-0.0067512781284	-0.0271930831334	0.0121124077404	1.46286290465e-12	1.9843764529e-05	100.0
-3.26765745002e-05	-0.000646416447631	0.000148891170528	-0.005831354024	-0.0773498408594	0.0177002708642	1.46192650631e-12	1.9831062267e-05	100.0
-0.000116574566372	-0.000427547647401	-1.76980371753e-05	-0.015715550189	-0.0485242492069	-0.00202678044551	1.46192650631e-12	1.9831062267e-05	100.0
0.000119680600173	-0.000497760332347	0.000301941358167	0.0125296911635	-0.0588560204152	0.0357499539055	1.46145981584e-12	1.9824731601e-05	100.0
0.000185469935723	-0.000347878914396	-3.29893083826e-05	0.0191651198514	-0.0394378746447	-0.00342210072191	1.46006276182e-12	1.9805780536e-05	100.0
0.000149975511784	-0.000791676853259	-0.000305165784241	0.0164352851052	-0.0963065162531	-0.036487586802	1.46006276182e-12	1.9805780536e-05	100.0
-1.46554655246e-05	-0.000155191538204	-0.000333390569115	-0.00410322185433	-0.0153618145432	-0.0364911425656	1.45821008112e-12	1.9780648885e-05	100.0
-0.000211271761504	-0.000840386364737	-2.91935634095e-05	-0.0275752614805	-0.101995165617	-0.00327044402338	1.45774892254e-12	1.977439326e-05	100.0
-2.02196379898e-05	-0.000218383657054	0.000217944707257	-0.0047560033004	-0.0218052579978	0.0232187913767	1.45728776396e-12	1.9768137634e-05	100.0
2.81892907096e-05	-0.000639898903133	0.000395907390325	0.00163958080684	-0.0769220463912	0.0478623814502	1.4563684642e-12	1.9755667315e-05	100.0
-0.000123116894805	-0.000278089039793	-3.07484799134e-05	-0.0162466682555	-0.0283440705305	-0.00306166884746	1.4563684642e-12	1.9755667315e-05	100.0
-0.000183636281181	-0.000707702516383	-0.000263905261708	-0.0241813697786	-0.0852490932135	-0.031910550359	1.4563684642e-12	1.9755667315e-05	100.0
5.66232546236e-05	-0.000893302811361	-0.00031956126556	0.00521825585559	-0.108856229278	-0.0383444610667	1.45545117603e-12	1.9743224282e-05	100.0
-0.000218775768865	-0.00128778261882	-0.000474381961093	-0.028597409898	-0.15822567101	-0.0577813555384	1.45545117603e-12	1.9743224282e-05	100.0
-0.000157764859296	-0.000336737080851	-0.000481463719196	-0.0209228728778	-0.0390186154092	-0.0569987877255	1.45271590721e-12	1.9706120306e-05	100.0
-9.64342119142e-06	-0.000403650652522	-0.000215846677155	-0.00318942214518	-0.0459942604687	-0.0247315894304	1.45271590721e-12	1.9706120306e-05	100.0
-0.000167358304392	-0.000166162729186	-7.23187165992e-05	-0.0203135133662	-0.013134713509	-0.00704021668551	1.45226229211e-12	1.9699967008e-05	100.0
0.000269700655104	-0.000468828168796	0.000505291845066	0.0309227160763	-0.056201438573	0.0605179784904	1.45045386654e-12	1.9675435679e-05	100.0
-3.08541529776e-05	-0.000213207150555	-0.000322313140343	-0.00588202372488	-0.0223387959724	-0.0359828185032	1.45045386654e-12	1.9675435679e-05	100.0
0.000231202310288	-0.000449922525595	-0.000790721006633	0.0264541287544	-0.0544431994328	-0.0958224050103	1.45000326884e-12	1.9669323312e-05	100.0
3.85212383641e-06	-5.70611150477e-05	0.000222762573117	-0.00250038232054	-0.000514908866498	0.0210933634975	1.44820741575e-12	1.9644962529e-05	100.0
4.37313046321e-06	-0.000522793036987	-0.000118288761947	-0.00138143464262	-0.0614677996242	-0.0135609509716	1.44731275805e-12	1.963282648e-05	100.0
-0.000120152167146	-0.000134504031961	-0.000127499017057	-0.0149544792817	-0.00892571359126	-0.0120097835473	1.44731275805e-12	1.963282648e-05	100.0
-4.51862589779e-05	-0.000965668013749	9.55773457677e-05	-0.0072000093312	-0.117957001259	0.0111224076952	1.44553148903e-12	1.960866353e-05	100.0
-0.000190177761347	-0.00105958491554	-1.39197718541e-05	-0.0249366817008	-0.1298764828	-0.00157259841525	1.44553148903e-12	1.960866353e-05	100.0
-0.000266384935117	-0.000229305149361	-0.000193559040664	-0.0328915959554	-0.0234714857672	-0.0216745018746	1.44553148903e-12	1.960866353e-05	100.0
0.000296254077091	-0.000225413821609	0.000475218184025	0.0335037848345	-0.0261492081718	0.0558816521882	1.44199661046e-12	1.9560712832e-05	100.0
-0.000343074755468	-0.000652072904832	0.000308655309223	-0.0436802389111	-0.0783464337103	0.0374347019912	1.44199661046e-12	1.9560712832e-05	100.0
0.000202148756058	-0.000435938776661	0.000594892436333	0.0226792554918	-0.0523378387852	0.071222430688	1.44111905133e-12	1.9548808724e-05	100.0
0.000105046212192	-0.000617262270251	-0.000444359041937	0.0109517999837	-0.0742192519537	-0.0532018406548	1.44111905133e-12	1.9548808724e-05	100.0
-0.000173854806357	-0.000366159853918	-0.000450949761881	-0.0227392433777	-0.0424028620063	-0.0533684806948	1.44111905133e-12	1.9548808724e-05	100.0
-0.000213597797686	-0.000634830204866	0.00015644039624	-0.0277628070829	-0.0758180629644	0.0188428013814	1.44068052322e-12	1.9542860082e-05	100.0
0.000152287369482	-0.000208807468514	-0.000551378731014	0.0162425563042	-0.0242386472501	-0.0647923352899	1.4402430009e-12	1.9536925083e-05	100.0
-0.000295444344931	-0.00126326117401	-0.000238482344889	-0.0377941794765	-0.155131323461	-0.0285952862606	1.43936996786e-12	1.9525082372e-05	100.0
-0.000359229042309	-0.000359144233341	-0.000160809394421	-0.0447780400433	-0.0406828164408	-0.0182855834963	1.43936996786e-12	1.9525082372e-05	100.0
-0.000193691360969	-0.000105910808883	-0.000312942939107	-0.0242475022896	-0.00966217378151	-0.0333042661724	1.43893395425e-12	1.9519167839e-05	100.0
-5.22082663146e-05	-0.000137849293713	-0.000285274369945	-0.00814900342438	-0.0119851865781	-0.0306891997678	1.43849844353e-12	1.9513260127e-05	100.0
-5.8408586351e-05	-0.00116239044878	-0.000620809275382	-0.0089631801061	-0.142556623441	-0.0754120643976	1.43849844353e-12	1.9513260127e-05	100.0
-0.000267225917902	-0.000608283023329	-0.000292324246284	-0.0343234747989	-0.0727634726884	-0.034597455146	1.43849844353e-12	1.9513260127e-05	100.0
0.000151224049281	-0.000661764308254	0.000457627816129	0.0166765984638	-0.0800168937811	0.0551372126339	1.43762943369e-12	1.9501471991e-05	100.0
-0.000245478255046	-0.0016715522098	-5.00701603328e-05	-0.0295892725302	-0.20456403396	-0.0052269886089	1.43762943369e-12	1.9501471991e-05	100.0
-0.000450691012369	-0.000745692051819	-5.04424268614e-05	-0.0568809546935	-0.0899730979703	-0.00609621403022	1.43762943369e-12	1.9501471991e-05	100.0
-0.000149793442755	-0.000124216657223	-0.000556676220593	-0.0199355956852	-0.0138307462542	-0.0646859935638	1.43762943369e-12	1.9501471991e-05	100.0
-0.000194477192482	-0.000222862916517	0.000267049026247	-0.0246208307094	-0.0230130169153	0.0297672443311	1.43676243544e-12	1.9489711143e-05	100.0
-0.000219784794912	-0.00150204014782	0.000274995780906	-0.0282689192983	-0.184581411625	0.0324448416536	1.43676243544e-12	1.9489711143e-05	100.0
-0.000355443900065	-0.000559497324282	-0.000109241650931	-0.0448930557524	-0.066229090089	-0.0134327598224	1.43676243544e-12	1.9489711143e-05	100.0
-9.85709318188e-05	-0.00108282528342	8.73145245643e-05	-0.0136286434097	-0.132564807677	0.0106839086502	1.43632994212e-12	1.9483844362e-05	100.0
-0.00036286005141	-0.000327223627575	-0.000114045372352	-0.0449798267834	-0.0363842652299	-0.0128762195876	1.43632994212e-12	1.9483844362e-05	100.0
-0.000209122466373	-0.00176318656834	0.000390867928717	-0.0273075245279	-0.216503104138	0.0471109770052	1.43589795169e-12	1.9477984403e-05	100.0
-0.000195369712264	-0.00156780532666	0.000113420621334	-0.0236869719586	-0.193096725776	0.0116718009345	1.43589795169e-12	1.9477984403e-05	100.0
-0.000122453410876	-0.000684129469966	-0.000823749765644	-0.0168092258389	-0.0832305797571	-0.100085920094	1.43546646417e-12	1.9472131267e-05	100.0
-0.000282395695529	-0.00170383122806	-4.25258098697e-05	-0.0347288094434	-0.208446172182	-0.00516128697441	1.43503547954e-12	1.9466284952e-05	100.0
-0.000486462970151	-0.00141952235267	1.18580188882e-05	-0.0611645128705	-0.174335902663	0.0014207002838	1.43503547954e-12	1.9466284952e-05	100.0
-0.000486257642275	-0.0016414503877	1.39590006812e-05	-0.0610544026222	-0.201502889485	0.00172927316798	1.43503547954e-12	1.9466284952e-05	100.0
-0.000315218249814	-0.000393228238228	-8.39117744542e-05	-0.0395341698708	-0.0445916756715	-0.00987277978448	1.43503547954e-12	1.9466284952e-05	100.0
-0.000226263392504	-0.000239385288203	0.000366157434024	-0.0288084482298	-0.0261999561189	0.0420056014933	1.43417501898e-12	1.9454612787e-05	100.0
-0.000158159357639	-0.000454024879948	0.000208539897955	-0.0208640805919	-0.0526032928399	0.0241276768297	1.43417501898e-12	1.9454612787e-05	100.0
0.000143490632918	-0.000800657330278	-0.000824753673182	0.0158091082387	-0.0977988743441	-0.100263036267	1.43417501898e-12	1.9454612787e-05	100.0
-5.57772873107e-05	-0.000889915560877	-0.000615116812007	-0.00858926724302	-0.108746807799	-0.0745277037846	1.43417501898e-12	1.9454612787e-05	100.0
0.0001184769801	-0.000381653459403	-0.000682550836935	0.0124596729689	-0.04599149229	-0.0816650001388	1.43374554306e-12	1.9448786937e-05	100.0
-0.000305045580325	-0.00164448659074	0.000737600321674	-0.0393124268534	-0.201901626447	0.0901150883728	1.43331657003e-12	1.944296791e-05	100.0
-0.000217448131633	-0.0011217503789	0.000278742371973	-0.0282734979954	-0.13730380197	0.0337614954256	1.43331657003e-12	1.944296791e-05	100.0
-0.000161412641149	-0.00162505614032	-0.000964529710716	-0.0217181899071	-0.199754046036	-0.11794887242	1.43331657003e-12	1.944296791e-05	100.0
-0.000166312628439	-0.000832026659254	-0.000359901362446	-0.0220790770881	-0.101061680037	-0.0431954087535	1.43331657003e-12	1.944296791e-05	100.0
-8.89977410755e-05	7.68472525993e-05	-0.000259502769066	-0.0115316662699	0.011285658372	-0.0217815024907	1.43246063556e-12	1.9431357142e-05	100.0
-0.000346531778751	-0.00194826925922	7.0657193612e-05	-0.0440573814057	-0.239001591808	0.00827994092782	1.43118025417e-12	1.9413988742e-05	100.0
-0.000100682142089	-0.00146733069336	-2.48751505612e-06	-0.0126051566209	-0.183331399079	-4.38134519089e-05	1.43118025417e-12	1.9413988742e-05	100.0
0.00017118996298	6.26325967259e-05	0.000504349700193	0.0177894174535	0.00788630448509	0.057502959822	1.43075429853e-12	1.9408210646e-05	100.0
-0.000468955755124	-0.0014267162693	0.000625496843907	-0.0594839978865	-0.175151877626	0.0763993241138	1.4303288458e-12	1.9402439371e-05	100.0
-0.000489520129888	-0.000564289137004	0.000164060635396	-0.0614362605647	-0.0670799517666	0.0198913042665	1.4303288458e-12	1.9402439371e-05	100.0
-0.000101665910276	-0.000507481194624	-0.00075724073705	-0.0142334940446	-0.0611868797811	-0.0917543099628	1.4303288458e-12	1.9402439371e-05	100.0
-0.000301619015317	-0.000829920834161	-0.000565032248009	-0.0387764135372	-0.101057880366	-0.0682653507514	1.4303288458e-12	1.9402439371e-05	100.0
-0.000523140610711	-0.000949620604928	-0.000148835396024	-0.0658804431634	-0.115632700316	-0.0179091378719	1.42990439886e-12	1.939668174e-05	100.0
0.000181419696771	0.000222545940488	-0.000245328978516	0.0155839463883	0.0251178111856	-0.0231538694681	1.42990439886e-12	1.939668174e-05	100.0
0.00033244926692	-0.000442352013918	0.000670055290098	0.0386387371708	-0.053544263484	0.08062223978	1.42947995192e-12	1.9390924108e-05	100.0
-8.09476154529e-06	0.000195601155926	0.000535165667996	-0.00312635104952	0.0232177456844	0.0607571282235	1.42905600789e-12	1.9385173299e-05	100.0
-8.21636338772e-05	-0.000266702166176	0.000909320759202	-0.0119008801778	-0.0323051996391	0.109743889744	1.42905600789e-12	1.9385173299e-05	100.0
-4.75344984305e-05	-0.000251477048089	0.00043720480321	-0.00778408718204	-0.028264939839	0.0504767207492	1.42905600789e-12	1.9385173299e-05	100.0
-0.000338325270856	-0.000721259133336	0.000224376326808	-0.0430261373983	-0.0869188650484	0.0268897031237	1.42905600789e-12	1.9385173299e-05	100.0
9.35785153859e-05	0.000225197849745	0.000309170880298	0.00683513750355	0.025736706805	0.0302383591034	1.42905600789e-12	1.9385173299e-05	100.0
8.48975017731e-05	-2.89679802896e-05	0.000346363455185	0.00681546959461	-0.000791624288106	0.0367925505859	1.42905600789e-12	1.9385173299e-05	100.0
-0.000332569961539	-0.000954392810419	-0.000120321589617	-0.0425303713055	-0.116317884088	-0.0142417038368	1.42905600789e-12	1.9385173299e-05	100.0
-0.000294020948755	-0.00035137255721	-0.000151788417714	-0.0368065480705	-0.0393202171892	-0.0170766531705	1.42905600789e-12	1.9385173299e-05	100.0
-7.74938208061e-05	-0.00172858579858	0.000825158137562	-0.011308806591	-0.212360236818	0.100850968594	1.42821013141e-12	1.9373698968e-05	100.0
-0.000523785441099	-0.00119386190288	4.6324272808e-05	-0.0659355308416	-0.14624697667	0.00540275329618	1.42821013141e-12	1.9373698968e-05	100.0
-0.000235349744246	-0.000888620708089	0.000372771828443	-0.0306203912939	-0.108137140482	0.0447498895742	1.42736626653e-12	1.9362251924e-05	100.0
-0.000359822348715	-0.00180370249521	-0.000201075353227	-0.0455668393856	-0.221278747914	-0.0242115773902	1.42736626653e-12	1.9362251924e-05	100.0
-0.000570844805975	-0.00124821907876	-0.000270185757189	-0.0718912262943	-0.152966290921	-0.0326969618469	1.42736626653e-12	1.9362251924e-05	100.0
0.000151767771151	-0.00029090418065	-0.00105593783421	0.0167734987414	-0.035523255991	-0.128123808884	1.42736626653e-12	1.9362251924e-05	100.0
-8.58949139976e-05	2.46272221607e-05	0.00030973796871	-0.0117062867175	0.00518743342758	0.0299224250246	1.4261034866e-12	1.9345122289e-05	100.0
-0.000222446910202	-0.000836384471614	0.000596215451361	-0.0290364071793	-0.10179274512	0.0720929222061	1.4261034866e-12	1.9345122289e-05	100.0
-0.000106634591765	-0.000516283122591	0.00026639821443	-0.0147872263966	-0.0607560366588	0.0311097807529	1.4261034866e-12	1.9345122289e-05	100.0
0.000236990079679	-7.31753051349e-05	0.000578819160559	0.0262785292593	-0.0081166717866	0.068094298189	1.4261034866e-12	1.9345122289e-05	100.0
5.22844970135e-05	-0.0012311930231	-3.39189202903e-05	0.00407022667118	-0.152131583716	-0.00438816061642	2.851055334e-12	3.8674622569e-05	100.0
0.000143588383381	-0.000673430951113	2.79401561556e-05	0.0152248238667	-0.0814790671797	0.00321453731159	1.42575799484e-12	1.9340435686e-05	100.0
-1.03174647091e-05	-0.00175330611768	0.000131986753405	-0.00365659207339	-0.213433559793	0.0138171807507	1.42575799484e-12	1.9340435686e-05	100.0
-7.21050526222e-05	-0.000154625206734	-0.000216035814532	-0.0109644924856	-0.0138638813284	-0.0219516699242	1.42575799484e-12	1.9340435686e-05	100.0
-0.000522406238139	-0.00173169502973	0.00035336074972	-0.0659689863739	-0.212619816734	0.0430420615216	1.42575799484e-12	1.9340435686e-05	100.0
0.00018295734621	-0.00103405525364	-0.000432523805381	0.0204576816923	-0.126896451364	-0.0520681974491	1.42575799484e-12	1.9340435686e-05	100.0
-0.000311332313616	-0.002085916994	-4.27456271863e-05	-0.0399138322786	-0.255596855845	-0.00491059509512	1.42575799484e-12	1.9340435686e-05	100.0
2.38089070682e-05	-0.00147181387877	-0.00011056524219	-1.75533950523e-05	-0.182518798894	-0.0108627244889	1.42575799484e-12	1.9340435686e-05	100.0
0.000215909173592	-0.00179039032459	-0.00061843388559	0.0246604519291	-0.220075499893	-0.0749821892411	1.42575799484e-12	1.9340435686e-05	100.0
0.000109387810063	-0.00177902673069	-0.000368346756262	0.0113192372476	-0.218061957133	-0.043920136885	1.42575799484e-12	1.9340435686e-05	100.0
-0.000428178554148	-0.00153416192039	-0.000797786645235	-0.0545417123617	-0.188418172784	-0.0974363622485	1.42568406866e-12	1.9339432876e-05	100.0
-0.000368477239175	-0.000764168638799	-0.000503482486238	-0.0470369941839	-0.0927218229777	-0.0609492310988	1.42568406866e-12	1.9339432876e-05	100.0
0.000168615894805	-0.00104114574781	0.000122738156353	0.0185806511863	-0.127717774901	0.0140547414918	1.42529733916e-12	1.9334186883e-05	100.0
0.000172093530353	-0.00079547205233	1.98912854714e-05	0.0189216796162	-0.0970011183208	0.00208753003664	1.42529733916e-12	1.9334186883e-05	100.0
0.000124807603856	-0.00170849673758	0.000512020155137	0.0133472545267	-0.209656294151	0.0617016736403	1.42529733916e-12	1.9334186883e-05	100.0
9.38276431965e-06	-0.000733563766225	-0.000128435330571	-0.0008471242928	-0.0888431802833	-0.0148438397145	1.42529733916e-12	1.9334186883e-05	100.0
-7.81582809988e-05	-0.00108141779427	-0.000400696606927	-0.011288256521	-0.132536796371	-0.0487197342401	1.42529733916e-12	1.9334186883e-05	100.0
-6.54718986298e-05	-0.00138267084419	-0.000646722082489	-0.00982242885425	-0.169597799082	-0.0786718892034	1.42526465071e-12	1.9333743463e-05	100.0
0.000143414710715	-0.00049318252723	0.000771527669344	0.0156309280198	-0.0599261048679	0.0929192460609	1.42484573567e-12	1.9328060872e-05	100.0
-0.000263873977646	5.9850536136e-05	-1.59291763048e-05	-0.0261873033959	0.0148053830807	-0.00275167059149	1.42484573567e-12	1.9328060872e-05	100.0
0.000223727769857	-0.000110158570392	0.000323406247667	0.0234520847731	-0.0108331369873	0.0360003084396	1.42484573567e-12	1.9328060872e-05	100.0
-0.000325777908148	-0.00180468976294	9.9436474927e-05	-0.0410551548448	-0.22134819126	0.0116217441569	1.42484573567e-12	1.9328060872e-05	100.0
-0.000370492735543	-0.00126752700271	-0.000170705244316	-0.0469650921717	-0.15551385611	-0.0207850188422	1.42484573567e-12	1.9328060872e-05	100.0
-0.000447756815178	-0.00016126376006	4.44411037135e-05	-0.0541901855669	-0.0154154477319	0.00540355803692	1.42484573567e-12	1.9328060872e-05	100.0
-0.000225555874486	-0.00108350019777	7.10206292261e-05	-0.0292799140112	-0.132771050796	0.00855959029824	1.42484573567e-12	1.9328060872e-05	100.0
-0.000358221020722	-0.00152139571021	-8.87278753828e-05	-0.0448219367794	-0.186991863889	-0.0103397694821	1.42484573567e-12	1.9328060872e-05	100.0
-0.000353613758287	-0.00101876651176	-0.000580492863212	-0.0451469496162	-0.124351470126	-0.0708519181467	1.42484573567e-12	1.9328060872e-05	100.0
-0.000333069980828	-0.000344134808257	-0.000113033433851	-0.0414471220216	-0.0383531512723	-0.0127317725377	1.42484573567e-12	1.9328060872e-05	100.0
1.97567441413e-05	-0.0014884452848	-0.00113552452308	0.000642493191322	-0.1829200261	-0.139025065593	1.42484070667e-12	1.9327992654e-05	100.0
4.62441660014e-05	-0.00116203374177	-4.76218972133e-05	0.00338783951424	-0.143351393146	-0.00550781094538	1.42438759448e-12	1.9321846178e-05	100.0
6.04417673861e-05	-0.00099506675338	-5.98376038122e-05	0.00522759072267	-0.122197251681	-0.00686180728748	1.42438759448e-12	1.9321846178e-05	100.0
2.37966737297e-05	-0.00149689917732	-4.36894562076e-05	-0.00100550965032	-0.186663630388	-0.0032441747893	1.42438759448e-12	1.9321846178e-05	100.0
5.57019681451e-05	-0.00126204770132	-8.39843664032e-05	0.00457113826768	-0.155911086575	-0.00911340835873	1.42438759448e-12	1.9321846178e-05	100.0
0.000156327017461	-0.000777846815302	-0.00098474160047	0.0173730148625	-0.0952017114804	-0.119989622565	1.42438759448e-12	1.9321846178e-05	100.0
1.74435609022e-05	-0.000488060557489	-0.00094903757818	0.000293377396793	-0.0592658739681	-0.115391502058	1.42438759448e-12	1.9321846178e-05	100.0
-0.000209116072599	-0.00131975240407	-0.000324054858971	-0.0272481130298	-0.161948477017	-0.0387207588955	1.42400941427e-12	1.9316716156e-05	100.0
-0.000342977210698	-0.000995357514403	-0.000591023864727	-0.0439125002059	-0.121449053189	-0.0718273486652	1.42400941427e-12	1.9316716156e-05	100.0
0.000171295112692	-0.000419944940914	-0.000437166953894	0.0187111543985	-0.0496587066981	-0.051700378249	1.42400941427e-12	1.9316716156e-05	100.0
-0.000336078063977	-0.000623735996237	-0.00039964103076	-0.0427734461923	-0.0748701643297	-0.047681280256	1.42400941427e-12	1.9316716156e-05	100.0
0.000267249780829	-0.00069764287895	0.000173669644297	0.0304430694218	-0.0847888857846	0.0204707068556	1.42393800258e-12	1.9315747455e-05	100.0
9.5241109879e-06	-0.00132773511074	0.000626213684537	-0.000739947707516	-0.1631067245	0.0757544548389	1.42393800258e-12	1.9315747455e-05	100.0
-0.000241342870236	-0.000457632174226	0.000650094657263	-0.0312392341182	-0.0547329736063	0.0781666548682	1.42359200793e-12	1.931105403e-05	100.0
0.000169362482343	-0.00116927181758	-0.000965269641836	0.018954725532	-0.143559687781	-0.117698240537	1.42349193098e-12	1.9309696485e-05	100.0
-0.000342935589056	-0.00182357777195	-0.000542827417042	-0.0438935099103	-0.223853887826	-0.0657430368714	1.42349193098e-12	1.9309696485e-05	100.0
0.000116405419988	-0.000990749061603	0.000121389044101	0.0122310124426	-0.121581584811	0.0139759149318	2.84391969705e-12	3.8577827511e-05	100.0
2.1436600368e-05	-0.00158916571531	0.000151858041486	-0.000465800020183	-0.195413805995	0.0152249189813	1.42260934286e-12	1.9297724159e-05	100.0
5.46508376847e-05	-0.00105207870462	-4.36358230024e-05	0.00444938566052	-0.12941878993	-0.00480170981874	1.42260934286e-12	1.9297724159e-05	100.0
6.64271945463e-05	-0.00118761361434	-6.13872077205e-05	0.0058389908441	-0.146506231878	-0.00656562275572	1.42260934286e-12	1.9297724159e-05	100.0
3.17355779129e-05	-0.00166129665394	-0.000222308321572	0.00144810092652	-0.203609913358	-0.0247852906016	1.42260934286e-12	1.9297724159e-05	100.0
3.52517981006e-05	-0.00166797740043	-0.000190474470383	0.00162142421225	-0.204055046916	-0.0207695868883	1.42260934286e-12	1.9297724159e-05	100.0
-0.000172956055737	-0.000333436792152	0.00050852592811	-0.0228149928524	-0.0388701941512	0.0599335920096	1.42234230338e-12	1.9294101763e-05	100.0
-0.000315242236493	-0.000407235042999	0.000332449143903	-0.0399244413105	-0.0473880732059	0.0389657670415	1.42234230338e-12	1.9294101763e-05	100.0
-6.35420327878e-05	-0.000620285818607	0.000561888923082	-0.00961665106511	-0.074903032523	0.0672992643997	1.42234230338e-12	1.9294101763e-05	100.0
-0.000227294849171	-0.000437425252517	0.000236851001824	-0.0290964716895	-0.0504945455457	0.0275427995846	1.42234230338e-12	1.9294101763e-05	100.0
-0.000255115485765	-0.00137204034629	0.000188668452445	-0.0325510165136	-0.168791789241	0.0225277422737	1.42234230338e-12	1.9294101763e-05	100.0
-0.000392950557805	-0.00115761316916	-5.36232058155e-05	-0.0497528355679	-0.141754968495	-0.00617887900028	1.42234230338e-12	1.9294101763e-05	100.0
0.000490886956936	-3.61164420096e-05	-0.000692176022062	0.0578117765039	-0.00407682609735	-0.0831244660654	1.42234230338e-12	1.9294101763e-05	100.0
0.000199033833187	0.000202890880411	-0.000653817963106	0.0217956813355	0.0242213000023	-0.0769444596156	1.42234230338e-12	1.9294101763e-05	100.0
0.000288012278767	-0.000492131978066	-4.41254496933e-05	0.0322964011328	-0.0587713278634	-0.00541413806237	1.42174033302e-12	1.9285936023e-05	100.0
9.76282456472e-05	-6.26282461679e-05	0.000274619970009	0.00770212772244	-0.00430924769972	0.0277625170944	1.42174033302e-12	1.9285936023e-05	100.0
-0.000316818327348	-0.00194259652193	0.000582170185969	-0.0407395273285	-0.238565140432	0.0706548976773	1.42174033302e-12	1.9285936023e-05	100.0
1.29649058026e-05	-0.00132829156578	-1.78523561913e-05	-0.00104447988347	-0.164905851053	-0.0016447190613	1.42174033302e-12	1.9285936023e-05	100.0
0.000268786185043	-0.000511915867804	-0.000115644385773	0.0300752743264	-0.0612926040867	-0.0134024100414	1.42174033302e-12	1.9285936023e-05	100.0
-0.000206874814837	-0.00179782518576	8.78317459501e-05	-0.0262680949221	-0.219012812194	0.00968249970187	1.42174033302e-12	1.9285936023e-05	100.0
0.000205593741268	-0.000833500543267	-0.000102978721515	0.0230396057776	-0.101636091981	-0.0115669134687	1.42174033302e-12	1.9285936023e-05	100.0
0.000436890193384	-0.000443713262351	-0.000880559379713	0.0516627731983	-0.0543411546642	-0.106754917023	1.42174033302e-12	1.9285936023e-05	100.0
-3.80632768505e-05	-0.00118963613083	-0.000779043649383	-0.00654638656597	-0.14591230306	-0.0947275547946	1.42174033302e-12	1.9285936023e-05	100.0
3.52628148056e-05	-0.00148574194826	-0.00012263111144	0.00135388330416	-0.183743242035	-0.012254310175	1.42174033302e-12	1.9285936023e-05	100.0
0.000402643821768	-0.00143910970338	-0.000699265957667	0.0475876518955	-0.176923642323	-0.0848967375792	1.42174033302e-12	1.9285936023e-05	100.0
6.10609150221e-05	-0.000559227509172	0.000799821795726	0.00559686905037	-0.0679506369067	0.0968093002349	1.42151151388e-12	1.9282832087e-05	100.0
-0.000469639407635	-0.000425833044888	7.1488285254e-05	-0.0584607242098	-0.0493129477867	0.00806740109826	1.42151151388e-12	1.9282832087e-05	100.0
4.51331867333e-05	-0.000505550772355	0.000444914322721	0.00362171844237	-0.0601938252425	0.0528364418678	1.42151151388e-12	1.9282832087e-05	100.0
-0.000425280794983	-0.000779322537309	8.94929658648e-05	-0.0537346919175	-0.0941312954107	0.0109693837478	1.42151151388e-12	1.9282832087e-05	100.0
1.93152994129e-05	-0.0014586430393	5.82033988095e-06	-0.00120081398241	-0.182145424757	-0.000496342067222	1.42131035419e-12	1.9280103352e-05	100.0
0.000125559669233	-0.00162717838477	0.000440877611148	0.0133564077674	-0.200035341027	0.0526838282053	1.42131035419e-12	1.9280103352e-05	100.0
0.000331094464047	-0.000426702060219	5.71591573422e-05	0.0373015124912	-0.0506906821363	0.00641836627467	1.42131035419e-12	1.9280103352e-05	100.0
3.02660664334e-06	-0.00160184770939	0.00108056321446	-0.00143635828498	-0.196899814521	0.132022075235	1.42131035419e-12	1.9280103352e-05	100.0
5.2299110873e-05	-0.0012197225634	-3.15313050736e-05	0.00408610983348	-0.150816802515	-0.00324470786364	1.42131035419e-12	1.9280103352e-05	100.0
3.92807071805e-05	-0.00076129902008	-0.000147246633043	0.0026772784931	-0.0925504991054	-0.0171709438409	1.42131035419e-12	1.9280103352e-05	100.0
5.42729248452e-05	-0.00180598130532	6.94687125182e-05	0.00389121341674	-0.219626723557	0.00758398261725	1.42131035419e-12	1.9280103352e-05	100.0
2.16369581202e-05	-0.00140961806751	1.0750979981e-05	-0.000356855780199	-0.175451508129	0.00221887956339	1.42131035419e-12	1.9280103352e-05	100.0
0.000108518827394	-0.000753887017056	-0.000115572665213	0.0110496398908	-0.0916111960879	-0.013091919703	1.42131035419e-12	1.9280103352e-05	100.0
0.000160874350453	-0.000184746757395	5.55334919663e-05	0.0141768666166	-0.017814924087	0.00599471258884	1.42088339276e-12	1.9274311612e-05	100.0
-0.000277253659814	-0.00176260591188	0.00104499393333	-0.0359542123381	-0.216746836646	0.127823732532	1.42088339276e-12	1.9274311612e-05	100.0
0.000282021508211	-0.00117289448579	-0.000403523948105	0.0325927096673	-0.144224190717	-0.0484216280677	1.42088339276e-12	1.9274311612e-05	100.0
-0.000296449348533	-0.00158421408715	0.000611616640644	-0.0382163463259	-0.19460607927	0.0742715100818	1.42068273597e-12	1.9271589698e-05	100.0
-0.000375092053914	-0.00091021247878	-0.000119136763816	-0.0475684729836	-0.110602101855	-0.0147925418499	1.42068273597e-12	1.9271589698e-05	100.0
-0.000317966885273	-0.00177745026106	-0.000296551808087	-0.0405666035497	-0.218102781415	-0.0355219042022	1.42026935282e-12	1.9265982148e-05	100.0
-0.000506981941816	-0.00131840671125	-0.000365252673005	-0.0639792410219	-0.161563095447	-0.0441431512672	1.42026935282e-12	1.9265982148e-05	100.0
0.000415842810255	-0.000584223625918	0.00028807519999	0.0484926829701	-0.0709662030563	0.0340479786893	1.42003852208e-12	1.9262850924e-05	100.0
0.000557577522592	-0.00067206204433	0.00045326679238	0.0662813401998	-0.0821968521658	0.0543928116985	1.42003852208e-12	1.9262850924e-05	100.0
0.000134632530816	-0.00105929437377	1.38845181003e-05	0.0143235687801	-0.130310083687	0.00120107165936	1.42003852208e-12	1.9262850924e-05	100.0
0.000109758682227	-0.000738059333554	2.50029117594e-05	0.0112152323427	-0.0896257730778	0.00250735357466	1.42003852208e-12	1.9262850924e-05	100.0
0.000495969673103	0.000179280924003	0.000337457788381	0.0567061664432	0.0213957700871	0.0390626919219	1.42003852208e-12	1.9262850924e-05	100.0
0.00041067016871	-7.94530545547e-05	0.00055944607618	0.047444275876	-0.00948154629085	0.066254037418	1.42003852208e-12	1.9262850924e-05	100.0
0.000135844383673	-0.00167990117863	0.000380068832624	0.0145088115315	-0.206145246561	0.0451641392725	1.42003852208e-12	1.9262850924e-05	100.0
0.00048567806424	6.96721233346e-06	-0.000244202417361	0.0549381870557	0.00104697960874	-0.0280724271428	1.42003852208e-12	1.9262850924e-05	100.0
-0.000272805264848	-0.000817659918404	0.000232087984004	-0.0351252907747	-0.0989950817976	0.028142913723	1.42003852208e-12	1.9262850924e-05	100.0
0.000266820587955	-0.000528143460955	-0.000204134416393	0.0299025356002	-0.0634576318194	-0.0237436624175	1.42003852208e-12	1.9262850924e-05	100.0
-0.000101674999015	-7.59725815469e-05	-0.000143759009158	-0.012739249898	-0.000870208596723	-0.012671885361	1.42003852208e-12	1.9262850924e-05	100.0
-0.00044780124206	-0.00215539685686	0.00011729439391	-0.0567394192014	-0.26423481584	0.0142979039976	1.42003852208e-12	1.9262850924e-05	100.0
0.000389088165551	-0.000240147898629	-0.000374587973818	0.0444373347535	-0.0284269864501	-0.0437662692485	1.42003852208e-12	1.9262850924e-05	100.0
-0.000610811170977	-0.00198770611305	-2.61723874603e-05	-0.0767613114338	-0.243850956842	-0.00293501127253	1.42003852208e-12	1.9262850924e-05	100.0
0.000215115163842	-0.00164077941244	-0.000533488597094	0.0244098009383	-0.201614277366	-0.0643205782657	1.42003852208e-12	1.9262850924e-05	100.0
0.000235978351602	-5.87476511723e-05	0.000201107797552	0.0229950201789	-0.00396431238727	0.0205903146482	1.41985596967e-12	1.9260374597e-05	100.0
-0.000332577712378	-0.000175214027375	-8.41573498212e-05	-0.0400163869568	-0.0162604656069	-0.00901000800363	1.41985596967e-12	1.9260374597e-05	100.0
-7.48527050058e-05	-0.00151000718401	-9.54753902724e-05	-0.0102072129856	-0.188032507258	-0.00889797231591	1.41985596967e-12	1.9260374597e-05	100.0
-0.00025632848807	-0.00137405494656	-0.00026127174008	-0.0327731891777	-0.168775774968	-0.0311298224042	1.41985596967e-12	1.9260374597e-05	100.0
0.000399724177906	5.42243006244e-07	0.000165414311281	0.0432973072883	0.00136800112139	0.0180050727459	1.41962061283e-12	1.9257181977e-05	100.0
0.000360867623492	-0.000893037918687	-0.000724878632848	0.0423497514907	-0.109501258504	-0.0878287950908	1.41962061283e-12	1.9257181977e-05	100.0
-6.04364659316e-05	-0.0022463479649	-0.000639759693445	-0.00925733574269	-0.275875410842	-0.0779514776696	1.41962061283e-12	1.9257181977e-05	100.0
0.000396573285217	0.00026883889725	2.57952875736e-05	0.0417948810126	0.0303408938026	0.00269925103166	1.41944308941e-12	1.9254773868e-05	100.0
1.17632297456e-05	-0.00150233446852	6.55904152806e-05	-0.00214857452602	-0.186999566895	0.00510015035173	1.41920572098e-12	1.925155396e-05	100.0
-0.000198428871114	-0.000413552978545	0.000576642617173	-0.0259668755342	-0.0491953701308	0.0685634196007	1.4186188376e-12	1.9243592876e-05	100.0
-0.000340416209834	-0.000335736030165	0.000153598110197	-0.0423821614666	-0.0375658924224	0.0171246310722	1.4186188376e-12	1.9243592876e-05	100.0
0.00027197195391	-0.000109638111433	-0.00120425256581	0.0315546854993	-0.0135186788664	-0.14649195931	1.4186188376e-12	1.9243592876e-05	100.0
0.0003839006084	-0.000583130172119	0.000103473955388	0.0443752909069	-0.0706036387345	0.01162361506	1.41757230433e-12	1.9229396631e-05	100.0
0.000301323541218	-0.00128642422094	0.000807090388486	0.0351408137211	-0.158169216261	0.0980953902421	1.41757230433e-12	1.9229396631e-05	100.0
7.00354048488e-05	-0.001337209625	2.43470624719e-06	0.00592622748718	-0.165874396107	-0.00023488536095	1.41757230433e-12	1.9229396631e-05	100.0
0.00016552539823	-0.000514913698287	5.16052796519e-05	0.0174873492435	-0.061238580148	0.00558134854913	1.41757230433e-12	1.9229396631e-05	100.0
0.000410739052143	-0.000216415946835	0.000883618941443	0.0482694382773	-0.0264494075111	0.106774340202	1.41757230433e-12	1.9229396631e-05	100.0
0.000258778292972	-0.00129972727419	0.000958144611279	0.0299657486829	-0.159594068633	0.116721963936	1.41757230433e-12	1.9229396631e-05	100.0
0.000438704274445	-0.000565653719696	-0.000156864155507	0.0512405288726	-0.0686432948979	-0.0185212065635	1.41757230433e-12	1.9229396631e-05	100.0
-0.000390692195173	-0.00226973678343	0.000231718365902	-0.0497903848707	-0.278411528443	0.0281453570268	1.41757230433e-12	1.9229396631e-05	100.0
0.000175949738535	-0.000720754532437	-0.000209649970292	0.0192919279855	-0.0876263068871	-0.0245285582711	1.41757230433e-12	1.9229396631e-05	100.0
0.000155092203248	8.31402344953e-05	-0.000643052506763	0.0164562178466	0.0104075111792	-0.0755970466708	1.41757230433e-12	1.9229396631e-05	100.0
-6.74792391347e-05	-0.00206682508135	-6.58936601281e-05	-0.0101603454891	-0.25278959485	-0.00798219239117	1.41757230433e-12	1.9229396631e-05	100.0
-0.000291142084544	-0.000579850261625	-0.000830939791311	-0.0374368266332	-0.0704078556304	-0.100565391529	1.41738572873e-12	1.9226865729e-05	100.0
-0.000191238532842	-0.000155861969592	-0.000469794824185	-0.024668881261	-0.0172414619578	-0.0536493509372	1.41738572873e-12	1.9226865729e-05	100.0
5.43628116747e-05	-0.00138503945404	0.000113496756261	0.00406355100607	-0.171530772937	0.0123230679805	1.41677168879e-12	1.9218536265e-05	100.0
0.000120678340297	-0.00139708305608	0.000185472758363	0.0122898465848	-0.172387072969	0.0210652303165	1.41677168879e-12	1.9218536265e-05	100.0
0.000241899710749	-0.000261329053295	3.56890693311e-06	0.0248736182907	-0.0290227334654	0.000830873238248	1.41677168879e-12	1.9218536265e-05	100.0
-0.000566864362977	-0.00194840355452	0.000178704597658	-0.0714102067863	-0.239329159246	0.0213545216869	1.41677168879e-12	1.9218536265e-05	100.0
0.000359600466165	-0.000661086489341	-0.000217194838736	0.0416602290772	-0.0805070746241	-0.0254666115134	1.41677168879e-12	1.9218536265e-05	100.0
0.00055643660866	-0.000258017669372	-0.000783184213798	0.0661016439673	-0.0316043922565	-0.0946313224238	1.41677168879e-12	1.9218536265e-05	100.0
-0.000318638443769	-0.00202846814483	-0.000324413620942	-0.0408472333929	-0.248846353926	-0.039005559858	1.41677168879e-12	1.9218536265e-05	100.0
-0.000134975554589	-0.002135527429	-0.000157017969314	-0.0184129864351	-0.261531260871	-0.0189304321648	1.41677168879e-12	1.9218536265e-05	100.0
-0.000201111294741	-0.00124311570185	-9.31231279083e-05	-0.0260442042843	-0.152989739573	-0.0109884458771	1.41656600301e-12	1.9215746133e-05	100.0
-0.000241479505945	-0.00036805270354	-0.000172612661124	-0.0305237262605	-0.0413175873557	-0.0195557625484	1.41656600301e-12	1.9215746133e-05	100.0
-3.96546098787e-05	-0.000503355202669	0.000940071736663	-0.00667649367657	-0.061177673992	0.113951393997	1.41615664305e-12	1.9210193157e-05	100.0
-0.000259282628466	-0.000386737009727	0.000244749730726	-0.032830369989	-0.0440338803263	0.0284915767736	1.41615664305e-12	1.9210193157e-05	100.0
-0.00049048970693	-0.00130123061444	0.000372901335701	-0.061996082314	-0.159561983395	0.0453754891323	1.41615664305e-12	1.9210193157e-05	100.0
-0.000443137627981	-0.000973407516488	-7.33193002726e-06	-0.0560111467311	-0.118540215325	-0.000665223792149	1.41615664305e-12	1.9210193157e-05	100.0
3.71923404228e-06	-0.000584799203268	-0.00109590443883	-0.00133257240484	-0.0714100796656	-0.133388131915	1.41615664305e-12	1.9210193157e-05	100.0
-0.000269953385085	-0.000787335265461	-0.000737633483175	-0.034869319429	-0.0959654674649	-0.0892964633071	1.41615664305e-12	1.9210193157e-05	100.0
-0.000129275937475	-0.000461596668655	-0.000869860101023	-0.0176533933734	-0.0562015448415	-0.10495932562	1.41615664305e-12	1.9210193157e-05	100.0
-0.000167474597404	-9.56805279248e-05	-0.000332511606317	-0.0212551390861	-0.00854288269336	-0.035465145416	1.41615664305e-12	1.9210193157e-05	100.0
5.94374263163e-05	-0.000783256699188	4.46491442201e-05	0.00508437488795	-0.0954187227167	0.00556704010632	1.41598062832e-12	1.9207805514e-05	100.0
0.000243390780983	-0.00129050924713	-0.000142704357402	0.0275118938201	-0.159112632363	-0.0163493411014	1.41598062832e-12	1.9207805514e-05	100.0
0.000350992475403	-0.000451361783708	0.00131587820575	0.0413554001962	-0.0555183165644	0.160626710726	1.41574778599e-12	1.9204647003e-05	100.0
-0.000404811943149	-5.17017189851e-05	4.56502303432e-05	-0.0475272170503	-0.00125309188928	0.00487400786477	1.41574778599e-12	1.9204647003e-05	100.0
-0.000126410035447	-0.000486374499507	-0.000572371889856	-0.0171987895715	-0.0581566052023	-0.0687357835602	1.41574778599e-12	1.9204647003e-05	100.0
-0.000417535603567	-0.000640651287712	-0.00031585266615	-0.0528007170512	-0.0769567930391	-0.0376551532349	1.41574778599e-12	1.9204647003e-05	100.0
0.00013861923375	-0.00113495377304	0.000160406795436	0.0148153232799	-0.139679478015	0.0184788158564	1.41558886983e-12	1.9202491302e-05	100.0
7.79825566194e-05	-0.00134681042242	0.000218223043966	0.00725547044826	-0.166011091757	0.0250476056377	1.41558886983e-12	1.9202491302e-05	100.0
0.000324396928893	-0.000141306562688	0.00071672244089	0.0374363758355	-0.01681036569	0.0857806033937	1.41558886983e-12	1.9202491302e-05	100.0
0.000413034617217	-0.00132558569452	-0.000683352860516	0.0488070231643	-0.163093598818	-0.0828690618981	1.41558886983e-12	1.9202491302e-05	100.0
