# x[AU] y[AU] z[AU] vx[AU/yr/2pi] vy[AU/yr/2pi] vz[AU/yr/2pi] m[MSUN] m[mtot] wf[%]
7.37489684718e-06	0.000156844390305	6.34464391358e-08	0.00116424063229	0.0193549578139	-7.69114387938e-07	6.65815984968e-08	0.906339284411	19.7531769967
-8.01651163481e-05	-0.00157055901688	3.78489107481e-07	-0.012482486766	-0.193598812297	6.07012766436e-05	6.25478820651e-09	0.0851430484544	8.44311867002
-1.39703169486e-05	-0.0014182845006	4.4346333409e-06	-0.00448438856608	-0.178229210429	-0.000185116887951	2.74840515572e-11	0.000374125526909	11.9070973211
-8.12024186566e-07	-0.00132302569708	4.61849424065e-05	-0.00227381019776	-0.16472948483	0.0042798376685	1.45552902483e-11	0.000198133292764	0.0
-4.34406132032e-06	-0.00133560058352	8.54821337708e-06	-0.0027692805974	-0.166857193224	0.000830387649513	9.723541718e-12	0.00013236131365	0.0
1.60557332491e-05	-0.00109413067355	8.61312187179e-05	3.2554903528e-05	-0.135032147893	0.00965804253886	9.64202929891e-12	0.00013125172919	0.0
-6.54609196794e-06	-0.00136084646872	5.66148869277e-06	-0.00285824923263	-0.170141540399	0.000801562107847	4.87753951531e-12	6.6395307016e-05	0.0
-1.25037158634e-05	-0.00136386429082	2.08493423068e-05	-0.00354547350187	-0.170541744066	0.00163148928641	4.87055776552e-12	6.6300268233e-05	0.0
-4.46056895573e-06	-0.0012758604033	-1.61847519745e-05	-0.00249252007651	-0.158811635387	-0.00136587474836	9.71826127626e-12	0.000132289433858	0.0
-1.31500640183e-05	-0.00129255293104	4.24436388793e-05	-0.00358617897709	-0.161093661662	0.00429678928101	4.8582830015e-12	6.613317851e-05	0.0
2.09116533134e-05	-0.00117836147804	-2.86107977892e-05	0.000607798481203	-0.145979169922	-0.00307073422871	4.8582830015e-12	6.613317851e-05	0.0
1.49968093971e-05	-0.000998304396855	1.73327649449e-05	0.000146913623539	-0.122611405743	0.0019366254781	4.85652335715e-12	6.6109225423e-05	0.0
-4.39405565927e-05	-0.000867600383079	8.8055592938e-05	-0.00722648197481	-0.106073719706	0.0103043290904	9.68292858328e-12	0.00013180846902	0.0
-1.38566354595e-05	-0.00144730579965	9.89056273914e-06	-0.00452734230819	-0.181746272192	-0.0012040035632	4.85300004526e-12	6.6061264484e-05	0.0
2.70986374361e-05	-0.000974385917225	1.66562715893e-05	0.00139675983961	-0.119897166648	0.00201388464943	1.45111497785e-11	0.000197532432422	0.0
-8.8779491465e-06	-0.00141632792839	3.10734952366e-05	-0.00381108543418	-0.177195225862	0.00146698092196	4.84770351074e-12	6.5989165625e-05	0.0
-4.89297880628e-05	-0.000970678326907	2.89791927653e-05	-0.0078014705937	-0.119378810063	0.00357273824416	4.8459353171e-12	6.5965096161e-05	0.0
-1.87376335698e-06	-0.00117551356899	6.66846031599e-05	-0.00204675731656	-0.145452058056	0.00749560942705	4.84239390084e-12	6.5916888777e-05	0.0
1.63651122589e-05	-0.00109597632214	3.33606511045e-05	3.61020853428e-05	-0.135367877823	0.00393205975978	4.83884594688e-12	6.5868592399e-05	0.0
-1.88530119366e-05	-0.00083631427008	0.000103098542258	-0.00422921277539	-0.102156347015	0.0120508169543	4.83884594688e-12	6.5868592399e-05	0.0
-1.99233682014e-06	-0.00140490569101	4.01258162393e-05	-0.00310887822528	-0.175909834505	0.00295130912528	4.83884594688e-12	6.5868592399e-05	0.0
-3.44657302746e-06	-0.00131294007623	7.66261805824e-07	-0.00271474937055	-0.163918616033	0.00051182561634	4.83884594688e-12	6.5868592399e-05	0.0
2.87488644396e-05	-0.000909388417385	6.73008422907e-05	0.0016099148101	-0.111467222691	0.00786008497378	4.83529246104e-12	6.5820220719e-05	0.0
3.69861549346e-06	-0.00100346187541	-1.74121369977e-05	-0.00134781823326	-0.123526109442	-0.00174499806808	4.83351320362e-12	6.579600065e-05	0.0
1.4800931454e-05	-0.00115710440089	9.11185119629e-05	-0.00026233253738	-0.143200505721	0.0105569702932	4.8317324375e-12	6.5771760044e-05	0.0
5.81288615166e-06	-0.00122395435505	-5.28386595104e-05	-0.00135947610979	-0.151913273449	-0.00579006815336	4.8317324375e-12	6.5771760044e-05	0.0
5.08430847846e-05	-0.000876595418146	-1.27365216563e-05	0.0042315374696	-0.10737249663	-0.00122687830988	4.8317324375e-12	6.5771760044e-05	0.0
9.95845439664e-05	-0.000983289665767	-7.95403835785e-05	0.0102267191856	-0.120940898032	-0.00904462867306	4.8317324375e-12	6.5771760044e-05	0.0
2.86305138834e-06	-0.00132585368797	-3.09921600976e-05	-0.00187715877709	-0.165203692952	-0.00259290119458	4.8317324375e-12	6.5771760044e-05	0.0
0.000122887897869	-0.000866372196433	-0.000244343784052	0.0131403881474	-0.106043695503	-0.02914976152	4.8317324375e-12	6.5771760044e-05	0.0
2.3776619471e-05	-0.000902270724031	-3.40496809518e-05	0.0011095722555	-0.110693835924	-0.00403218912522	4.82995016269e-12	6.5747498901e-05	0.0
6.83333785713e-05	-0.000481130618619	-0.000101041538788	0.00603078782502	-0.0563983584243	-0.012133601808	4.82459328026e-12	6.5674578558e-05	0.0
-5.65640762158e-05	-0.00086304654863	6.97100567355e-05	-0.00867567049654	-0.1057365772	0.00833961582735	4.82101464945e-12	6.5625864593e-05	0.0
5.56559302856e-05	-0.00101162162557	-1.72897593801e-05	0.00479323342545	-0.12464202475	-0.00165104001751	6.46005069224e-12	8.793717564e-05	25.3718758702
1.18004008663e-05	-0.00115719943566	-7.40582211308e-05	-0.00057453028378	-0.143177921073	-0.00812766418481	4.82101464945e-12	6.5625864593e-05	0.0
4.51202005945e-05	-0.000851210080893	-2.81999492136e-05	0.00362995930333	-0.104364353589	-0.003140881032	4.81742948096e-12	6.5577061634e-05	0.0
6.2628503302e-05	-0.000336789508335	-1.92424187018e-05	0.00491103415773	-0.0370263930535	-0.002118299347	4.81742948096e-12	6.5577061634e-05	0.0
-3.1603315033e-05	-0.00169449860525	0.000117684638268	-0.00624779180849	-0.20636128644	0.0120947421673	4.81742948096e-12	6.5577061634e-05	0.0
1.68655287705e-05	-0.00131946074872	-0.000115239236958	-0.000216881974976	-0.163794997193	-0.012478601871	4.81742948096e-12	6.5577061634e-05	0.0
6.21205991397e-06	-0.00134424415848	-4.99281179602e-05	-0.00159697164266	-0.167260534201	-0.00435475098778	4.81742948096e-12	6.5577061634e-05	0.0
4.34807530018e-05	-0.00103415666156	6.55345112509e-05	0.0033024105306	-0.127490094211	0.00730618343611	4.81563463366e-12	6.5552629348e-05	0.0
0.000117661191845	-0.000750985080699	0.000214973929525	0.0123623161608	-0.0914340534524	0.0252965995341	4.81563463366e-12	6.5552629348e-05	0.0
3.73004766952e-05	-0.0010661588827	-0.000157306329989	0.00260298346776	-0.131298351482	-0.0183551915591	4.81563463366e-12	6.5552629348e-05	0.0
5.43834194105e-05	-0.000748547417661	-0.000221753427658	0.00459129647628	-0.0911304262722	-0.0261723659706	4.81024003379e-12	6.5479195578e-05	0.0
-6.89909715005e-05	-0.00105370384226	-0.000172999559866	-0.0102845819005	-0.129540651265	-0.0204479962925	4.81024003379e-12	6.5479195578e-05	0.0
-4.68574205368e-05	-0.000332894094688	4.56787676397e-05	-0.00743302897191	-0.0357344330172	0.00565198846811	1.68497488018e-12	2.2936651591e-05	100.0
-0.000159961405915	-0.00053562887971	7.37834122996e-05	-0.0211794256872	-0.0630414566172	0.00861311449058	1.68195044431e-12	2.2895481581e-05	100.0
-8.58610337894e-05	-0.00051047901262	-8.12131142786e-05	-0.0123571202299	-0.0599393186889	-0.00979673689483	1.67746005723e-12	2.2834356371e-05	100.0
-8.67426247064e-05	-0.00048680338017	-0.000160629229578	-0.0124279401091	-0.056876525294	-0.0187408158084	1.67597499585e-12	2.2814141034e-05	100.0
3.64668480886e-06	-0.000122059172324	-1.78537462653e-05	-0.00250198348635	-0.00503436647588	-0.000527685878427	1.67498780469e-12	2.2800702935e-05	100.0
9.47298786185e-05	-0.000273128788383	-0.000250618701426	0.00900132819052	-0.0294380345769	-0.0284718874139	1.67498780469e-12	2.2800702935e-05	100.0
-4.69094369663e-05	-0.000486094212951	-0.000482788465825	-0.00764257267472	-0.0579179583319	-0.0581956307187	1.6720428269e-12	2.2760614545e-05	100.0
-0.000124280674284	-0.000714610724804	-0.000101814782481	-0.0169915979315	-0.0863155908508	-0.0121372110135	1.67155400886e-12	2.2753960529e-05	100.0
-0.00026022123857	-0.000498581290883	-0.000210861287794	-0.0334812820494	-0.0586688707684	-0.0249756839561	1.67155400886e-12	2.2753960529e-05	100.0
-0.000268059854859	-0.000485188697335	-0.000267920613124	-0.0344214094099	-0.0572084138181	-0.0316062255075	1.6662182482e-12	2.2681327706e-05	100.0
-0.000217061175978	-0.00115319349362	-0.000121156807187	-0.0282887914471	-0.1420661949	-0.0147085792517	1.66429566451e-12	2.2655156614e-05	100.0
-0.000234532382398	-0.000454703085423	-0.00023262116928	-0.0302417800205	-0.0530033934852	-0.0274442859392	1.66429566451e-12	2.2655156614e-05	100.0
0.00029990294525	1.89697891409e-05	0.000260705638433	0.0313608936608	0.00399517093644	0.0281046305362	1.66142913899e-12	2.2616136153e-05	100.0
-0.000216640728283	-0.000788631152088	0.00026335717374	-0.0284544386565	-0.0958808403938	0.0320751149324	1.66047815657e-12	2.2603190943e-05	100.0
-0.000257496635465	-8.65724540089e-05	-2.14706393458e-05	-0.0295651632799	-0.00325740995188	-0.00243264942807	1.66047815657e-12	2.2603190943e-05	100.0
5.87896585757e-05	-0.000516257947601	0.000869436780226	0.00527948485027	-0.0629525502379	0.105851798796	1.65952918576e-12	2.2590273117e-05	100.0
9.20809526602e-05	-0.000562917792218	-0.000583314052451	0.00946869399204	-0.0680389319693	-0.0705583668025	1.65952918576e-12	2.2590273117e-05	100.0
-8.67559063526e-05	-0.000207533350526	-0.000277565806871	-0.0122632527066	-0.0210439109367	-0.030571329597	1.65952918576e-12	2.2590273117e-05	100.0
-0.000203777416372	-0.000862094362483	0.000247588396664	-0.0267679951381	-0.105111330474	0.0299083859052	1.6590554547e-12	2.2583824472e-05	100.0
-0.000132601597858	-0.000984418817333	0.00011812947736	-0.0180044042839	-0.120741282208	0.0141336582932	1.6590554547e-12	2.2583824472e-05	100.0
0.000173076918374	-8.12748471292e-05	-0.000260868084548	0.0166503304614	-0.00652870458988	-0.0273159469397	1.65858272944e-12	2.2577389519e-05	100.0
-0.000154802988068	-0.000948286803657	-0.000304881281322	-0.0208126511786	-0.116236515905	-0.0371979926774	1.65763828471e-12	2.2564533304e-05	100.0
-0.000204761528909	-0.000463318399103	-0.000258084085244	-0.0266748462979	-0.0541935861832	-0.0302870893354	1.65763828471e-12	2.2564533304e-05	100.0
-1.4781201458e-05	-0.0012182143269	-0.00076461175794	-0.00367066582066	-0.149993045371	-0.0936721341694	1.65669585158e-12	2.2551704472e-05	100.0
-5.36504448683e-05	-0.00055773028494	-0.000479662161301	-0.00843290947077	-0.066970640941	-0.0578597326654	1.65669585158e-12	2.2551704472e-05	100.0
-2.25838813313e-05	-0.000189918647171	0.000252619482819	-0.00492861196226	-0.0183296039073	0.0273880741379	1.65575593295e-12	2.2538909868e-05	100.0
-0.000295630266755	-0.000349165119975	-4.61797214029e-05	-0.0371417419308	-0.0388289585397	-0.0052313770796	1.65575593295e-12	2.2538909868e-05	100.0
4.09180703018e-06	-0.00140549715839	1.55183856237e-05	-0.00221482860905	-0.176091231352	0.00223107523949	1.65575593295e-12	2.2538909868e-05	100.0
-0.000190154743887	-0.00119294540447	-0.000293840971728	-0.0250850069528	-0.146891402174	-0.0358378882567	1.65575593295e-12	2.2538909868e-05	100.0
-7.60286136546e-05	-0.000119906366214	-0.000441872702156	-0.0112480463069	-0.0126484753688	-0.0498786069959	1.65575593295e-12	2.2538909868e-05	100.0
7.82960880606e-05	-0.000676156379544	0.000598936037209	0.00787461878691	-0.0821707388642	0.0728428012767	1.65481752302e-12	2.2526135801e-05	100.0
-8.43316085514e-05	-0.000415851184358	0.000230718778773	-0.0121516068568	-0.0478515126005	0.02652153938	1.65481752302e-12	2.2526135801e-05	100.0
-0.000270908003104	-0.00150254147508	0.000377703756154	-0.0350653582046	-0.185265356635	0.0456128522361	1.65481752302e-12	2.2526135801e-05	100.0
-5.79580206953e-05	-0.00106340510427	4.03868309999e-05	-0.00869406470943	-0.130762199641	0.00456074723858	1.65481752302e-12	2.2526135801e-05	100.0
-4.91505410792e-05	-0.00134926297256	-1.05071984003e-05	-0.00724539489127	-0.168301926283	-0.00137151882878	1.65434932385e-12	2.2519762459e-05	100.0
-0.000174113286139	-0.00110946919373	-0.000241762056564	-0.0231098842275	-0.136683692834	-0.0297074027069	1.65434932385e-12	2.2519762459e-05	100.0
-0.000143019236303	-0.000476034882146	-0.000243802455532	-0.0192140087301	-0.0555744683748	-0.0287867598743	1.65434932385e-12	2.2519762459e-05	100.0
-0.000139790443969	-0.00159502848138	0.00025635744034	-0.0186882267512	-0.196349039979	0.0295722797784	1.65388162758e-12	2.2513395963e-05	100.0
0.000167740262703	-0.00115101823832	-0.000724365270662	0.0187768013826	-0.141624196457	-0.0884183043436	1.65341443421e-12	2.2507036312e-05	100.0
2.7367221192e-05	-0.000229078731058	0.00057231017744	0.00114061991483	-0.0267654352618	0.0674501153067	1.65294774374e-12	2.2500683507e-05	100.0
-0.00034744051968	-0.00180876602544	0.000149690339917	-0.0442641557128	-0.222479175832	0.0181060638489	1.65294774374e-12	2.2500683507e-05	100.0
-0.000279417785176	-0.00158492523751	-5.78354172323e-06	-0.034025646228	-0.194962324826	-0.000665244662014	1.65294774374e-12	2.2500683507e-05	100.0
-5.94672738333e-05	-0.000168553281173	0.000354733304115	-0.00912936746163	-0.0169884548683	0.0396972500378	1.6520158715e-12	2.2487998434e-05	100.0
-0.000295470369105	-0.00110322503314	0.000516222104717	-0.0382199041509	-0.135596073259	0.0630815680983	1.6520158715e-12	2.2487998434e-05	100.0
0.00022003194105	-0.000816210221901	-0.000780775396892	0.0252647167398	-0.100063617452	-0.0951580387969	1.6520158715e-12	2.2487998434e-05	100.0
-9.32709007736e-05	-0.000581676701485	-0.000526428552716	-0.0133838864584	-0.0701944520784	-0.0632115318604	1.6520158715e-12	2.2487998434e-05	100.0
-0.000146774593918	-0.000529367612423	0.00029816487523	-0.0196632821552	-0.0626934111414	0.0355916574671	1.65155068973e-12	2.2481666166e-05	100.0
-0.000305070404094	-0.000285578978104	-0.000144543405824	-0.0380056709236	-0.030818008617	-0.0164965901575	1.65155068973e-12	2.2481666166e-05	100.0
0.000204199804262	-0.000250676136542	-0.000671330229502	0.0227921487786	-0.0300971569016	-0.0802873310483	1.65155068973e-12	2.2481666166e-05	100.0
-0.000168073799569	-0.00165811183033	0.000447160742155	-0.0225292291471	-0.204312873282	0.0541020323435	1.65108601085e-12	2.2475340744e-05	100.0
-0.000117052876977	-0.000855246222699	-0.000565093045572	-0.0163237857383	-0.104519106719	-0.0686005097998	1.65108601085e-12	2.2475340744e-05	100.0
-3.02751829341e-05	-0.000682696107853	-0.000259652981725	-0.00556715887372	-0.0824105770312	-0.0307803585137	1.65108601085e-12	2.2475340744e-05	100.0
-0.000457047224303	-0.00157492014905	0.000158852518988	-0.0577190493056	-0.193936108962	0.0190529222711	1.64877066287e-12	2.2443823165e-05	100.0
-0.000196088722478	-0.00146443972448	4.46968050021e-05	-0.0235246794474	-0.182045618053	0.00480584445764	1.64877066287e-12	2.2443823165e-05	100.0
-0.000358638330539	-0.00139682032954	0.000580319950844	-0.0461627722018	-0.172136915528	0.0709738112521	1.64784784281e-12	2.2431261314e-05	100.0
-0.000275346551527	-0.00105624368188	0.000176101035494	-0.0356161002951	-0.129592247331	0.0215239318948	1.64784784281e-12	2.2431261314e-05	100.0
5.60216992647e-05	-0.00156004487837	-0.000862526624451	0.00498306756281	-0.192379896092	-0.105597589262	1.64784784281e-12	2.2431261314e-05	100.0
9.69014033901e-06	-0.000634819731823	-0.000617725061384	-0.000726983421093	-0.0769768382008	-0.0746958944024	1.64784784281e-12	2.2431261314e-05	100.0
-7.83036204806e-05	-1.53521584729e-06	0.000269637364411	-0.0109016746219	0.00368964645498	0.0250809566479	1.64738718713e-12	2.2424990658e-05	100.0
-0.000174681155712	-0.00108129239322	4.1471341325e-05	-0.0230400225438	-0.132956188153	0.00512869880858	1.64738718713e-12	2.2424990658e-05	100.0
-0.000246245276438	-0.00140779164218	-5.73116967226e-05	-0.0307757455547	-0.174346115225	-0.00614588633354	1.64738718713e-12	2.2424990658e-05	100.0
0.000335164389148	-0.000481885860859	0.000875961863072	0.0392271278125	-0.0588499946479	0.106599770062	1.64692703435e-12	2.2418726847e-05	100.0
-0.000446035109389	-0.000530414338778	-1.09786379112e-06	-0.0562341882805	-0.0628471588283	-0.000394963696638	1.64692703435e-12	2.2418726847e-05	100.0
4.35395797669e-05	2.87575861038e-05	0.000296920117253	0.00170014650534	0.00621508001457	0.0285487853047	1.64646738447e-12	2.2412469882e-05	100.0
7.31919083592e-05	-0.000721623781842	0.000777242689524	0.00709985180946	-0.0882079684546	0.0946003513954	1.64646738447e-12	2.2412469882e-05	100.0
-0.000301031517088	-0.00105847018704	0.000296810368003	-0.0387847046274	-0.129898700721	0.0359999116776	1.64646738447e-12	2.2412469882e-05	100.0
-0.000302934975718	-0.000226168988701	0.000121499647488	-0.0372480959646	-0.0228559105776	0.0135342057093	1.64646738447e-12	2.2412469882e-05	100.0
-0.000409033864611	-0.000361890387989	-1.34393124079e-05	-0.0510384989533	-0.0409843978051	-0.00160511629133	1.64646738447e-12	2.2412469882e-05	100.0
-0.000116810315503	-0.000463117504011	-0.000230615307093	-0.0160801430988	-0.0539248431725	-0.0269094213394	1.64646738447e-12	2.2412469882e-05	100.0
-0.000295267646079	-0.00139318092186	0.000626985891357	-0.0383607289133	-0.171497719592	0.0765853809034	1.64554909051e-12	2.2399969643e-05	100.0
-5.47813377092e-05	-0.00135341849715	1.49611235309e-05	-0.00791948938798	-0.168824961505	0.00104461103661	1.64554909051e-12	2.2399969643e-05	100.0
1.79193020199e-05	-0.00104505530953	0.000519460147089	0.000329381434296	-0.128321699645	0.0630237310456	1.64463331104e-12	2.2387503632e-05	100.0
-0.000414040318831	-0.00161979207716	-3.5240617392e-05	-0.0520727300754	-0.199185535582	-0.00396536220802	1.64463331104e-12	2.2387503632e-05	100.0
-0.000263372448141	-0.00159760149053	-0.000228067345219	-0.0335857109947	-0.196604633041	-0.0267461265515	1.64463331104e-12	2.2387503632e-05	100.0
0.000176665446636	-3.54236094244e-05	-0.000717479154535	0.0193206422647	-0.00393365769251	-0.0855452208165	1.64463331104e-12	2.2387503632e-05	100.0
3.57096964248e-05	-0.000819639854072	0.000700948255409	0.00250298230035	-0.100219253914	0.0852727535294	1.64326291068e-12	2.2368849113e-05	100.0
-4.24505787107e-05	-0.000773757841929	0.000418284407179	-0.00711520076424	-0.0940435918569	0.0504194625584	1.64326291068e-12	2.2368849113e-05	100.0
0.000544311710387	-5.78082127656e-05	0.000437863860906	0.0637298899335	-0.0069556585588	0.0518998164021	1.64326291068e-12	2.2368849113e-05	100.0
0.000185654655451	-0.000509007813124	-0.000556507691129	0.0207630417823	-0.0614148871992	-0.0670057706633	1.64280678109e-12	2.2362640068e-05	100.0
-8.28767695221e-05	-0.000592323628882	-0.000269975805284	-0.0119994446235	-0.0707544996966	-0.0318700019918	1.64280678109e-12	2.2362640068e-05	100.0
-0.000270652822835	-0.00123454680756	-0.000572408197057	-0.0352867497836	-0.15188035407	-0.0697932505721	1.6423516573e-12	2.2356444714e-05	100.0
6.7018717854e-05	-0.00022810953453	0.00073959452713	0.00611897547822	-0.0273252967834	0.0886022801764	1.64189653352e-12	2.235024936e-05	100.0
-0.000400123910113	-0.000378123870776	0.000123983238974	-0.0500336446236	-0.0432462383114	0.0141739503502	1.64189653352e-12	2.235024936e-05	100.0
-0.00028724823939	-0.00127124576847	0.000353676403551	-0.0371132810561	-0.156558048947	0.0428898554114	1.64189653352e-12	2.235024936e-05	100.0
-0.000316195814825	-0.000406105703676	-4.21614724921e-05	-0.0398391377272	-0.0462857861072	-0.0047829306387	1.64189653352e-12	2.235024936e-05	100.0
-0.000133856064918	-0.000886340206846	2.6112636162e-05	-0.0181084434873	-0.108333729257	0.00326222522789	1.64189653352e-12	2.235024936e-05	100.0
-0.000220759444359	-0.00162451133658	-4.16609233971e-05	-0.0261799094461	-0.199236810361	-0.00377431993975	1.64189653352e-12	2.235024936e-05	100.0
-3.79756144036e-05	-0.00152646788074	-0.000426150729925	-0.00641101926921	-0.18815206492	-0.0514463255818	1.64189653352e-12	2.235024936e-05	100.0
-0.000187932458099	-0.000482505749074	-0.000230850999031	-0.0245554815985	-0.0563391217245	-0.0272465466218	1.64189653352e-12	2.235024936e-05	100.0
-0.000316159907743	-0.00107031700372	-0.000511658585198	-0.040839486111	-0.131338278967	-0.062387369702	1.64098829754e-12	2.2337886035e-05	100.0
-4.97763184099e-05	-0.00142784248392	-0.00090617223598	-0.00800505617564	-0.175996130092	-0.111370830802	1.64098829754e-12	2.2337886035e-05	100.0
-9.75976973715e-05	-0.00045372792151	-0.000825028866938	-0.0139448431558	-0.0549455501419	-0.100144387429	1.64098829754e-12	2.2337886035e-05	100.0
-0.000210989576866	-0.000495361306476	-0.000540218685786	-0.0276883759497	-0.0592368189459	-0.0648303784409	1.64098829754e-12	2.2337886035e-05	100.0
-0.00013980414641	-0.000635747624214	0.000644413075553	-0.0190242555212	-0.0771698827006	0.078029090951	1.64053468244e-12	2.2331711218e-05	100.0
8.14695822405e-05	-0.000673608651503	9.85637291828e-05	0.00787523324445	-0.0815700390992	0.0118183365395	1.6401806414e-12	2.2326891849e-05	100.0
0.000321220685396	-0.000558370876939	0.000613333158852	0.0374979940473	-0.0678880664849	0.0741796387525	1.6401806414e-12	2.2326891849e-05	100.0
3.29526468695e-05	-0.00125431060216	4.21729247755e-05	0.00166150743087	-0.155899076432	0.00436082507372	1.6396058276e-12	2.231906722e-05	100.0
8.20999026559e-05	-0.000598316905055	0.000436140599995	0.00797149890251	-0.0724295357397	0.0521980798001	1.6396058276e-12	2.231906722e-05	100.0
0.000291506138255	-0.000288000041969	-0.000303681335031	0.0324530043695	-0.0336449251569	-0.0352554264539	1.6396058276e-12	2.231906722e-05	100.0
-0.000620149139683	-0.00205056820177	-2.47962828411e-05	-0.078379755733	-0.25256897792	-0.00301612243465	1.6396058276e-12	2.231906722e-05	100.0
-0.000126755472917	-0.000530079038618	0.000712681772281	-0.0174443514525	-0.0641658881854	0.0861810529528	1.63917685457e-12	2.2313227842e-05	100.0
-0.00023166679609	-0.000624374751311	0.000464182277903	-0.0302223148265	-0.0753364843624	0.0557583206154	1.63917685457e-12	2.2313227842e-05	100.0
0.000160134705052	-0.000932084271772	0.000783758216821	0.0178368484243	-0.114537413679	0.0955859839574	1.63917685457e-12	2.2313227842e-05	100.0
-8.32858721899e-05	-0.000828816793647	0.000522075911131	-0.012003281122	-0.101008017468	0.0635191473685	1.63917685457e-12	2.2313227842e-05	100.0
-0.000191930738858	-0.000967193069413	7.31040333317e-05	-0.0252782728936	-0.118491470719	0.00889831144152	1.63917685457e-12	2.2313227842e-05	100.0
-0.00031325213925	-0.00130216172094	-0.000133465807572	-0.0398396360776	-0.160516095094	-0.0157249131288	1.63917685457e-12	2.2313227842e-05	100.0
5.98446831149e-05	-0.00120824893646	-5.01158736519e-06	0.00506131848696	-0.149973432871	-0.000510451821265	1.63903604279e-12	2.2311311047e-05	100.0
0.000218838773078	-0.000436505520382	-2.92719409822e-05	0.0237534969517	-0.0514727185092	-0.00359230903556	1.63903604279e-12	2.2311311047e-05	100.0
-1.43681973135e-06	-0.00139895022804	-0.000246401633068	-0.00240964337431	-0.173149977462	-0.0283928182929	1.63903604279e-12	2.2311311047e-05	100.0
-1.04597976093e-05	-0.00172944716358	-0.000291256547965	-0.00340349285198	-0.212116414227	-0.0344159258628	1.63903604279e-12	2.2311311047e-05	100.0
0.000351007020035	-0.000740662541663	0.000789088832332	0.0412886341031	-0.0907850526978	0.0961166728857	1.63827364758e-12	2.2300932974e-05	100.0
-0.000332585837554	-0.00100559382133	6.42734919401e-05	-0.0425710467152	-0.123178746898	0.00741939266097	1.63827364758e-12	2.2300932974e-05	100.0
0.000151515422599	-0.000733656815812	0.000598104513469	0.0167751566227	-0.0894058943641	0.0726239613106	1.63827364758e-12	2.2300932974e-05	100.0
-0.000347379492588	-0.00116841103073	7.60004789961e-05	-0.0443418435531	-0.143786436304	0.00932042300632	1.63827364758e-12	2.2300932974e-05	100.0
2.61812831043e-05	-0.00101876725636	6.17564781281e-05	0.00128713883374	-0.125719063424	0.00678485103007	1.63791055435e-12	2.2295990382e-05	100.0
0.00014644292764	-0.000542735757408	0.000231563627363	0.0155658546874	-0.0650076022055	0.0270778919453	1.63791055435e-12	2.2295990382e-05	100.0
0.00019123138002	-0.000190908772835	0.00026447807345	0.0195349417053	-0.020449143684	0.0290489237229	1.63791055435e-12	2.2295990382e-05	100.0
6.94283277857e-05	-0.0015195473821	0.000351306965147	0.00630708064269	-0.187311016346	0.0415545760739	1.63791055435e-12	2.2295990382e-05	100.0
0.000251541906271	-0.0003801158183	7.94033774306e-05	0.0274072756236	-0.0444395512981	0.00882639596452	1.63791055435e-12	2.2295990382e-05	100.0
0.000229297513464	-0.000362790881608	0.000483694663757	0.025643125448	-0.0432157653247	0.0573492001663	1.63791055435e-12	2.2295990382e-05	100.0
0.000138317583099	-0.000329866553696	-1.00849321962e-05	0.0134227634879	-0.0368706379647	-0.000571270008317	1.63791055435e-12	2.2295990382e-05	100.0
-0.000629157264863	-0.00204485941483	2.82065055275e-05	-0.0795248814418	-0.252001633623	0.00325245157665	1.63791055435e-12	2.2295990382e-05	100.0
7.96345705273e-05	-0.00104786204734	-2.69298148607e-05	0.00758926230695	-0.129178742704	-0.00262253075483	1.63791055435e-12	2.2295990382e-05	100.0
0.000151714916942	-0.000670481212805	-0.000136282834439	0.0163454258803	-0.0812750337565	-0.015612166757	1.63791055435e-12	2.2295990382e-05	100.0
-0.000442911395349	-0.00197665117268	-0.000123783903189	-0.0562846751491	-0.242998485535	-0.0150794968602	1.63791055435e-12	2.2295990382e-05	100.0
-0.000256727670877	-0.00151172362582	0.00081867060184	-0.0336267563046	-0.186381176213	0.100266813092	1.63737245219e-12	2.2288665488e-05	100.0
-0.000137657905488	-0.00114875700333	0.00013526582013	-0.0185044682279	-0.141497392234	0.0162276170172	1.63737245219e-12	2.2288665488e-05	100.0
-8.83819092152e-05	-0.00120364814845	-0.000404539175182	-0.0126100838703	-0.147982013356	-0.0490264712443	1.63692235739e-12	2.2282538591e-05	100.0
3.69740367281e-05	-0.0013296953623	-0.000384705838029	0.00266717346224	-0.163772022024	-0.0462556816912	1.63692235739e-12	2.2282538591e-05	100.0
7.26117119126e-05	-0.00116111575003	-7.36589238633e-05	0.00666724283255	-0.143928915189	-0.00898529714176	1.63680367318e-12	2.2280923007e-05	100.0
4.96603008194e-05	-0.00157332069714	-0.00018344464316	0.00322008420075	-0.193576673433	-0.0198196631079	1.63680367318e-12	2.2280923007e-05	100.0
-0.000313768029313	-0.000310289290214	-0.000133219536934	-0.0391416534972	-0.0339357592695	-0.0152550261479	1.63647276549e-12	2.227641854e-05	100.0
-0.000225133577613	-0.00110267610781	-0.000231921659831	-0.0293836978458	-0.135640972273	-0.0282019290355	1.63647276549e-12	2.227641854e-05	100.0
-0.000292843370584	-0.0014289261299	-0.000452177539523	-0.0378660822709	-0.175978034543	-0.0549809851499	1.63647276549e-12	2.227641854e-05	100.0
0.000255551681071	-0.000918532451545	0.000212378523848	0.0292061133166	-0.112844219778	0.0250070183914	1.63625702173e-12	2.2273481737e-05	100.0
6.40500360223e-05	-0.00106222648281	8.00585498975e-05	0.00571259861256	-0.131113617162	0.00933996931665	1.63625702173e-12	2.2273481737e-05	100.0
8.76688503428e-05	-0.000221712466353	-0.000118387643829	0.00692504159603	-0.0221017570159	-0.011836418429	1.63625702173e-12	2.2273481737e-05	100.0
-0.000486543298494	-0.00100676944949	-0.000306636183699	-0.0618307663953	-0.123276887825	-0.0373947410111	1.63625702173e-12	2.2273481737e-05	100.0
3.54482514115e-05	-0.000861671589688	-9.14383003447e-05	0.00232681497318	-0.105726545634	-0.0108914570623	1.63571439348e-12	2.2266095232e-05	100.0
-0.000331883998065	-0.00180190502638	0.000235038057296	-0.0424285167077	-0.221402519927	0.0279139282681	1.63571439348e-12	2.2266095232e-05	100.0
2.58551965586e-05	-0.00133892173233	-6.76512992975e-05	0.000444790533022	-0.166501923231	-0.00652128072079	1.63571439348e-12	2.2266095232e-05	100.0
1.36241819965e-06	-0.00136908627143	4.15251452433e-06	-0.00302771928231	-0.17127410936	0.00049260895528	1.63517629132e-12	2.2258770338e-05	100.0
0.000204359106864	-0.000817630092913	0.000134971768037	0.0229643792279	-0.100296405869	0.0163309448342	1.63517629132e-12	2.2258770338e-05	100.0
-5.36566745973e-05	-0.00161276751548	0.000301860079115	-0.00857462130691	-0.19813810764	0.0352056612431	1.63517629132e-12	2.2258770338e-05	100.0
0.000118897540264	-0.000105111754622	-6.25229162744e-05	0.00805427808682	-0.00578687516645	-0.00578848239486	1.63517629132e-12	2.2258770338e-05	100.0
-0.000165099217124	-0.00071282364295	0.000435066048544	-0.0220468770181	-0.0864040986955	0.0527433587424	1.63517629132e-12	2.2258770338e-05	100.0
0.000261435738149	-0.000804637315068	-0.000382833965417	0.0300678199456	-0.0987128738637	-0.046040340821	1.63517629132e-12	2.2258770338e-05	100.0
-0.000383060934757	-0.00203786981548	-0.000213823729631	-0.0490525322257	-0.250598396506	-0.0258437452602	1.63517629132e-12	2.2258770338e-05	100.0
7.21956617127e-05	-0.00143516230348	-5.03296686829e-05	0.00515428221685	-0.178500734703	-0.00411247219677	1.63517629132e-12	2.2258770338e-05	100.0
0.000328895461665	-0.00141971523964	-0.000578611120232	0.0384513262927	-0.174962593742	-0.070145529848	1.63517629132e-12	2.2258770338e-05	100.0
-0.000149821337724	-0.000482687818524	0.000597960312506	-0.0202865099881	-0.0581136057978	0.0716455912973	1.6351270072e-12	2.225809946e-05	100.0
-7.97222552246e-05	-0.000667545270041	0.000409000841079	-0.0115924663608	-0.0806230799336	0.0491624038273	1.6351270072e-12	2.225809946e-05	100.0
0.000374216079721	4.02123565854e-05	-0.000814172849454	0.0436741011443	0.00492540948193	-0.0981414436992	1.6351270072e-12	2.225809946e-05	100.0
0.000223159961247	-0.00094748580977	0.000233212916446	0.0253218394412	-0.116518169727	0.0276331042594	1.63464221235e-12	2.225150021e-05	100.0
0.00035648376407	-0.000917656254649	0.000320205521134	0.0416344715082	-0.112736406327	0.0382243609695	1.63464221235e-12	2.225150021e-05	100.0
0.000126389867653	-0.000950088603033	0.00014357341514	0.0134540898664	-0.117035764831	0.0172475788395	1.63464221235e-12	2.225150021e-05	100.0
0.000106824772406	-0.00172536289663	0.000296593675902	0.0108264230206	-0.212138185416	0.0349327441083	1.63464221235e-12	2.225150021e-05	100.0
0.000109417626163	-0.000867202715807	-4.87359236411e-05	0.0111793530149	-0.106496755904	-0.00522455606825	1.63464221235e-12	2.225150021e-05	100.0
-0.000200535343348	-0.00191472296938	5.97843890154e-05	-0.0263828927749	-0.234629110375	0.00709714582736	1.63464221235e-12	2.225150021e-05	100.0
1.08479933171e-05	-0.00148742917395	-0.000914340107315	-0.000614871684651	-0.183389206063	-0.111807791879	1.63411215658e-12	2.2244284848e-05	100.0
2.9019823238e-05	-0.000841388742975	-0.000989073767612	0.00172482322085	-0.103309244987	-0.120993096877	1.63378476919e-12	2.22398283e-05	100.0
-7.65722164253e-05	-0.000182971636173	-0.000495169772246	-0.0113516125282	-0.0207285663892	-0.0571411012712	1.63378476919e-12	2.22398283e-05	100.0
3.92813258037e-05	-0.00126890375339	-7.086276976e-06	0.00233265801682	-0.157935009721	-0.000495735014568	1.633586124e-12	2.2237124251e-05	100.0
1.07882640304e-05	-0.00088504656711	-8.35806188249e-05	-0.00062319088961	-0.10857674335	-0.00977819683425	1.633586124e-12	2.2237124251e-05	100.0
4.09994430208e-05	-0.00141154718668	-3.16479452211e-05	0.00161094576489	-0.176251450693	-0.00214452608473	1.633586124e-12	2.2237124251e-05	100.0
0.000182357323947	-0.000166384896607	-0.000339612924999	0.0187951953414	-0.0181518791279	-0.0379558627662	1.633586124e-12	2.2237124251e-05	100.0
0.000396924449848	-0.000366726154826	-0.000640929431979	0.0465746826967	-0.0443459294474	-0.0773477804526	1.633586124e-12	2.2237124251e-05	100.0
0.000251033108755	-0.000661545984672	0.00020446992937	0.0284073514682	-0.0806399435124	0.0242677603792	1.63306411462e-12	2.2230018419e-05	100.0
0.000301791344808	-0.000208221583511	0.000549281177095	0.0343195037174	-0.0246988880129	0.0650487157592	1.63306411462e-12	2.2230018419e-05	100.0
-0.000171810704529	-0.000463241099233	-0.000220019053286	-0.0226152426053	-0.0539257136827	-0.0257100350561	1.63289212309e-12	2.2227677192e-05	100.0
0.000437841230958	-0.000892705962291	-0.000898201481219	0.0520310473054	-0.109903115805	-0.10966525003	1.63254562553e-12	2.2222960508e-05	100.0
-6.20457841597e-05	-0.00183757416829	-0.000665432412321	-0.00959642302003	-0.226394029326	-0.0810449333894	1.63254562553e-12	2.2222960508e-05	100.0
-5.84660572746e-05	-0.000605666718089	0.00093495309703	-0.00913431567969	-0.0740772675842	0.113869926998	1.63244655439e-12	2.2221611906e-05	100.0
-0.000141209256336	-0.000910097252741	0.000233814579789	-0.0190507261714	-0.111076427745	0.0279222697379	1.63244655439e-12	2.2221611906e-05	100.0
-0.000112051710339	-0.00135643511903	0.000194822860911	-0.0153046431522	-0.168080852157	0.0227280212447	1.63244655439e-12	2.2221611906e-05	100.0
-0.000211248751644	-0.00130033938966	-5.18794572649e-05	-0.0270646608011	-0.160862876819	-0.00592705611879	1.63244655439e-12	2.2221611906e-05	100.0
-8.53178884116e-06	-0.000841522333981	-0.00122716296964	-0.00291532386004	-0.103564868634	-0.150457860767	1.63244655439e-12	2.2221611906e-05	100.0
-0.000112616591327	-0.000879438239825	-0.000744496804258	-0.0157837405216	-0.107821392825	-0.0905187089291	1.63244655439e-12	2.2221611906e-05	100.0
5.91158335491e-06	-0.000249061769026	-0.000799575795767	-0.00130491891824	-0.030106094362	-0.0961339365906	1.63244655439e-12	2.2221611906e-05	100.0
-0.000113930978544	-3.78062695801e-05	-0.000274206953241	-0.0148424610667	-0.000548597919034	-0.0267168229321	1.63244655439e-12	2.2221611906e-05	100.0
0.000292514673907	-0.000370718491864	0.00117273300254	0.0340855263503	-0.0456048958752	0.143159326532	1.63200148858e-12	2.2215553466e-05	100.0
-0.000311935035577	-0.000337553312983	-1.83143203615e-06	-0.0389816110428	-0.0372713945688	-0.000405499759553	1.63200148858e-12	2.2215553466e-05	100.0
8.23305682452e-05	-9.37194961158e-05	-0.000197006456409	0.00599194556001	-0.00535398794785	-0.0192154779948	1.63200148858e-12	2.2215553466e-05	100.0
-0.000160564055863	-0.000434758868978	-0.00025979318465	-0.0212789637111	-0.0503998720855	-0.030100792344	1.63200148858e-12	2.2215553466e-05	100.0
-0.000425845142387	-0.000415189516611	0.000136539409635	-0.0534462103167	-0.0480402678176	0.016170138414	1.63155692568e-12	2.2209501872e-05	100.0
0.000296682096692	-0.000457995668651	-0.000579476269892	0.0342917800011	-0.0553246274468	-0.0697881710555	1.63155692568e-12	2.2209501872e-05	100.0
-0.00023632218556	-0.000386767196199	-0.000294392799937	-0.0303507289153	-0.0445710452927	-0.0340425634027	1.63155692568e-12	2.2209501872e-05	100.0
3.48052706154e-05	-0.00121202667445	3.54864471951e-05	0.00192603772443	-0.150386449501	0.00343326535215	1.63152021403e-12	2.2209002136e-05	100.0
4.48298141793e-05	-0.00149774351073	0.000121863789021	0.00199168880011	-0.18533201937	0.0118756748992	1.63152021403e-12	2.2209002136e-05	100.0
5.11160888763e-05	-0.00103192717863	-3.58935508378e-05	0.00420417210979	-0.127199641612	-0.00368564024579	1.63152021403e-12	2.2209002136e-05	100.0
6.42354518399e-05	-0.00126613656514	-3.24509152355e-05	0.00535448426882	-0.157317633077	-0.00300658808339	1.63152021403e-12	2.2209002136e-05	100.0
0.000118336412251	-0.00155016072665	-0.000240667094455	0.0118458941838	-0.190875403655	-0.0275780912079	1.63152021403e-12	2.2209002136e-05	100.0
0.000367202877534	0.000236602833566	-9.90359759445e-05	0.0379466420909	0.0271721813452	-0.00985501186461	1.63111236277e-12	2.2203450277e-05	100.0
0.000343355726707	-0.000358818538057	6.12230586622e-05	0.0385864210286	-0.0423316056996	0.00712177904502	1.63050888371e-12	2.2195235443e-05	100.0
3.16921114406e-05	-0.00162610053326	0.00110769989796	0.00198404954587	-0.20054009399	0.135828738726	1.63050888371e-12	2.2195235443e-05	100.0
0.000120165912255	-0.000669975063221	3.13490639289e-05	0.012475171921	-0.0813005341667	0.00408714511343	1.63050888371e-12	2.2195235443e-05	100.0
-0.000193333587782	-0.00207218521647	0.000457451604176	-0.0257408294762	-0.254964800416	0.0557270225595	1.63050888371e-12	2.2195235443e-05	100.0
0.00017845475447	-0.00113658411857	-0.000168502205814	0.0197020921613	-0.140436068386	-0.0196116841519	1.63050888371e-12	2.2195235443e-05	100.0
0.000265632325327	-4.03658832104e-06	-0.000309893848756	0.0276308501275	0.000962502492774	-0.0337544420332	1.63050888371e-12	2.2195235443e-05	100.0
0.000110325587301	-0.000429467398582	-0.000868642352608	0.0115736040075	-0.052187504217	-0.105478836203	1.63050888371e-12	2.2195235443e-05	100.0
0.000250857392143	-0.00126306964916	-0.000233679564344	0.0285696979909	-0.155937822957	-0.0274505247563	1.63050888371e-12	2.2195235443e-05	100.0
0.000266951627273	-0.00142325165588	-0.000683505980276	0.0308950963884	-0.175592127378	-0.0831000716529	1.63050888371e-12	2.2195235443e-05	100.0
-0.00042735817068	-0.00166224821307	0.000401696439707	-0.0543852758189	-0.204501097422	0.0489676901297	1.63022474566e-12	2.2191367626e-05	100.0
-0.000337334794632	-0.00029614676922	-6.48122921826e-05	-0.0418535230981	-0.0320329271652	-0.0075558054056	1.63022474566e-12	2.2191367626e-05	100.0
-0.000172227512634	-0.0012840835151	-0.000182725704117	-0.0226276703501	-0.158524815037	-0.0213989408779	1.63022474566e-12	2.2191367626e-05	100.0
-0.000207733874577	-0.00130977526246	-0.000524483449864	-0.0274176927289	-0.161196733011	-0.0639362894723	1.63022474566e-12	2.2191367626e-05	100.0
0.000193495139393	-0.000865863394672	3.28434895243e-05	0.0215459765596	-0.106252403358	0.00312522096852	1.630008499e-12	2.2188423977e-05	100.0
0.000371245925575	-0.0012584090238	0.000424998357961	0.0435222642596	-0.155154600401	0.0511026053923	1.630008499e-12	2.2188423977e-05	100.0
0.000168557245294	-0.000456608939134	-1.27758422106e-06	0.0175041700856	-0.0539820678878	-0.000371588161599	1.630008499e-12	2.2188423977e-05	100.0
0.000287367334634	-0.00107280358129	0.00103768260747	0.0335236621011	-0.13225559519	0.126956769311	1.630008499e-12	2.2188423977e-05	100.0
0.000103736886444	-0.000910649110529	-4.12154190347e-05	0.0105079653883	-0.112028299009	-0.0044672791893	1.630008499e-12	2.2188423977e-05	100.0
0.000263354182514	-0.000881037315928	-2.67759779063e-05	0.0301302287075	-0.10825013297	-0.00242758952972	1.630008499e-12	2.2188423977e-05	100.0
0.000184446794736	-0.000216013196229	-1.83430306699e-05	0.0174768805715	-0.0224153007536	-0.00180754944047	1.62951163457e-12	2.218166043e-05	100.0
6.8184092516e-05	-0.00063858986785	0.000573791471291	0.00641547528738	-0.0776328881344	0.0693392600013	1.62951163457e-12	2.218166043e-05	100.0
0.000376836277757	-0.0010417581342	-0.000353922530062	0.0442651908346	-0.128384174367	-0.0424542591925	1.62951163457e-12	2.218166043e-05	100.0
4.96273461892e-05	-0.00200631186203	-0.00013055048853	0.00401307800284	-0.246291588886	-0.0155068782782	1.62951163457e-12	2.218166043e-05	100.0
