# x[AU] y[AU] z[AU] vx[AU/yr/2pi] vy[AU/yr/2pi] vz[AU/yr/2pi] m[MSUN] m[mtot] wf[%]
7.92133963973e-06	0.000155778710874	5.75819889814e-08	0.00123490059227	0.0192036590867	1.32507758347e-05	6.7106817522e-08	0.907045783346	19.6170825245
-8.68262900328e-05	-0.00156670436464	2.51982476762e-07	-0.0133357776319	-0.193354469925	3.09678384615e-05	6.30894143437e-09	0.0852744763751	15.6696055583
-6.46597795805e-06	-0.00139512142464	-7.73034853693e-07	-0.0034617375584	-0.175050632975	-0.000753096809684	2.79684169236e-11	0.000378033642094	29.6783808957
-2.57337456589e-06	-0.00129797757456	3.45181809088e-06	-0.00224678414916	-0.162142094768	0.000101000584647	1.1475390627e-11	0.00015510651622	14.532061089
-1.01931446181e-05	-0.00144580823121	-5.04215045716e-06	-0.0045218078876	-0.182430159091	-0.000933734242778	9.86367508688e-12	0.00013332184756	0.0
-4.18690121664e-06	-0.00131790063487	8.97613961961e-06	-0.00271424626444	-0.164360034805	0.00088062454777	9.79140897273e-12	0.00013234506641	0.0
1.49364800273e-06	-0.00122766435766	9.19160389291e-06	-0.00187684911378	-0.15250825896	0.00115716704956	2.12542980281e-11	0.000287282605793	7.86447484503
-1.08409294819e-05	-0.00146789645556	8.21138003604e-06	-0.00493142284511	-0.185728218121	0.00165176479068	4.93094187994e-12	6.664881759e-05	0.0
1.39951390442e-07	-0.00121313896815	2.35902222991e-05	-0.00184383792226	-0.151095382895	0.0021980427185	1.47188003842e-11	0.000198945894282	0.0
-9.62434743598e-06	-0.00144268677883	1.89338763276e-05	-0.00384564370623	-0.182273883383	0.00298142380684	4.90751784035e-12	6.6332207786e-05	0.0
-1.64762312142e-05	-0.00147429415638	-2.46549136297e-05	-0.00605747372632	-0.186506396262	-0.00385322087556	4.89843799504e-12	6.6209480533e-05	0.0
-6.69673731994e-06	-0.00123954984882	-1.05898082164e-06	-0.00257785348707	-0.154091522285	0.000625859222001	4.89297097769e-12	6.6135585879e-05	0.0
-6.18976977137e-06	-0.00137174157834	-8.16131896655e-06	-0.00309327349893	-0.172514100496	-0.00158633211365	4.89114545354e-12	6.6110911278e-05	0.0
2.03749660536e-06	-0.00132756138982	-1.24646020366e-05	-0.0022668720248	-0.165897241832	-0.000509149055852	4.89114545354e-12	6.6110911278e-05	0.0
-3.62812463593e-06	-0.00137317127609	4.2903352496e-06	-0.00320619861259	-0.171997894746	0.00180983545397	4.89114545354e-12	6.6110911278e-05	0.0
3.95380401708e-06	-0.00117487882139	-6.79088001952e-06	-0.00147684751433	-0.146078156686	-0.000664202110691	4.8893184207e-12	6.6086216284e-05	0.0
9.93339585882e-06	-0.000112043691141	-3.11367252616e-05	-0.00211094676645	-0.00359809236951	-0.00181284663999	1.6952008328e-12	2.2913093246e-05	100.0
-2.70305547832e-05	-0.000219429240981	-0.000213237894762	-0.00549066573697	-0.0217694310293	-0.0231862918331	1.6952008328e-12	2.2913093246e-05	100.0
5.07790548659e-05	-0.000197091944518	-0.000266374170766	0.0031905712087	-0.0200916420184	-0.0291491177093	1.68973029515e-12	2.283915101e-05	100.0
-0.000181374584097	-0.000425351539091	0.000139787413057	-0.023755339482	-0.0488319015647	0.0161103420687	1.68433318079e-12	2.2766201197e-05	100.0
-0.000156419314008	-0.000623577986488	-0.000180881311936	-0.0209732025513	-0.0746500200135	-0.021859362883	1.68433318079e-12	2.2766201197e-05	100.0
0.000108706017044	-0.000186457098991	0.000395896710607	0.0105110783392	-0.0203439606021	0.0452982681275	1.68045230755e-12	2.2713745577e-05	100.0
0.000210362370425	-0.000377108229329	0.000346551851028	0.0232263232232	-0.0443134076029	0.0406677207978	1.67948774686e-12	2.2700708143e-05	100.0
-6.04445718792e-05	-0.000510111545064	-0.000400790082315	-0.00939461977808	-0.0608125932182	-0.0476022273119	1.67948774686e-12	2.2700708143e-05	100.0
-0.000150077326976	-0.000287556056719	-0.000362909949687	-0.0199428743938	-0.032167984248	-0.0420795879237	1.67948774686e-12	2.2700708143e-05	100.0
-0.000235524651134	-0.000728687142604	9.31313213939e-05	-0.0307536931265	-0.0880524585963	0.0111541852339	1.67900647231e-12	2.2694203021e-05	100.0
-3.8791875289e-05	-0.0004371611719	-0.000111569540268	-0.00662947238665	-0.0501799028255	-0.0128097736712	1.67756516317e-12	2.2674721641e-05	100.0
-8.44028870125e-05	-0.000192468270459	-0.000170132983724	-0.0118878026759	-0.0178216550641	-0.0172290107549	1.67660714016e-12	2.2661772573e-05	100.0
-0.000207885694586	-0.000551015102991	-0.000226360061748	-0.0271755406701	-0.0655601243987	-0.0264820793707	1.67660714016e-12	2.2661772573e-05	100.0
-0.000158409271643	-0.00129800894593	3.66339395237e-05	-0.0206266414785	-0.161260055203	0.00454002102366	1.67565163166e-12	2.2648857493e-05	100.0
-7.85845711372e-05	-0.00118727734478	-9.00386421075e-05	-0.0112221563787	-0.146783667126	-0.0105223073732	1.67565163166e-12	2.2648857493e-05	100.0
-9.37647087446e-05	-7.22689789728e-05	-0.000329155955192	-0.0131216825553	-0.00565991578438	-0.0345794471216	1.67565163166e-12	2.2648857493e-05	100.0
-0.00012974358262	-0.000364394510149	0.000352629301468	-0.0176677251702	-0.0419240670433	0.0411292096767	1.67469763185e-12	2.2635962804e-05	100.0
-0.000196579317943	-0.000101161429018	5.95092533961e-05	-0.0228988566068	-0.00447697164679	0.00455751675067	1.67469763185e-12	2.2635962804e-05	100.0
-0.000108034827918	-0.0011964288981	0.000323531108795	-0.0150828588457	-0.147595047218	0.0388681296956	1.67469763185e-12	2.2635962804e-05	100.0
-0.00014265215317	-0.00110199117841	0.000160401094867	-0.0191681106249	-0.135841748319	0.0195649740408	1.67469763185e-12	2.2635962804e-05	100.0
0.000133697545997	-9.25600256822e-05	-2.66378773893e-05	0.00916925641938	-0.00405213748429	-0.00235365565897	1.67469763185e-12	2.2635962804e-05	100.0
-0.000184914625031	-0.00168208706503	0.000134303161542	-0.0232504764289	-0.206518523175	0.0150385790336	1.67422188919e-12	2.2629532453e-05	100.0
-6.80872721606e-05	-0.000471976009362	-5.19530341557e-05	-0.0100741474776	-0.0546302439626	-0.0062837156215	1.67422188919e-12	2.2629532453e-05	100.0
-0.000178659014476	-0.000221417193106	-0.000183454590922	-0.0226783164992	-0.0218507981301	-0.0201538014175	1.67422188919e-12	2.2629532453e-05	100.0
-0.000208816500601	-0.00161205527286	0.000413860645886	-0.0275189527128	-0.19892437364	0.0501353519435	1.67374614653e-12	2.2623102103e-05	100.0
-0.000141166448648	-0.00147169434378	0.000204620262827	-0.0186872358984	-0.182006301617	0.0230344764827	1.67374614653e-12	2.2623102103e-05	100.0
5.12161949502e-05	-0.00124105212381	-0.000508464840636	0.0042956765979	-0.153118950639	-0.061630052382	1.67327090678e-12	2.2616678549e-05	100.0
-0.000117808732033	-0.000174799883679	0.000496255310571	-0.0162885277881	-0.0196810502214	0.0574414199158	1.67279667282e-12	2.2610268591e-05	100.0
-0.000377016300794	-0.00177500794555	7.88393448437e-05	-0.0478234482125	-0.218598995627	0.00936415363449	1.67279667282e-12	2.2610268591e-05	100.0
-0.000248635142251	-0.000986970163273	-6.6425818778e-05	-0.0323569246855	-0.1211110341	-0.00799761599511	1.67279667282e-12	2.2610268591e-05	100.0
-5.13659119421e-06	-0.0012928594606	-0.000232993391162	-0.00233020927271	-0.159997289785	-0.0278020041773	1.67279667282e-12	2.2610268591e-05	100.0
0.000110851792632	-0.000430184849656	3.81021246107e-05	0.0107766519524	-0.0499163774271	0.00446591714194	1.67271117995e-12	2.2609113031e-05	100.0
-9.36989896207e-05	-0.000867090414075	0.000290163350173	-0.0133513272668	-0.106064782504	0.0351135455396	1.67271117995e-12	2.2609113031e-05	100.0
4.11773277131e-05	-0.000408493452995	0.000549909281737	0.00311824417735	-0.0485172222532	0.0659455687066	1.6718492107e-12	2.2597462269e-05	100.0
-0.000201464621288	-0.000652526821393	0.000233683886805	-0.0264482038453	-0.0786882007184	0.0278026239249	1.6718492107e-12	2.2597462269e-05	100.0
0.000147715695776	-0.000861785392645	-0.000731635554823	0.0162477975934	-0.105765808105	-0.0892591149352	1.6718492107e-12	2.2597462269e-05	100.0
-0.000100563488903	-0.000736315146897	-0.000685130785889	-0.0143246961678	-0.0900166623844	-0.0832979229594	1.6718492107e-12	2.2597462269e-05	100.0
5.78877309996e-05	-0.00125004895133	1.74913398309e-05	0.00456394485822	-0.155405800957	0.00120860331018	1.67153892188e-12	2.2593268266e-05	100.0
7.22842728202e-05	-0.000940500371106	0.000173624095493	0.00696804011622	-0.115477671589	0.0205275526227	1.67153892188e-12	2.2593268266e-05	100.0
-0.000138659583689	-0.00167521603033	0.000234255091339	-0.0187735168379	-0.206145262894	0.0267728029849	1.67153892188e-12	2.2593268266e-05	100.0
-6.12157621913e-06	-0.00120017125638	1.32776515528e-05	-0.0026518856943	-0.149547749353	0.00240932576401	1.67153892188e-12	2.2593268266e-05	100.0
-1.52183692665e-06	-0.00135845638537	8.37020890298e-06	-0.00282781851964	-0.170416030256	0.00179335721187	1.67153892188e-12	2.2593268266e-05	100.0
0.000133958594178	-0.000315058681073	-0.000590318791543	0.0141540855355	-0.0377656022882	-0.0702913371682	1.67137598254e-12	2.2591065905e-05	100.0
-0.000301651893017	-0.00127112644973	0.000406303163398	-0.0390413631245	-0.156513753733	0.049243533498	1.67090376018e-12	2.2584683136e-05	100.0
-9.3389661595e-05	-0.00134907780569	-0.000630226570551	-0.0134284779956	-0.166619157217	-0.0770948030772	1.67090376018e-12	2.2584683136e-05	100.0
-0.000138742343236	-0.000669997911474	-0.000453706228026	-0.0189121467183	-0.0811377374261	-0.0547548456177	1.67090376018e-12	2.2584683136e-05	100.0
2.78365851694e-05	-0.000899515606809	3.42422969179e-05	0.00144058723824	-0.110702639287	0.00433389372412	1.67038828848e-12	2.257771579e-05	100.0
9.00111349446e-05	-0.000195932313427	-1.28032251625e-05	0.00697726917641	-0.0173984537928	-0.00109815312224	1.67038828848e-12	2.257771579e-05	100.0
-0.00015616416023	-0.00125889810028	9.34274399602e-05	-0.0205857837529	-0.155869543673	0.0107482102545	1.67038828848e-12	2.257771579e-05	100.0
5.64903257731e-05	-0.00130194113826	-6.60225700138e-05	0.00437302387869	-0.161863799989	-0.00669958355082	1.67038828848e-12	2.257771579e-05	100.0
-1.0990716654e-05	-0.00117787530628	-0.000317457355153	-0.00336349898574	-0.145404877672	-0.0379920311691	1.67038828848e-12	2.257771579e-05	100.0
8.00958811575e-06	-0.000977519822613	0.000182522192189	-0.000816654590914	-0.120363171794	0.0218208859315	1.66982101817e-12	2.2570048311e-05	100.0
-0.000147174290844	-0.00100464126406	0.000333721959146	-0.0200968595612	-0.123483338337	0.0401608876607	1.66982101817e-12	2.2570048311e-05	100.0
-8.33859530061e-05	-0.000895215847547	-0.000289006741237	-0.0122541059415	-0.109738098367	-0.0347073539282	1.66982101817e-12	2.2570048311e-05	100.0
-0.00041150769027	-0.00154769812783	0.000220852669803	-0.0521571906817	-0.190844596839	0.0266491984688	1.66854918606e-12	2.2552857659e-05	100.0
-0.000149165562214	-0.00136127945904	-3.55980609201e-05	-0.0190971564418	-0.169552526451	-0.00390854428535	1.66854918606e-12	2.2552857659e-05	100.0
0.000114037063236	-0.000814572416103	-0.000413052731024	0.012052706203	-0.0996922575256	-0.0499479375066	1.66814938118e-12	2.2547453717e-05	100.0
0.000121848633451	-0.00045293932818	-0.000286766904323	0.0126859362192	-0.0533798676493	-0.0337459791267	1.66814938118e-12	2.2547453717e-05	100.0
3.43266716142e-05	-0.000696720198438	0.000395926729003	0.00240971768328	-0.0845596137499	0.0477377749304	1.66761077612e-12	2.254017369e-05	100.0
-9.07253655382e-05	-0.000567276090889	-0.000733284739192	-0.0131137766119	-0.0690421604037	-0.0888611155751	1.66761077612e-12	2.254017369e-05	100.0
3.78373037859e-06	-0.0007052681314	-0.000586361621683	-0.00146076545567	-0.0859306875143	-0.0710547902775	1.66761077612e-12	2.254017369e-05	100.0
-0.000315776392785	-0.000718751279994	-0.000131148826271	-0.0406147411732	-0.0868420033885	-0.0161622220805	1.66714257696e-12	2.2533845301e-05	100.0
-0.000199939846443	-0.00110386238372	-0.000238615669354	-0.0263815258148	-0.135827877468	-0.0289008976581	1.66714257696e-12	2.2533845301e-05	100.0
-4.05072835372e-06	-0.00080246490233	4.23117161379e-05	-0.00253710629199	-0.0979301667666	0.00517107575074	1.66705909569e-12	2.253271693e-05	100.0
2.23607459374e-05	-0.00106945208379	0.000656488875426	0.000834092068584	-0.131647469749	0.0801920167069	1.66705909569e-12	2.253271693e-05	100.0
0.00031685307918	-0.000587677171263	0.000952686628781	0.0372179057999	-0.0721843783619	0.116498160982	1.66667437779e-12	2.2527516911e-05	100.0
-0.000265144091011	-0.000393022476101	0.000106654025263	-0.0336247219438	-0.0445737587475	0.0124726854565	1.66667437779e-12	2.2527516911e-05	100.0
-1.34020064645e-05	-0.0013534150471	-1.03095204576e-05	-0.0043723418636	-0.16964397604	-0.00129673312703	1.66652049063e-12	2.2525436903e-05	100.0
7.39133374309e-05	-0.00112292411639	0.000257955898499	0.00711396972163	-0.13868680643	0.0307920134718	1.66652049063e-12	2.2525436903e-05	100.0
1.31548987996e-05	-0.000975896348637	-0.000140304561514	-0.000434505479697	-0.120243685868	-0.0165447784868	1.66652049063e-12	2.2525436903e-05	100.0
-0.000582086208972	-0.00197090758024	4.44828365782e-05	-0.0736657438432	-0.242873027141	0.00551073599447	1.66652049063e-12	2.2525436903e-05	100.0
-3.89667416824e-05	5.33605266656e-05	0.000282083001058	-0.00687204902496	0.00939113001451	0.0256054208215	1.66620718442e-12	2.2521202116e-05	100.0
-0.000260596406216	-0.000853208062673	0.000254200394003	-0.0338343649504	-0.104106477759	0.0306985977648	1.66620718442e-12	2.2521202116e-05	100.0
-0.000180225955736	-0.000155798540801	2.65668074994e-05	-0.0216821463742	-0.0114944976434	0.00219179487673	1.66620718442e-12	2.2521202116e-05	100.0
-0.000339544661012	-0.0003308819329	-4.69581705724e-05	-0.0424120092307	-0.0366506745968	-0.00554273124686	1.66620718442e-12	2.2521202116e-05	100.0
6.55459410045e-05	-0.00112846250117	5.13504368087e-06	0.00587308492988	-0.140008100701	0.000742755474329	1.66598641166e-12	2.2518218053e-05	100.0
0.000295621002639	-0.000585490068964	0.000135475955528	0.0340129001154	-0.070813049114	0.0165488866977	1.66598641166e-12	2.2518218053e-05	100.0
-4.95889187372e-06	-0.000259388356562	0.000224436062077	-0.00275642336118	-0.0272244602164	0.0248904843738	1.66598641166e-12	2.2518218053e-05	100.0
0.000106353655587	-0.0012969456459	-0.000270310277779	0.010807209442	-0.16037815436	-0.0318728277911	1.66598641166e-12	2.2518218053e-05	100.0
-0.000388254680439	-0.00154588686816	0.0005782078401	-0.0498829986527	-0.190722038911	0.0706860525781	1.66527380348e-12	2.2508586122e-05	100.0
-0.000535456198114	-0.00121065367329	0.000214969277975	-0.0678846168789	-0.14902331891	0.0261863722556	1.66527380348e-12	2.2508586122e-05	100.0
-8.65241350524e-06	-0.00141131245179	-2.80136979864e-05	-0.00466960002539	-0.177165912636	-0.00402989807247	1.66493132911e-12	2.2503957085e-05	100.0
0.000187828783816	-0.000956613099975	1.86377949469e-05	0.0210019935937	-0.11789176517	0.00165139434599	1.66493132911e-12	2.2503957085e-05	100.0
4.09288021397e-06	-0.00096923170986	0.00013772655956	-0.00160014187185	-0.119434629475	0.0162126684248	1.66493132911e-12	2.2503957085e-05	100.0
-2.13071313534e-05	-0.00135812761391	0.000227022420674	-0.00480567148063	-0.168414662999	0.0261851736593	1.66493132911e-12	2.2503957085e-05	100.0
-3.55021150492e-05	-0.000995708333835	0.000138301365148	-0.0063413291074	-0.122842483618	0.0165443017704	1.66493132911e-12	2.2503957085e-05	100.0
-6.7079446967e-05	-0.00154845390791	0.000526337894253	-0.0102984703374	-0.191333237538	0.0637509357712	1.66493132911e-12	2.2503957085e-05	100.0
1.15032869315e-05	-0.00104330531297	-6.49006647439e-05	-0.000619637688234	-0.129008409849	-0.00748022411912	1.66493132911e-12	2.2503957085e-05	100.0
-0.00046243445953	-0.00194104246265	0.000108092122798	-0.0587676032109	-0.239064728106	0.0130661268565	1.66493132911e-12	2.2503957085e-05	100.0
0.000114482961428	-0.00114282610334	-4.73590743133e-06	0.0118115846961	-0.141648976519	5.14967385562e-05	1.66493132911e-12	2.2503957085e-05	100.0
5.51864401042e-05	-0.00112471877175	-0.000169889656678	0.0046910424253	-0.139143131577	-0.0199950506253	1.66493132911e-12	2.2503957085e-05	100.0
-0.000155749212398	-0.00171472761283	3.5694355407e-05	-0.019761199403	-0.208419217716	0.00412865583468	1.66493132911e-12	2.2503957085e-05	100.0
-0.000124316043022	-0.00121068043591	0.000403775262197	-0.0172292105201	-0.149318289891	0.0486873533987	1.66434193123e-12	2.2495990519e-05	100.0
-0.000302976652073	-0.00152680386212	4.24270586072e-05	-0.0373295993025	-0.188502198664	0.00544549560324	1.66434193123e-12	2.2495990519e-05	100.0
-0.000248471018171	-0.00160669573066	-0.000259350743734	-0.0319449701482	-0.19807654659	-0.0306888864578	1.66434193123e-12	2.2495990519e-05	100.0
0.000199699249242	-9.16122775403e-05	-0.000619341004778	0.0219643541258	-0.0105749071566	-0.0732827827231	1.66434193123e-12	2.2495990519e-05	100.0
0.000163134811883	-0.00107099430859	6.37608305399e-06	0.0178957023778	-0.132512840505	0.000591221421107	3.32727222437e-12	4.4972900706e-05	100.0
1.33028401039e-05	-0.00160358957054	-0.000148350666458	-0.00144307252143	-0.197070594679	-0.0149933003984	1.66389284224e-12	2.2489920431e-05	100.0
9.27217322151e-05	-0.00132614888696	9.14165409842e-05	0.00870748175697	-0.164731396242	0.0097432609069	1.66337938214e-12	2.2482980275e-05	100.0
0.000291324778555	-0.000172088165544	-0.000145164678042	0.0309162719937	-0.018221045598	-0.0161193334044	1.66337938214e-12	2.2482980275e-05	100.0
0.000198385464286	-0.000263353956401	-0.000232083042396	0.020811377816	-0.0293626073145	-0.0260725517647	1.66337938214e-12	2.2482980275e-05	100.0
-0.000248278888237	-0.00109677021853	-0.000448475418561	-0.0324466103019	-0.134931441927	-0.0547958563273	1.66337938214e-12	2.2482980275e-05	100.0
-0.000199355709205	-0.000898133014403	0.000730938301049	-0.0265331728853	-0.110200855871	0.0892507972485	1.66294839751e-12	2.2477154894e-05	100.0
-0.000158849414546	-0.00109520210751	0.000560993626823	-0.0215192169743	-0.134797418531	0.0684787833876	1.66294839751e-12	2.2477154894e-05	100.0
0.000249976535281	-0.000102413787993	0.000377950592328	0.0270126118984	-0.0110452767016	0.0428607895081	1.66294839751e-12	2.2477154894e-05	100.0
0.000339836935286	-0.000694892226096	-4.95833754284e-07	0.0395805207474	-0.084895258616	3.13388155617e-05	1.66286994523e-12	2.2476094498e-05	100.0
-0.000158933702577	-0.00176950546249	0.000248438573344	-0.0212884352635	-0.217369679332	0.0292182841223	1.66286994523e-12	2.2476094498e-05	100.0
0.00012073300554	-0.00132001767282	-0.000131472957743	0.012270787342	-0.163720179026	-0.0146848800921	1.66286994523e-12	2.2476094498e-05	100.0
-7.36382603205e-05	-0.00104262705779	-0.000436234720318	-0.0109133236732	-0.128250012309	-0.0530460917099	1.66248472444e-12	2.2470887681e-05	100.0
-0.000158182849664	-0.000600071841892	-0.000454644425684	-0.0212414433053	-0.0722474435789	-0.0546876328967	1.66248472444e-12	2.2470887681e-05	100.0
0.000121637086637	-0.000763695761413	0.000226413177811	0.0128292706098	-0.0935027170572	0.0275808881717	1.66236453152e-12	2.24692631e-05	100.0
0.000220108186593	-8.77601836882e-05	0.000255163528521	0.0220537508048	-0.00790041414234	0.0276066515432	1.66236453152e-12	2.24692631e-05	100.0
2.34411222452e-06	-0.00161682056996	0.000126594209339	-0.0029719256884	-0.197839942786	0.0121777486749	1.66236453152e-12	2.24692631e-05	100.0
0.000238454224202	-0.00058534428834	-0.000169720694099	0.0269609913358	-0.0707613923886	-0.0205014655178	1.66236453152e-12	2.24692631e-05	100.0
-0.000471214089045	-0.00125733065651	0.000354614971883	-0.0600367035492	-0.154925545818	0.0432791746478	1.66236453152e-12	2.24692631e-05	100.0
0.00022402337145	-0.00118441305415	-0.000303611243465	0.0255035224486	-0.146446540701	-0.0363775085319	1.66236453152e-12	2.24692631e-05	100.0
-0.000235621034411	-0.00172757033159	-0.000107466717025	-0.0299576168549	-0.211476918595	-0.0122400005611	1.66236453152e-12	2.24692631e-05	100.0
4.74386252531e-05	-0.00139617685434	-4.00826825839e-05	0.00239385267606	-0.174051139631	-0.00296138838798	1.66236453152e-12	2.24692631e-05	100.0
9.5055602145e-05	-0.00155948977708	-0.000430676370723	0.00958905080832	-0.192392364885	-0.0516761207975	1.66236453152e-12	2.24692631e-05	100.0
2.4910152764e-05	-0.00163604056371	-0.000183264888188	0.000315964751353	-0.200745102402	-0.019987022004	1.66236453152e-12	2.24692631e-05	100.0
-0.000170498606428	-0.00108109899608	-0.000816187624989	-0.0229598489016	-0.132909823451	-0.100153144374	1.66202155426e-12	2.2464627266e-05	100.0
0.000244644781612	-0.000984048293008	0.00013391099193	0.027935177145	-0.121293154824	0.0155645471571	1.66186263811e-12	2.2462479284e-05	100.0
0.000189753119681	-0.00133602336534	0.00032133030985	0.0211501026006	-0.165114890468	0.0382625577203	1.66186263811e-12	2.2462479284e-05	100.0
0.000200493559879	-0.000853624649485	5.52288501998e-05	0.022569983202	-0.104898564073	0.00652111362744	1.66186263811e-12	2.2462479284e-05	100.0
7.95722894738e-05	-0.00162493024448	0.000328094453279	0.00749801746951	-0.200112632126	0.0387395105477	1.66186263811e-12	2.2462479284e-05	100.0
0.000238468062507	-0.000891725254015	-9.75764645827e-05	0.0272212688621	-0.109693295207	-0.0113038486814	1.66186263811e-12	2.2462479284e-05	100.0
0.000297280350696	-0.000309651412485	-0.000187631622453	0.0330049435167	-0.035837611189	-0.0213736600286	1.66186263811e-12	2.2462479284e-05	100.0
0.000187264411364	-0.000324434615098	0.00070249625545	0.020825237832	-0.0392401535241	0.0844011576015	1.66155888698e-12	2.2458373648e-05	100.0
-0.000301208517662	-0.000314285771402	7.66762440623e-05	-0.0375979292079	-0.0343749283037	0.00830088065542	1.66155888698e-12	2.2458373648e-05	100.0
0.000186230992939	-0.000615766266485	0.000303825476093	0.0207245966396	-0.0745431629826	0.0362181657214	1.66155888698e-12	2.2458373648e-05	100.0
-0.000425043958717	-0.00141111325865	-1.13920376315e-05	-0.0536779429782	-0.174198414033	-0.00164054167344	1.66155888698e-12	2.2458373648e-05	100.0
-0.000351820736958	-0.000434981033276	1.1100395427e-05	-0.0443793575639	-0.0502497678816	0.00155167520015	1.66155888698e-12	2.2458373648e-05	100.0
-0.000299955570725	-0.000931014473858	-0.000373785106989	-0.0388203740956	-0.113988050608	-0.0457394036381	1.66155888698e-12	2.2458373648e-05	100.0
-9.13577074931e-05	-0.00143640629104	-0.000163281461566	-0.0127664754992	-0.178228776131	-0.0175887240711	1.66155888698e-12	2.2458373648e-05	100.0
-0.000302515541613	-0.000374443409648	-0.000116058503037	-0.038110813977	-0.0423188155528	-0.0131548802961	1.66155888698e-12	2.2458373648e-05	100.0
-0.00026510991751	-0.00158261851063	-0.000288980089755	-0.0342231635741	-0.195171309034	-0.0339296553778	1.66136426499e-12	2.245574305e-05	100.0
0.000132145239946	-0.000944640829236	-2.44160507794e-05	0.0141222226009	-0.116474835244	-0.00266202097676	1.66086941216e-12	2.2449054397e-05	100.0
0.000139560406845	-0.00129236097576	-0.000101704168193	0.0146245586611	-0.160452228329	-0.0113504814173	1.66086941216e-12	2.2449054397e-05	100.0
0.000244123169188	-0.000768110919108	-0.000699379591303	0.0281482209482	-0.0942912924208	-0.0851818975845	1.66086941216e-12	2.2449054397e-05	100.0
8.11481116288e-05	-0.000478779020248	-0.000406317960848	0.00778930296929	-0.0572521994814	-0.048326031767	1.66086941216e-12	2.2449054397e-05	100.0
-0.000302263911628	-0.00115589113442	-0.000571135908574	-0.0392313774825	-0.142266177224	-0.0698438141314	1.66063506113e-12	2.2445886804e-05	100.0
-6.33146586671e-05	-0.00136786743503	-0.000537853530766	-0.00963368790769	-0.168628631759	-0.0655114441051	1.66063506113e-12	2.2445886804e-05	100.0
0.000135160948765	-0.00046189965405	-0.00074222491116	0.0146305512332	-0.0561624301184	-0.0901097993777	1.66063506113e-12	2.2445886804e-05	100.0
-0.000109247930318	-0.00063912726816	-0.00058009150804	-0.0153295693414	-0.0775534451361	-0.0702254693233	1.66063506113e-12	2.2445886804e-05	100.0
0.00021007087895	-0.000777828687036	0.000164646239347	0.0235860378236	-0.0953411780919	0.0194439758428	1.66037807963e-12	2.2442413327e-05	100.0
1.87581499053e-05	-0.00132703301853	0.000604575976776	0.000279298684913	-0.163779199771	0.0733816794516	1.66037807963e-12	2.2442413327e-05	100.0
-0.000142915356315	-0.000509426261065	0.000574233656576	-0.0194969796591	-0.0613235116823	0.0691425712697	1.66017390255e-12	2.2439653578e-05	100.0
0.000109289986592	-0.00128714929577	-0.000759552577108	0.0114975723335	-0.158864171503	-0.0928036775459	1.65989026739e-12	2.2435819838e-05	100.0
-0.000296916951131	-0.00163247028763	-0.000204836616368	-0.0377656800231	-0.200868617042	-0.0236297843277	1.65989026739e-12	2.2435819838e-05	100.0
0.00020145630788	-0.00104128781453	0.000142675706212	0.0226546789091	-0.12861879882	0.0167931029728	1.658924198e-12	2.2422762012e-05	100.0
0.000196091392743	-0.000981200788976	-9.93484073032e-05	0.0219635302183	-0.12106206107	-0.011696658511	1.658924198e-12	2.2422762012e-05	100.0
0.000196818684646	-0.00112117390906	-9.04224279778e-05	0.0219918269343	-0.138745100629	-0.0102741003486	1.658924198e-12	2.2422762012e-05	100.0
1.87317256642e-05	-0.00162365431709	-0.000171882819613	-0.000552332311919	-0.199609169218	-0.0182369595433	1.658924198e-12	2.2422762012e-05	100.0
-0.000163277035139	-0.000522650380651	0.00056735615771	-0.021890037788	-0.0629714537843	0.0681933586864	1.65879294131e-12	2.2420987888e-05	100.0
-0.000120301597508	-0.000635230538766	0.000535917622576	-0.0166394284289	-0.0769889664633	0.064800014234	1.65879294131e-12	2.2420987888e-05	100.0
-1.20833093549e-05	-0.000782969670503	0.000763377091703	-0.00341167918909	-0.0959423985268	0.0929803644048	1.65879294131e-12	2.2420987888e-05	100.0
-0.000333393637988	-0.000821404015946	0.000535459905219	-0.042960597464	-0.100233190517	0.0652950994031	1.65879294131e-12	2.2420987888e-05	100.0
-3.64095345369e-05	-0.000222464503454	0.000110705000803	-0.00627477525361	-0.0206292719318	0.0121210129872	1.65879294131e-12	2.2420987888e-05	100.0
-0.000263508746037	-0.00105980933263	-0.000227535962181	-0.0341768274494	-0.13013493345	-0.0275574044852	1.65879294131e-12	2.2420987888e-05	100.0
-0.000190610501163	1.93160847596e-05	-0.000134677884242	-0.0202677257795	0.0094493898046	-0.0095390999007	1.65879294131e-12	2.2420987888e-05	100.0
0.000165773743055	-0.000470823415938	3.00611224061e-05	0.0176219416956	-0.0556522552016	0.00346017473999	1.65797120399e-12	2.2409880918e-05	100.0
9.82969789823e-05	-0.000140520616434	0.000221100070517	0.00802026230361	-0.0126450010434	0.0228008394281	1.65797120399e-12	2.2409880918e-05	100.0
-0.000337636479715	-0.00182097579929	0.000413973707749	-0.0434881810001	-0.224476792337	0.0500342962212	1.65797120399e-12	2.2409880918e-05	100.0
0.000258965112302	-0.000461475605107	-5.1789352467e-07	0.0287789684051	-0.0549172098546	0.000336944177384	1.65797120399e-12	2.2409880918e-05	100.0
-0.000185118078215	-0.00200688789189	0.000232007527538	-0.0246775878435	-0.246972802674	0.0279485196599	1.65797120399e-12	2.2409880918e-05	100.0
0.00026853657532	-0.000965329610537	-0.000190138128604	0.0308666955654	-0.118987295031	-0.0223972723226	1.65797120399e-12	2.2409880918e-05	100.0
0.000363556986811	-0.000550114248952	-0.000654163701242	0.0426930323845	-0.0672335215672	-0.0793501742568	1.65797120399e-12	2.2409880918e-05	100.0
-1.92603746405e-05	-0.000421345498061	-0.000505984742549	-0.00445008063176	-0.0501044690912	-0.0602679996547	1.65797120399e-12	2.2409880918e-05	100.0
0.000221521279634	-0.00132177748964	-0.000254180666336	0.0248847417081	-0.163458544296	-0.029939517785	1.65797120399e-12	2.2409880918e-05	100.0
0.000191918744068	-0.00159863818316	-0.000550324329817	0.0216218669208	-0.197495092896	-0.0667018478529	1.65797120399e-12	2.2409880918e-05	100.0
4.10883113586e-05	-0.00175295605969	-6.64586644849e-05	0.00217944143802	-0.214186974943	-0.00681015378576	1.65797120399e-12	2.2409880918e-05	100.0
0.000134769538581	-0.000625037596414	0.000717567187472	0.0146165039237	-0.0763679020527	0.0871392103894	1.65787414444e-12	2.2408569018e-05	100.0
-0.000496501764346	-0.000998302088734	0.000141346880675	-0.0630483182978	-0.122423206112	0.0170139369732	1.65787414444e-12	2.2408569018e-05	100.0
-0.000129514288428	-0.000294084470495	0.000302889590587	-0.017600937664	-0.0327788378478	0.0344551527498	1.65787414444e-12	2.2408569018e-05	100.0
-0.000230929186187	-0.00101502720272	3.9799398114e-05	-0.0300725758466	-0.124593901301	0.00483632655611	1.65787414444e-12	2.2408569018e-05	100.0
6.10168299541e-05	-0.00130457960863	3.00660948739e-06	0.00459659385189	-0.162564675505	-0.000531636031028	1.65749948453e-12	2.2403504947e-05	100.0
0.00020264030766	-0.000791350011508	4.55722829717e-05	0.0227115454646	-0.0968735605757	0.00472033893125	1.65749948453e-12	2.2403504947e-05	100.0
0.000202613752249	-0.00152823937694	0.00056140579277	0.0229300244953	-0.188762558031	0.068059412992	1.65749948453e-12	2.2403504947e-05	100.0
0.00020269636789	-0.000126537476673	-6.08970189473e-05	0.018375045317	-0.0107203392559	-0.00641482768861	1.65749948453e-12	2.2403504947e-05	100.0
-5.04594164267e-05	-0.00160675154088	0.000750680733653	-0.00817825737189	-0.198361457423	0.0917462692666	1.65749948453e-12	2.2403504947e-05	100.0
6.57635947181e-05	-0.00122529933971	3.04581642338e-05	0.00547592890138	-0.152450039575	0.0041966681423	1.65749948453e-12	2.2403504947e-05	100.0
0.000183175322461	-0.000790132143906	-6.683652572e-05	0.0202245104065	-0.0968942593058	-0.0075997564712	1.65749948453e-12	2.2403504947e-05	100.0
8.47385967707e-06	-0.00169759525748	3.18835275568e-05	-0.00240187621293	-0.206007540482	0.00285297521599	1.65749948453e-12	2.2403504947e-05	100.0
-1.3284066576e-05	-0.00144570341054	2.55342602012e-05	-0.00600701401195	-0.182152426568	0.00331493116647	1.65749948453e-12	2.2403504947e-05	100.0
0.000176662120165	-0.000963280822085	-8.77111595546e-05	0.0196281431087	-0.118768195408	-0.0099516432045	1.65749948453e-12	2.2403504947e-05	100.0
5.07852593747e-05	-0.00152829670864	-6.84751555424e-05	0.0015828964113	-0.189498678082	-0.00523553556772	1.65749948453e-12	2.2403504947e-05	100.0
0.000236588808292	-3.46020439407e-05	-5.5555197405e-05	0.0207276885285	0.000308866049899	-0.00543605160587	1.65703027956e-12	2.2397162963e-05	100.0
0.000254469129018	-0.000657483318685	0.000491894133905	0.0293012842285	-0.0801170804938	0.0593120555128	1.65703027956e-12	2.2397162963e-05	100.0
0.000396316594057	-0.000972175781711	-0.000371827243381	0.0467102554178	-0.119836786481	-0.044706908064	1.65703027956e-12	2.2397162963e-05	100.0
-0.000239529958684	-0.00146188803254	0.00058898209725	-0.0315014677623	-0.180309375141	0.071652956539	1.65695786207e-12	2.2396184135e-05	100.0
-0.000386422553185	-0.000923873447217	6.83471001837e-06	-0.0492898622534	-0.112867165896	0.000608188812409	1.65695786207e-12	2.2396184135e-05	100.0
-0.000312281863996	-0.00128319836266	-0.000221507849169	-0.0400529219597	-0.158358413657	-0.0263992377444	1.65650022379e-12	2.2389998491e-05	100.0
-0.000127587647342	-0.00129844500541	-0.000373324488415	-0.0174969498396	-0.160022733762	-0.0449697087227	1.65650022379e-12	2.2389998491e-05	100.0
0.000297530842777	-0.000515807069552	0.000268198524573	0.0339237910829	-0.0623179286053	0.0314044972827	1.65610192761e-12	2.2384614942e-05	100.0
0.000339209854482	-0.000313277944898	0.000506234163913	0.0390866904553	-0.0375617191913	0.060279004307	1.65610192761e-12	2.2384614942e-05	100.0
0.000149849247152	-0.00105119149828	2.78605666531e-06	0.0163039123088	-0.130104489974	-0.000207432624004	1.65610192761e-12	2.2384614942e-05	100.0
0.000138877005513	-0.000930855463038	8.57529644772e-05	0.0149357439802	-0.114749966753	0.0099809857118	1.65610192761e-12	2.2384614942e-05	100.0
0.00020194679676	5.45408072102e-05	0.000272642201284	0.0188832616501	0.00812386075166	0.0276045245515	1.65610192761e-12	2.2384614942e-05	100.0
5.23929283173e-05	-0.00161279789212	0.000280631930605	0.00406569402048	-0.198665386562	0.0325508542366	1.65610192761e-12	2.2384614942e-05	100.0
0.000240047426938	-0.000168790452911	0.000339449778559	0.0257784667656	-0.0186843493098	0.0386525769296	1.65610192761e-12	2.2384614942e-05	100.0
7.49949999255e-05	-0.000105174664261	-9.03298414327e-05	0.00356119664083	-0.00536494016022	-0.00711412223289	1.65610192761e-12	2.2384614942e-05	100.0
-0.000450161308305	-0.00200012127866	9.21549798569e-05	-0.0573020369849	-0.246166728625	0.0113115394516	1.65610192761e-12	2.2384614942e-05	100.0
0.00030254548468	-8.91978065835e-05	-0.000306304929934	0.0327520880447	-0.00935892330813	-0.0343238626708	1.65610192761e-12	2.2384614942e-05	100.0
-0.000653552669309	-0.00197257728475	-0.000250655209139	-0.0826415546198	-0.243292156369	-0.0305647390225	1.65610192761e-12	2.2384614942e-05	100.0
6.82252476405e-05	-0.00150981198511	-0.000390358152604	0.00619942431262	-0.186306644134	-0.0464950409935	1.65610192761e-12	2.2384614942e-05	100.0
-0.000130518328073	-1.84393075663e-05	0.000461559824574	-0.0174981544096	-0.00097035147464	0.0516566362306	1.65604258551e-12	2.2383812848e-05	100.0
-0.000334986047525	-0.000137123741548	0.0001396654809	-0.0404227645523	-0.0118752842633	0.0147490599834	1.65604258551e-12	2.2383812848e-05	100.0
0.000219603860411	-0.00021216720457	0.000197118119583	0.0229451308743	-0.0225975319733	0.0218402400148	1.65604258551e-12	2.2383812848e-05	100.0
-0.000258413416469	-0.000173981013448	-9.94194179998e-05	-0.0313065378837	-0.015378365828	-0.010571215	1.65604258551e-12	2.2383812848e-05	100.0
-0.000238378634723	-0.00102007904528	-0.000277281176122	-0.0311490065169	-0.125356828345	-0.0339787657109	1.65604258551e-12	2.2383812848e-05	100.0
-0.00025377691343	-0.00139623292319	-0.000477504741777	-0.0330867881295	-0.17215514963	-0.0582225255688	1.65604258551e-12	2.2383812848e-05	100.0
0.000342340410551	-0.000983029484791	-0.000738150845485	0.0402747984398	-0.121228484185	-0.0900585635432	1.65564177483e-12	2.2378395311e-05	100.0
-0.000133460901847	-0.00213326463697	-0.000536173969935	-0.0184048296781	-0.263080270956	-0.0654935929438	1.65564177483e-12	2.2378395311e-05	100.0
4.02329883469e-05	-0.00147225743494	1.92208317274e-05	0.000242564053804	-0.184133961301	0.000248860187168	1.65518413655e-12	2.2372209667e-05	100.0
0.000151014227658	-0.00132984765578	0.000163657561157	0.0160227217624	-0.164849161202	0.018676064985	1.65518413655e-12	2.2372209667e-05	100.0
0.000115676050308	-0.00136975579038	0.000169060186242	0.0115749210422	-0.169765869669	0.0190653793257	1.65518413655e-12	2.2372209667e-05	100.0
-0.000185790817904	-0.000514196311485	0.000596477981635	-0.0246909180905	-0.0621449452345	0.0716102585996	1.65467369385e-12	2.2365310295e-05	100.0
-0.000290524640515	-0.000664217358229	0.000361924803767	-0.0375411243965	-0.0803306013867	0.0434205267744	1.65467369385e-12	2.2365310295e-05	100.0
0.000289682148798	6.59518496215e-05	-0.000621886092139	0.0327871423903	0.00821698092253	-0.0736242991727	1.65467369385e-12	2.2365310295e-05	100.0
0.000264788134588	-0.00042642328706	9.12424145152e-05	0.0292837358141	-0.0505410804996	0.00987247945512	1.65338174576e-12	2.2347847747e-05	100.0
0.000216269387436	-0.00120907096541	0.000768165576637	0.0247107732446	-0.149293250699	0.0936448865916	1.65338174576e-12	2.2347847747e-05	100.0
0.000265808843608	-0.000313848445765	8.90411432373e-05	0.0287395557789	-0.0360808218146	0.00979292577448	1.65338174576e-12	2.2347847747e-05	100.0
5.83415485225e-05	-0.000571871906242	0.00069704676211	0.00507297306904	-0.0699301733832	0.0844350462083	1.65338174576e-12	2.2347847747e-05	100.0
0.000131202763008	-0.00145312374964	0.000734355311115	0.0142074344913	-0.179306294485	0.0894721984259	1.65338174576e-12	2.2347847747e-05	100.0
0.000316923610391	-0.000283300432584	-0.000180087212752	0.0351381487457	-0.0327733841407	-0.0205986611156	1.65338174576e-12	2.2347847747e-05	100.0
-0.000411488842702	-0.00197760059108	0.000138829546796	-0.0525036429757	-0.243337838515	0.0167469624503	1.65338174576e-12	2.2347847747e-05	100.0
0.000391013208887	-0.000555978099821	-0.000254938284205	0.0455200065052	-0.0677499281913	-0.0301604025521	1.65338174576e-12	2.2347847747e-05	100.0
0.000162144519401	-0.000241410720975	-0.000387894386354	0.0168715705373	-0.027708862654	-0.0449012425952	1.65338174576e-12	2.2347847747e-05	100.0
0.000228962576177	-0.000313670298798	-0.000495291229657	0.0256543717851	-0.0370711407234	-0.058963323792	1.65338174576e-12	2.2347847747e-05	100.0
-7.84145326542e-05	-0.00197035371026	-3.94196537752e-05	-0.0116276708951	-0.24185678819	-0.00475441639942	1.65338174576e-12	2.2347847747e-05	100.0
-0.000192534879629	-0.000673829719356	-0.00103083043608	-0.0256780290842	-0.0827272469412	-0.126193564175	1.65330882538e-12	2.2346862122e-05	100.0
-0.000111080579611	-0.000116353769713	-0.000494693289842	-0.0154242957183	-0.0126469758828	-0.0567420542633	1.65330882538e-12	2.2346862122e-05	100.0
0.000105374784489	-0.00122075388604	0.00014639771338	0.010560002857	-0.151369088368	0.0167748077716	1.65249614025e-12	2.2335877506e-05	100.0
0.000239100156865	-0.0012918341067	0.000353781840726	0.0272342730964	-0.159792898511	0.0423165496459	1.65249614025e-12	2.2335877506e-05	100.0
0.000115824238834	-0.00147143500566	0.000153877422341	0.0111429404821	-0.182168206646	0.016762635493	1.65249614025e-12	2.2335877506e-05	100.0
0.000195610407207	-0.000146986265293	-4.4113786034e-05	0.0178243282803	-0.0132653135423	-0.00428348496815	1.65249614025e-12	2.2335877506e-05	100.0
-0.000532599551967	-0.00193765538075	0.000259805010741	-0.0675513600817	-0.238782987269	0.0315287256238	1.65249614025e-12	2.2335877506e-05	100.0
0.000273160794935	-0.000607480626126	-0.000224943370949	0.0310891869579	-0.0738497511977	-0.0262600644481	1.65249614025e-12	2.2335877506e-05	100.0
0.000335475014766	-0.000362883460814	-0.000463695207207	0.0385988518876	-0.0437320912595	-0.0551005659069	1.65249614025e-12	2.2335877506e-05	100.0
-0.000370520821932	-0.0018289642428	-0.00030528101393	-0.0474079762096	-0.225201743544	-0.0367270375302	1.65249614025e-12	2.2335877506e-05	100.0
-0.000131768541248	-0.00196728672028	-0.000112493374279	-0.0181431818981	-0.241614318587	-0.0134577670954	1.65249614025e-12	2.2335877506e-05	100.0
-0.00022463448208	-0.000177530594485	-0.000122237710941	-0.0274515460232	-0.0158156059699	-0.0125039484418	1.6524010923e-12	2.2334592795e-05	100.0
-5.37756764341e-05	-0.000534438538496	0.000953431567125	-0.00856042555178	-0.0653920869811	0.116262723469	1.65194747721e-12	2.2328461531e-05	100.0
-0.000304639223946	-0.000676893261757	0.000356422264465	-0.0391773488569	-0.0816948689799	0.0431087926954	1.65194747721e-12	2.2328461531e-05	100.0
-0.000106996377416	-0.00125746242209	0.000164907899334	-0.0146981663713	-0.155810734723	0.0194786642125	1.65194747721e-12	2.2328461531e-05	100.0
-0.00031736910756	-0.00111529739166	-0.000120483431767	-0.0407506956122	-0.137171328695	-0.0145296332669	1.65194747721e-12	2.2328461531e-05	100.0
5.69459898823e-05	-0.000478548900081	-0.000957283026623	0.00507876340228	-0.0584778672937	-0.116659601059	1.65194747721e-12	2.2328461531e-05	100.0
-0.000128914488079	-0.000785042142047	-0.000670395780506	-0.0177698647166	-0.0960904884934	-0.0813458215591	1.65194747721e-12	2.2328461531e-05	100.0
-1.22958466093e-05	-0.000222037435223	-0.000774709325592	-0.0035610502845	-0.0267798277395	-0.0930581505501	1.65194747721e-12	2.2328461531e-05	100.0
0.000317147569046	-0.000671644176617	3.53135098567e-05	0.0366532164265	-0.0819626829157	0.0044562259394	1.65162008982e-12	2.2324036416e-05	100.0
0.000266895151917	-0.00127514956688	-9.9870282258e-05	0.030393137116	-0.157992672601	-0.0111630443398	1.65162008982e-12	2.2324036416e-05	100.0
0.000273408143623	9.7942995956e-05	0.000717455094433	0.0311489315327	0.0121384816769	0.0857533328991	1.65149486791e-12	2.2322343861e-05	100.0
-0.000251318768022	-0.000189804033915	2.6441062848e-06	-0.0304062873343	-0.0170367522689	0.000127381656364	1.65149486791e-12	2.2322343861e-05	100.0
-5.04311615052e-07	-0.000240190199967	-0.000256136726624	-0.00244215406182	-0.0252788814611	-0.0284509069253	1.65149486791e-12	2.2322343861e-05	100.0
-0.000265515994694	-0.000574331008242	-0.000361836513118	-0.0343238579538	-0.0688017132331	-0.0432941679167	1.65149486791e-12	2.2322343861e-05	100.0
1.6565040291e-05	-0.00144843275774	-1.46098803925e-05	-0.00258630463216	-0.181877703617	-0.00306405575154	1.6511855849e-12	2.2318163453e-05	100.0
0.000213708054763	-0.000964238786722	0.000141846826988	0.0240598670185	-0.118857018338	0.0163081418678	1.6511855849e-12	2.2318163453e-05	100.0
0.000123827729916	-0.0012823411772	0.00027419561812	0.012969283648	-0.158589337351	0.0322266123742	1.6511855849e-12	2.2318163453e-05	100.0
0.000169361235073	-0.000469710595359	0.000474882330748	0.0185139624132	-0.0565166122431	0.0566548591755	1.6511855849e-12	2.2318163453e-05	100.0
0.000329670091614	-0.00130822291884	-0.000629888595881	0.0386553683844	-0.161648289495	-0.0765862054321	1.6511855849e-12	2.2318163453e-05	100.0
