# x[AU] y[AU] z[AU] vx[AU/yr/2pi] vy[AU/yr/2pi] vz[AU/yr/2pi] m[MSUN] m[mtot] wf[%]
4.03615037983e-05	0.000552276723669	-5.92804366438e-08	0.00604082303191	0.0687036797611	-8.40703876277e-06	4.88162224394e-08	0.661823222877	19.6274938154
-8.11306000186e-05	-0.0010994715297	-9.71327998078e-09	-0.0121521635858	-0.136856748134	-4.9965570434e-06	2.43567243685e-08	0.330214937059	8.97009728624
8.00438723892e-05	-0.000821509105009	-2.4288035478e-05	0.00791640305501	-0.106325223342	-0.00282463289912	4.72651385236e-12	6.4079448888e-05	0.0
5.66711057192e-05	-0.000914002783463	-1.34715577466e-07	0.00394230506406	-0.119787560788	0.00019430095399	4.71255236438e-12	6.3890166791e-05	0.0
-5.21468103015e-05	0.000274608473147	5.14659270849e-06	-0.00620523648475	0.0419273750385	0.000216532121945	1.65106388329e-12	2.2384206844e-05	100.0
-4.37985669331e-05	0.000261195212272	1.49678505618e-05	-0.00542148555598	0.0400303392455	0.000710812340345	1.64646637867e-12	2.232187643e-05	100.0
6.19894672605e-05	0.000172928949088	-9.93644038879e-05	0.00640035427628	0.0265844383094	-0.0110064386204	1.64495164624e-12	2.230134053e-05	100.0
9.9628873227e-05	0.000261917611746	-0.000130802825745	0.0101087050187	0.03853029515	-0.0137465162388	1.64394685361e-12	2.2287718109e-05	100.0
8.07094126842e-05	0.000221317127297	3.74424255264e-05	0.00818635526738	0.0337812878164	0.00428994023958	1.64344546309e-12	2.2280920535e-05	100.0
2.75116678643e-05	1.92436420173e-05	4.90533678391e-05	0.00258871374432	0.0056752357781	0.00624377653762	1.64344546309e-12	2.2280920535e-05	100.0
-8.09574119894e-05	-0.000231123758555	-5.37061209655e-05	-0.0106158905395	-0.0275556905854	-0.00600866820491	1.64095359749e-12	2.2247137206e-05	100.0
-6.73244234552e-06	0.000172332411259	-0.000110623038754	-0.00145557102616	0.0264985196669	-0.0119767597336	1.64095359749e-12	2.2247137206e-05	100.0
-2.16102359276e-05	0.000152674614853	0.000185509955718	-0.00352653327967	0.0228129372026	0.0206981514565	1.63897670068e-12	2.2220335537e-05	100.0
-5.75232366793e-05	9.59650752903e-05	2.86396561565e-05	-0.00758802925064	0.0161579773394	0.00337381861016	1.63897670068e-12	2.2220335537e-05	100.0
-8.10140097937e-05	-0.000183722080304	-2.20973097066e-05	-0.0105967736731	-0.0213339039872	-0.00241002901988	1.63897670068e-12	2.2220335537e-05	100.0
-9.19572328244e-05	0.000171039299866	-0.000156231459082	-0.0112518033321	0.02581721223	-0.0173902532557	1.63506515059e-12	2.2167304914e-05	100.0
-6.96477400998e-05	-0.000188944603494	0.000103706733922	-0.00926780128195	-0.0220936628595	0.0125924446957	1.63168667367e-12	2.2121501401e-05	100.0
-4.37533556846e-06	0.000231887095396	1.25111209808e-05	-0.000814686783094	0.0358916484932	0.00193233146624	1.63168667367e-12	2.2121501401e-05	100.0
3.78170748282e-05	-0.000267563595355	-0.000223142611234	0.00402520344852	-0.0324113510141	-0.0268815924883	1.63120741072e-12	2.211500382e-05	100.0
3.89136515544e-05	-0.000183315440184	-0.000256846832119	0.0040797731364	-0.0215915058351	-0.0307458017081	1.63120741072e-12	2.211500382e-05	100.0
-2.69418155134e-06	0.000162738961284	0.00021946113586	-0.00127525781876	0.0240097443324	0.0246478433865	1.63025139932e-12	2.2102042749e-05	100.0
-7.21062978338e-05	0.000118055831827	5.9689253067e-05	-0.00942420227034	0.0189284400149	0.00598685041287	1.62882316555e-12	2.2082679549e-05	100.0
-0.000128797620232	0.00038935495745	2.14659531976e-05	-0.0115729970045	0.0576741193277	0.00228713172175	1.62882316555e-12	2.2082679549e-05	100.0
-6.97019937998e-05	0.00016742540641	-0.000145841824438	-0.00896931907115	0.0253326777643	-0.0159206581776	1.62834842869e-12	2.207624333e-05	100.0
-7.67390327969e-05	-0.000216986802741	-0.00024396181413	-0.0100516004306	-0.0258896590939	-0.029100353352	1.62834842869e-12	2.207624333e-05	100.0
-0.000294991517744	2.84869184251e-06	-0.000115850236985	-0.0366526681732	0.00293127481595	-0.0133513637351	1.62645803055e-12	2.2050614363e-05	100.0
5.56805780311e-05	-2.71966418824e-05	-0.000244856986003	0.00606838358237	-0.00120399757748	-0.0286160497569	1.62645803055e-12	2.2050614363e-05	100.0
-8.6252944508e-05	-0.000484007152797	0.000295556488753	-0.011244668445	-0.0603960402395	0.0358215749657	1.62504840405e-12	2.203150343e-05	100.0
-7.61916279467e-05	0.000175174823681	-0.000228669119319	-0.00980708293514	0.0254466592461	-0.0254627760295	1.62504840405e-12	2.203150343e-05	100.0
-0.00010134319605	4.53809366994e-05	-0.000225527410037	-0.0129068385053	0.00850390178843	-0.0260651760275	1.62504840405e-12	2.203150343e-05	100.0
-6.43595570401e-05	-0.000504752645072	-7.69920748812e-05	-0.00846713672105	-0.0633738191849	-0.00961386327039	1.62458020488e-12	2.2025155845e-05	100.0
-1.31298574499e-05	-0.000453445875965	0.0003952559687	-0.00228033253951	-0.0563921960451	0.0481647099675	1.62364531524e-12	2.2012481131e-05	100.0
3.25104507895e-05	-0.000881410723047	9.13177525327e-05	0.00238145713651	-0.114227412613	0.00875441652397	1.62364531524e-12	2.2012481131e-05	100.0
0.000134861160106	0.000238723942633	-0.000154970584939	0.0144106028378	0.034523410819	-0.0166441273156	1.6227139459e-12	2.1999854143e-05	100.0
-0.000152624210125	-0.00023514435518	-0.000213843897632	-0.0194347196731	-0.0281250976225	-0.0255022698438	1.6227139459e-12	2.1999854143e-05	100.0
-0.000109791608899	-0.000602866660194	3.90860106948e-05	-0.0139569261756	-0.0763032885108	0.00440517427346	1.62178509105e-12	2.1987261245e-05	100.0
5.16149841349e-05	-0.000943500197761	-2.70402284295e-05	0.003352264348	-0.123943858676	-0.00197654817213	1.62178509105e-12	2.1987261245e-05	100.0
-7.82699898215e-05	-0.000248137206374	0.000167488923176	-0.0102947005212	-0.0298266522319	0.0202557309918	1.62178509105e-12	2.1987261245e-05	100.0
0.00020123076947	-9.69484633313e-06	-0.000269428865748	0.0237494003927	0.000544684650168	-0.0315508498582	1.62178509105e-12	2.1987261245e-05	100.0
-0.00017125823474	0.000273355665991	-0.000199715665666	-0.02029174403	0.0381757313208	-0.0211065990177	1.62178509105e-12	2.1987261245e-05	100.0
-0.000195841546888	0.00026889531661	4.37358530946e-05	-0.0224200049697	0.0392277980263	0.00455484602389	1.6208592536e-12	2.1974709255e-05	100.0
1.82998709954e-05	-0.000161136352638	-0.000453197111401	0.00150976200338	-0.0191436403765	-0.0548221715401	1.6208592536e-12	2.1974709255e-05	100.0
-0.000235893990803	-0.000179586684304	-0.000335108944074	-0.0298215190519	-0.0211581619419	-0.0402900770756	1.6208592536e-12	2.1974709255e-05	100.0
-3.25732437534e-06	-0.00026017861525	0.000263280981799	-0.000988312147339	-0.03138980344	0.0320405758997	1.62039759212e-12	2.1968450305e-05	100.0
-0.000127194612704	-0.000259023494002	0.000316952136278	-0.0165115607022	-0.0314341229982	0.0382115708226	1.61947628076e-12	2.1955959678e-05	100.0
9.40151727173e-05	-0.000112851184258	0.000301268966905	0.0108030851466	-0.0125870673862	0.0359362124552	1.61901612798e-12	2.1949721182e-05	100.0
-0.000187651525457	0.00010865284743	-7.10268886534e-06	-0.0228638611626	0.0175658403017	-0.000881288893034	1.61901612798e-12	2.1949721182e-05	100.0
4.05139466841e-05	5.03470365371e-05	0.000394826003356	0.00402992758681	0.00790214883289	0.0466483793957	1.61855748389e-12	2.194350314e-05	100.0
0.00013274707305	-0.000456234209596	-0.000241971903989	0.0155546881203	-0.057045046347	-0.0286697492173	1.61796456572e-12	2.1935464685e-05	100.0
-0.000493120948893	-0.00129862060664	-0.000265692704963	-0.0611481860261	-0.160614882062	-0.032036640648	1.61796456572e-12	2.1935464685e-05	100.0
0.000154061074032	0.000184306386448	-0.000440182461688	0.0177632523293	0.0243551635586	-0.0519013624743	1.61764120153e-12	2.1931080693e-05	100.0
-0.000122103607568	-0.00084284673358	0.000199699772037	-0.0152002863008	-0.107196501059	0.0217009109289	1.61718456904e-12	2.1924889924e-05	100.0
-5.37773578438e-05	-0.000579853986244	0.000172607974018	-0.00728127801754	-0.072945281349	0.0200390601076	1.61718456904e-12	2.1924889924e-05	100.0
1.76868812498e-05	0.000320796647021	0.000247103164871	0.000883056422104	0.0441379189029	0.0258305333002	1.61627784176e-12	2.1912597019e-05	100.0
-9.37278293494e-05	0.000205487634932	0.000361801928221	-0.0120097972233	0.0278730681864	0.0414579011777	1.61627281277e-12	2.1912528838e-05	100.0
-0.000176731736082	-0.000767033433317	-7.11120707215e-05	-0.0214488626015	-0.0981042194264	-0.00841301159369	1.61627281277e-12	2.1912528838e-05	100.0
-1.68537075695e-05	5.72328600871e-05	0.000318523989373	-0.00282185854265	0.00964849712157	0.0378457867892	1.61627281277e-12	2.1912528838e-05	100.0
-0.000244038785092	-0.000918751516428	6.14952040885e-05	-0.0273477049987	-0.117004438144	0.0061116929379	1.61627281277e-12	2.1912528838e-05	100.0
-0.000205341998909	-0.000769557811694	-0.000107133884634	-0.0249146276356	-0.0980311466139	-0.0123860239503	1.61627281277e-12	2.1912528838e-05	100.0
-0.00023764717968	0.000136450444632	1.88110046315e-06	-0.0288336691299	0.0210184608198	0.000564372358972	1.61627281277e-12	2.1912528838e-05	100.0
0.00032652024848	0.000580627716682	-0.000303617048668	0.0371069779088	0.0718642984118	-0.0344469869674	1.61627281277e-12	2.1912528838e-05	100.0
-9.40692627251e-05	9.69211835446e-05	0.000341800359001	-0.0120902117988	0.0146062207078	0.0401682706322	1.61536357099e-12	2.1900201844e-05	100.0
-0.000278529313553	-5.91362316583e-05	0.000311149826239	-0.0349826257066	-0.00561943964981	0.0371197077754	1.61536357099e-12	2.1900201844e-05	100.0
-3.46435578438e-05	-0.000213164442694	3.08696564215e-05	-0.00486886659139	-0.0251481734268	0.00384487777383	1.61536357099e-12	2.1900201844e-05	100.0
-0.000229796979757	-0.000186043596201	-0.000192516563239	-0.0289539004222	-0.0216815119105	-0.0229788574441	1.61536357099e-12	2.1900201844e-05	100.0
-5.9426593152e-05	-0.000729958090239	9.18504870872e-05	-0.00819533478405	-0.0936601117122	0.00972874242521	1.6151629142e-12	2.189748145e-05	100.0
5.68238251535e-05	-0.000843782335199	-2.54131463938e-05	0.0050129316037	-0.109648358844	-0.00261048915221	1.61460821637e-12	2.1889961165e-05	100.0
-1.6482064459e-05	-0.000587447729268	-0.000294520055873	-0.00285853699277	-0.0737425986273	-0.034851939622	1.61460821637e-12	2.1889961165e-05	100.0
-0.000219259783936	-0.000865412487118	0.000414342288336	-0.02752743038	-0.108327387417	0.0494336634309	1.6144573466e-12	2.1887915757e-05	100.0
-0.000284991403865	-0.000257188652906	0.000205747100971	-0.0358144004118	-0.0308987677898	0.0246251141813	1.6144573466e-12	2.1887915757e-05	100.0
-0.000185051282973	-0.000777430626157	-0.00017088822551	-0.0226255855532	-0.0986312039434	-0.0193875813945	1.6144573466e-12	2.1887915757e-05	100.0
-0.000356578600119	-0.000248665254124	-0.000274498603529	-0.0448348529525	-0.0299559309042	-0.033142999359	1.6144573466e-12	2.1887915757e-05	100.0
-0.000158595509047	-0.000845754298159	-9.37312752941e-05	-0.0185691479243	-0.108343347601	-0.00923617001998	1.61400524021e-12	2.188178635e-05	100.0
1.32974150567e-05	-0.000418333452342	-0.000319873400551	0.000887219640527	-0.0519506295764	-0.038525347038	1.61400524021e-12	2.188178635e-05	100.0
-0.00042199372938	-0.000322234505227	-0.000269150854003	-0.0530372141671	-0.0394549704176	-0.0322595017242	1.61400524021e-12	2.188178635e-05	100.0
-1.46679434442e-05	0.000473352796685	-0.000236216213584	-0.0024036897693	0.0608322638231	-0.0201905630712	1.61400524021e-12	2.188178635e-05	100.0
-0.000111310416753	0.000232412205209	0.000275452327839	-0.0137822302889	0.0319573096605	0.0304118300662	1.61355363672e-12	2.187566376e-05	100.0
-0.00024937897475	-0.00098984357877	2.75022160071e-05	-0.026011830488	-0.125521512182	0.00249036434594	1.61350435259e-12	2.1874995594e-05	100.0
0.000173921972587	0.00017143982782	0.000171911234636	0.0193408571142	0.0245702623056	0.018634280822	1.61295518665e-12	2.1867550307e-05	100.0
4.26101226419e-06	0.000239302170302	-0.000146328092683	-0.000581124557994	0.0351072645102	-0.0149039820394	1.61295518665e-12	2.1867550307e-05	100.0
8.34519628828e-05	-0.000336465693051	-0.000472859999885	0.00949364613512	-0.0414761005546	-0.0573669242875	1.61295518665e-12	2.1867550307e-05	100.0
-0.00011335779951	-0.000630306253423	-0.000401792188256	-0.0146715504713	-0.0787430705516	-0.048300776406	1.61295518665e-12	2.1867550307e-05	100.0
-0.000127358773984	-0.000138560191165	0.000475599872532	-0.0164645070473	-0.0160918062826	0.0574780721723	1.61265244132e-12	2.1863445854e-05	100.0
-0.000304621909261	-0.000525557255161	0.000254195539168	-0.0382367871954	-0.0654888672326	0.0304713457781	1.61265244132e-12	2.1863445854e-05	100.0
0.000134899729198	-0.000579584724651	0.00030709116327	0.0158470143174	-0.0726333210352	0.0365146738506	1.61265244132e-12	2.1863445854e-05	100.0
-0.000151812686776	-0.00072139993046	8.97822287921e-05	-0.0186260776426	-0.0918829648893	0.0101120849769	1.61265244132e-12	2.1863445854e-05	100.0
2.5109256388e-05	-0.000734349005611	-2.55600693079e-05	0.00195568975132	-0.0945151254496	-0.00228326969614	1.61240803231e-12	2.1860132292e-05	100.0
7.71967599336e-05	-0.00071900992532	6.60971382509e-05	0.00826847484723	-0.0922199839743	0.00768649374926	1.61131875261e-12	2.1845364443e-05	100.0
9.34968138888e-05	0.000279753582522	0.000122669351543	0.00903105918308	0.0407170632779	0.0116635657236	1.61085759403e-12	2.1839112311e-05	100.0
-0.000308813464489	6.8260244763e-05	-4.82666267141e-05	-0.0379969157979	0.0115505488195	-0.00535427738009	1.61085759403e-12	2.1839112311e-05	100.0
3.58588196383e-05	0.000132633100379	-0.000387691857308	0.00342871936345	0.0185241052903	-0.0455129997154	1.61085759403e-12	2.1839112311e-05	100.0
-0.000193805854624	0.000167887268839	-0.000279762877193	-0.0239170340398	0.0238915135154	-0.0320338369702	1.61085759403e-12	2.1839112311e-05	100.0
7.12633443652e-05	-0.000978296664887	3.02466138357e-05	0.00358082885801	-0.128244823908	0.00330885475862	1.61077662726e-12	2.1838014609e-05	100.0
0.000316760603177	2.46440821835e-05	-0.000169239012919	0.0377517248975	0.00479194490306	-0.0202695434235	1.61077662726e-12	2.1838014609e-05	100.0
-0.000108594357774	-0.00081302689317	0.000113356428615	-0.0132455160971	-0.104373804678	0.0119367986316	1.61077662726e-12	2.1838014609e-05	100.0
5.72293853251e-05	-0.000698849681555	5.19453481653e-05	0.0059171272166	-0.0896036651123	0.00550351254996	1.60969841134e-12	2.1823396757e-05	100.0
0.000238758496514	0.000220570840979	0.000246688440245	0.0271852797074	0.0298163600292	0.0277488866376	1.60969841134e-12	2.1823396757e-05	100.0
0.000111874158781	-0.000387860343971	4.4463366142e-06	0.0129538287352	-0.0485003373891	0.000404210125905	1.60969841134e-12	2.1823396757e-05	100.0
0.000310542861544	0.000314653646063	0.000200833865886	0.0350280737355	0.0412448108112	0.022290254077	1.60969841134e-12	2.1823396757e-05	100.0
-0.0002914134709	-0.000751853382095	0.000483339613363	-0.0366236680864	-0.0934063776826	0.0583379095499	1.60969841134e-12	2.1823396757e-05	100.0
0.000130718809843	-0.00108186569657	-0.000243676159877	0.0134919483987	-0.134353357757	-0.0258354593084	1.60969841134e-12	2.1823396757e-05	100.0
-0.00024131879982	-0.000951727401759	0.000119960272917	-0.0271300155019	-0.120418363126	0.0120139398008	1.60951837342e-12	2.1820955902e-05	100.0
-0.000401127619806	-0.000462408438491	6.21683614585e-06	-0.0501973493788	-0.057124575245	0.000552640275266	1.60951837342e-12	2.1820955902e-05	100.0
0.000116962609589	0.000319251053418	4.29566682288e-05	0.0105998215673	0.0477627693959	0.00344914079623	1.60951837342e-12	2.1820955902e-05	100.0
-0.000387944762445	-0.000351245105389	-0.000187689450997	-0.0486304018969	-0.0429863939307	-0.0227369724933	1.60951837342e-12	2.1820955902e-05	100.0
-6.61657011513e-05	-0.000998008258015	-0.000278216301457	-0.00882361535039	-0.125600224807	-0.0298640072022	1.60951837342e-12	2.1820955902e-05	100.0
-0.000206216914356	-0.000747009008799	0.000522248770269	-0.0262050667156	-0.0930157072651	0.0632828742817	1.60907330762e-12	2.1814921948e-05	100.0
-0.000395115258442	-0.000427440626065	7.33596875119e-06	-0.0494440902655	-0.0527030838314	0.000454688720375	1.60907330762e-12	2.1814921948e-05	100.0
-0.00029703243706	3.32313482908e-05	-0.000100185906115	-0.0366628903605	0.00688243737258	-0.011298829101	1.60907330762e-12	2.1814921948e-05	100.0
0.000159003415154	-0.000830651466218	-5.9377286983e-05	0.0172083413653	-0.106778908708	-0.006464381851	1.60862623022e-12	2.1808860721e-05	100.0
0.000213381941539	-0.000937777398191	-0.000412798340284	0.0249197728256	-0.116966542895	-0.0486556580268	1.60862623022e-12	2.1808860721e-05	100.0
-2.78175503477e-05	0.00012262823563	0.000383892928685	-0.00421150710686	0.0171318790475	0.044624583726	1.60818518761e-12	2.180288131e-05	100.0
-0.000174898522249	0.000319206599924	8.38567180489e-05	-0.0193862675059	0.0456713677851	0.00706654570479	1.60818518761e-12	2.180288131e-05	100.0
-0.00013852444966	-5.26999642522e-05	0.000737318222404	-0.0179660598308	-0.00601693537298	0.0897654634532	1.60818518761e-12	2.180288131e-05	100.0
-0.000156004765501	0.000288459502158	6.42229294905e-05	-0.0175500926333	0.0421893726787	0.00554947941964	1.60818518761e-12	2.180288131e-05	100.0
-8.26287288526e-05	-0.000433761251215	0.000148369058558	-0.0107541594195	-0.0539309062865	0.0178443930406	1.60818518761e-12	2.180288131e-05	100.0
-0.000351487340094	-0.000609440776466	7.85098672397e-06	-0.0436196409483	-0.0762090592848	0.00116471744194	1.60818518761e-12	2.180288131e-05	100.0
-0.000139928735155	-0.000607157395737	-0.00072778956305	-0.0182138095509	-0.0754757470382	-0.089202161654	1.60818518761e-12	2.180288131e-05	100.0
-0.000228824392191	-0.00050143816305	-0.000423783782439	-0.0290586239301	-0.0621699461796	-0.0511144055125	1.60818518761e-12	2.180288131e-05	100.0
7.58440992837e-05	0.000394557824692	-0.000281351001108	0.00731572405381	0.0517565639279	-0.0287072123819	1.60818518761e-12	2.180288131e-05	100.0
-0.000174190228063	0.00020748680479	-0.000215302925278	-0.0212483469934	0.0294162926618	-0.0235280491359	1.60818518761e-12	2.180288131e-05	100.0
6.50166770449e-05	0.000230570366394	-0.000367355247343	0.00691522719546	0.0307276114044	-0.0417729130228	1.60818518761e-12	2.180288131e-05	100.0
0.000242087566591	-0.000105205859765	8.51848930561e-05	0.0284168041599	-0.0120475287726	0.00933077059736	1.60809315705e-12	2.1801633611e-05	100.0
7.08329904525e-05	0.000210343121963	0.000269997947437	0.00730325937844	0.0291696779139	0.0299192839221	1.60809315705e-12	2.1801633611e-05	100.0
0.000237670671144	-0.000234880364945	-0.000349013306718	0.0284399078965	-0.0287324720282	-0.0417678325191	1.60809315705e-12	2.1801633611e-05	100.0
-0.000244578882653	-0.000753305084375	-0.000382395747903	-0.0306697205057	-0.0940741789649	-0.0456298800775	1.60809315705e-12	2.1801633611e-05	100.0
-0.000247850992227	-0.000196245968132	0.000685220206346	-0.0315517635711	-0.0237463832066	0.0838144880379	1.60729907919e-12	2.1790867944e-05	100.0
-0.000173166609249	-0.000798568368059	0.000168605487237	-0.0211669326877	-0.101477873818	0.0186727948685	1.60729907919e-12	2.1790867944e-05	100.0
-4.05195340825e-05	-0.000107780952627	0.000789410580093	-0.00590929142562	-0.0128075893863	0.0967624520888	1.60729907919e-12	2.1790867944e-05	100.0
-0.000191296691671	4.1429451293e-05	7.09454165045e-05	-0.0236571993957	0.00849669172913	0.00831364172942	1.60729907919e-12	2.1790867944e-05	100.0
3.86760749182e-05	0.000300384658216	0.000323984743474	0.00347688334602	0.0399389496682	0.0356166929722	1.60703153681e-12	2.1787240753e-05	100.0
0.000102645718092	-0.000913170208779	3.35754695565e-06	0.00921190715315	-0.118796738677	-0.000310199668056	1.60650298974e-12	2.1780075006e-05	100.0
0.000188518046287	-0.00034989148026	5.06699016933e-05	0.0221897555472	-0.0437432923104	0.00604050831796	1.60650298974e-12	2.1780075006e-05	100.0
0.000253391563467	-0.000139393961595	0.000625115392802	0.0306270191912	-0.0167423756133	0.0763983713096	1.60650298974e-12	2.1780075006e-05	100.0
1.96294416662e-05	-0.000618145711094	-0.00012034612754	0.00135697890833	-0.0788544836058	-0.0145831921187	1.60650298974e-12	2.1780075006e-05	100.0
5.68895472093e-05	-0.000807589949875	-2.17857540756e-06	0.00525733741462	-0.104611424683	0.000992328623142	1.60650298974e-12	2.1780075006e-05	100.0
0.000389966915866	0.000112830644507	-0.000355784315478	0.0467194379207	0.0149584088042	-0.0423213090744	1.60650298974e-12	2.1780075006e-05	100.0
0.00038656253479	-8.84894300304e-06	-0.00037599191858	0.0467551690523	-0.000289367585567	-0.0451831119658	1.60650298974e-12	2.1780075006e-05	100.0
0.000210109317104	0.000202960163149	-0.000183976689469	0.0235215482126	0.0283788732376	-0.0202552046348	1.60650298974e-12	2.1780075006e-05	100.0
-0.000560158032102	-0.00125589523261	-0.000179524602672	-0.0692857536436	-0.155136185479	-0.0215344294308	1.60650298974e-12	2.1780075006e-05	100.0
-0.000102005858991	-0.00129872435023	-8.52371920358e-05	-0.0124334638444	-0.1552803328	-0.00813264869022	1.60650298974e-12	2.1780075006e-05	100.0
0.000141272383104	-0.000533013030887	0.000666253165033	0.0166742065693	-0.0663733327241	0.0813411685032	1.60641548527e-12	2.1778888669e-05	100.0
-0.000308970547707	4.583291122e-06	4.5476250675e-05	-0.0382537753535	0.00329202327632	0.00510077253005	1.60641548527e-12	2.1778888669e-05	100.0
9.65936051455e-05	-0.000817734076746	9.79033047561e-05	0.00989452063298	-0.10503884214	0.00998648721879	1.60597595136e-12	2.1772929712e-05	100.0
-3.34562406188e-05	-0.00115819367929	-0.000370529468231	-0.0051242110935	-0.143459274011	-0.0423186274199	1.60597595136e-12	2.1772929712e-05	100.0
-0.000149124479644	-0.000215042617782	0.000575950141816	-0.0193434621649	-0.0261378294904	0.0700847113745	1.60553440585e-12	2.1766943483e-05	100.0
-0.000282556552043	-0.000299679630741	9.25565750984e-06	-0.0353655780876	-0.036226189386	0.00124133404238	1.60553440585e-12	2.1766943483e-05	100.0
9.2920930144e-05	-0.000950830579101	-2.75243304509e-05	0.00697183860676	-0.12394073168	-0.00365219402433	1.60545092458e-12	2.1765811691e-05	100.0
8.35216920303e-05	-0.000619854897433	0.000186330348324	0.00920004155991	-0.0786840227636	0.0219273364192	1.60545092458e-12	2.1765811691e-05	100.0
0.000330203087095	0.000247623153168	0.000388071757027	0.0390734902751	0.031996646115	0.0457498286666	1.60545092458e-12	2.1765811691e-05	100.0
0.000392606760505	-0.00016188149176	0.000683446995078	0.0479168589967	-0.0199778810963	0.0836027922086	1.60545092458e-12	2.1765811691e-05	100.0
9.58608371824e-05	-0.00105074460883	0.00014185418964	0.00757381890134	-0.131249315043	0.0116993165193	1.60545092458e-12	2.1765811691e-05	100.0
0.000174303212385	-0.000383133136005	-5.67625468983e-05	0.0203529999767	-0.0480362679608	-0.00669851349766	1.60545092458e-12	2.1765811691e-05	100.0
-0.000262102587547	-0.00123818962879	0.000284851582583	-0.0320047152666	-0.152468210194	0.0324147016352	1.60545092458e-12	2.1765811691e-05	100.0
-0.000120425873154	-0.000788887363622	-0.000317058570868	-0.0152472320774	-0.0993215953831	-0.0371615514572	1.60465533802e-12	2.175502557e-05	100.0
-0.000382160465844	-0.000331869411595	-0.00030767760774	-0.0479336381664	-0.0404981339138	-0.0369615617069	1.60465533802e-12	2.175502557e-05	100.0
0.000133294527367	-0.000671885923039	-1.9934582736e-05	0.0149866596165	-0.0858976355056	-0.00176155920363	1.60440539711e-12	2.175163701e-05	100.0
0.000131635328256	-0.000834490724539	-0.00106957864127	0.0155425281445	-0.103793286626	-0.131953494146	1.60440539711e-12	2.175163701e-05	100.0
-6.64041003526e-05	-0.0012935867908	-0.000389671790228	-0.00900973338143	-0.159543353747	-0.045509214823	1.60440539711e-12	2.175163701e-05	100.0
-0.000174310682853	-0.000543463996523	0.000344900079798	-0.0223054223951	-0.067819128647	0.0413003386747	1.60421731281e-12	2.1749087068e-05	100.0
-0.000226399233301	0.000304131751736	-2.7541705995e-06	-0.0255131860857	0.0436237015084	0.000310140744927	1.60421731281e-12	2.1749087068e-05	100.0
-0.000124116411311	-0.000352250112708	-0.00067601296019	-0.0161960227489	-0.0433752913059	-0.0828377483918	1.60421731281e-12	2.1749087068e-05	100.0
-3.72493172933e-07	-0.000643616701137	-0.00057485454413	-0.000807296361036	-0.0800866812064	-0.0698821754099	1.60421731281e-12	2.1749087068e-05	100.0
4.93925923894e-05	0.000496437080177	-0.000322643631939	0.00454378625144	0.062974170556	-0.033140671936	1.60421731281e-12	2.1749087068e-05	100.0
-0.000152670742646	9.14348226148e-05	-0.000387345680984	-0.0193770025223	0.0132697236202	-0.0454380895416	1.60421731281e-12	2.1749087068e-05	100.0
0.000178614672254	0.00048674589728	0.000256270527953	0.018022156226	0.0612150618893	0.0252474791127	1.60377928759e-12	2.1743148565e-05	100.0
-0.000163326600651	0.000237693120047	4.4436913591e-05	-0.0189160309045	0.0354032256517	0.0045448375447	1.60377928759e-12	2.1743148565e-05	100.0
-0.000107018813397	-0.000776819293257	-6.63058309646e-05	-0.013038456687	-0.0996857441343	-0.00695164413666	1.60377928759e-12	2.1743148565e-05	100.0
-0.000333500768992	-0.000245221062201	-0.000172397110977	-0.0418147258208	-0.0293340495391	-0.0203824969801	1.60377928759e-12	2.1743148565e-05	100.0
0.00035878303322	0.00035437244809	0.000188569981504	0.0406258248126	0.0454626533565	0.0212003307004	1.60336640734e-12	2.1737550964e-05	100.0
0.000251883451654	8.1702796322e-05	0.000532662110471	0.0301394668727	0.0110470487625	0.0641584384473	1.60336640734e-12	2.1737550964e-05	100.0
0.000424282531944	0.000460808975218	3.33892166475e-05	0.047812172727	0.0577361999703	0.00369264747902	1.60336640734e-12	2.1737550964e-05	100.0
0.000158264261364	-0.000478576697195	-6.8263152311e-05	0.0183766774226	-0.0604054373072	-0.00744598560007	1.60336640734e-12	2.1737550964e-05	100.0
1.41622773666e-05	0.000284958269897	-0.000185530950141	0.000656949700232	0.0406044229236	-0.018499805782	1.60336640734e-12	2.1737550964e-05	100.0
0.000286346643308	-0.000679518748992	-8.85939526344e-05	0.0339612309915	-0.0859632209548	-0.00946174153311	1.60336640734e-12	2.1737550964e-05	100.0
0.000129505296722	-0.00107169305519	-0.000286114471661	0.0137101878537	-0.133430682405	-0.0313779272062	1.60336640734e-12	2.1737550964e-05	100.0
-6.7750690525e-05	0.00013712046725	0.000926488420199	-0.00919539284733	0.0173810258345	0.113401769104	1.60334176528e-12	2.1737216881e-05	100.0
-0.000291103834996	1.57110523633e-05	6.13275680113e-05	-0.0360288539316	0.00476484602098	0.00676524964093	1.60334176528e-12	2.1737216881e-05	100.0
0.00025813115092	0.000618095479904	0.000275699356789	0.0281257644596	0.0754941280113	0.0294782050413	1.60334176528e-12	2.1737216881e-05	100.0
9.26497472266e-05	-0.000359740420376	0.000325595799246	0.0106949496117	-0.0444779975196	0.0390346231963	1.60334176528e-12	2.1737216881e-05	100.0
-0.000142593910657	-0.000722592286402	7.85244049132e-05	-0.017542083069	-0.0920594560581	0.0090013947862	1.60334176528e-12	2.1737216881e-05	100.0
-0.000155692016297	9.95082629809e-05	5.09899072173e-05	-0.0190031352785	0.0164846972258	0.00590286226019	1.60334176528e-12	2.1737216881e-05	100.0
-4.35933997662e-05	-0.00086102098504	0.000289131518608	-0.00623350318045	-0.108483734122	0.0324132423222	1.60290524876e-12	2.1731298832e-05	100.0
-0.000178946685255	-0.000205696773965	0.00035459189751	-0.022818577194	-0.0243997756052	0.0425869611559	1.60290524876e-12	2.1731298832e-05	100.0
-0.000202141257101	4.95812209177e-05	-4.35117654673e-05	-0.0249047927975	0.00962993497434	-0.00504775519623	1.60290524876e-12	2.1731298832e-05	100.0
-8.37869260528e-05	0.000368779420849	-0.000544321424389	-0.0109176599745	0.0466178555124	-0.0639774736635	1.60246873224e-12	2.1725380784e-05	100.0
0.000287510056331	-0.000704033463158	0.000346474751856	0.0344242356061	-0.088398329158	0.041134091002	1.60233294945e-12	2.1723539916e-05	100.0
0.000240215478047	-0.000342066097649	-4.53447269126e-05	0.0287208449867	-0.0426640807032	-0.00502457863153	1.60233294945e-12	2.1723539916e-05	100.0
0.000305136402927	0.000336739597959	-0.000270281889026	0.0345995003979	0.0431483602473	-0.0305415042583	1.60233294945e-12	2.1723539916e-05	100.0
0.000203208082206	-0.00088726927368	-0.000103822222511	0.0223667426327	-0.112861088074	-0.0103166068133	1.60233294945e-12	2.1723539916e-05	100.0
0.000281119775758	-7.18214396417e-05	-0.000605604243183	0.0338530474591	-0.00853550829067	-0.0735578466311	1.60233294945e-12	2.1723539916e-05	100.0
0.00018176675518	-0.000376899168265	-0.000509074227398	0.0216780820193	-0.0466852220479	-0.0616771921966	1.60233294945e-12	2.1723539916e-05	100.0
3.97937226689e-05	-0.000527804192363	-0.000617543713421	0.00405697535337	-0.0656904096857	-0.0752209503369	1.60233294945e-12	2.1723539916e-05	100.0
-0.000209332808532	-0.00124561527158	-0.000121705542377	-0.0237498863258	-0.150580028986	-0.0120046784539	1.60233294945e-12	2.1723539916e-05	100.0
0.000218385159656	0.00036792608496	6.0729083162e-05	0.0208081991103	0.0507846204492	0.00545740286859	1.60203322152e-12	2.1719476372e-05	100.0
-0.000224645740021	-0.000190297717834	-0.00014955513421	-0.0282200355035	-0.022057233835	-0.0177036811236	1.60203322152e-12	2.1719476372e-05	100.0
-0.000216908464761	-2.51664978845e-05	-8.78040256558e-05	-0.0269529724103	-0.000456326834037	-0.0099384409622	1.60203322152e-12	2.1719476372e-05	100.0
0.000212254004401	-0.000118059258981	0.000340411321256	0.02537736268	-0.0136032330168	0.0408111191332	1.6015982137e-12	2.1713578777e-05	100.0
-0.000310889650965	-0.000306832938539	-3.959211899e-05	-0.0389037497074	-0.0371575537423	-0.00454303718442	1.6015982137e-12	2.1713578777e-05	100.0
-3.43773061965e-05	-0.00058836420018	0.000530177535963	-0.00509451104683	-0.0732176375264	0.0642460129601	1.60116370878e-12	2.1707688001e-05	100.0
-0.00015657232755	-0.000734684562593	5.03882891617e-05	-0.0189778620576	-0.0936180665623	0.00537379022757	1.60116370878e-12	2.1707688001e-05	100.0
-0.00035170964781	-0.000878781352668	-0.00038434924661	-0.0437737753556	-0.109446075583	-0.0458912218529	1.60116370878e-12	2.1707688001e-05	100.0
-5.6648396192e-05	0.000539672778043	-0.000413057267733	-0.00747430276199	0.0671371197704	-0.0458179524103	1.60116370878e-12	2.1707688001e-05	100.0
-3.64134833331e-05	0.000356585362528	-0.000566472076317	-0.00521425775998	0.04522940132	-0.0669446769687	1.60116370878e-12	2.1707688001e-05	100.0
0.000311193198962	-0.00058306131261	0.000293727174133	0.037387690929	-0.0732162253935	0.0348429561498	1.60079458076e-12	2.1702683568e-05	100.0
0.00013854975131	-0.000900915129135	0.000191318366793	0.0146580327663	-0.114019327513	0.0201714825042	1.60079458076e-12	2.1702683568e-05	100.0
0.00016534050977	-0.000540568354928	2.00893725548e-05	0.0192214671445	-0.0685513085578	0.00185033171719	1.60079458076e-12	2.1702683568e-05	100.0
0.000385611952717	0.000251079117532	0.00043098311924	0.046058904186	0.0318031444456	0.0514051571296	1.60079458076e-12	2.1702683568e-05	100.0
0.000172166990629	-0.000104763570763	0.000689030197406	0.0204421252552	-0.0126738514066	0.0838410800934	1.60079458076e-12	2.1702683568e-05	100.0
0.000371385587709	-9.83972159839e-05	-8.32616384426e-05	0.0446861348053	-0.0114277142441	-0.00984660402546	1.60079458076e-12	2.1702683568e-05	100.0
0.000318661499538	0.000558563695747	-1.65416184603e-05	0.0318900900446	0.0689474183706	-0.00147426763191	1.60079458076e-12	2.1702683568e-05	100.0
0.000203154222549	5.74789100832e-05	0.000192183437568	0.0236785570886	0.00949614614872	0.0220387144735	1.60079458076e-12	2.1702683568e-05	100.0
0.000272115586328	-0.000875434786185	-0.000543071083692	0.0326457683355	-0.109257597279	-0.0654801238474	1.60079458076e-12	2.1702683568e-05	100.0
-0.000145561297979	0.000307156847407	0.000219878642731	-0.0171486843165	0.0422267587933	0.0226312987589	1.60029671054e-12	2.169593372e-05	100.0
-9.56474183559e-05	5.32289569232e-05	0.000578716547387	-0.0125415221806	0.0075298647769	0.069419849211	1.60029671054e-12	2.169593372e-05	100.0
-0.000232891154807	0.000111829417797	7.98382374904e-05	-0.0284089482967	0.0174967246191	0.00817736851272	1.60029671054e-12	2.169593372e-05	100.0
-6.5171386652e-05	-0.00056172014584	0.000272082121554	-0.00871418311291	-0.0704122353084	0.0322345085791	1.60029671054e-12	2.169593372e-05	100.0
-0.000286172356309	-0.000680026133754	-6.36047783607e-05	-0.0350741219015	-0.0854401959668	-0.007443514335	1.60029671054e-12	2.169593372e-05	100.0
-6.60887170101e-05	-0.000410138218117	-0.000165892524779	-0.00875550461152	-0.0508510440543	-0.0203717361652	1.60029671054e-12	2.169593372e-05	100.0
-0.00015091800828	-0.000779468101547	-0.000930046872385	-0.0196071613927	-0.0968519656589	-0.114439129976	1.60029671054e-12	2.169593372e-05	100.0
-0.000136606292465	-0.000751688775608	-0.000531049405906	-0.0176657935483	-0.0935965403726	-0.0638894516835	1.60029671054e-12	2.169593372e-05	100.0
0.000132151903837	0.000200080003632	-9.36099070493e-08	0.0138911399839	0.030079158325	0.000522957850674	1.60028514385e-12	2.1695776906e-05	100.0
0.000336105067356	-7.45741581935e-05	-0.000385337577709	0.0405271149446	-0.00847954636629	-0.0461635960086	1.60028514385e-12	2.1695776906e-05	100.0
-0.00021497351984	-0.000946696653283	-0.000361706906561	-0.0265828222939	-0.118421260183	-0.0424036676401	1.60028514385e-12	2.1695776906e-05	100.0
0.000118925368842	-0.000966971041186	1.89142350166e-05	0.00992869296259	-0.125150016661	0.000468538036028	1.59977671275e-12	2.1688883879e-05	100.0
5.0674270055e-05	-0.00086039694942	-0.000395140681257	0.00512005048759	-0.107894094565	-0.0461987375688	1.59977671275e-12	2.1688883879e-05	100.0
-0.000182663944628	-0.00124081894803	-0.000212010188037	-0.0218374536647	-0.151632075692	-0.0221654034431	1.59977671275e-12	2.1688883879e-05	100.0
-0.000218354709844	-0.000115172865198	0.000829949681496	-0.0279244165037	-0.0137079722717	0.101789573901	1.59943172389e-12	2.1684206712e-05	100.0
-0.000264537761873	-0.000559679922837	0.000307870491756	-0.0331787449577	-0.069596757111	0.037164189769	1.59943172389e-12	2.1684206712e-05	100.0
9.89090406886e-05	-0.00092384547202	2.4663344852e-05	0.00838805166302	-0.120151202298	0.00364691568426	1.59926979034e-12	2.1682011307e-05	100.0
2.168213681e-05	-6.95434297582e-05	-0.000618082602749	0.00177707790022	-0.00791805404545	-0.0750850298838	1.59926979034e-12	2.1682011307e-05	100.0
7.62222794459e-05	-0.00101834745994	-0.000399585411412	0.00814639714159	-0.126935985165	-0.0463780098552	1.59926979034e-12	2.1682011307e-05	100.0
-0.000106578502698	0.000226363772041	0.000283613145738	-0.0133752169093	0.0312509000651	0.0311868317778	1.59900023636e-12	2.1678356844e-05	100.0
-3.05949093185e-05	-0.000874540402399	0.000655488826787	-0.00466892092377	-0.108867713758	0.0796189179758	1.59900023636e-12	2.1678356844e-05	100.0
-0.00027013817686	-0.000179234325506	0.000255844400872	-0.0338811753638	-0.0207893497245	0.0304294181564	1.59900023636e-12	2.1678356844e-05	100.0
0.000392576411136	-4.19589970494e-05	0.000308948713239	0.0472788950541	-0.00462790023763	0.0369998853031	1.59825996872e-12	2.1668320706e-05	100.0
0.000300212131395	0.000349363432544	-9.80584838899e-05	0.0320678995101	0.0457780674964	-0.0102839853921	1.59825996872e-12	2.1668320706e-05	100.0
0.00026361561959	-0.000752511767068	-0.000244667965297	0.03106719804	-0.094715543497	-0.0281320019002	1.59825996872e-12	2.1668320706e-05	100.0
-0.000196224475894	-0.000279131457404	0.000440917313772	-0.0249935366192	-0.0339750869425	0.0530790443627	1.59770879118e-12	2.1660848148e-05	100.0
6.61875374627e-05	-0.000139316663509	0.000859782156311	0.00739018911925	-0.0170320274769	0.105109193255	1.59770879118e-12	2.1660848148e-05	100.0
-0.000423171005903	-6.25334952993e-05	0.000295005223333	-0.0529062759529	-0.00599327792651	0.0356788550326	1.59770879118e-12	2.1660848148e-05	100.0
3.87100308748e-05	-0.000207592312977	0.000124303566996	0.00407236758001	-0.0245932625547	0.0145092450029	1.59770879118e-12	2.1660848148e-05	100.0
-0.000353063758213	-0.000798566787555	-7.63645530083e-05	-0.0429221919666	-0.100420440675	-0.00870685497781	1.59770879118e-12	2.1660848148e-05	100.0
-0.000131693790372	0.000121333417421	-3.62903542256e-05	-0.0160023179497	0.0196172434971	-0.00390089830655	1.59770879118e-12	2.1660848148e-05	100.0
8.16261846099e-05	-0.000213730369619	-0.000482064763005	0.00935202649035	-0.0259310321361	-0.0583072054603	1.59770879118e-12	2.1660848148e-05	100.0
-0.000115868637735	-0.000499680967952	-0.000501626869907	-0.0150626455375	-0.0618241512376	-0.0607296177324	1.59770879118e-12	2.1660848148e-05	100.0
-0.000224896723299	6.50370488702e-05	-0.000365674575006	-0.0281382280613	0.0103233530187	-0.0433907492785	1.59770879118e-12	2.1660848148e-05	100.0
-0.000293791786423	-0.000469512511116	-0.000709057842492	-0.0372750557281	-0.0581614992182	-0.086673756254	1.59770879118e-12	2.1660848148e-05	100.0
-0.000271313813319	-0.000557740835772	-0.000453975658485	-0.0342189841925	-0.0692346903473	-0.054620451271	1.59770879118e-12	2.1660848148e-05	100.0
0.000238132075719	0.000404379615311	-0.000550352233737	0.0280230800998	0.0507449257027	-0.0653014145091	1.59770879118e-12	2.1660848148e-05	100.0
-0.000208778643278	1.15720727976e-05	-0.000433823156254	-0.0264263542469	0.0029646050586	-0.0517171824272	1.59770879118e-12	2.1660848148e-05	100.0
-0.000136455854415	0.000329419525675	-0.000175003424905	-0.0154540222195	0.046033696559	-0.0169071517515	1.59770879118e-12	2.1660848148e-05	100.0
-0.000119393632526	-0.000957271724791	-0.000245012819858	-0.0146535704196	-0.120302570424	-0.0257918951642	1.59727931525e-12	2.1655025551e-05	100.0
8.94134563641e-06	0.000481157456421	-0.000366102843655	5.89330523371e-06	0.06040014521	-0.0392786816468	1.59727931525e-12	2.1655025551e-05	100.0
-6.48105591225e-05	0.000227788061966	-0.000507589969621	-0.00866809361661	0.0296566766477	-0.0598672832812	1.59727931525e-12	2.1655025551e-05	100.0
0.000352642678784	0.000298706510286	-3.57580003336e-05	0.0395186612064	0.0393558514595	-0.00451692418134	1.59725618189e-12	2.1654711922e-05	100.0
-4.94175996584e-05	-0.00123237766338	0.000350094107549	-0.00693780778621	-0.151952921512	0.0398792711381	1.59725618189e-12	2.1654711922e-05	100.0
0.000240382635379	5.64233921934e-05	-7.21977306793e-05	0.0274984246324	0.00895243844091	-0.00883668102658	1.59725618189e-12	2.1654711922e-05	100.0
0.000452622019827	0.00054304037772	0.000173378908895	0.0522387456045	0.0670671646715	0.0200444110576	1.59725618189e-12	2.1654711922e-05	100.0
-5.09932581828e-05	-0.000641833874458	0.000659503363259	-0.00721490790894	-0.0799282058946	0.0803948869106	1.59725618189e-12	2.1654711922e-05	100.0
6.56551170718e-05	-0.00125874748731	0.000399205851591	0.00681860924917	-0.15520197716	0.0466782051863	1.59725618189e-12	2.1654711922e-05	100.0
0.000168659970934	-0.000768404778237	-6.41232563359e-05	0.0188332789019	-0.0982692178456	-0.0063490424873	1.59725618189e-12	2.1654711922e-05	100.0
6.36944019658e-05	0.00041831879309	-0.000316329945537	0.00607487494609	0.0538539123424	-0.033273064673	1.59725618189e-12	2.1654711922e-05	100.0
0.000171840048763	8.40240872426e-05	-0.00029937013677	0.0200708056137	0.0127327223996	-0.0352340833846	1.59725618189e-12	2.1654711922e-05	100.0
-0.00023602790704	-0.000880052301239	0.000227419626074	-0.0283631246036	-0.110496361759	0.0256576700222	1.59685034222e-12	2.1649209773e-05	100.0
-0.000308370659329	-0.00114098693304	0.000208012947787	-0.0364215256506	-0.14093620906	0.0233165626982	1.59685034222e-12	2.1649209773e-05	100.0
-0.000186052878632	-0.000868855609587	-0.000775618272219	-0.0239510674996	-0.107973101286	-0.0952585782306	1.59685034222e-12	2.1649209773e-05	100.0
2.79703271458e-05	-0.000879822149033	-0.000328119542667	0.00241345133588	-0.110031990785	-0.0374990894259	1.59685034222e-12	2.1649209773e-05	100.0
-0.000294032019227	5.54661945205e-05	-0.000108809784035	-0.0362427010899	0.00971725980724	-0.0119563178572	1.59685034222e-12	2.1649209773e-05	100.0
2.37674480122e-05	0.000135809405367	-0.000685145971867	0.0020490472428	0.0175402940211	-0.0827184542541	1.59685034222e-12	2.1649209773e-05	100.0
3.54729968987e-05	0.000206745929834	-0.000612535933581	0.00344815091801	0.0266557697594	-0.0733551020877	1.59685034222e-12	2.1649209773e-05	100.0
-0.000230202875869	-0.000311028317451	0.000592548103414	-0.0292662478535	-0.0381130339091	0.0720211844463	1.59642187209e-12	2.1643400813e-05	100.0
-0.000204989897199	-0.0002381506471	0.000370348925909	-0.0260299133146	-0.0286405699307	0.0443682853124	1.59642187209e-12	2.1643400813e-05	100.0
-0.000506455178616	-0.000922715643305	-2.74107079747e-05	-0.0620726575393	-0.114805285927	-0.00305292806208	1.59642187209e-12	2.1643400813e-05	100.0
0.0003351924045	0.00038084513489	-0.000544639988375	0.0401269963311	0.0477546494205	-0.0651373188906	1.59642187209e-12	2.1643400813e-05	100.0
-0.000141529397189	0.000134669113496	-0.000267559828624	-0.01763947466	0.0198173249936	-0.0304899706105	1.59642187209e-12	2.1643400813e-05	100.0
0.000176811015994	-0.000810144333024	6.32149616385e-05	0.0195621716922	-0.103594353683	0.00597235401749	1.59625792695e-12	2.1641178136e-05	100.0
0.000225181725491	-0.00044460520669	0.000236184718109	0.0267022014747	-0.0558008935324	0.0278256653933	1.59625792695e-12	2.1641178136e-05	100.0
0.000150802169579	-0.000971625052749	0.000361169698814	0.0169828283913	-0.121539035273	0.0416582668781	1.59625792695e-12	2.1641178136e-05	100.0
0.000108665380416	-0.000943480802565	1.79078338713e-05	0.00892851327384	-0.121761379328	-0.000749126678446	1.59576106253e-12	2.1634441925e-05	100.0
0.000274804990095	0.000414753268537	-9.71298071156e-06	0.0266738913225	0.0543578263031	-0.00184313871679	1.59576106253e-12	2.1634441925e-05	100.0
0.000221050333793	-0.00031565871218	0.000716553740561	0.0265423424257	-0.0390759312012	0.0875030825664	1.59576106253e-12	2.1634441925e-05	100.0
0.000351541311844	0.000139301625187	2.04784387008e-05	0.0407048999787	0.0188719161421	0.00249642677757	1.59576106253e-12	2.1634441925e-05	100.0
-0.000280459535585	-0.0014320255819	0.000558306440808	-0.0354676988284	-0.177381634808	0.0679551080844	1.59576106253e-12	2.1634441925e-05	100.0
0.000189814178518	-0.000596715173266	8.14941834062e-06	0.022069931255	-0.0758228449103	0.00012171126756	1.5952652039e-12	2.1627719349e-05	100.0
0.000149748561	0.000209980695674	0.000594425663968	0.0174526793406	0.0268565308376	0.0714640388354	1.5952652039e-12	2.1627719349e-05	100.0
0.000334309271355	0.0002207205268	0.000654779691106	0.0403957570683	0.027938617234	0.0792846861591	1.5952652039e-12	2.1627719349e-05	100.0
0.000286218739375	-0.000189000332703	-0.000123166721089	0.0340022783393	-0.0232098129105	-0.0145369759996	1.5952652039e-12	2.1627719349e-05	100.0
-8.71073556263e-05	0.000217326524628	0.000366330090753	-0.0112395366486	0.0292032082256	0.0417117893676	1.595139982e-12	2.162602166e-05	100.0
-0.000259154597432	0.000207952195412	0.000243913022426	-0.0316432551568	0.0290146527506	0.0275361509403	1.595139982e-12	2.162602166e-05	100.0
0.000225996031038	0.000245464659699	1.74721968132e-05	0.0245943565619	0.0350602738838	0.00126275379903	1.595139982e-12	2.162602166e-05	100.0
-0.000378762294409	-0.00036274490806	-0.000102227299556	-0.0473687009574	-0.0443255063077	-0.0120393684391	1.595139982e-12	2.162602166e-05	100.0
1.66016699815e-06	-0.000670731848324	-5.81852697099e-05	-0.000321773513526	-0.085455884213	-0.00644987390317	1.59428807073e-12	2.161447192e-05	100.0
-0.000139208056041	-0.000938883188195	-9.92212808414e-05	-0.015005013565	-0.121196609889	-0.0079224750215	1.59428807073e-12	2.161447192e-05	100.0
-0.000217138597521	0.000386926473513	-6.44811810112e-05	-0.0231184549412	0.05435675739	-0.00578513670735	1.59428807073e-12	2.161447192e-05	100.0
-0.000158561889183	-0.000861492788413	-0.000562780934983	-0.0202920076352	-0.107252538224	-0.068213327342	1.59428807073e-12	2.161447192e-05	100.0
-0.000214433365287	-0.000992021961513	-0.000302997932289	-0.0262888318061	-0.123716306464	-0.0339909847076	1.59428807073e-12	2.161447192e-05	100.0
8.95460602234e-05	0.0002994566102	-0.000836684052482	0.0102084290157	0.0375138689559	-0.101791023613	1.59428807073e-12	2.161447192e-05	100.0
-2.90570488334e-05	0.000252687461908	-0.000619660770466	-0.00440480156817	0.0324869192226	-0.0741947419025	1.59428807073e-12	2.161447192e-05	100.0
8.01840223519e-05	-0.000820599697947	2.23791190592e-05	0.00771006740128	-0.10631287136	0.00201285052119	1.59427801274e-12	2.161433556e-05	100.0
0.000329693405081	-0.000374775083567	0.000112505391549	0.0397758215959	-0.0470578399099	0.0140961890771	1.59427801274e-12	2.161433556e-05	100.0
0.000291253124006	0.00050229273407	3.62969346588e-05	0.0277945515157	0.062872420575	0.0033884726998	1.59427801274e-12	2.161433556e-05	100.0
-2.67614869869e-06	3.81234596409e-05	0.000350230976022	-0.00130689458213	0.00666208477503	0.0412721971293	1.59427801274e-12	2.161433556e-05	100.0
0.000155537729596	-0.000937025103593	-0.000260508259868	0.0170217629927	-0.117666718636	-0.0287487903377	1.59427801274e-12	2.161433556e-05	100.0
0.00039672056722	-0.0002976552491	0.000133816368805	0.0479905882716	-0.0372944658839	0.0159108452069	1.59329534768e-12	2.1601013133e-05	100.0
0.000386395443161	0.000389984567113	0.000378296230843	0.0455529517484	0.0489246720083	0.0445672858317	1.59329534768e-12	2.1601013133e-05	100.0
0.000210727249442	-0.000837219039308	0.0009095931332	0.025250390606	-0.104239227221	0.111541290187	1.59329534768e-12	2.1601013133e-05	100.0
5.15284276289e-05	-0.00105478986761	0.000282828918574	0.00453544362779	-0.131052332014	0.0303447743418	1.59329534768e-12	2.1601013133e-05	100.0
0.000336549019157	-0.000255629306474	-0.00012699744959	0.0406124506539	-0.031637820079	-0.0149941097386	1.59329534768e-12	2.1601013133e-05	100.0
0.000120442395073	-0.000946675088672	-1.44701669427e-05	0.0103875187613	-0.122158125452	0.00074052120355	1.59329534768e-12	2.1601013133e-05	100.0
0.000210284179626	-0.000356994150479	-0.000825331154797	0.0253176379454	-0.0444841182615	-0.101389784807	1.59329534768e-12	2.1601013133e-05	100.0
-0.00043930718929	-0.00106178241827	-0.000692098523966	-0.0552944298356	-0.131742249988	-0.0846418850863	1.59329534768e-12	2.1601013133e-05	100.0
-0.000445680384026	-0.00083970429527	0.000315161119783	-0.0552903170527	-0.104445961402	0.037522950619	1.59301372412e-12	2.1597195037e-05	100.0
0.000124836579602	2.94813660727e-05	-0.000239858093107	0.0143780829711	0.00611915342806	-0.0280991440716	1.59301372412e-12	2.1597195037e-05	100.0
-0.000343892769244	-0.000330210939767	-0.000277902572787	-0.0431261406147	-0.0401980543793	-0.0332420932169	1.59301372412e-12	2.1597195037e-05	100.0
0.00027586919414	0.000591286353523	-0.000242246146028	0.0297135677135	0.0722752346661	-0.0253490711725	1.59301372412e-12	2.1597195037e-05	100.0
0.000166573783065	-0.00050294373615	8.62907754275e-05	0.0194289505016	-0.063685421124	0.0105770098388	1.59280652964e-12	2.1594386009e-05	100.0
0.000322266603378	0.000290295227992	-0.000370113973146	0.0376927688208	0.0370691040326	-0.0433242029978	1.59280652964e-12	2.1594386009e-05	100.0
-0.000495560731347	-0.00135660040026	-1.54205381929e-05	-0.0610433341376	-0.167021137012	-0.0016483762984	1.59280652964e-12	2.1594386009e-05	100.0
-0.000107997336977	-0.000426016093189	0.000610589623345	-0.0141566249805	-0.0526978860843	0.0741095729099	1.59259028298e-12	2.1591454257e-05	100.0
-0.000200846123233	-0.00013055932133	0.000314488965063	-0.0253726076704	-0.0146317215944	0.0374522796873	1.59259028298e-12	2.1591454257e-05	100.0
-1.06879074082e-05	-0.000261159162428	0.00121964192235	-0.00214601744308	-0.0322099238801	0.150642554168	1.59259028298e-12	2.1591454257e-05	100.0
-0.000279301614899	-0.000460784414327	0.000164325697732	-0.0350046774408	-0.0570759611809	0.0193560599742	1.59259028298e-12	2.1591454257e-05	100.0
0.000250117630023	0.000616484127671	0.000193577657987	0.0255065773277	0.0742810438754	0.0190669926728	1.59259028298e-12	2.1591454257e-05	100.0
-0.000218902585196	5.08031054696e-05	-2.38201591114e-05	-0.0268379812765	0.00976062067748	-0.00238609777724	1.59259028298e-12	2.1591454257e-05	100.0
-3.13870154811e-05	-0.000269964171215	-0.000908750528961	-0.00470653575392	-0.0333593510644	-0.111747145078	1.59259028298e-12	2.1591454257e-05	100.0
-0.00022807992231	-0.000481231742545	-0.000429539072911	-0.028867425062	-0.0596146378015	-0.0516406019309	1.59259028298e-12	2.1591454257e-05	100.0
0.000211738712074	0.000269936097607	0.000465157348319	0.0246317610198	0.0346540697027	0.0549157412285	1.59231871741e-12	2.1587772522e-05	100.0
0.000248836031481	0.000103213786191	0.00086413783836	0.030005531078	0.0130967177468	0.105750741338	1.59231871741e-12	2.1587772522e-05	100.0
0.000167825764769	-0.000554702181085	-0.000640429352274	0.0198921633549	-0.0691094839893	-0.0779673260052	1.59231871741e-12	2.1587772522e-05	100.0
-0.00023021630348	-0.00128732912654	-0.000200439302797	-0.0276956007465	-0.157314244684	-0.0218896244084	1.59231871741e-12	2.1587772522e-05	100.0
7.77969440443e-05	0.000210243043112	0.00120652882541	0.00886696691454	0.0262541531045	0.148610902897	1.59216734474e-12	2.1585720295e-05	100.0
-0.000238256516388	-5.99387541289e-05	9.3148689375e-06	-0.0296270825416	-0.00484777129772	0.000765611409199	1.59216734474e-12	2.1585720295e-05	100.0
0.000255365424195	0.000464286993324	-8.49148518596e-05	0.0237536517849	0.0607080626432	-0.00813850031461	1.59216734474e-12	2.1585720295e-05	100.0
-0.000249796718992	-6.89670437201e-05	-7.92119942654e-05	-0.0310550656182	-0.00620823465341	-0.00880328221116	1.59216734474e-12	2.1585720295e-05	100.0
-0.000520686290343	-0.00101783379608	0.000633899316289	-0.065328206599	-0.126271740187	0.0775399886262	1.5917444065e-12	2.1579986334e-05	100.0
-0.000282079356568	-0.00105775087934	0.000103332760885	-0.0310519027375	-0.131691525708	0.00978094588811	1.5917444065e-12	2.1579986334e-05	100.0
0.000103404791189	0.000242101409977	0.000768444545581	0.0120074822011	0.0306322816388	0.093506259949	1.5917444065e-12	2.1579986334e-05	100.0
0.000114059316661	-0.000621133824079	0.000398661538382	0.0131304757648	-0.0778061978411	0.0476695173414	1.5917444065e-12	2.1579986334e-05	100.0
-0.000164232272204	-0.00105026496831	0.000276823161153	-0.0197491450595	-0.130571559106	0.0299716323353	1.5917444065e-12	2.1579986334e-05	100.0
-0.000469126804216	-0.001075259675	-1.29807080075e-05	-0.056636322585	-0.133231364601	-0.00165814733474	1.5917444065e-12	2.1579986334e-05	100.0
-0.000246001270545	-0.000693072767111	0.000144350443017	-0.0302095830728	-0.0873882590625	0.0173321000497	1.5917444065e-12	2.1579986334e-05	100.0
-0.000228489398847	-4.31351023909e-05	7.76542210504e-06	-0.0284517763196	-0.00271377605736	0.000870684694111	1.5917444065e-12	2.1579986334e-05	100.0
0.000179328659983	-0.000715006581374	7.61563539554e-05	0.0203642008648	-0.0909861681666	0.0076236459596	1.59134661323e-12	2.1574593273e-05	100.0
0.000338450814394	-0.000549165919485	-0.000196128948679	0.0408023770506	-0.0693216894328	-0.0233639726154	1.59134661323e-12	2.1574593273e-05	100.0
0.000400914763187	0.000245334067352	-0.000298625936091	0.0474991269924	0.0314902967193	-0.0349799290652	1.59134661323e-12	2.1574593273e-05	100.0
-0.000391610026158	-0.00148869254888	-1.64284702262e-05	-0.0485681394903	-0.182978349008	-0.0022242367849	1.59134661323e-12	2.1574593273e-05	100.0
0.000123498402026	-0.000855924656286	3.15637046932e-05	0.0123978188331	-0.110417352584	0.00526289874395	1.59134661323e-12	2.1574593273e-05	100.0
0.000383312998385	-8.07985964068e-05	-0.000397362771802	0.04629987767	-0.00956782300482	-0.04770674571	1.59134661323e-12	2.1574593273e-05	100.0
-6.91037232925e-05	-0.000343467545986	0.000945968298866	-0.00942751703681	-0.0424722657665	0.11629266984	1.59090104452e-12	2.1568552501e-05	100.0
-0.000212007435451	-0.000602438155064	7.52245162872e-05	-0.0262808490438	-0.0757077300433	0.00873669779791	1.59090104452e-12	2.1568552501e-05	100.0
-0.000116820744849	-0.000308116243562	-0.000174619784973	-0.0150400701489	-0.0375044571396	-0.0210211091903	1.59090104452e-12	2.1568552501e-05	100.0
-0.000212834236357	-0.000806425355023	-0.000209938376162	-0.0260848847336	-0.101942875897	-0.0238520446855	1.59090104452e-12	2.1568552501e-05	100.0
4.11809157207e-06	-0.000949246350269	-0.000212002285986	-0.000856078655354	-0.119730392076	-0.0213161887977	1.59090104452e-12	2.1568552501e-05	100.0
-0.000354378701621	-0.000259759412739	-0.000182492416712	-0.0443022894974	-0.0310850699407	-0.0215740185094	1.59090104452e-12	2.1568552501e-05	100.0
4.37407884282e-05	0.000433423523728	-0.000478429912031	0.00419975066405	0.0541785186038	-0.0549663629865	1.59090104452e-12	2.1568552501e-05	100.0
0.000237134890958	-0.0007116773263	-5.82566663564e-05	0.0275958175768	-0.0907674893307	-0.00660966118759	1.59038004094e-12	2.1561489023e-05	100.0
0.000385351290912	0.000220134350335	1.98486721282e-07	0.0444649027282	0.0289665327825	0.000365943303998	1.59038004094e-12	2.1561489023e-05	100.0
2.01320214459e-05	-0.000178087935385	0.000457907763008	0.00162666951833	-0.021308225037	0.0553598412861	1.59038004094e-12	2.1561489023e-05	100.0
-0.000319962341369	-0.00132743155508	0.000315435837697	-0.0396027466851	-0.163476522024	0.0371309136809	1.59038004094e-12	2.1561489023e-05	100.0
9.86480560181e-05	-0.000988387933051	-4.44014153097e-05	0.00670850293292	-0.126983669587	-0.00127732710616	1.59038004094e-12	2.1561489023e-05	100.0
0.000273790696013	-0.000871629517719	-0.000502823183425	0.0327185114735	-0.108968360085	-0.0603662625188	1.59038004094e-12	2.1561489023e-05	100.0
-4.75882972725e-05	-0.00103884831771	-0.000651388583909	-0.00676913266686	-0.129077291764	-0.0787577258046	1.59038004094e-12	2.1561489023e-05	100.0
-4.80751051398e-05	-0.00116317834235	-0.000468755881403	-0.00680051424363	-0.143961161927	-0.0552498065501	1.59038004094e-12	2.1561489023e-05	100.0
