# x[AU] y[AU] z[AU] vx[AU/yr/2pi] vy[AU/yr/2pi] vz[AU/yr/2pi] m[MSUN] m[mtot] wf[%]
4.1152402088e-05	0.000543197752571	1.94990004141e-08	0.00615614325262	0.067746063022	1.24874427601e-06	4.91437830991e-08	0.663984026615	19.2179310503
-8.34782521986e-05	-0.00109473619929	8.94800506167e-08	-0.0125260882138	-0.136556654563	2.68835265255e-05	2.4135410833e-08	0.326094701265	18.3474317994
9.43996747141e-05	-0.000807139476083	-6.53616406473e-05	0.0096116509993	-0.104122005832	-0.00651054321192	3.4318636942e-12	4.6368076098e-05	100.0
0.000220052203738	-0.000477628720246	7.75693601767e-05	0.026175763582	-0.0603418226821	0.00906946958621	3.38642624732e-12	4.5754168559e-05	100.0
0.000257510115082	-0.000396304580036	8.86193575749e-05	0.0308451221557	-0.0498294344924	0.0107887557086	3.38006758965e-12	4.5668256428e-05	100.0
0.000106783042895	-0.000758138990677	-3.32382107916e-05	0.0114987326154	-0.0976676430312	-0.00360907525583	3.37832202648e-12	4.564467204e-05	100.0
-8.87099954558e-05	8.48074362331e-05	3.71260102421e-05	-0.0113548274581	0.0146542724096	0.00418349249213	1.72849728686e-12	2.3353810312e-05	100.0
-7.36248828373e-05	0.000256290544435	4.70636637564e-05	-0.00856782370633	0.0391528156269	0.00441527966305	1.7236055862e-12	2.3287718308e-05	100.0
0.000128884062232	-0.000630645637278	8.40392753732e-05	0.0146560771938	-0.0803331076526	0.00953326649636	1.72262895593e-12	2.327452301e-05	100.0
-2.46090932403e-05	-0.000503713588358	2.51035022746e-05	-0.00406633375242	-0.0636631075274	0.00245041795554	1.72082807385e-12	2.3250191205e-05	100.0
-0.000198475413695	0.000142585258481	2.06523122779e-05	-0.0241557477084	0.0221809370925	0.0020566278043	1.72039105443e-12	2.3244286614e-05	100.0
3.14094971112e-05	-1.40806624536e-05	-8.26814378448e-05	0.00309630522109	0.00116947923279	-0.00995411516083	1.72039105443e-12	2.3244286614e-05	100.0
-6.39553330648e-05	-0.000544358851312	-4.18695814967e-05	-0.00868448160816	-0.0689742887527	-0.00501718811752	1.72023213828e-12	2.3242139491e-05	100.0
1.74143502097e-05	9.48388625561e-05	-1.80586702288e-05	0.00129863407787	0.0161444631102	-0.00154133749853	1.71932742259e-12	2.3229915833e-05	100.0
-3.42521849002e-05	-6.35981078713e-06	-0.000130726374363	-0.00480688528015	0.00202501212489	-0.0152337574324	1.71932742259e-12	2.3229915833e-05	100.0
-8.76280976772e-05	-0.000940215919196	0.00011049484705	-0.0109795207289	-0.122822536899	0.00851354800554	1.71904781063e-12	2.3226137983e-05	100.0
-9.95246630472e-05	-0.000549480963381	-2.20549657977e-05	-0.0131771088877	-0.0697184302429	-0.00311839333497	1.71904781063e-12	2.3226137983e-05	100.0
1.84243898239e-05	-0.000848867655507	-7.21352649841e-05	0.000545865288059	-0.110370727225	-0.00649773352258	1.71904781063e-12	2.3226137983e-05	100.0
-0.000136776667945	-0.000422522514012	3.52227918896e-05	-0.0175112202809	-0.0527058873658	0.00443081811307	1.71879736682e-12	2.3222754224e-05	100.0
-9.86172151714e-05	-6.9793190138e-05	-0.000169161094844	-0.0127880599376	-0.00647268447414	-0.0204346365691	1.71879736682e-12	2.3222754224e-05	100.0
3.43940558921e-05	-2.98071050854e-05	-1.11500690237e-05	0.0030924844191	-0.00115767872935	-0.00132371609913	1.71787203227e-12	2.3210251984e-05	100.0
-4.22916812986e-05	-0.000910085046017	1.38998117471e-05	-0.00577022420756	-0.12083678531	0.00227202103867	1.71787203227e-12	2.3210251984e-05	100.0
0.000119918298777	0.00010039819772	0.000112507162483	0.0129792423525	0.0158251719479	0.0127134976385	1.7172122285e-12	2.3201337344e-05	100.0
-3.62298672357e-07	-0.000860660218408	-5.09684205138e-05	-0.00178089725968	-0.112689137663	-0.00466476538637	1.71670530609e-12	2.3194488291e-05	100.0
3.77338153871e-05	-0.000462296217823	-4.85062388906e-05	0.00381263065533	-0.0582265684829	-0.00589721325942	1.71670530609e-12	2.3194488291e-05	100.0
-0.000129389870547	0.000169108579525	-0.000190399756559	-0.0159699161538	0.0251827450539	-0.0215831115538	1.71616016334e-12	2.3187122841e-05	100.0
0.000209318958816	-0.00081503389941	0.000118264339614	0.0239085682732	-0.10406453692	0.0130952405425	1.7161254633e-12	2.3186654007e-05	100.0
-0.00010697258082	-0.000748211995239	-1.08159768413e-05	-0.0136039927523	-0.0966119886005	-0.000756699607469	1.7161254633e-12	2.3186654007e-05	100.0
-0.000297749861108	-0.00114945449742	-6.49304196981e-05	-0.033125887214	-0.141598340962	-0.00617099260342	1.7155471292e-12	2.3178840107e-05	100.0
-4.9844271488e-05	7.29271839161e-05	0.00018664455432	-0.00691553122725	0.0122967180368	0.0214892926367	1.71406709681e-12	2.3158843318e-05	100.0
-0.000200615024061	0.000188286230113	7.70324580562e-06	-0.0239517811458	0.0282730333042	0.000672712552493	1.71406709681e-12	2.3158843318e-05	100.0
-7.48883273444e-06	-0.000758710694336	1.47230854583e-05	-0.00201485685231	-0.0982062093065	0.0015823911018	1.71406709681e-12	2.3158843318e-05	100.0
-0.000243879825784	0.000113735201841	-6.71424792211e-05	-0.029923816544	0.017925870349	-0.00759111650988	1.71406709681e-12	2.3158843318e-05	100.0
0.000118014725132	-0.000754216493537	-3.49389889571e-05	0.012562929525	-0.0970483243111	-0.00342504630859	1.71325592038e-12	2.3147883474e-05	100.0
9.26045976669e-06	-0.000911921383985	4.32894459794e-06	-0.00161850331527	-0.120737694902	2.43519401224e-05	1.71212288845e-12	2.3132575025e-05	100.0
0.000128251417659	-0.000497127077204	5.52514929118e-05	0.0148587149419	-0.0629330000156	0.00621426463354	1.71212288845e-12	2.3132575025e-05	100.0
0.000131946055627	-0.000531673128834	-1.91492184066e-05	0.0151834132111	-0.0674755040532	-0.00240290525829	1.71212288845e-12	2.3132575025e-05	100.0
8.70924172118e-05	-0.000884520564302	-5.67207191873e-05	0.00776202279921	-0.114534841821	-0.00452806042899	1.71212288845e-12	2.3132575025e-05	100.0
4.53766014599e-05	0.000279793858797	-0.00011575619338	0.00375632457241	0.0418651241004	-0.0113211556803	1.71198911726e-12	2.3130767636e-05	100.0
0.000151405580547	-0.00056143980197	6.01317083867e-05	0.0175837092953	-0.0712379393457	0.00677495321175	1.71043767319e-12	2.3109806e-05	100.0
7.41789216122e-05	-0.000220294997521	1.89448517866e-05	0.00814153657819	-0.0266237354029	0.00210955976746	1.71043767319e-12	2.3109806e-05	100.0
-0.000264534823803	7.28371688448e-05	-9.09341479952e-05	-0.0326913093824	0.0122462517834	-0.0101713334302	1.70992521889e-12	2.3102882205e-05	100.0
5.24052267764e-06	-0.000653692287239	-7.82233977746e-05	-0.00036742884224	-0.0837283688967	-0.00910583099805	1.70987945506e-12	2.3102263888e-05	100.0
-0.000397030543417	-0.00105168153232	3.229104843e-05	-0.0469898742915	-0.130927380337	0.0034603928713	1.70987945506e-12	2.3102263888e-05	100.0
0.000153154115007	-0.000411753819862	0.000239546196455	0.0180390942624	-0.0516262927079	0.0289687707476	1.70876955649e-12	2.3087267995e-05	100.0
9.49765511134e-05	-0.000396964715708	-0.00015249457074	0.0108512831426	-0.0496617265499	-0.0178510707128	1.70876955649e-12	2.3087267995e-05	100.0
0.000133680970407	-0.000812989457944	-0.000158287786833	0.0146295395165	-0.103687530275	-0.0171243662553	1.70876955649e-12	2.3087267995e-05	100.0
0.000108162291404	-0.000521921722219	-7.23674777077e-06	0.0123075813621	-0.066219704144	-0.000650175030491	1.70766669852e-12	2.3072367227e-05	100.0
0.000219962175163	-3.05955465254e-05	-8.7265382548e-05	0.0258963824892	-0.00183147215681	-0.0104988494935	1.70766669852e-12	2.3072367227e-05	100.0
0.000146419727116	-0.000387286584407	-0.000113214300897	0.0171723925444	-0.0484128010388	-0.0132073073806	1.70766669852e-12	2.3072367227e-05	100.0
6.78546036551e-05	-0.000886884831309	-2.72560974265e-05	0.00535121374481	-0.115490998074	-0.00131124665184	1.70711853837e-12	2.3064961009e-05	100.0
-0.000212855049059	-0.000380705556012	1.86940220106e-05	-0.0271319448854	-0.0472129129973	0.00203203132679	1.70634709098e-12	2.3054537946e-05	100.0
-0.000243416016395	0.000125195876789	-7.0017619696e-05	-0.0297160376742	0.0192325480172	-0.0077045806721	1.70634709098e-12	2.3054537946e-05	100.0
-9.40664425246e-05	-0.000118496171704	-0.000191387696743	-0.0122617797547	-0.0129334804093	-0.0225224667746	1.70583916277e-12	2.3047675303e-05	100.0
4.35344172315e-05	-0.000778742851318	9.40572092381e-05	0.00384465211982	-0.100334738661	0.00995277501447	1.70548361303e-12	2.3042871454e-05	100.0
-3.39743080107e-06	-0.000127705134643	0.000257655492385	-0.00122723617065	-0.0143907965847	0.0308942666885	1.70482582086e-12	2.3033983992e-05	100.0
-0.000176098305977	0.00027996875142	1.02250601853e-05	-0.019786465039	0.0411869225933	0.0009956822321	1.70482582086e-12	2.3033983992e-05	100.0
9.61501099026e-05	-0.000702860311634	9.17997155357e-05	0.0104626648088	-0.0900301128881	0.0101522398379	1.70440237972e-12	2.3028262858e-05	100.0
0.000208955100415	-0.000463970794345	0.000180919969451	0.0248526194327	-0.0583814697842	0.0213294745206	1.70440237972e-12	2.3028262858e-05	100.0
4.44940335464e-05	-0.000396036134484	9.19770567697e-05	0.00464694267542	-0.0495125999742	0.0113543763415	1.70440237972e-12	2.3028262858e-05	100.0
-7.61913875021e-05	-0.000639046542973	-0.000141453062574	-0.0101303730552	-0.0812123004487	-0.0163751610739	1.70386478046e-12	2.3020999329e-05	100.0
-0.000175780033506	0.000265368762999	1.96817928345e-05	-0.0201387352626	0.0393554221217	0.0023566235009	1.70331259712e-12	2.3013538753e-05	100.0
-5.41688099729e-05	0.000187624698758	0.00018723230828	-0.00720349274176	0.0274209106252	0.0198120298522	1.70280969791e-12	2.3006744057e-05	100.0
-0.000111902148939	0.000231910434912	-0.000226614476739	-0.0137750057268	0.0332546136707	-0.0251880733562	1.70280969791e-12	2.3006744057e-05	100.0
-0.000137827120289	-0.000172735640983	-8.46778405383e-05	-0.0175844556319	-0.0199219629209	-0.00952891699683	1.70280969791e-12	2.3006744057e-05	100.0
-3.10437137746e-05	-0.000213791023411	-3.95899115281e-05	-0.00475240379988	-0.0256595875418	-0.00492896445025	1.70279360513e-12	2.3006526627e-05	100.0
-0.000191193623707	-0.00057188564738	6.41189024364e-05	-0.0243836506149	-0.0724523173772	0.00730337907246	1.70279360513e-12	2.3006526627e-05	100.0
0.000148720238643	-0.000504982643052	-0.000104648068009	0.0173610999627	-0.0638712380247	-0.0121380786932	1.70279360513e-12	2.3006526627e-05	100.0
2.49361995919e-06	-0.000469522872159	-6.34836840435e-05	-0.000561472922372	-0.0592047995209	-0.00691647042573	1.70279360513e-12	2.3006526627e-05	100.0
-0.000282801044801	-0.00111601740405	-3.23359927789e-05	-0.030002875766	-0.137856379417	-0.00331300181709	1.70279360513e-12	2.3006526627e-05	100.0
6.1320553378e-05	-0.000968067602382	1.41988327592e-05	0.00238877795522	-0.127430256002	0.000599057426767	1.70226103487e-12	2.2999331045e-05	100.0
9.24824949397e-05	-0.000326623605786	0.000149296334129	0.0105386486244	-0.0405760530517	0.017822010246	1.70226103487e-12	2.2999331045e-05	100.0
7.03677640914e-06	-0.000275080471897	0.000212654694189	0.000146501704476	-0.0336735524797	0.0258246789517	1.70226103487e-12	2.2999331045e-05	100.0
-2.23151338791e-05	-0.00070485011549	-3.99023936154e-06	-0.00378765985104	-0.090661138691	-0.00135517886468	1.70226103487e-12	2.2999331045e-05	100.0
6.59500045063e-05	-0.000735761260671	-8.13261294902e-05	0.00658851307995	-0.0945786406955	-0.00863068155713	1.70226103487e-12	2.2999331045e-05	100.0
-0.000106073857373	-0.000735852642721	-0.00015998782853	-0.0136394208634	-0.0940521189583	-0.0179942413254	1.70226103487e-12	2.2999331045e-05	100.0
-7.40818531249e-05	-0.000883256130396	1.35291682564e-06	-0.00929070995247	-0.116605551829	0.00114353712594	1.70226103487e-12	2.2999331045e-05	100.0
-0.000137999399934	-0.000325537187649	0.00017706815434	-0.0178766552739	-0.0401870695182	0.0211499778602	1.70180641398e-12	2.299318864e-05	100.0
6.89922004953e-05	-0.000588592442874	-5.46567658426e-05	0.00745032002869	-0.0750363585341	-0.00607432532836	1.7017299733e-12	2.2992155846e-05	100.0
-0.000226359458083	8.25741004147e-05	-5.63196394078e-05	-0.0279546307644	0.0139213872925	-0.00591538656451	1.70080665034e-12	2.2979680785e-05	100.0
-7.16909862274e-05	-0.000580510338808	-0.00011470193427	-0.00965623135365	-0.0737077365185	-0.0130752114669	1.70080665034e-12	2.2979680785e-05	100.0
-6.45187046222e-05	-0.000252682595736	-0.000389425772783	-0.00868446382859	-0.030756907443	-0.0473929196959	1.70080665034e-12	2.2979680785e-05	100.0
6.28233568849e-05	-0.000248059706294	0.000139036845255	0.00669385649926	-0.030363487091	0.0168238000799	1.70067237625e-12	2.2977866601e-05	100.0
7.20189562832e-05	-0.000907989485842	5.11847350091e-05	0.00558395145112	-0.117943113696	0.00322000437779	1.70014584077e-12	2.2970752555e-05	100.0
0.000113266802246	-0.000805578862694	-1.82847611119e-05	0.0116976104866	-0.104014030012	-0.00155284148614	1.70014584077e-12	2.2970752555e-05	100.0
0.000135557671611	3.58086438004e-05	-0.000102598366916	0.0151384925708	0.00711327927066	-0.011615682586	1.70014584077e-12	2.2970752555e-05	100.0
-0.000317899810696	-0.00120885190226	0.000162035544313	-0.0376197614857	-0.149096389943	0.0181778506629	1.70014584077e-12	2.2970752555e-05	100.0
-0.00010823071076	-1.26020158848e-05	8.19685133593e-05	-0.0137824781555	0.00132098223976	0.00930100740832	1.69931203388e-12	2.295948695e-05	100.0
-0.000247443345261	-0.000810885053125	-0.000356510694233	-0.0311663024791	-0.102108811774	-0.0423653504328	1.69931203388e-12	2.295948695e-05	100.0
-0.000335001245489	-0.00022680376206	-0.00029742968627	-0.0423501125008	-0.0273020366065	-0.0358684816899	1.69931203388e-12	2.295948695e-05	100.0
0.000175539080176	-0.000158983950886	3.38422461116e-05	0.0205784628071	-0.0187050338332	0.00347168696395	1.69909830171e-12	2.2956599204e-05	100.0
-2.69301668142e-05	-0.000816279350024	0.000108051190163	-0.00452396075836	-0.105449133504	0.0107974261357	1.69909830171e-12	2.2956599204e-05	100.0
0.000197611166413	-9.29672319327e-05	6.66654073159e-05	0.0231870480327	-0.0100790273575	0.00805525948954	1.69909830171e-12	2.2956599204e-05	100.0
-1.65414989566e-05	-0.000388489816166	6.93289178547e-05	-0.00302718853557	-0.0486453924431	0.0082422059719	1.69909830171e-12	2.2956599204e-05	100.0
-0.000322260623546	-0.000158752556944	0.000234165526549	-0.0407409665245	-0.0184382699599	0.0280809671953	1.69909830171e-12	2.2956599204e-05	100.0
-0.00031550974764	-0.000401285676348	-7.39493898492e-05	-0.0397214528225	-0.049713011082	-0.00910102189127	1.69881567235e-12	2.2952780585e-05	100.0
-1.51078867809e-05	0.000363348238238	-0.000166910974923	-0.00224599990353	0.0513247460345	-0.013485744705	1.69881567235e-12	2.2952780585e-05	100.0
4.47618767625e-05	8.42963705967e-05	-0.000173968280332	0.00446699281354	0.013945731977	-0.020257301398	1.69831981373e-12	2.2946081015e-05	100.0
1.95296749595e-05	0.000225879348415	-6.37640425239e-05	0.00103068860178	0.034598609331	-0.00677417391025	1.69805679744e-12	2.294252739e-05	100.0
-0.000176631825215	-0.000718800453555	0.000100090971789	-0.0219450160938	-0.0916405169208	0.0109524810474	1.6978249609e-12	2.2939395035e-05	100.0
-0.000159488994204	-0.000136668032361	8.1475440225e-05	-0.0202220904601	-0.0150891736052	0.00940165485304	1.6978249609e-12	2.2939395035e-05	100.0
1.16511588096e-05	0.000137191093997	0.000192938941523	0.000320277350452	0.0207215552236	0.0214882445859	1.69753830835e-12	2.2935522058e-05	100.0
-6.16442816141e-05	-0.000931482456187	0.000165806055621	-0.00842377269596	-0.119944728456	0.0156665156919	1.69753830835e-12	2.2935522058e-05	100.0
8.69925958244e-05	-0.000400004454956	-0.000277767342106	0.0100509353782	-0.0499521177208	-0.0334348938366	1.69753830835e-12	2.2935522058e-05	100.0
-2.45908980354e-05	-0.000879099862883	-0.000338329897633	-0.00404779065852	-0.111124341091	-0.0391017991213	1.69753830835e-12	2.2935522058e-05	100.0
9.01346115015e-05	-0.000782045469047	7.22996052109e-05	0.0092645600799	-0.100749267922	0.00725618191758	1.69702132796e-12	2.2928537111e-05	100.0
-0.000275668771561	-0.000198388881347	-0.000213103743662	-0.0347652181179	-0.0234142957949	-0.0254547133429	1.69683726684e-12	2.2926050253e-05	100.0
5.12665051235e-05	-0.000822898596912	0.000277555212716	0.00502132754022	-0.10451079194	0.0317048023551	1.69650585626e-12	2.2921572548e-05	100.0
7.58368129901e-05	0.000229851869837	0.000232477932301	0.00749287752695	0.0324163879054	0.025788372437	1.69599189326e-12	2.291462837e-05	100.0
-0.000154744452924	-0.00101231882714	0.000265241541148	-0.0189328197258	-0.127472763589	0.0285033809112	1.69599189326e-12	2.291462837e-05	100.0
0.000301679567081	-0.000243648556222	-7.84445539839e-06	0.0362838835488	-0.0300293310616	-0.000918348310227	1.69599189326e-12	2.291462837e-05	100.0
0.000159823966472	-0.000427914888203	-0.000170133086954	0.0188165995873	-0.0537460683737	-0.020013418513	1.69599189326e-12	2.291462837e-05	100.0
0.000129790314683	-0.000603413308001	-9.00770386567e-05	0.0147972886624	-0.0766863082963	-0.0097558058445	1.69599189326e-12	2.291462837e-05	100.0
3.92460937888e-05	-0.000722917081266	-0.000225482863139	0.00371313234826	-0.092091658731	-0.0260668297783	1.69599189326e-12	2.291462837e-05	100.0
-3.84533202143e-05	-0.00076996387623	-0.000291740648004	-0.00564349037743	-0.0975939711728	-0.033958962147	1.69599189326e-12	2.291462837e-05	100.0
-0.000186236294104	-0.000738958460724	-0.00021107107346	-0.0232731397747	-0.0937191782238	-0.0244747781625	1.69599189326e-12	2.291462837e-05	100.0
0.000107381108948	-0.000776018425508	-0.000201005003001	0.011737342147	-0.0988343454134	-0.0225345829857	1.69599189326e-12	2.291462837e-05	100.0
-0.00013486701158	0.000279530745373	0.000244674353951	-0.0162536537744	0.038410545981	0.0260373759668	1.69585259018e-12	2.2912746239e-05	100.0
-0.000382561620184	-0.000693554786071	5.76561591348e-05	-0.0474413892922	-0.0873424204758	0.00713075942284	1.69585259018e-12	2.2912746239e-05	100.0
-0.000132102145047	-0.00077174382095	0.000113959788908	-0.0162431021419	-0.0990648001433	0.012951835087	1.69585259018e-12	2.2912746239e-05	100.0
-0.000210151553721	9.77855039082e-05	-6.30729916505e-05	-0.025961291535	0.015944276202	-0.00690536271846	1.69585259018e-12	2.2912746239e-05	100.0
4.35511179599e-05	-4.53628703286e-06	-0.000319292041494	0.0043741603459	0.00113337520772	-0.0376620513993	1.69585259018e-12	2.2912746239e-05	100.0
0.000210541644762	-0.000408036885454	0.000208613069564	0.0250977871772	-0.0510743905437	0.0246251924285	1.69547943897e-12	2.2907704575e-05	100.0
2.23845926672e-05	0.000163588330753	-5.86015151605e-05	0.00154454189021	0.0256045139619	-0.00634751262277	1.69547943897e-12	2.2907704575e-05	100.0
0.000160783811484	-0.000382633210768	0.000131695523184	0.0188641821071	-0.0479834484255	0.0154115178357	1.69496849336e-12	2.2900801164e-05	100.0
-1.01691860518e-05	-0.000143989662769	0.000273605050376	-0.00221579107306	-0.0168213634961	0.0323396452963	1.69496849336e-12	2.2900801164e-05	100.0
0.000152042235405	0.000167013097988	-9.11607955661e-05	0.0162957114993	0.0248035193992	-0.0101247790909	1.69496849336e-12	2.2900801164e-05	100.0
7.07619732384e-05	0.000485898693771	0.000332406353702	0.00699270271594	0.0611978944348	0.0347497274083	1.69487093092e-12	2.2899482993e-05	100.0
5.53453827248e-05	0.000267822694631	0.000377136358011	0.00566053578213	0.0356755606144	0.043106679945	1.69487093092e-12	2.2899482993e-05	100.0
-0.000197591203562	0.000176537200626	6.92859641818e-06	-0.0237046107246	0.0269722454296	0.000531021283449	1.69487093092e-12	2.2899482993e-05	100.0
-0.000255500117075	-0.000921149950231	-0.000250155480803	-0.0311178219675	-0.116139570948	-0.0283260292477	1.69487093092e-12	2.2899482993e-05	100.0
-0.000214145440654	-0.000336790823133	-0.000265700652824	-0.0271910133893	-0.0413264471115	-0.0317643040305	1.69487093092e-12	2.2899482993e-05	100.0
-3.55934247385e-05	0.000352741457603	-0.000352597882718	-0.00504675377025	0.0457557670771	-0.0385798104234	1.69487093092e-12	2.2899482993e-05	100.0
8.32960717401e-05	0.000285434819936	0.000165076665105	0.00816587686765	0.0408824950167	0.015857554114	1.69438110708e-12	2.289286496e-05	100.0
0.000187270277811	-0.000524571875215	-0.000101740268944	0.0219809338339	-0.0665485533985	-0.0118983473421	3.37187234406e-12	4.5557530069e-05	100.0
6.02234954204e-05	0.000158607966477	-8.8585366202e-05	0.00568046865903	0.0244166250485	-0.00984644106227	1.69395112825e-12	2.2887055495e-05	100.0
-0.000110214859736	0.000281895395982	-2.47279188948e-05	-0.0125407999196	0.0425882734965	-0.00240072768074	1.69395112825e-12	2.2887055495e-05	100.0
2.41429604365e-05	0.000330175209847	0.000402669095523	0.00185735507898	0.0425787022354	0.0455933407873	1.69389228905e-12	2.2886260516e-05	100.0
-0.000321136287884	-0.000528903850214	0.000131624713031	-0.0403834555257	-0.0661660704104	0.0156887155685	1.69340397391e-12	2.2879662866e-05	100.0
9.29811234606e-05	-0.00013874069737	0.000116902732487	0.0103751807265	-0.0160594333393	0.0135092298173	1.69293929504e-12	2.2873384568e-05	100.0
0.000242636124158	-9.65842858083e-06	1.68345004666e-05	0.0284047202504	0.000637010436915	0.00171342093108	1.69293929504e-12	2.2873384568e-05	100.0
-8.02108855684e-05	-0.000622833904293	0.000197812848616	-0.0106753130676	-0.0790123767791	0.0228756722471	1.69293929504e-12	2.2873384568e-05	100.0
0.000243318758955	-0.000414910436937	-0.000249739941553	0.0291933607456	-0.0520752695819	-0.0299366439851	1.69293929504e-12	2.2873384568e-05	100.0
7.65884780872e-05	-0.000859666124847	-5.11184713828e-05	0.00680957898998	-0.111519609024	-0.00423003206129	1.69293929504e-12	2.2873384568e-05	100.0
0.000135948174682	-0.000349623897916	-0.000450781403923	0.0161235138472	-0.043347071371	-0.0548724258083	1.69293929504e-12	2.2873384568e-05	100.0
-0.000374175546217	-0.000816021619818	-0.000212037480578	-0.0463063940425	-0.1026694143	-0.0248872415183	1.69293929504e-12	2.2873384568e-05	100.0
0.000179314117296	-0.000693936838568	-0.000185895647912	0.0207549011918	-0.0881151460099	-0.0213050328186	1.69293929504e-12	2.2873384568e-05	100.0
-0.000124973663927	-0.000862689480847	0.000171602301462	-0.015381413083	-0.110667331199	0.0181568728857	1.69291616167e-12	2.2873072012e-05	100.0
-0.000203206013593	0.000221989500042	-1.06621880481e-06	-0.0238498114551	0.0330475920517	-0.000118096603458	1.69291616167e-12	2.2873072012e-05	100.0
-0.000211204565273	-0.00010780700027	0.000467707606783	-0.027002580554	-0.0123841960467	0.056544105528	1.69242935523e-12	2.2866494746e-05	100.0
-0.000175823645249	0.000364543341478	-1.74125179143e-05	-0.0178700428555	0.052948283162	-0.002564363126	1.69242935523e-12	2.2866494746e-05	100.0
5.68666373304e-05	-0.000928709891992	-1.27821073846e-05	0.00315120623682	-0.121990200346	-0.000175948612457	1.69193299371e-12	2.2859788382e-05	100.0
7.51580293114e-05	-0.000294321795397	-0.000176902261811	0.00815502964669	-0.0365869769692	-0.0210169306326	1.69193299371e-12	2.2859788382e-05	100.0
3.88211303772e-06	-0.00026987863842	-0.000228477651581	-0.000400853035698	-0.0331934215684	-0.0273969218894	1.69193299371e-12	2.2859788382e-05	100.0
-3.49543006858e-05	0.000117298682133	-0.000160584562652	-0.00519242039321	0.0183298597615	-0.0180723991873	1.69193299371e-12	2.2859788382e-05	100.0
8.1092946365e-05	-0.000857901047585	-0.000162827930632	0.0079716628118	-0.109789936353	-0.0169696130985	1.69193299371e-12	2.2859788382e-05	100.0
0.000111395505685	-0.000952817211255	-0.000105278455217	0.0100283528191	-0.121894575693	-0.00899557550735	1.69193299371e-12	2.2859788382e-05	100.0
-1.92049146526e-05	-0.000963260760101	-0.000141776390952	-0.00420229022997	-0.12372362657	-0.01119638555	1.69193299371e-12	2.2859788382e-05	100.0
-0.00011548233626	8.4950202951e-05	-0.000423744721782	-0.0150124523489	0.0122369861784	-0.0502304099687	1.69145825685e-12	2.2853374189e-05	100.0
7.88512791112e-05	-0.00100680076638	8.46184434228e-05	0.00457869581293	-0.128861542136	0.00493381170599	1.69043435405e-12	2.2839540189e-05	100.0
6.57786577894e-05	-0.000282348606323	0.000230565313882	0.00704416330637	-0.0349411406109	0.0274199282532	1.69043435405e-12	2.2839540189e-05	100.0
-4.58148271979e-05	-0.000893740894669	0.000470539903995	-0.00658091503932	-0.112001366151	0.0558990298834	1.69043435405e-12	2.2839540189e-05	100.0
0.000350695038957	-0.000158552368493	-0.000106080657624	0.0422900172362	-0.0191671656955	-0.0127327428271	1.69043435405e-12	2.2839540189e-05	100.0
9.68148051187e-05	0.000168912205627	6.02677038317e-05	0.00966967619323	0.0256488634201	0.00698906927617	1.69043435405e-12	2.2839540189e-05	100.0
-0.000228629999284	-0.000901568570922	0.000250939917342	-0.0278110008598	-0.113761254385	0.0284098972635	1.69043435405e-12	2.2839540189e-05	100.0
-0.000154972741266	0.000258075431511	0.000176392594123	-0.0183996287053	0.03647807052	0.0180044338059	1.69000638682e-12	2.2833757903e-05	100.0
-0.000108914636938	0.000181703865929	0.000274927470816	-0.0138122045489	0.0255495821271	0.0305741100278	1.69000638682e-12	2.2833757903e-05	100.0
-0.000394609007085	-0.00103508177981	3.48385245519e-05	-0.0467478675389	-0.129484064943	0.00386034935791	1.69000638682e-12	2.2833757903e-05	100.0
-3.13190278323e-08	-0.00054881863138	0.000149905079665	-0.000854564868915	-0.0694298567965	0.0174496221208	1.69000638682e-12	2.2833757903e-05	100.0
-0.000465501398697	-0.000673552610265	-1.73247636164e-05	-0.0579195620556	-0.0842734969788	-0.00193195505257	1.69000638682e-12	2.2833757903e-05	100.0
-0.000183190802154	0.000287577657715	-5.985755302e-06	-0.0205070879422	0.0422419237914	-4.04724998026e-05	1.69000638682e-12	2.2833757903e-05	100.0
8.4498406741e-05	-0.000202326043896	-0.000260252637901	0.00941759893203	-0.0244412222286	-0.0305741482725	1.68993748963e-12	2.283282703e-05	100.0
9.17086659977e-05	-0.000813211445729	7.16952316421e-05	0.00913782497903	-0.104977595077	0.00729051828841	1.689441631e-12	2.282612746e-05	100.0
-1.16970912006e-05	-0.000972593234109	-0.00045068149706	-0.00240432427716	-0.121662665213	-0.0531967243288	1.689441631e-12	2.282612746e-05	100.0
2.36820981022e-05	0.000383405573666	0.000519337980143	0.00193565829206	0.0482549724296	0.0608277769299	1.68904182613e-12	2.2820725677e-05	100.0
-6.81417078084e-05	0.000104458204758	0.000508322825032	-0.00915877661832	0.0142195771032	0.0605590100287	1.68904182613e-12	2.2820725677e-05	100.0
-0.000255070123642	-0.000343307107846	0.000334596557276	-0.0324145896334	-0.0421564531725	0.0402296031985	1.68904182613e-12	2.2820725677e-05	100.0
-0.000225221566071	-0.000564443190527	0.00042491431484	-0.02860458821	-0.0704117395363	0.051533767582	1.68904182613e-12	2.2820725677e-05	100.0
-0.000232575693753	0.000166258780132	0.000132343775933	-0.0282932660106	0.0247209376669	0.0148660131232	1.68904182613e-12	2.2820725677e-05	100.0
-7.07705204657e-05	-0.000458269190926	-1.45471378644e-05	-0.00944602087015	-0.0577555031761	-0.00177871286155	1.68904182613e-12	2.2820725677e-05	100.0
-0.000436272920528	-0.000784727237431	-0.000183946251736	-0.0540327809777	-0.0982894208942	-0.0218454871417	1.68904182613e-12	2.2820725677e-05	100.0
-0.000230543264778	3.49552963437e-05	-3.57382440277e-05	-0.0286075334579	0.00758768075011	-0.00353852611212	1.68904182613e-12	2.2820725677e-05	100.0
0.000177270772752	-0.000594568380143	-8.15850926413e-05	0.0206155887963	-0.075637447749	-0.00921042746039	1.68894778397e-12	2.2819455069e-05	100.0
-3.54745277708e-05	-0.000788286223315	-0.000593305882588	-0.0053069934824	-0.0986413473316	-0.0720661826109	1.68894778397e-12	2.2819455069e-05	100.0
-0.000119825310689	-0.0012053057449	0.000216079127729	-0.0145898325571	-0.147794034235	0.021796251153	1.68808028283e-12	2.2807734219e-05	100.0
-0.000381983620887	-0.000931165935238	0.000223202390413	-0.0467542969978	-0.116749626439	0.0260089263021	1.68808028283e-12	2.2807734219e-05	100.0
-0.000169094369603	-0.000658042026918	-0.000129398982963	-0.0212421328874	-0.083442676038	-0.0149443995304	1.68808028283e-12	2.2807734219e-05	100.0
-0.000405500271502	-0.000283139925667	-0.000225306716622	-0.0510451746363	-0.0344065255419	-0.027020969976	1.68808028283e-12	2.2807734219e-05	100.0
0.000300929373388	-0.000283388886985	0.000272776655798	0.0363782284338	-0.0352712074757	0.0327376388365	1.68796310731e-12	2.2806151055e-05	100.0
-0.000379658093349	-0.00121034106604	9.67769103013e-05	-0.0453870780181	-0.149050702116	0.0107134968028	1.68796310731e-12	2.2806151055e-05	100.0
9.73667974139e-05	-0.00093958550287	-0.000116011992689	0.00865335086143	-0.120181651432	-0.0101493596846	1.68796310731e-12	2.2806151055e-05	100.0
-0.000145202811887	-0.000393555972746	-0.000382997565419	-0.018784999811	-0.0488967842578	-0.0463179766066	1.68760001408e-12	2.2801245285e-05	100.0
-0.000304679943376	-0.000447008211648	-0.000243008811702	-0.0384362326808	-0.0554802936679	-0.0289284644158	1.68760001408e-12	2.2801245285e-05	100.0
0.000201032479341	0.000387253944718	-0.000492317164411	0.0233181453912	0.0487701679357	-0.057670859634	1.68760001408e-12	2.2801245285e-05	100.0
-0.000114251101811	0.000254504077778	0.00024602618237	-0.0140627415298	0.0352574060639	0.0262871542027	1.68712125403e-12	2.2794776735e-05	100.0
-0.000115649193268	0.000380363314108	5.90711458689e-05	-0.0105943058768	0.0558665351391	0.00258928136072	1.68712125403e-12	2.2794776735e-05	100.0
0.000283782589514	9.68684786701e-05	5.29642608376e-05	0.0329442450283	0.0144107528999	0.00582291963602	1.68698345964e-12	2.2792914988e-05	100.0
0.000344936853857	-5.55438189088e-05	-2.38445415092e-06	0.0412043340528	-0.00597328814477	-0.000441004558995	1.68698345964e-12	2.2792914988e-05	100.0
0.000163981877471	0.000214176830366	0.000153451986212	0.0173801898085	0.0304165612967	0.0169965247871	1.68698345964e-12	2.2792914988e-05	100.0
-0.000115237523578	-0.00109851054538	0.000279591578311	-0.0142637185652	-0.136562014975	0.0297492378209	1.68698345964e-12	2.2792914988e-05	100.0
0.000143408805437	-0.000618302156369	-4.14993135253e-06	0.016329718654	-0.0789202874472	-0.000343691276901	1.68698345964e-12	2.2792914988e-05	100.0
7.59049698092e-05	-0.000932697615729	-1.2577968221e-05	0.00520387591175	-0.12197081253	0.000110549443144	1.68698345964e-12	2.2792914988e-05	100.0
9.28554062434e-05	-0.00064429189052	-0.00017404990001	0.010216899828	-0.0820597780682	-0.0200282012546	1.68698345964e-12	2.2792914988e-05	100.0
-0.000489659734435	-0.000868531694014	-0.000258301997343	-0.0608379557342	-0.108497911292	-0.0308516448295	1.68698345964e-12	2.2792914988e-05	100.0
-3.69110308219e-05	-0.000554770989511	0.000483852609675	-0.00523671323098	-0.0692370406332	0.0587355328188	1.68616473972e-12	2.2781853224e-05	100.0
-0.000332990079216	-0.000492374288801	0.000148253772064	-0.0418322081193	-0.0614201736797	0.0173343326345	1.68616473972e-12	2.2781853224e-05	100.0
-0.000363696334804	-0.000451369184314	0.000319550216058	-0.0459526357027	-0.0560119208265	0.0386611712844	1.68616473972e-12	2.2781853224e-05	100.0
-0.000277961680928	-0.000536938207129	3.80130545575e-05	-0.0346723633961	-0.0671063892487	0.00433451067043	1.68616473972e-12	2.2781853224e-05	100.0
0.000135961527345	0.000296569287774	-0.000153382645566	0.0133251993889	0.0419898128135	-0.0154693855674	1.68616473972e-12	2.2781853224e-05	100.0
-0.000269209553703	0.000143775281629	-0.000114834139387	-0.0328303550534	0.0214423372509	-0.0124858189434	1.68616473972e-12	2.2781853224e-05	100.0
0.000176793174343	-0.000611829167606	0.000150369248484	0.020547897687	-0.0776934058679	0.017224507707	1.68600934387e-12	2.2779753663e-05	100.0
0.000170636227739	-0.000679534630502	0.000189744734749	0.0197599612993	-0.0862840681111	0.0217103223923	1.68600934387e-12	2.2779753663e-05	100.0
9.25852636685e-05	-0.00100998618779	0.000272558113509	0.00933457304649	-0.126711267257	0.0295358015114	1.68600934387e-12	2.2779753663e-05	100.0
8.89902726938e-05	-0.0008318753571	2.31902162636e-05	0.00856450800115	-0.107977813592	0.00223719113681	1.68552404613e-12	2.2773196781e-05	100.0
0.000332926549322	0.000260554398807	0.000109472783813	0.0376107279024	0.0345310672222	0.0119311052564	1.68552404613e-12	2.2773196781e-05	100.0
-9.46578861166e-05	-0.00107555769876	0.00024956837252	-0.0120298903675	-0.134344525065	0.025131995069	1.68552404613e-12	2.2773196781e-05	100.0
0.000222838903936	0.0001685871485	5.66344248127e-05	0.0245679257349	0.0242759439133	0.00671996986224	1.68552404613e-12	2.2773196781e-05	100.0
0.000125920031868	-0.000764492353633	-4.7886505158e-05	0.0134938423429	-0.0983138032271	-0.00451315029778	1.68552404613e-12	2.2773196781e-05	100.0
7.98709232765e-05	-0.00094531673284	-9.08425677612e-06	0.00518475176742	-0.123222747069	0.00120741965398	1.68552404613e-12	2.2773196781e-05	100.0
0.000207008008771	-0.000317536083487	0.000111011534344	0.0245258507467	-0.0395789658119	0.0127987384396	1.68504025708e-12	2.2766660284e-05	100.0
0.000103540715122	-0.000294977274172	0.00032431373085	0.0117945213259	-0.0365733821051	0.038608766016	1.68504025708e-12	2.2766660284e-05	100.0
0.000120723132244	-0.000436984756034	0.00056573220965	0.0140670081095	-0.0546132896193	0.0688306466641	1.68504025708e-12	2.2766660284e-05	100.0
0.000202732414707	-0.000223327887607	-0.000181294537938	0.0239818068043	-0.0275546363018	-0.0216482872573	1.68504025708e-12	2.2766660284e-05	100.0
7.95631451391e-05	-0.000934495230686	-9.39621903255e-05	0.00640648789349	-0.120562674122	-0.00756925299447	1.68504025708e-12	2.2766660284e-05	100.0
0.000168692227663	0.000283023593978	8.95830995808e-05	0.0168155679114	0.0403987019953	0.00829129815243	1.6842602604e-12	2.2756121711e-05	100.0
-0.000171617358742	5.67502509927e-05	-3.93410164594e-05	-0.0212302967672	0.0107290054189	-0.00413963736666	1.6842602604e-12	2.2756121711e-05	100.0
1.55052319391e-05	4.92531181455e-05	-0.000194614747916	0.000950766389308	0.00892432719007	-0.0220695864596	1.6842602604e-12	2.2756121711e-05	100.0
-0.000240245342155	0.000196160947577	-0.00024421902737	-0.0294264880897	0.0276223487161	-0.0276152427962	1.6842602604e-12	2.2756121711e-05	100.0
0.000208643866273	2.39706842378e-05	-0.000428935909086	0.024787678924	0.003994814836	-0.0511053313765	1.6842602604e-12	2.2756121711e-05	100.0
0.000142880425283	-0.000593980143516	-1.11077580645e-05	0.016292681893	-0.0758268140714	-0.00144360053203	1.68407569639e-12	2.2753628058e-05	100.0
0.00022897910712	-0.000222044051313	-1.9605852134e-05	0.0271093029632	-0.0271973042139	-0.00231109758896	1.68407569639e-12	2.2753628058e-05	100.0
0.000320755763758	0.000356095779343	0.000116702873953	0.0347954465692	0.0463101576565	0.012954092136	1.68407569639e-12	2.2753628058e-05	100.0
6.14109784953e-05	-0.00106786685454	-0.00013225691356	0.00290493130478	-0.134024591147	-0.00941679258079	1.68407569639e-12	2.2753628058e-05	100.0
-8.03601376259e-05	-0.000765557319193	-0.000158947512453	-0.0102027702936	-0.0977235861722	-0.0178124399269	1.68331179248e-12	2.2743306916e-05	100.0
-3.98779144722e-05	0.00048843079457	-0.000276303776568	-0.00495783178922	0.0615447441757	-0.0261219109131	1.68331179248e-12	2.2743306916e-05	100.0
0.000229265934873	-0.000157598788209	0.000125157068596	0.0271493271224	-0.0188829170434	0.0146692544769	1.68311616469e-12	2.2740663779e-05	100.0
0.000188408230138	0.000346077119298	0.000136583423296	0.0182679078461	0.0471656330189	0.0125905156613	1.68311616469e-12	2.2740663779e-05	100.0
-0.000141100493571	-0.000978031434374	0.000592068291644	-0.0182536703047	-0.122000173781	0.0714800842141	1.68311616469e-12	2.2740663779e-05	100.0
0.000266195182175	-0.000291624863134	-0.000291571210298	0.032038112256	-0.0364130614012	-0.0353440599655	1.68311616469e-12	2.2740663779e-05	100.0
-0.000120170816897	-0.000698449507677	1.03193504619e-05	-0.0150574210572	-0.0894698008995	0.00167337350121	1.68311616469e-12	2.2740663779e-05	100.0
9.78212678197e-05	-0.000815482473776	-0.000117085461157	0.00998633767471	-0.104661494518	-0.0119482118673	1.68311616469e-12	2.2740663779e-05	100.0
1.186238356e-05	-0.000670674415488	-0.000510242690112	0.000532616807817	-0.0841268651971	-0.0615207038876	1.68311616469e-12	2.2740663779e-05	100.0
7.08023381445e-05	0.000404189320102	0.000476563462952	0.00750427048327	0.0510275389295	0.0550436728388	1.68283906722e-12	2.2736919902e-05	100.0
-0.000271727381471	-0.00100512117904	0.000153551073966	-0.0311344801812	-0.125953763033	0.0158389096878	1.68283906722e-12	2.2736919902e-05	100.0
-0.000367388879934	-0.000998813979175	-9.28471880917e-05	-0.0433360084897	-0.125270224175	-0.0107340045232	1.68283906722e-12	2.2736919902e-05	100.0
-0.000107299638483	-0.000720475376993	0.000141272256464	-0.0136374000089	-0.092160089842	0.0164230580268	1.68283906722e-12	2.2736919902e-05	100.0
-0.000268740019092	-8.99211516251e-05	-9.81830439115e-05	-0.0337050720065	-0.00897039277839	-0.0114864821735	1.68283906722e-12	2.2736919902e-05	100.0
-0.000109926582886	-0.000315305527607	-0.00064804793894	-0.014404407964	-0.0389651484964	-0.078967107355	1.68283906722e-12	2.2736919902e-05	100.0
0.000304234371125	-0.000177284242502	-2.02513718593e-05	0.0364893388175	-0.0214658785728	-0.00259754579165	1.68263790754e-12	2.2734202024e-05	100.0
0.000295309040398	0.000240797473416	-0.000278733691375	0.0341743580869	0.0316052807266	-0.0317620659395	1.68263790754e-12	2.2734202024e-05	100.0
-0.00024423693078	-0.00125072655984	-1.84388263963e-05	-0.0274003226651	-0.151254474692	-0.00179994568494	1.68263790754e-12	2.2734202024e-05	100.0
-0.000222719046094	-0.000921704135058	-1.37980462906e-05	-0.0242770769315	-0.118559703622	-0.00221131773587	1.68236634196e-12	2.2730532888e-05	100.0
-0.000382271262929	-4.70440767651e-05	-8.734183383e-05	-0.0476492343521	-0.00376970376643	-0.00981427747701	1.68236634196e-12	2.2730532888e-05	100.0
0.000373494682114	8.44689887755e-05	0.000303040616761	0.0446912727792	0.0114616927173	0.0357297905871	1.68216115908e-12	2.2727760652e-05	100.0
1.49248966536e-05	-0.000722278890431	0.000432242989739	0.000835400352722	-0.0907322434023	0.0514724246819	1.68216115908e-12	2.2727760652e-05	100.0
2.71412218389e-05	-0.000734056961481	-0.000683627220905	0.00248657252058	-0.0918307179612	-0.0833209162308	1.68216115908e-12	2.2727760652e-05	100.0
-0.000138439525677	-4.19801286015e-05	0.000662997328591	-0.0179722142163	-0.00449840518981	0.080629489346	1.68142340594e-12	2.2717792834e-05	100.0
-0.000148593875681	0.000304638858667	9.93305544555e-05	-0.0165847918798	0.0441860414521	0.00874861457112	1.68142340594e-12	2.2717792834e-05	100.0
7.36147363627e-05	-9.51287319827e-05	0.00047888754309	0.00831880980679	-0.0109614685678	0.0574092557578	1.68142340594e-12	2.2717792834e-05	100.0
-0.000450025347533	6.28892787643e-06	0.000288082964827	-0.0563165200147	0.0026796806057	0.0346453291477	1.68142340594e-12	2.2717792834e-05	100.0
-0.000136124847691	-0.000796785685333	0.000133500445752	-0.0165334789362	-0.102006250694	0.0148165397075	1.68142340594e-12	2.2717792834e-05	100.0
-0.000321899354741	-0.000788667213831	-0.000114104917076	-0.0391854134201	-0.0995641653089	-0.0133018188445	1.68142340594e-12	2.2717792834e-05	100.0
-0.000505024315483	-0.00112080115028	5.12720179252e-06	-0.0618682407867	-0.139414336249	0.000820287234902	1.68142340594e-12	2.2717792834e-05	100.0
-0.000192449968287	-0.00093864365758	-8.13850909711e-05	-0.0206755034559	-0.120735339245	-0.00720128685927	1.68142340594e-12	2.2717792834e-05	100.0
-0.000264156754138	-0.000635708685324	-0.000326910873311	-0.033258762656	-0.0796418175853	-0.0388980519245	1.68142340594e-12	2.2717792834e-05	100.0
-0.000244297424943	-0.00103663667353	-0.00039824495242	-0.0305065735012	-0.129486028015	-0.0467694408482	1.68142340594e-12	2.2717792834e-05	100.0
-0.0001519004211	0.000320343961955	-0.000163469334527	-0.0173701538904	0.0450820260078	-0.0157871697787	1.68142340594e-12	2.2717792834e-05	100.0
-0.000180066711798	-4.86663616643e-05	-0.000856363924971	-0.0231443385016	-0.00556477383479	-0.105084050589	1.68142340594e-12	2.2717792834e-05	100.0
-0.000132362637539	-0.000135905514042	-0.000602523513899	-0.0172358709902	-0.0162058216965	-0.0732070966779	1.68142340594e-12	2.2717792834e-05	100.0
0.000134997379612	-0.000792620079652	0.000100816629451	0.014591367511	-0.10145260907	0.0101331197892	1.68121118247e-12	2.2714925472e-05	100.0
0.000153905632468	-0.00040767327838	-0.000211120912692	0.0179856438147	-0.0512635988884	-0.0250764683245	1.68121118247e-12	2.2714925472e-05	100.0
0.000262642368225	-3.85266882732e-05	-0.000258103540721	0.0310968726834	-0.00385322182366	-0.0304908300728	1.68121118247e-12	2.2714925472e-05	100.0
9.12984817638e-05	-0.000696828249642	-0.000134625710425	0.00981688484824	-0.089033313607	-0.0148514034741	1.68121118247e-12	2.2714925472e-05	100.0
0.000355090510891	-0.000291316883931	-0.000345847895374	0.0430987831526	-0.0362763075125	-0.0415922227147	1.68121118247e-12	2.2714925472e-05	100.0
-7.56962462635e-05	-0.000581693301641	0.000544920496151	-0.0101289877361	-0.0726152424706	0.0661823411074	1.68048248151e-12	2.2705079958e-05	100.0
-0.000365548614717	-0.000330934995554	0.000260559762573	-0.0459425804134	-0.0403539654212	0.031476936536	1.68048248151e-12	2.2705079958e-05	100.0
-0.000278322162616	-1.07337102666e-05	1.62781373458e-05	-0.0345242131257	0.00150105371486	0.00184667445337	1.68048248151e-12	2.2705079958e-05	100.0
0.000103533027312	-0.000719162789728	-4.03297922408e-05	0.0111330777637	-0.0926425104977	-0.00439352129718	1.68026522905e-12	2.270214465e-05	100.0
0.000289072659822	0.000169135964941	-7.09240673771e-05	0.0328230529135	0.0234952854435	-0.00799969841333	1.68026522905e-12	2.270214465e-05	100.0
-0.000557213506957	-0.00109306968979	0.000257079839493	-0.069281387734	-0.136094811205	0.0307045003983	1.68026522905e-12	2.270214465e-05	100.0
9.68113441604e-05	-0.000928833535195	-0.000123822618339	0.00879874480372	-0.118931775701	-0.0110460856769	1.68026522905e-12	2.270214465e-05	100.0
0.000139579523942	-0.000949537789979	-0.000439908903563	0.0160399069085	-0.119028856696	-0.0520408229151	1.68026522905e-12	2.270214465e-05	100.0
-4.83416304153e-05	-0.00120754311117	-0.000340440189247	-0.00680268123955	-0.149306049015	-0.0384458099078	1.68026522905e-12	2.270214465e-05	100.0
0.000373401634432	0.00010681154798	5.52107456253e-05	0.0441048547409	0.0149991524139	0.00632964452384	1.67979451538e-12	2.2695784815e-05	100.0
0.00021460332407	0.000428934445622	-0.000329911920043	0.0237022080028	0.0543152213776	-0.0364698476669	1.67979451538e-12	2.2695784815e-05	100.0
-0.000633409870953	-0.00122595796338	5.61194184738e-05	-0.0787606530185	-0.152113951536	0.00682146400619	1.67979451538e-12	2.2695784815e-05	100.0
0.00030255979602	8.07144077419e-05	-0.000464138349711	0.0361848690631	0.0106578867202	-0.0555448597879	1.67979451538e-12	2.2695784815e-05	100.0
-0.000309790351314	-0.00121605691043	-1.92410131142e-05	-0.0355163168743	-0.148532665215	-0.00156308595612	1.67979451538e-12	2.2695784815e-05	100.0
3.21942248567e-05	0.000304580198841	0.000507018431406	0.00305022703811	0.0392370453183	0.0597263870621	1.67954457447e-12	2.2692407851e-05	100.0
-0.000260627445	-9.43155480421e-05	6.17273684605e-05	-0.0325573814177	-0.00947636016331	0.0071589409184	1.67954457447e-12	2.2692407851e-05	100.0
0.000113239389804	-0.000747782484179	-2.22977882352e-05	0.0119757418975	-0.096483436696	-0.00218400913986	1.67932430462e-12	2.2689431775e-05	100.0
0.000312925724056	-0.000320771532031	0.000257085143218	0.037795716907	-0.0400878421497	0.0307314629946	1.67885560255e-12	2.2683099118e-05	100.0
5.688381101e-05	-0.00107152814168	0.000188788295955	0.00380420434937	-0.133816797601	0.0171422572158	1.67885560255e-12	2.2683099118e-05	100.0
-0.000472257076845	-0.0013564431906	4.02332234733e-06	-0.0582628235343	-0.167455758792	0.00011415201548	1.67885560255e-12	2.2683099118e-05	100.0
0.000172054593462	-0.000269606728126	-0.000412278429335	0.0203475097509	-0.0333505207346	-0.0495296422922	1.67885560255e-12	2.2683099118e-05	100.0
7.62530475776e-06	-0.000302815563537	0.000415292407902	0.000108384549841	-0.0373529533424	0.0502579142454	1.67860867903e-12	2.2679762923e-05	100.0
-0.000383143145112	-0.000136957893893	8.53079406163e-05	-0.0479613164552	-0.0152456609238	0.0106008192919	1.67860867903e-12	2.2679762923e-05	100.0
5.13192212876e-05	-0.000964795219442	1.9358202805e-05	0.00126620086705	-0.126851137274	-0.000730523974389	1.67838790628e-12	2.2676780051e-05	100.0
0.000205060694196	0.000362248160929	0.000343046559633	0.0230077969177	0.0465933827406	0.0385195390719	1.67838790628e-12	2.2676780051e-05	100.0
0.000229718112512	-0.000188045151695	-3.34125995117e-05	0.0271447635203	-0.0229012413902	-0.00415528774024	1.67838790628e-12	2.2676780051e-05	100.0
7.83426901677e-05	-0.000389620336461	0.000252301636791	0.00886585952152	-0.0485785553869	0.0300830051109	1.67838790628e-12	2.2676780051e-05	100.0
0.000192065588718	5.12909910041e-05	-5.88794455201e-05	0.0216619607459	0.00865236334843	-0.00676985826974	1.67838790628e-12	2.2676780051e-05	100.0
0.000300543059521	-0.000235501649791	-0.000158594465516	0.0361030694505	-0.0291009069982	-0.0184005229194	1.67838790628e-12	2.2676780051e-05	100.0
-0.000399409969443	-0.00114641013136	-3.88965489547e-05	-0.0474045765367	-0.141597968839	-0.00394875058087	1.67838790628e-12	2.2676780051e-05	100.0
0.000164468037592	-0.000483795151263	-0.000580296443538	0.0195742289092	-0.0605522166825	-0.0707364810598	1.67838790628e-12	2.2676780051e-05	100.0
-3.57422560547e-05	-0.000853285687174	-0.000389935223744	-0.00530054326906	-0.107450118123	-0.0458124121215	1.67838790628e-12	2.2676780051e-05	100.0
0.000252306228133	-0.0001520008364	0.000230812474218	0.0300118552413	-0.0184735937453	0.027374841366	1.67792121581e-12	2.2670474574e-05	100.0
3.85335938642e-05	-0.00106101437044	0.000164678693973	0.00127482410584	-0.132608489969	0.0133366604419	1.67792121581e-12	2.2670474574e-05	100.0
0.000101812996306	-0.000896915259102	-3.72431423758e-05	0.00905527830736	-0.116598815601	-0.00336762381629	1.67792121581e-12	2.2670474574e-05	100.0
0.000298067037822	0.000646073509314	3.87103905637e-06	0.0300368328018	0.0768696807053	0.000194969822476	1.67767580099e-12	2.2667158762e-05	100.0
-8.07609443535e-05	-1.027176035e-06	-0.000385136006725	-0.0106916906062	0.00166855823316	-0.0461776844961	1.67767580099e-12	2.2667158762e-05	100.0
-0.000296261790182	-0.000367007467333	-0.000203808356639	-0.0373034238004	-0.0451089040176	-0.0240866320211	1.67767580099e-12	2.2667158762e-05	100.0
0.000238161338877	0.000513543831363	-0.000361748741401	0.0267526726606	0.0637908962847	-0.0403477253978	1.67767580099e-12	2.2667158762e-05	100.0
8.76920691492e-05	-0.000934473801304	-2.64795949017e-06	0.00644262776199	-0.121951205935	-0.00187302267633	1.67745553114e-12	2.2664182686e-05	100.0
0.000135478876378	-0.000759003462073	3.60758751742e-05	0.0147114304442	-0.0975800803697	0.00312255093925	1.67745553114e-12	2.2664182686e-05	100.0
0.000209729822505	-0.000208966335167	0.000507474039983	0.0250665910333	-0.0258297532966	0.061425803323	1.67745553114e-12	2.2664182686e-05	100.0
0.000136129430524	-0.000595244040322	0.000631230737798	0.0159832757906	-0.0745718890335	0.0768979056124	1.67745553114e-12	2.2664182686e-05	100.0
9.3570888633e-05	-0.000879746860595	1.77779415433e-06	0.00837609797028	-0.114542230265	-0.000490805430379	1.67745553114e-12	2.2664182686e-05	100.0
0.000209457798212	-0.000435383018791	0.000116096701656	0.0248612075349	-0.0549207183442	0.0138976555934	1.67745553114e-12	2.2664182686e-05	100.0
0.000329204482681	-0.000126702909689	-9.6180871069e-05	0.0394540658073	-0.0151096216899	-0.0114602559406	1.67745553114e-12	2.2664182686e-05	100.0
-5.02649563888e-05	-0.00108323156581	-0.000441919687831	-0.00701505278863	-0.13484194233	-0.0517045054314	1.67745553114e-12	2.2664182686e-05	100.0
-0.000237609753673	-0.000599003232952	0.000360483471581	-0.0300609702088	-0.0747591746475	0.0430633298943	1.67721011632e-12	2.2660866874e-05	100.0
-0.000269623572055	-0.000443967242202	-0.000424255370715	-0.0343193260526	-0.0552227989822	-0.0514803592137	1.67721011632e-12	2.2660866874e-05	100.0
-0.000261288305717	-0.000594660633555	-0.000577321946027	-0.0331965930783	-0.0739404463684	-0.0704136649965	1.67721011632e-12	2.2660866874e-05	100.0
-9.37757283466e-05	-1.37455159607e-05	-0.000588584401489	-0.0123823657629	-0.00084755823882	-0.071217758425	1.67721011632e-12	2.2660866874e-05	100.0
-0.000150355021978	-0.000137375713717	-0.000612102355111	-0.0193410424723	-0.016343016731	-0.0744536894887	1.67721011632e-12	2.2660866874e-05	100.0
0.000170557654542	0.000497552358491	0.000384749769684	0.018840658779	0.06205902505	0.0427926114299	1.67674493455e-12	2.2654581781e-05	100.0
-0.000126347527606	0.000134894873393	5.70570948648e-05	-0.0153449109688	0.0215520845452	0.00633685184191	1.67674493455e-12	2.2654581781e-05	100.0
-0.000218093453345	-0.000496738753167	-2.28506504331e-05	-0.027800787703	-0.0625241545147	-0.00218726494599	1.67674493455e-12	2.2654581781e-05	100.0
-0.000295012409438	-0.000251547698179	-0.000227969138427	-0.0371124910874	-0.0301718859143	-0.027229210644	1.67674493455e-12	2.2654581781e-05	100.0
0.000159518617279	0.000314105640776	0.000185640554381	0.0160061748099	0.0426947330804	0.0184516819412	1.67652768209e-12	2.2651646472e-05	100.0
-2.044801434e-05	-0.000861685034465	0.000689921198925	-0.00339909320719	-0.107591364959	0.0839338997616	1.67652768209e-12	2.2651646472e-05	100.0
0.000104056925792	0.000209970954968	0.000586686853084	0.0119081771169	0.0269607492098	0.0702835913635	1.67628025567e-12	2.2648303482e-05	100.0
-0.000265060546714	9.29882245777e-05	0.000108315603178	-0.0326222868937	0.0150555805134	0.0123349809032	1.67628025567e-12	2.2648303482e-05	100.0
-9.97371558511e-05	-0.00038876326096	0.000316447132887	-0.0130978814984	-0.0482028658231	0.03782835763	1.67628025567e-12	2.2648303482e-05	100.0
-0.000273846504802	-0.00055188336303	0.000116950001408	-0.0341074614722	-0.0689393559795	0.0140993777086	1.67628025567e-12	2.2648303482e-05	100.0
-0.000199441161016	0.000238255326164	8.50686385137e-06	-0.0230395698072	0.03525384046	0.000719981770273	1.67628025567e-12	2.2648303482e-05	100.0
-0.000181999469482	-0.000776583704276	0.00044375363108	-0.0232134480555	-0.0971978421429	0.053101948753	1.6758165826e-12	2.2642038773e-05	100.0
-0.000238705129845	-0.000596766956557	0.000340758139574	-0.0301295667331	-0.074544483421	0.0408476878299	1.6758165826e-12	2.2642038773e-05	100.0
0.000145409244598	0.000230181573487	0.000415298291929	0.0165801799853	0.0299809988519	0.0483804964652	1.6758165826e-12	2.2642038773e-05	100.0
-0.000157977014375	0.000375223048098	-8.00490929648e-06	-0.0152690727968	0.0549373213968	-0.000481406285693	1.6758165826e-12	2.2642038773e-05	100.0
0.000312146769105	-0.000551277951498	0.000481282982553	0.0377719017391	-0.0691524625585	0.0582392019212	1.67560385623e-12	2.2639164617e-05	100.0
0.000267997651734	-0.00076441350084	0.000450525962727	0.0321250134719	-0.0959188331317	0.0539923394978	1.67560385623e-12	2.2639164617e-05	100.0
0.000126548213477	0.000224647011844	0.000214362901096	0.0134235823119	0.0313894523201	0.0229515863509	1.67560385623e-12	2.2639164617e-05	100.0
-0.000347270372124	-0.00108824322858	0.000390884891512	-0.043258147799	-0.135394145731	0.0461570345006	1.67560385623e-12	2.2639164617e-05	100.0
0.000261307698513	0.000439462305475	4.6883156966e-05	0.0241062436281	0.0570218796611	0.00429267420106	1.67560385623e-12	2.2639164617e-05	100.0
-0.000309783704475	-0.00119010340473	0.000431037010783	-0.0386983069681	-0.147617008114	0.0513370935453	1.67560385623e-12	2.2639164617e-05	100.0
-0.000130131870373	0.00012494641664	-0.000115432676382	-0.0164486611135	0.0195215592792	-0.0126705457478	1.67560385623e-12	2.2639164617e-05	100.0
0.000139878485182	0.000452449557105	-0.000327662868587	0.0148685252003	0.0573607576614	-0.0349297435745	1.67560385623e-12	2.2639164617e-05	100.0
-7.82664296438e-05	-0.000732013275641	-0.000340641608511	-0.0103351172867	-0.0919663529433	-0.0401357334315	1.67560385623e-12	2.2639164617e-05	100.0
-0.00019906888174	-0.000949986352045	-0.000297665208453	-0.024416779977	-0.119067469329	-0.0336870528392	1.67535341242e-12	2.2635780858e-05	100.0
-2.65575998409e-05	0.00038343174694	-0.000391384186312	-0.00399603566973	0.0492221220339	-0.043522942212	1.67535341242e-12	2.2635780858e-05	100.0
-3.29462259659e-05	0.000288450207875	-1.95525777761e-05	-0.00413845927065	0.0445533450553	-0.0023169611663	1.67489074515e-12	2.2629529738e-05	100.0
-0.000285753526551	-9.01059714214e-05	-9.19406288515e-05	-0.0356522336411	-0.00906210839852	-0.0104781810462	1.67489074515e-12	2.2629529738e-05	100.0
-0.000233500419996	9.58893559907e-05	-4.8869213478e-05	-0.0284948427532	0.015669789833	-0.00516614796519	1.67489074515e-12	2.2629529738e-05	100.0
0.000262219273546	-0.000360912141933	0.000160349788782	0.0313764858114	-0.0452811712165	0.0188117634361	1.67468405357e-12	2.2626737119e-05	100.0
0.000228167367659	-0.000161735525979	0.000457251951929	0.0272359816665	-0.019962284039	0.0551561157338	1.67468405357e-12	2.2626737119e-05	100.0
3.9896279771e-05	-0.000763319183326	0.000636305330133	0.00404349174439	-0.0955523836585	0.0772747652816	1.67468405357e-12	2.2626737119e-05	100.0
0.000415597160368	-0.000103757039003	0.000198088598296	0.0503683441823	-0.012441427951	0.0240163654637	1.67468405357e-12	2.2626737119e-05	100.0
8.10040521519e-05	-0.000375172738445	0.000406680419917	0.00912653265635	-0.0467024544964	0.0489525309566	1.67468405357e-12	2.2626737119e-05	100.0
0.000175063715803	-5.33531630414e-05	-0.000140708234365	0.020038254084	-0.00540638493408	-0.0160735278857	1.67468405357e-12	2.2626737119e-05	100.0
-0.00041311440864	-0.000817085011224	9.62739149869e-05	-0.0506690146481	-0.10266479984	0.0116683736412	1.67468405357e-12	2.2626737119e-05	100.0
0.000218379368731	-0.000478799104024	-0.000449647697974	0.0261107897793	-0.0601425839827	-0.0544007105086	1.67468405357e-12	2.2626737119e-05	100.0
0.000143927406588	-0.000301214018048	-0.000773156766596	0.0170614374222	-0.0375568206431	-0.0948797145472	1.67468405357e-12	2.2626737119e-05	100.0
-0.000439266398188	-0.00136885995377	-0.000173788131384	-0.0543989069015	-0.169075297839	-0.0205014890659	1.67468405357e-12	2.2626737119e-05	100.0
-0.000284589526267	-1.20438345818e-05	-0.000106226571432	-0.0353541453094	0.00121873500409	-0.0125774965669	1.67442858077e-12	2.2623285413e-05	100.0
0.000113519186373	-0.000651940551237	0.000170000981284	0.0126912884037	-0.0829608610857	0.0192446738785	1.67422591238e-12	2.2620547151e-05	100.0
-8.18961322288e-05	-0.000212636909858	0.000325136337626	-0.0110500411737	-0.0257612171731	0.0392407872777	1.67422591238e-12	2.2620547151e-05	100.0
0.000227081167232	-0.000157184335512	-0.000115854768413	0.0267363732577	-0.0189190879816	-0.013230879322	1.67422591238e-12	2.2620547151e-05	100.0
0.000272422062816	-0.000417100791776	-0.000135158078269	0.0326363953598	-0.0524332454892	-0.0153775024544	1.67422591238e-12	2.2620547151e-05	100.0
-5.76535089981e-05	-0.00036040900153	0.000654178209202	-0.00793898106904	-0.0445962224824	0.0802331555477	1.67396691929e-12	2.2617047883e-05	100.0
-0.000281202648996	-0.000693116252289	5.2597593471e-05	-0.0345185696772	-0.0874364488013	0.00585290721236	1.67396691929e-12	2.2617047883e-05	100.0
-0.00033822362237	-0.000902119592602	-0.000338505297048	-0.0420068745971	-0.112967732142	-0.0400880831768	1.67396691929e-12	2.2617047883e-05	100.0
-0.000360545044462	-0.000991431497026	-0.000278191004914	-0.0442146881633	-0.12363567092	-0.0322353223899	1.67396691929e-12	2.2617047883e-05	100.0
6.20548148571e-06	0.000310387649348	-0.00051986912664	-0.00014910578825	0.0395130152768	-0.0610249291095	1.67396691929e-12	2.2617047883e-05	100.0
-6.59876276702e-05	0.000392300322594	-0.000518828335329	-0.00876631566298	0.0498456157376	-0.0606963131913	1.67396691929e-12	2.2617047883e-05	100.0
0.000148924304502	-0.000823678258477	5.26438196597e-05	0.015958232555	-0.106108516774	0.00530585606239	1.673768777e-12	2.2614370773e-05	100.0
0.000171293606661	-0.000558098591312	9.07832249981e-05	0.0198967706857	-0.070969846479	0.0103834288725	1.673768777e-12	2.2614370773e-05	100.0
0.000278759219378	-6.58953870992e-05	-0.000130730170486	0.0330250736485	-0.0071550260522	-0.0151975354354	1.673768777e-12	2.2614370773e-05	100.0
-0.00036354305833	-0.00131460700249	0.000132414633325	-0.0442425120916	-0.161665479816	0.0152016236187	1.673768777e-12	2.2614370773e-05	100.0
0.000110063596948	-0.000909034028851	-0.000136254846995	0.0106995399721	-0.116529463127	-0.0133961474822	1.673768777e-12	2.2614370773e-05	100.0
0.000238850901893	-0.000712515745119	-0.000512182244062	0.0286102130973	-0.0895267940453	-0.0618736496977	1.673768777e-12	2.2614370773e-05	100.0
0.0002194083819	0.000366316203858	0.000140721629556	0.0216964931929	0.0487881434749	0.0133884709584	1.67331264741e-12	2.2608207984e-05	100.0
-0.000112103640924	-0.00112780590312	0.00058574298241	-0.0146439607037	-0.140268935038	0.0705883188072	1.67331264741e-12	2.2608207984e-05	100.0
-0.000146765089819	0.000318779962535	0.000170784516775	-0.0167408305698	0.0445039627341	0.0163062572998	1.67304611083e-12	2.2604606795e-05	100.0
-3.16954015716e-05	0.000433527030569	0.000361600316354	-0.00451371046985	0.0550546559138	0.0389747155508	1.67304611083e-12	2.2604606795e-05	100.0
-9.84746615782e-05	9.17971247568e-05	0.000691562943482	-0.0129721873853	0.0121553668304	0.0839851956582	1.67304611083e-12	2.2604606795e-05	100.0
-0.000184165290736	-0.000494662104673	0.000278439795801	-0.0233764190009	-0.0618824975217	0.0334972181451	1.67304611083e-12	2.2604606795e-05	100.0
-0.000306513056078	-0.000809280828888	-0.000129298589923	-0.037071784465	-0.102129483525	-0.0151994158467	1.67304611083e-12	2.2604606795e-05	100.0
-5.34291128289e-05	-0.000764581961861	-5.86131847357e-06	-0.00703151340791	-0.0988681416777	-0.000946237015542	1.67304611083e-12	2.2604606795e-05	100.0
-0.00017345845978	-0.000895690960326	-9.00020614465e-05	-0.0194356933997	-0.115237311097	-0.00847856466376	1.67304611083e-12	2.2604606795e-05	100.0
0.000134234440598	0.000428368628939	-0.000194071287019	0.011958615452	0.0564422139865	-0.0166224568062	1.67304611083e-12	2.2604606795e-05	100.0
-1.15698176839e-05	-0.000342859628783	-0.000339232715583	-0.00220278903984	-0.0423661941283	-0.0404178895589	1.67304611083e-12	2.2604606795e-05	100.0
-0.000232983384756	-0.000416204717598	-0.00047787474455	-0.0296793646844	-0.0514133259503	-0.0579037636867	1.67304611083e-12	2.2604606795e-05	100.0
0.000274832550013	-0.000465092118701	0.000346164134086	0.0330131178967	-0.0584304184265	0.0414047008175	1.67285752362e-12	2.2602058784e-05	100.0
0.000163408526362	-0.000910067615287	0.000354699729239	0.0186364280172	-0.11428584484	0.0410855728289	1.67285752362e-12	2.2602058784e-05	100.0
0.000161137502273	0.000161954131263	1.12767039297e-05	0.016995222639	0.0238697766745	0.000828680601746	1.67285752362e-12	2.2602058784e-05	100.0
8.72149232335e-05	-0.00100201107241	-0.000180671576999	0.00760304140843	-0.126676026253	-0.0171822168708	1.67285752362e-12	2.2602058784e-05	100.0
0.000182668522481	-0.000553819596591	-0.000624487479319	0.0217871469665	-0.0692741172655	-0.0759932972752	1.67240340563e-12	2.2595923174e-05	100.0
1.23246410245e-05	0.000592801923049	0.000355270079155	0.000418108915291	0.0727447011542	0.0377948027922	1.67212681107e-12	2.2592186092e-05	100.0
-0.000289599019126	-0.000396819165161	0.000796792654683	-0.0369125031602	-0.0492015890872	0.0980297685241	1.67212681107e-12	2.2592186092e-05	100.0
-0.000344055205132	-0.000453351274103	7.5786787746e-05	-0.043004322874	-0.0561144219994	0.00868980928841	1.67212681107e-12	2.2592186092e-05	100.0
-0.000139391007836	0.000369733283624	3.95626479843e-06	-0.0131674713751	0.0547715701609	-0.000640826188623	1.67212681107e-12	2.2592186092e-05	100.0
-0.000376268208402	-0.00121123918858	2.28645600963e-05	-0.0446166295373	-0.14944713156	0.00239364702409	1.67212681107e-12	2.2592186092e-05	100.0
0.00027431369208	9.93730329746e-05	-0.00017740027888	0.0318733495057	0.0141615488471	-0.0207296942943	1.67194979054e-12	2.2589794359e-05	100.0
7.44737314032e-05	-0.00095008923232	-8.43975100309e-05	0.00521997996896	-0.122578853028	-0.00613609895687	1.67194979054e-12	2.2589794359e-05	100.0
5.634836084e-05	-0.000579469057623	-0.000799481447432	0.0061474810577	-0.07223675324	-0.0979055359803	1.67194979054e-12	2.2589794359e-05	100.0
-0.000129038390444	0.000222859788986	0.000270014186652	-0.0159303026519	0.0309447556846	0.0295977670044	1.67166816698e-12	2.2585989329e-05	100.0
-0.000215146935357	0.000259390157918	0.00012139904641	-0.0252302961746	0.0368169867363	0.0117880607042	1.67166816698e-12	2.2585989329e-05	100.0
-0.000237730603835	-0.000618060874666	0.000560213062839	-0.030245661248	-0.0769668497989	0.0679967434561	1.67166816698e-12	2.2585989329e-05	100.0
-0.000192643044778	-0.000547985218262	0.000342847173867	-0.0244683545433	-0.0683301128033	0.0412063228888	1.67166816698e-12	2.2585989329e-05	100.0
0.000160002269016	0.000211783087137	-0.000115912936193	0.0163752025671	0.0300964148167	-0.0127947624166	1.67149768415e-12	2.2583685927e-05	100.0
-3.24799537885e-05	-0.000351297953668	0.000760953911158	-0.00490244919934	-0.0435508199376	0.0935434290378	1.67149768415e-12	2.2583685927e-05	100.0
9.33895828706e-05	-0.000918861220596	-7.39229621669e-06	0.00746080792755	-0.119649159655	0.000880619072825	1.67149768415e-12	2.2583685927e-05	100.0
0.00021215575829	3.79600862868e-05	-0.000427220836332	0.0251060309157	0.00577382718557	-0.0513214858708	1.67149768415e-12	2.2583685927e-05	100.0
0.00032863517768	-0.000361192227043	0.000220528303903	0.0397433060699	-0.0454438687558	0.0266113744411	1.67104658355e-12	2.2577591086e-05	100.0
0.000342451933154	0.000559545690232	-4.22549898205e-06	0.0356579936146	0.0687568927837	-0.0001160264683	1.67104658355e-12	2.2577591086e-05	100.0
-5.65764839867e-05	-0.000946974314655	-0.000858293652705	-0.00786017382969	-0.118210956169	-0.105318200766	1.67104658355e-12	2.2577591086e-05	100.0
-0.000247471878221	-0.000309212645538	0.000424062602924	-0.0314697468733	-0.0377666400992	0.0512404272136	1.67029575503e-12	2.2567446605e-05	100.0
2.26645596661e-05	0.000191568563088	0.000776913878962	0.00199809343549	0.0243566276309	0.0945169625257	1.67029575503e-12	2.2567446605e-05	100.0
-0.000211880396604	0.000114486297605	8.95975633028e-05	-0.0258909103166	0.0181975177536	0.00975022513383	1.67029575503e-12	2.2567446605e-05	100.0
-0.000149004854318	-0.000876616048587	9.28719035571e-05	-0.0173800426058	-0.113373468305	0.00867416791776	1.67029575503e-12	2.2567446605e-05	100.0
-0.000339293655855	-0.000722642472076	-0.000112415043819	-0.0417808557631	-0.0909042554835	-0.0131626830147	1.67029575503e-12	2.2567446605e-05	100.0
-0.00016260817862	0.000274472900409	6.12487088969e-06	-0.01829001945	0.0408714854258	0.0012131584512	1.67029575503e-12	2.2567446605e-05	100.0
1.97239922426e-05	0.000235607347244	-0.000208963951604	0.0011422493577	0.0334553149434	-0.0219810173694	1.67029575503e-12	2.2567446605e-05	100.0
-6.79400659945e-07	-0.000267279117449	-0.000387339135322	-0.000935270850477	-0.0328290739659	-0.0465384755977	1.67029575503e-12	2.2567446605e-05	100.0
-0.000331078300107	-0.000636327859498	-0.000413162767269	-0.0416740670365	-0.079332806798	-0.0498583826452	1.67029575503e-12	2.2567446605e-05	100.0
-0.000242835152058	0.000113607457168	-0.000223004693943	-0.0299990109661	0.0171685261717	-0.0254982378126	1.67029575503e-12	2.2567446605e-05	100.0
-0.000194643527516	-7.73215252054e-05	-0.000435465494878	-0.0248299452567	-0.00847976508983	-0.0521767628707	1.67029575503e-12	2.2567446605e-05	100.0
-0.000331644589624	-0.000700613195158	-0.000457926719922	-0.0418320309246	-0.0876376915049	-0.0552482896864	1.67029575503e-12	2.2567446605e-05	100.0
3.03387132441e-05	0.000223269076877	-0.0005051951125	0.00284244649048	0.0290712786217	-0.0597503143671	1.67029575503e-12	2.2567446605e-05	100.0
-0.00022111301994	-0.000149654991854	-0.000389689593463	-0.028022994254	-0.0174835693296	-0.046599021133	1.67029575503e-12	2.2567446605e-05	100.0
