# x[AU] y[AU] z[AU] vx[AU/yr/2pi] vy[AU/yr/2pi] vz[AU/yr/2pi] m[MSUN] m[mtot] wf[%]
2.18272474904e-05	0.000337223050564	1.76463699534e-08	0.00318356974952	0.0412632847655	-3.83348009463e-06	5.84807196342e-07	0.907619721112	9.81087193075
-0.000226479776876	-0.00344777692528	-9.75259030547e-07	-0.0325522343869	-0.422361284375	-0.000153656447662	5.32204060509e-08	0.0825979748536	8.31188788349
-0.000139882663998	-0.00316452858283	-3.69202216486e-05	-0.0223490769318	-0.395868961169	-0.00308306475827	1.67910212374e-10	0.00026059634882	0.0
-0.000149061532371	-0.00315485799064	7.71490353773e-05	-0.0229958443859	-0.39346978805	0.00538897955932	6.7559837463e-11	0.00010485274672	0.0
-0.00016155051529	-0.00302722409195	-1.15187576735e-05	-0.0241796123024	-0.376443643135	-0.00167923645233	1.44864468662e-10	0.000224829395857	7.51300820159
-0.00015014275272	-0.00302078235302	-0.000140066333658	-0.0223972895663	-0.373932872444	-0.0135929425904	6.69726271958e-11	0.00010394139744	0.0
-0.000163980564532	-0.00307089638748	-8.91462195592e-05	-0.0244821757545	-0.381910517837	-0.00797788849747	9.81518554466e-11	0.000152331503828	0.0
-9.49433595399e-05	-0.00247085542005	0.000103558292881	-0.0155671361332	-0.304260056805	0.012154986947	7.63065120419e-11	0.000118427569997	14.6039156491
-0.000121959926476	-0.00290464822067	5.30702957941e-05	-0.0192520410631	-0.359707725504	0.00453921639726	7.82619501426e-11	0.000121462406426	13.8753992541
-0.000150169769903	-0.00296101713285	3.15331831511e-05	-0.0230825048862	-0.367059976718	0.00222739069723	4.4178478931e-11	6.8564920161e-05	24.748365294
-5.8787083793e-06	-0.00209034264389	7.79472494791e-06	-0.00441808884208	-0.255733052842	0.00121030572833	4.37548316042e-11	6.7907420269e-05	24.959332876
-0.000154143417711	-0.00283324469892	-6.40737761891e-06	-0.0226745101653	-0.351013030216	-0.000790035274779	3.39190583715e-11	5.2642317831e-05	0.0
-0.00015632381116	-0.00299900987402	-0.000157973594108	-0.0226031101341	-0.37201079296	-0.0159875126671	4.49712643389e-11	6.9795321694e-05	24.7491473487
-0.000136750903641	-0.0029141567031	1.35707370727e-05	-0.0211745090258	-0.361141037713	0.0016427379839	3.38022197971e-11	5.2460984573e-05	0.0
-0.000105065260123	-0.00262121384673	0.000209007879709	-0.0163637464456	-0.32207514158	0.0240229241111	3.37238429546e-11	5.2339343854e-05	0.0
-0.00016713867043	-0.0029314208146	3.14294860294e-06	-0.0232579031259	-0.36351043013	-0.000534858215605	3.36450738507e-11	5.2217094346e-05	0.0
-0.000161898045003	-0.00286974325123	-6.41705848732e-06	-0.0226735454356	-0.355446697515	-0.00137120070931	3.36450738507e-11	5.2217094346e-05	0.0
-0.000153496483958	-0.00287606234164	-5.00465558859e-05	-0.0225074799473	-0.356129969172	-0.00513262751927	3.36450738507e-11	5.2217094346e-05	0.0
-0.000161063663214	-0.00295374884597	-1.11355264718e-05	-0.02369923784	-0.366486800266	-0.000141328945464	3.35261583026e-11	5.2032537628e-05	0.0
-0.000102243578538	-0.00273960458576	-8.068266475e-05	-0.0167270633112	-0.338204751444	-0.0089319662139	3.35261583026e-11	5.2032537628e-05	0.0
-0.000181647051184	-0.00298877702495	0.000134018326666	-0.0258363135632	-0.370222554165	0.0133285433057	3.34863135979e-11	5.1970698718e-05	0.0
-0.000152082444466	-0.00275673865377	0.000111623194139	-0.0223827625803	-0.340268108575	0.0123740077974	3.34863135979e-11	5.1970698718e-05	0.0
-0.000181227935058	-0.00261558235481	0.000136067775736	-0.0255243616829	-0.322004218992	0.0154958210052	3.34863135979e-11	5.1970698718e-05	0.0
-0.000144209832463	-0.0028948460741	-0.000131367028775	-0.0212925312979	-0.358040768896	-0.0142578663774	6.69726271958e-11	0.000103941397436	0.0
-0.0001362324818	-0.00278381199375	-0.00018294153111	-0.0206504392118	-0.343638668679	-0.0204123348178	6.62365788772e-11	0.000102799051764	0.0
-0.000228749142858	-0.00289380093202	-0.00020486747432	-0.0308327303179	-0.357353094295	-0.0225133391887	3.34863135979e-11	5.1970698718e-05	0.0
-6.02254929495e-07	-0.00229088810894	3.01396594049e-05	-0.00381361476068	-0.280971585043	0.00365222256102	3.34463683133e-11	5.1908703708e-05	0.0
-6.35576058677e-05	-0.00250544611114	7.31049383245e-05	-0.0119294820362	-0.307883234337	0.00882309511136	3.34063123909e-11	5.1846536988e-05	0.0
-6.19661424172e-05	-0.00235007286203	0.000393565851723	-0.0111558583483	-0.288013502834	0.0466730367651	3.3245027584e-11	5.1596223256e-05	0.0
-8.52268771229e-05	-0.00260027974108	0.000220885911466	-0.0144339919996	-0.320161478951	0.0255101187614	3.3245027584e-11	5.1596223256e-05	0.0
-6.43324917238e-05	-0.00234566057717	0.000431991357635	-0.0116155753814	-0.287233294899	0.0507699665929	3.3245027584e-11	5.1596223256e-05	0.0
-0.000114646797837	-0.00290424641398	-0.000196773498033	-0.0183106351296	-0.359022990145	-0.0215263293692	3.3245027584e-11	5.1596223256e-05	0.0
-0.000111637557399	-0.00312673395879	-0.000128096321146	-0.01901646565	-0.388221959698	-0.0110079292811	3.3245027584e-11	5.1596223256e-05	0.0
-0.000166432245843	-0.00309167516279	-1.06514625686e-07	-0.0243819964696	-0.385516319948	0.000496316156275	3.31637238681e-11	5.1470040035e-05	0.0
8.23046909317e-05	-0.00209202640369	3.02522532608e-06	0.0060870829185	-0.2557905894	0.000989958375185	3.31637238681e-11	5.1470040035e-05	0.0
2.82272166719e-05	-0.00240098097245	0.000340625018188	-0.000433993506635	-0.294398727081	0.0403012207771	3.31229085679e-11	5.1406694762e-05	0.0
-0.000121433754872	-0.00282883727007	-0.0001086220776	-0.01844675224	-0.349509619839	-0.0121674678739	3.31229085679e-11	5.1406694762e-05	0.0
-0.000109725842742	-0.00323275161182	0.000236894761765	-0.0187054606517	-0.40010807072	0.0225272022636	3.29997586084e-11	5.1215566246e-05	0.0
-0.00015916951715	-0.00261831327757	-0.000209716512924	-0.0227610077495	-0.322242309669	-0.0243259764767	3.29997586084e-11	5.1215566246e-05	0.0
-0.000132751196044	-0.00325688527845	-0.000280721681569	-0.020514652754	-0.401937278809	-0.0275646505602	3.29997586084e-11	5.1215566246e-05	0.0
-0.000183590518258	-0.00316805574208	-6.33331700994e-06	-0.02638226568	-0.396978887961	-0.002051467597	4.40608156019e-11	6.8382306885e-05	25.2917212292
0.000214357111441	-0.00143057248775	-1.95786790106e-05	0.0221699769663	-0.171958618087	-0.00269580026488	3.29170769486e-11	5.1087244458e-05	0.0
-8.33925674853e-05	-0.00242176162545	0.000213962007883	-0.0140962610213	-0.297412220758	0.0247669749418	3.28755575895e-11	5.1022806487e-05	0.0
6.23232812364e-05	-0.0026614274082	0.000898444018495	0.00381860860978	-0.326301010912	0.108034351434	3.28755575895e-11	5.1022806487e-05	0.0
0.000234220060393	-0.00166583373523	-0.000457176061999	0.0246954769094	-0.201959926508	-0.0542805797257	3.28755575895e-11	5.1022806487e-05	0.0
-0.000143357283367	-0.0023379768158	-8.72236088919e-05	-0.0212393632177	-0.286926757033	-0.0103278287005	3.28339175346e-11	5.0958181196e-05	0.0
-0.000139995131936	-0.00314868795522	0.000161243973414	-0.0220179371904	-0.391177955741	0.0146988642227	3.27502652793e-11	5.0828353046e-05	0.0
-0.000191650043138	-0.0029408287447	0.000406273697678	-0.0272057394187	-0.362334654881	0.0466308647766	3.27502652793e-11	5.0828353046e-05	0.0
-0.000100064076453	-0.00277207238258	0.000138533909226	-0.0166753553024	-0.342036419459	0.0151096608575	3.27502652793e-11	5.0828353046e-05	0.0
2.08753590983e-05	-0.00230350103586	0.000338014657283	-0.00133330356546	-0.282498014956	0.040005718286	3.27502652793e-11	5.0828353046e-05	0.0
0.000133304180606	-0.00197983701428	0.00048228835975	0.0125110155796	-0.241544401943	0.0572675265228	3.27502652793e-11	5.0828353046e-05	0.0
-4.74113363794e-05	-0.00324404310255	0.000497009829272	-0.00994978244611	-0.398551494523	0.0564140677745	3.27502652793e-11	5.0828353046e-05	0.0
0.00030816130897	-0.00147932563435	0.000633056554173	0.0336626611932	-0.17887967593	0.0758191052305	3.27502652793e-11	5.0828353046e-05	0.0
-0.000159255711365	-0.00318783435004	-2.49915001865e-05	-0.0243281040079	-0.398449634366	-0.00130628683076	3.27502652793e-11	5.0828353046e-05	0.0
1.13346598689e-05	-0.000752236171166	-0.000370708773992	-0.00323658005577	-0.0845112264343	-0.0417202874956	3.27502652793e-11	5.0828353046e-05	0.0
-0.000144738231398	-0.00270898817432	-0.00017037764083	-0.0214850607913	-0.334270399746	-0.0189831711952	3.27502652793e-11	5.0828353046e-05	0.0
-0.000215235968696	-0.00230376931889	-0.000230513019347	-0.0297313119184	-0.28212408346	-0.026850433788	3.27502652793e-11	5.0828353046e-05	0.0
-0.000177104658629	-0.00279053091409	-0.000342067662311	-0.0250769702867	-0.343314261776	-0.039363890786	3.27502652793e-11	5.0828353046e-05	0.0
9.6103218179e-05	-0.00198735301852	-0.000801403695781	0.00794857630962	-0.242425423945	-0.0962635979844	3.27502652793e-11	5.0828353046e-05	0.0
-1.03441693679e-06	-0.00214411093306	6.11511839647e-05	-0.00376734819684	-0.262331833519	0.00713540208221	3.26661151539e-11	5.0697752202e-05	0.0
-5.50018170633e-05	-0.00315540417515	0.000594695046719	-0.0107754625171	-0.387780368474	0.0691820904263	3.26238464749e-11	5.0632151288e-05	0.0
7.04736434928e-05	-0.000182517585954	-0.000242860485828	0.00059033415036	-0.00470455890389	-0.0201202719284	3.26238464749e-11	5.0632151288e-05	0.0
-0.000268303343886	-0.00260923694919	1.91990152939e-05	-0.0356846047362	-0.320904194708	0.0019465770813	3.26238464749e-11	5.0632151288e-05	0.0
0.000157620409901	-0.00256136241998	-0.000711571271515	0.0153673773618	-0.313905200682	-0.0850989262651	3.26238464749e-11	5.0632151288e-05	0.0
-0.000133872068575	-0.00270811734	-7.86047910507e-05	-0.020284618214	-0.334724031046	-0.00930117042222	3.25814520712e-11	5.0566355249e-05	0.0
0.000133854611107	-0.0009065600294	9.87880811127e-05	0.0116054803068	-0.104051046545	0.0118381735638	3.25814520712e-11	5.0566355249e-05	0.0
0.000273421459815	-0.0013762549143	8.17989007246e-06	0.0292322003056	-0.165226344172	0.000822882027782	3.25389269137e-11	5.0500356281e-05	0.0
-0.000449024233251	-0.00357804012327	0.00015372355237	-0.0530268578793	-0.434636448929	0.0146939277287	3.25389269137e-11	5.0500356281e-05	0.0
0.000105138392982	-0.00251047912763	-0.000716562270495	0.00915770293592	-0.307752045729	-0.085488447087	3.25389269137e-11	5.0500356281e-05	0.0
-5.71217584329e-05	-0.00263616387556	0.000432806099231	-0.0108756237238	-0.323811674227	0.0505923094349	3.24962710023e-11	5.0434154383e-05	0.0
-7.974311496e-05	-0.00333324942592	0.000285244343615	-0.0152009229766	-0.410216534518	0.0274772197794	3.24962710023e-11	5.0434154383e-05	0.0
-0.000112718434775	-0.00250015589794	0.00010587860406	-0.0172278169541	-0.307037078892	0.0120647947782	3.24962710023e-11	5.0434154383e-05	0.0
0.000153370292797	-0.00149548047123	4.77885607024e-05	0.0147323267905	-0.18027857884	0.00508510176525	3.24962710023e-11	5.0434154383e-05	0.0
0.000108378797948	-0.00178922592045	-0.000631254839625	0.00938481244966	-0.217754508785	-0.0756232804053	3.24962710023e-11	5.0434154383e-05	0.0
0.000193475148407	-0.00112442611805	-0.000728569447078	0.0195857071651	-0.133854503804	-0.086519336782	3.24962710023e-11	5.0434154383e-05	0.0
-0.000132004347145	-0.00346250198593	-0.000739518977191	-0.0198071286719	-0.423635758932	-0.0871285664082	3.24534843372e-11	5.0367749555e-05	0.0
-1.29729101619e-06	-0.00212208141971	-0.000160983428289	-0.00410696993908	-0.259635530264	-0.0189128952592	3.24105568603e-11	5.0301126188e-05	0.0
0.000173864332335	-0.0017921912666	-3.66215763932e-05	0.0172246387672	-0.217923275001	-0.00379671634079	3.24105568603e-11	5.0301126188e-05	0.0
-0.000107401790011	-0.00296049234249	-0.000289102002533	-0.0174367929273	-0.365408629935	-0.031827046206	3.24105568603e-11	5.0301126188e-05	0.0
4.77298629084e-05	-0.00263936428274	-0.00144315618511	0.00230547073802	-0.323255264337	-0.175043741563	3.24105568603e-11	5.0301126188e-05	0.0
-0.000344982820167	-0.00316421365381	-0.000880287546633	-0.0454764504742	-0.387544904916	-0.105328213951	3.24105568603e-11	5.0301126188e-05	0.0
-0.000163013160902	-0.0031192834371	9.46112987957e-06	-0.0250759967726	-0.389311620009	-0.00159784958027	3.23674986296e-11	5.0234299891e-05	0.0
0.000137251688476	-0.00126039166238	0.000562058901063	0.0126645235482	-0.150778129048	0.0664714273305	3.23674986296e-11	5.0234299891e-05	0.0
-0.000142385559462	-0.00344393478342	0.000266553915817	-0.0224074279732	-0.421795647483	0.0231198326222	3.23674986296e-11	5.0234299891e-05	0.0
-0.000135679897789	-0.00334485356448	-0.000824362068945	-0.0202259359981	-0.409833035244	-0.0977305831116	3.23242995871e-11	5.0167255055e-05	0.0
-0.000180164393282	-0.00353312559234	-0.000899837530375	-0.025561022238	-0.431977500519	-0.107499715167	3.23242995871e-11	5.0167255055e-05	0.0
9.32616082817e-05	-0.000801566911206	0.00024764310273	0.00694110091928	-0.0900246067262	0.0283202592956	1.25069676686e-11	1.9410791417e-05	100.0
-0.000381383773987	-0.00184017591976	0.000243409539879	-0.050120350617	-0.223569806742	0.0296853487978	1.24489481863e-11	1.9320745285e-05	100.0
-0.00013295481451	-0.000279582133504	3.5022487308e-05	-0.0181571930956	-0.0151032709506	0.00226741801423	1.24200063365e-11	1.9275827586e-05	100.0
-0.000378154418043	-0.00278952541936	-8.40555674433e-05	-0.0489058416946	-0.344119410534	-0.00985294829191	1.24055530131e-11	1.9253396053e-05	100.0
0.000119443940601	-0.00163695088489	-0.000631410651201	0.0111601477915	-0.198191328604	-0.0763939220785	1.23334372658e-11	1.9141472543e-05	100.0
-0.000214412753697	-0.000588453431797	0.000246153260061	-0.0287204800307	-0.0608980942072	0.0278636964048	1.22759206827e-11	1.9052206909e-05	100.0
-9.6843485908e-05	-0.000982043401571	-4.24334161028e-06	-0.0153048566024	-0.113170604736	0.000141326015155	1.22759206827e-11	1.9052206909e-05	100.0
-0.000112284887475	-0.000399929590361	0.000339882150448	-0.0167400822941	-0.035998706146	0.035678802135	1.22615679392e-11	1.9029931477e-05	100.0
-0.000182318867785	-0.00193183612018	-0.000463001270846	-0.0257004064601	-0.235046522791	-0.0560178110128	1.21470678461e-11	1.8852227537e-05	100.0
-0.000210009180318	-0.000520129100601	2.9348291206e-05	-0.0277615941912	-0.0506515737081	0.00330137249189	1.2104276152e-11	1.8785814905e-05	100.0
9.23551092964e-05	-0.000490088353236	-0.000162458110107	0.00599225545263	-0.0470851027667	-0.0172194597853	1.2104276152e-11	1.8785814905e-05	100.0
-0.000231563521318	-0.000642748394954	-0.000196121309593	-0.030862520415	-0.0683326639294	-0.0214284452425	1.2104276152e-11	1.8785814905e-05	100.0
-0.000157476993662	-0.000423767492661	-0.000409974719861	-0.0223267712872	-0.04078622212	-0.043471623553	1.20757869115e-11	1.8741599655e-05	100.0
-0.000184057047444	-0.000566885237104	-0.000838200233087	-0.0258249990357	-0.0630775921823	-0.0974429476135	1.20757869115e-11	1.8741599655e-05	100.0
0.000308075943991	-0.00100068914123	0.000345693465248	0.0330383151846	-0.11761693543	0.0393669401517	1.19905102918e-11	1.8609250494e-05	100.0
0.000191809930146	-0.000686980561348	-0.000504584271152	0.0186499938649	-0.0765171540101	-0.057734057481	1.19905102918e-11	1.8609250494e-05	100.0
-0.00039554174383	-0.000233484814774	-0.000217169086137	-0.0463226152832	-0.0135909021216	-0.0208284752353	1.1976323505e-11	1.8587232626e-05	100.0
0.000508278643467	-0.000941950033651	-0.000731026311459	0.0573687708177	-0.111413462831	-0.0870918867628	1.19196467636e-11	1.8499270425e-05	100.0
9.94642748281e-05	-0.000423300448621	-0.000413640140982	0.00625448139509	-0.0414633880184	-0.0434695251416	1.19054951797e-11	1.8477307192e-05	100.0
-0.000306101873307	-0.00108127762917	0.0003659232192	-0.0405691124175	-0.126792145939	0.0425200222595	1.18489491921e-11	1.838954792e-05	100.0
4.8259074271e-06	-0.00088923094886	-0.000359070981576	-0.00339027506136	-0.101875693859	-0.0415488552397	1.18207114012e-11	1.8345722919e-05	100.0
-0.00021477180207	-0.000178790875651	-0.000318290876362	-0.0264445294049	-0.00557515496053	-0.0292707257657	1.18207114012e-11	1.8345722919e-05	100.0
-0.000330848096871	-0.00245937426441	0.000301769089598	-0.0435423288533	-0.301669532063	0.0359999617449	1.17643112544e-11	1.8258189993e-05	100.0
-0.000508211127493	-0.000443189343062	-0.000601029822726	-0.0632316206904	-0.0458930915115	-0.068623262447	1.17643112544e-11	1.8258189993e-05	100.0
0.000142052646756	-0.000282248666892	-0.000571455986539	0.0110212927183	-0.0261943275845	-0.0600217409828	1.17643112544e-11	1.8258189993e-05	100.0
0.000187647987325	1.31833293473e-05	0.000468809705124	0.0124964453915	0.0116311934286	0.0418556244605	1.16798694474e-11	1.8127136459e-05	100.0
0.000195099260367	-0.000508412582286	0.000325003206546	0.017358007689	-0.0524339892849	0.0339362090499	1.16517624103e-11	1.8083514388e-05	100.0
-0.000875172888006	-0.00127374054155	0.000455066764911	-0.109896761996	-0.151995926759	0.0546274054721	1.16517624103e-11	1.8083514388e-05	100.0
3.42801266409e-05	-0.000533128469381	0.0010930322787	0.000119216020101	-0.061203195768	0.128241579685	1.16236704602e-11	1.8039915732e-05	100.0
-0.000204120013367	-0.000976157825487	-0.000714992847087	-0.0282665719205	-0.114444006033	-0.084159680194	1.16236704602e-11	1.8039915732e-05	100.0
-0.000816296424866	-0.00103645835415	-0.00119648333818	-0.102985321838	-0.124043805242	-0.143908392412	1.16236704602e-11	1.8039915732e-05	100.0
-0.000277410375875	-0.000265758140841	6.75177137398e-05	-0.03294578145	-0.014701008154	0.00519402690014	1.16096295141e-11	1.8018124209e-05	100.0
-0.000882008936107	-0.00144988708653	4.0972820055e-06	-0.11086728326	-0.173970116444	-9.87014615818e-06	1.16096295141e-11	1.8018124209e-05	100.0
9.43773571438e-06	0.000257000276001	-0.000780574698581	-0.00404152900408	0.033622362056	-0.0808568329291	1.15955986261e-11	1.7996348296e-05	100.0
-0.000752982617419	-0.00257949439049	-0.000373186498636	-0.0952443931201	-0.315976238291	-0.0446201166509	1.15675368499e-11	1.7952796469e-05	100.0
-0.000280325163024	-0.000878913148394	-0.000676849860872	-0.0372561021848	-0.101800544716	-0.0795009178075	1.15675368499e-11	1.7952796469e-05	100.0
1.80388452381e-05	-0.000584206566377	-0.00121129068784	-0.00171829153155	-0.0685989018358	-0.142863544335	1.15535160199e-11	1.7931036166e-05	100.0
-0.000271644394943	-0.00246937282965	-0.000554017153574	-0.0367792766257	-0.30281650355	-0.0661121458174	1.15394951898e-11	1.7909275863e-05	100.0
-0.00011087828841	-0.00160039382853	-0.000869520274462	-0.016883292926	-0.193705423455	-0.104418102014	1.15394951898e-11	1.7909275863e-05	100.0
-0.000705547856772	-0.000827233001786	0.0007681994324	-0.0887846214621	-0.0963441876642	0.090761669097	1.15114686166e-11	1.7865778672e-05	100.0
-0.00059652023725	-0.00280943472827	0.000152253391304	-0.0753443339109	-0.345246947132	0.0184706706049	1.15114686166e-11	1.7865778672e-05	100.0
-0.000567657715532	-0.00200221002531	-3.51547647971e-05	-0.0725898818785	-0.243656756515	-0.00403594940031	1.15114686166e-11	1.7865778672e-05	100.0
0.0003493018689	-0.00028426542039	-0.000966587598028	0.0370426523692	-0.0311073973366	-0.110982021723	1.15114686166e-11	1.7865778672e-05	100.0
-0.000126371712315	-7.470708675e-05	-0.000799584284792	-0.0187232285387	-0.00344554693665	-0.0863084517567	1.15114686166e-11	1.7865778672e-05	100.0
-0.000502871126019	-0.00130043791425	0.000893664400599	-0.0645051763634	-0.155898243296	0.107232572694	1.14834521014e-11	1.782229709e-05	100.0
-0.000796374885034	-0.000929396766474	0.000302103708425	-0.0993437183693	-0.108066867071	0.0344986130709	1.14834521014e-11	1.782229709e-05	100.0
-0.000347584821787	-0.00169968733566	0.000351923997452	-0.0457910028698	-0.205761836882	0.0417725382645	1.14834521014e-11	1.782229709e-05	100.0
-0.000499996904241	-0.000832302786981	-6.56080998578e-06	-0.062971686727	-0.0937353395501	-0.00091076736841	1.14834521014e-11	1.782229709e-05	100.0
-0.000355483900621	-0.00178053705105	-8.20564355934e-05	-0.0468173966942	-0.215880566197	-0.00960727645501	1.14694513872e-11	1.7800568007e-05	100.0
-0.000236480049037	-0.00107412571281	-0.000430353008821	-0.032050736028	-0.125768039633	-0.0506858125515	1.14694513872e-11	1.7800568007e-05	100.0
-0.000323544814318	-0.00292274356984	0.000654454350425	-0.0430503489623	-0.358789281412	0.0782241371183	1.14554506731e-11	1.7778838924e-05	100.0
-0.00026904408342	-0.0012048046256	-0.00106429694597	-0.0363258934638	-0.144374632789	-0.12735883231	1.1441454988e-11	1.7757117646e-05	100.0
0.000230745076835	-0.000700348813254	0.0015743505868	0.0243843930469	-0.0839949579898	0.188756107757	1.14274593029e-11	1.7735396367e-05	100.0
-0.000788734306764	-0.00228623917212	0.000331120628504	-0.0997838002862	-0.278996539616	0.0402982737048	1.14274593029e-11	1.7735396367e-05	100.0
-0.000870036470512	-0.0013203473715	-0.000419590618311	-0.109562549128	-0.157749878491	-0.0506622003758	1.14274593029e-11	1.7735396367e-05	100.0
-0.000412499763508	-0.00120579418956	0.00126291710013	-0.0537227443246	-0.14493212719	0.152218309616	1.13994779906e-11	1.7691969421e-05	100.0
-0.000746906636419	-0.00135057852418	0.000574331158151	-0.0942918359	-0.161680676396	0.0686655566277	1.13994779906e-11	1.7691969421e-05	100.0
0.000154663225959	-0.00124238035502	-0.00127579119099	0.0153219728417	-0.149903325465	-0.153404733137	1.13994779906e-11	1.7691969421e-05	100.0
-8.05510620613e-05	-0.00220891057562	-0.00149870404586	-0.0133062762278	-0.269977307463	-0.182057397473	1.13994779906e-11	1.7691969421e-05	100.0
-0.000676819884242	-0.0024959571575	0.00079932129435	-0.0863895542434	-0.305493280416	0.0970665982669	1.13854873345e-11	1.7670255948e-05	100.0
-0.000316959736627	-0.000107665926204	4.55741931419e-06	-0.0335400609961	0.00815327678645	0.001942260308	1.13854873345e-11	1.7670255948e-05	100.0
0.000216454321044	-5.24929953558e-05	-0.000995677441751	0.0207939383848	-0.00353704985657	-0.112676846723	1.13854873345e-11	1.7670255948e-05	100.0
-0.000383417383433	-0.00338962598483	0.000681359142032	-0.0500764945344	-0.4160708564	0.0806066946889	1.13715067363e-11	1.7648558084e-05	100.0
-0.000825956236689	-0.00292830097153	0.000595174775853	-0.104400940492	-0.35918707636	0.0716617436798	1.13715067363e-11	1.7648558084e-05	100.0
-0.000329023820872	-0.00141532108037	-0.000481839218712	-0.0438354629191	-0.169762915604	-0.0569745417559	1.13715067363e-11	1.7648558084e-05	100.0
-0.000637423670804	-0.00127757647362	-0.000306610247822	-0.0807968867587	-0.15219867192	-0.0352646380578	1.13715067363e-11	1.7648558084e-05	100.0
0.000960907565578	-0.00023690009172	-0.00104607022612	0.111835009265	-0.0272601300012	-0.123817258335	1.1343540511e-11	1.7605154553e-05	100.0
-0.000807752051915	-0.00364156910503	0.000572656402027	-0.101676928978	-0.446519356486	0.0690143286294	1.13016087746e-11	1.7540076573e-05	100.0
-0.00105856270279	-0.00248687691716	-0.000266677032964	-0.132943395122	-0.304009428417	-0.0325168564187	1.13016087746e-11	1.7540076573e-05	100.0
0.000564399504919	0.000153010222792	0.000739759959698	0.059425082752	0.0195331792362	0.0812512936209	1.12876382344e-11	1.751839432e-05	100.0
-0.000315663027415	-0.00194981013396	0.00105455614022	-0.0420880444312	-0.237565234345	0.12803230677	1.12736626653e-11	1.7496704261e-05	100.0
-0.000685597566664	-0.00151217312133	-9.73550419592e-05	-0.0869458616077	-0.181734011162	-0.0119688229011	1.12736626653e-11	1.7496704261e-05	100.0
0.000192518711317	-0.000608717299123	-0.000971657178139	0.0191939670875	-0.0700026555363	-0.113749460264	1.12736626653e-11	1.7496704261e-05	100.0
-8.15562517027e-05	-0.00185574617173	-0.000954431988115	-0.0133371337822	-0.225621803864	-0.114791152721	1.12736626653e-11	1.7496704261e-05	100.0
-0.000404088827349	-0.00342474505194	0.000186475164135	-0.0465613102133	-0.420877137005	0.0169023430554	1.12596921251e-11	1.7475022008e-05	100.0
-0.000622059107182	-0.00192359704629	-0.000498390305317	-0.0794231108738	-0.233816695405	-0.0605137975746	1.12596921251e-11	1.7475022008e-05	100.0
0.000435273583403	-0.000266881400485	0.000987211316438	0.0474405754498	-0.0294686866379	0.113998569926	1.12457215849e-11	1.7453339755e-05	100.0
-0.000466512333026	-0.000214341127216	1.19247487692e-05	-0.0530616183929	-0.0105802014489	0.000574479872454	1.12457215849e-11	1.7453339755e-05	100.0
7.32127207677e-05	-2.78438449746e-05	0.000498969341473	0.00148491561922	0.00581853696606	0.0444919590442	1.12317510448e-11	1.7431657501e-05	100.0
-0.000432294927618	-0.000577755585414	0.00134834465662	-0.0560454917054	-0.0676094961521	0.160613585461	1.12317510448e-11	1.7431657501e-05	100.0
-0.000643073950116	-0.00175705947591	0.000352865577845	-0.081775652698	-0.212782524144	0.041963406467	1.12317510448e-11	1.7431657501e-05	100.0
0.000770066479095	-0.000798237711347	0.0014825869077	0.0901556753479	-0.0961437543948	0.178638214638	1.12317510448e-11	1.7431657501e-05	100.0
-0.000486612820299	-0.000308791339448	1.45189270719e-05	-0.0571671990956	-0.0237124253834	0.00167910570937	1.12317510448e-11	1.7431657501e-05	100.0
-0.000449525522184	-0.000935729639566	-0.000366342652971	-0.0574311844269	-0.108165399627	-0.0421250718052	1.12317510448e-11	1.7431657501e-05	100.0
-0.000861794238693	-0.0034397292368	0.000860753701891	-0.109216527568	-0.422128044332	0.10389908951	1.12038149934e-11	1.73883008e-05	100.0
-0.00080861887087	-0.00202317056275	0.000364474067925	-0.102221970338	-0.24606536468	0.0440261596141	1.12038149934e-11	1.73883008e-05	100.0
-0.000303088674958	-0.00162501217285	0.00123120245942	-0.0405448172535	-0.196948258857	0.148820209439	1.11758839711e-11	1.7344951903e-05	100.0
-0.000738247575739	-0.00330873859584	-0.000267852699363	-0.0917703758882	-0.405663695562	-0.0310198080954	1.11758839711e-11	1.7344951903e-05	100.0
-0.00125716876945	-0.00279811850196	-0.000329350253245	-0.157376850542	-0.342676875842	-0.0394078627357	1.11758839711e-11	1.7344951903e-05	100.0
0.000889258228259	-5.725942426e-05	-0.00157500193718	0.104199875842	-0.0065477614204	-0.188832463721	1.11758839711e-11	1.7344951903e-05	100.0
-0.000377224937748	-2.88978783894e-05	-0.000347459263389	-0.0421605724853	0.00876932746832	-0.0285010949897	1.11758839711e-11	1.7344951903e-05	100.0
-5.06032972594e-05	-0.00237892845436	0.00035869096348	-0.0101835219578	-0.291630561682	0.042358307908	1.1171468516e-11	1.7338099125e-05	100.0
0.0005235751983	-0.000249869442874	4.78007447963e-05	0.0512537302984	-0.0216549465983	0.00338674780954	1.1171468516e-11	1.7338099125e-05	100.0
0.000555064387631	-0.00197084075475	-9.92647804311e-05	0.0640527133863	-0.24072819254	-0.0111584815072	1.1171468516e-11	1.7338099125e-05	100.0
4.65538008042e-05	-0.00256195257183	-0.000404544067391	0.00152613111493	-0.314845626678	-0.0475892913073	1.1171468516e-11	1.7338099125e-05	100.0
0.000350680335519	-0.000520944491752	0.0006225657046	0.0364969799853	-0.0577992184436	0.0702141632327	1.11437386533e-11	1.7295062427e-05	100.0
-0.000947171341657	-0.00395231317059	0.00142054006668	-0.119582723524	-0.484259261062	0.172820180816	1.11437386533e-11	1.7295062427e-05	100.0
8.43817079744e-05	-0.00231589193943	-3.03494118523e-05	0.00602652372673	-0.284187690328	-0.00307210631432	1.11437386533e-11	1.7295062427e-05	100.0
-1.70898254777e-05	-0.000843884248681	-1.85317612746e-06	-0.00596972891201	-0.0951410157565	-0.000245960307858	1.11437386533e-11	1.7295062427e-05	100.0
-0.000541902152548	-0.00363450983597	0.00010625169302	-0.0656623357899	-0.441373517111	0.0107298000629	1.11437386533e-11	1.7295062427e-05	100.0
-0.000176643775572	-0.00318711085478	-4.43543607977e-05	-0.0262981304023	-0.398750027311	-6.97929180285e-06	1.11437386533e-11	1.7295062427e-05	100.0
0.000113620122602	-0.00232386443098	-0.000898914457343	0.010204499788	-0.284575851293	-0.108227887664	1.11437386533e-11	1.7295062427e-05	100.0
0.000213999218433	-0.00130444107818	-0.00132336016705	0.0224135267924	-0.15788051467	-0.159062997859	1.11437386533e-11	1.7295062427e-05	100.0
-0.000855552271774	-0.00377377369142	-0.000460869596014	-0.10734599131	-0.461512138506	-0.0544468968307	1.11437386533e-11	1.7295062427e-05	100.0
-0.000119482810874	-0.00327804768126	-0.000288980353127	-0.0198706034157	-0.403789803629	-0.0279638415921	1.11437386533e-11	1.7295062427e-05	100.0
-0.000196323606757	-0.00327738508239	-0.000354498751492	-0.0275067835672	-0.403084726025	-0.0367131150543	1.11437386533e-11	1.7295062427e-05	100.0
-0.000370291086536	-4.08661395453e-05	0.000584082326354	-0.0446853690159	0.00239998530239	0.0582312434989	1.11339824086e-11	1.7279920753e-05	100.0
0.000142929211739	-0.00199496950514	0.00157511349338	0.0141559274128	-0.243475720409	0.191472519747	1.11339824086e-11	1.7279920753e-05	100.0
-0.00105485368008	-0.00194047926091	0.000604259873546	-0.132634241754	-0.235973523302	0.0725273392114	1.11339824086e-11	1.7279920753e-05	100.0
-2.85357874723e-05	-0.00269134515897	0.00023932529543	-0.00791406429071	-0.33135449036	0.0271862585102	1.11300044758e-11	1.7273747009e-05	100.0
0.000221477182041	-0.00169691771997	0.00061244490637	0.0233203469578	-0.205988912419	0.0730766541518	1.11300044758e-11	1.7273747009e-05	100.0
-3.315572355e-05	-0.0033148280906	0.000444474864635	-0.00863346812006	-0.406583290178	0.0490723869044	1.11300044758e-11	1.7273747009e-05	100.0
-8.98928261684e-05	-0.00257107822658	9.81742790942e-05	-0.0153496757741	-0.316379680186	0.0113392210644	1.11300044758e-11	1.7273747009e-05	100.0
-0.000905758975753	-0.00309225381735	0.000993351214189	-0.114228862915	-0.378396074758	0.119491933281	1.11300044758e-11	1.7273747009e-05	100.0
3.6442354347e-06	-0.00263442784624	-0.000179429263153	-0.00385102254666	-0.324693754496	-0.0206308793963	1.11300044758e-11	1.7273747009e-05	100.0
0.000244919055469	-0.000842740320501	-0.000324115282157	0.0245318989002	-0.0967131670152	-0.0372536813755	1.11300044758e-11	1.7273747009e-05	100.0
0.000331959560946	-0.00202646193807	-0.000571819777566	0.0367789610365	-0.247452927684	-0.0682388852492	1.11300044758e-11	1.7273747009e-05	100.0
-0.00010779635794	-0.000395241238129	-0.000742786452174	-0.0167279623312	-0.0410500622851	-0.0833382715899	1.11200168974e-11	1.7258246305e-05	100.0
-0.000868779852426	-0.0013368276306	-0.000797962189578	-0.109319186074	-0.160560294071	-0.0954358529891	1.11200168974e-11	1.7258246305e-05	100.0
-0.000127231573771	-0.00274095270916	-5.62969266861e-05	-0.0199683950129	-0.338707674408	-0.00711121572415	1.11163557911e-11	1.7252564274e-05	100.0
-0.00099985208379	-0.00344097519819	0.000401250182694	-0.124812305114	-0.42103945369	0.0471413822283	1.11163557911e-11	1.7252564274e-05	100.0
0.000106220505704	-0.00269253514562	-0.000978529816401	0.00916521971217	-0.330031478465	-0.117584812245	1.11163557911e-11	1.7252564274e-05	100.0
-0.000827354894631	-0.00236955432996	-0.00142781408492	-0.10488726421	-0.28945905682	-0.173946374757	1.11060513862e-11	1.7236571856e-05	100.0
0.000184738615073	-0.000205756738829	0.00149759352785	0.0184394972168	-0.0238984676184	0.177639489463	1.10920858751e-11	1.7214897408e-05	100.0
-5.5213773643e-05	-0.000633391205173	0.000782970171781	-0.0104557646518	-0.0715423699775	0.090319015269	1.10920858751e-11	1.7214897408e-05	100.0
-0.000400013136023	-0.0027593881233	0.000128946734501	-0.051688846256	-0.339576624231	0.0145041150567	1.10920858751e-11	1.7214897408e-05	100.0
-0.000297426879994	-0.00231540711715	-0.00043585962518	-0.039429057221	-0.282835659643	-0.0527522460448	1.10920858751e-11	1.7214897408e-05	100.0
-0.000533446032872	-0.000373389013391	-0.000150338357095	-0.063812336175	-0.0334080856535	-0.0164188598561	1.10920858751e-11	1.7214897408e-05	100.0
-0.0002980239242	-0.00160369175047	0.000385410881594	-0.0397627488318	-0.193529713868	0.0465404597972	1.10920858751e-11	1.7214897408e-05	100.0
-0.000653667512756	-0.0023306389002	-0.000995562568258	-0.0833655914637	-0.284555825198	-0.121097925352	1.10920858751e-11	1.7214897408e-05	100.0
-0.000563087532054	-0.000960323964357	-0.000312308298657	-0.0711656227274	-0.111259407689	-0.0362115242022	1.10920858751e-11	1.7214897408e-05	100.0
0.000630836524166	-0.00196268814794	0.000765101766385	0.073267480556	-0.239784644371	0.0916949059387	1.10893098714e-11	1.7210589055e-05	100.0
0.000346184986368	-0.00266590600103	0.000987820305186	0.038531296541	-0.326856042372	0.118731878747	1.10893098714e-11	1.7210589055e-05	100.0
0.000379787007182	-0.00205748527048	7.97568412583e-05	0.0425792941235	-0.251585046615	0.00877920055611	1.10893098714e-11	1.7210589055e-05	100.0
0.000484648896724	-0.00133366627865	0.000288217938285	0.0548658754129	-0.16042230379	0.0338218204603	1.10893098714e-11	1.7210589055e-05	100.0
0.000935103118149	-0.000927702646974	0.00126251524174	0.110159976693	-0.112511784367	0.151706653883	1.10893098714e-11	1.7210589055e-05	100.0
0.000151401349291	-0.000344963361681	5.16658752871e-05	0.00930487347453	-0.0276779849978	0.0040608535965	1.10893098714e-11	1.7210589055e-05	100.0
0.000358835425617	-0.000180175613315	0.000647840381628	0.0355297247538	-0.0162422300222	0.070048091798	1.10893098714e-11	1.7210589055e-05	100.0
0.00044180278689	-0.000253069662154	-0.000185655274504	0.0413012985293	-0.0217588892304	-0.0182095487814	1.10893098714e-11	1.7210589055e-05	100.0
-0.00123685349955	-0.00401960720327	0.000146526074599	-0.154777991216	-0.492194213973	0.0177070666569	1.10893098714e-11	1.7210589055e-05	100.0
-0.000174177192731	-0.00312993075075	-4.85191507575e-05	-0.0257390549624	-0.391262328645	-0.00292401989671	1.10893098714e-11	1.7210589055e-05	100.0
0.000479042011345	-0.00144949556772	-0.000621481214077	0.0544328907414	-0.175475607969	-0.0740691085265	1.10893098714e-11	1.7210589055e-05	100.0
0.000806104587356	-0.000382998495466	-0.000296937565629	0.0894393344192	-0.0426414025444	-0.0328315636837	1.10893098714e-11	1.7210589055e-05	100.0
-0.000740189075632	-0.00384172625473	-2.18475569633e-05	-0.0922851446919	-0.469313392098	-0.00228544239225	1.10893098714e-11	1.7210589055e-05	100.0
-0.00118022377841	-0.00407901706471	0.000167752729892	-0.14753360739	-0.498395065111	0.0203814639892	1.10893098714e-11	1.7210589055e-05	100.0
0.00121480267145	-0.000673183221919	-0.000989702119938	0.143626694992	-0.0812575129969	-0.118417908161	1.10893098714e-11	1.7210589055e-05	100.0
-0.00134238184916	-0.00446324929356	-0.000256237373397	-0.168111402791	-0.546859120067	-0.031200824875	1.10893098714e-11	1.7210589055e-05	100.0
0.000673021053434	-0.00111327214151	-0.000198103760798	0.0778220076215	-0.132471082878	-0.0227486491845	1.10781203639e-11	1.719322296e-05	100.0
-7.80410613692e-06	-0.00090943690631	0.000533861942816	-0.00469572545517	-0.105165874599	0.0621239035095	1.10759126363e-11	1.7189796571e-05	100.0
-0.00016442048727	-0.00282253287393	-0.00172452951685	-0.0237140458738	-0.345903649744	-0.209580690481	1.10759126363e-11	1.7189796571e-05	100.0
-0.000526726987946	-0.00398764722986	-0.000855117898279	-0.0678140079431	-0.487295753943	-0.102942820865	1.10759126363e-11	1.7189796571e-05	100.0
-7.97791430062e-05	-0.00211886352705	-0.000931518814325	-0.0130777461715	-0.258521934282	-0.112572563728	1.10641498237e-11	1.7171540707e-05	100.0
0.00099085102359	-0.000417112227233	-0.00153180718487	0.117232599118	-0.0495103523477	-0.184659068595	1.10641498237e-11	1.7171540707e-05	100.0
-0.000561310481821	-0.00170949426869	-0.000900278500755	-0.0720228518076	-0.2072576265	-0.108158872887	1.10641498237e-11	1.7171540707e-05	100.0
-8.14225662237e-05	-0.00321166354776	0.000170833634038	-0.0165766808774	-0.398492660108	0.014955900592	1.10625908362e-11	1.7169121161e-05	100.0
0.00012946797952	-0.00297826205517	0.000465239134831	0.0111679883434	-0.366241386149	0.0537909415797	1.10625908362e-11	1.7169121161e-05	100.0
-6.85687011319e-05	-0.00330785830664	0.000286803308324	-0.0144997288193	-0.4080421133	0.0282345731779	1.10625908362e-11	1.7169121161e-05	100.0
-0.000630951849036	-0.00135092623347	0.00130597328208	-0.0804894844758	-0.163239480569	0.157576582439	1.10501843126e-11	1.7149866258e-05	100.0
-0.00013399868261	-0.00306598875976	5.28054166716e-05	-0.0219625655846	-0.381342980785	0.0033238463501	1.10100781002e-11	1.7087621489e-05	100.0
0.000577722687526	-0.00156954580136	0.000555864526673	0.0666153973733	-0.190551936712	0.0662556884427	1.10100781002e-11	1.7087621489e-05	100.0
0.000258139543065	-0.00266223979838	0.00154077026699	0.0280026263913	-0.326224563324	0.186793489627	1.10100781002e-11	1.7087621489e-05	100.0
-0.00013433402031	-0.00262274379992	0.000113961445856	-0.0205308349788	-0.323197698081	0.0128500472329	1.10100781002e-11	1.7087621489e-05	100.0
0.000472864183628	-0.000768211538455	0.000539355174525	0.0521360605289	-0.088929984162	0.0629798176304	1.10100781002e-11	1.7087621489e-05	100.0
0.000668897944481	-0.000535421684909	0.000407750429953	0.0738653762965	-0.0609456781687	0.0460951351554	1.10100781002e-11	1.7087621489e-05	100.0
0.000752424370235	-0.000648542968847	0.0016098386375	0.0878436118532	-0.0783590909082	0.193743170318	1.10100781002e-11	1.7087621489e-05	100.0
-0.000205528871134	-0.003458665383	0.00110134849947	-0.0286716590335	-0.423518168763	0.132360703502	1.10100781002e-11	1.7087621489e-05	100.0
-0.000100862807053	-0.00282683912746	-9.22508896044e-05	-0.017602857301	-0.34969453543	-0.0100654126676	1.10100781002e-11	1.7087621489e-05	100.0
0.000226606266389	-0.0006804203647	-0.000279662186636	0.0213322679478	-0.0755803876957	-0.031258696664	1.10100781002e-11	1.7087621489e-05	100.0
-0.00105996846906	-0.00445071624673	0.000283515906527	-0.133145666458	-0.544163779464	0.0340416588395	1.10100781002e-11	1.7087621489e-05	100.0
-0.000168553165536	-0.00315131936948	-3.23806870006e-05	-0.0250318669434	-0.394199864624	9.28029387593e-05	1.10100781002e-11	1.7087621489e-05	100.0
0.000791245560021	-0.00197922457061	-0.000540918925833	0.092702018279	-0.242145110487	-0.0644159187806	1.10100781002e-11	1.7087621489e-05	100.0
0.000733396775546	-0.000854131593599	-0.000160977894988	0.0832049276676	-0.100649210898	-0.0172588664996	1.10100781002e-11	1.7087621489e-05	100.0
0.000548409759866	6.70011987009e-05	-0.000640956377169	0.0567470549606	0.0115347149213	-0.0695119773567	1.10100781002e-11	1.7087621489e-05	100.0
-0.000368769349623	-0.00409463018079	4.95501057269e-06	-0.0482130918377	-0.498181412233	0.000675243122598	1.10100781002e-11	1.7087621489e-05	100.0
-0.000573703742569	-0.00106361275609	0.00150752834753	-0.0734987048354	-0.128107982015	0.181684691371	1.10082726921e-11	1.7084819498e-05	100.0
-0.000948710140832	-0.00108598771105	0.000895842583072	-0.118875934478	-0.129620102697	0.106896308276	1.10082726921e-11	1.7084819498e-05	100.0
0.00040544161286	-0.00157956811159	0.00154788998624	0.04621657751	-0.192316209033	0.187526534555	1.10082726921e-11	1.7084819498e-05	100.0
-0.000597892143033	-0.00183770932971	0.000564472643353	-0.0763503475892	-0.222999676804	0.0677004254506	1.10082726921e-11	1.7084819498e-05	100.0
-0.000765548871479	-0.00191235798438	-0.000122878934433	-0.0969412928015	-0.232112152209	-0.0145759009655	1.10082726921e-11	1.7084819498e-05	100.0
0.000200802525306	6.7443945504e-05	-0.000497033487844	0.0133972413889	0.0154939061944	-0.0439981984059	1.10082726921e-11	1.7084819498e-05	100.0
0.000368414243091	0.000443873043722	-0.000609074331036	0.0335798308199	0.0510202952187	-0.060912785437	1.10082726921e-11	1.7084819498e-05	100.0
-1.61317780635e-05	-0.00288531872446	0.000335139960291	-0.00652264648098	-0.355498315621	0.0379347864107	1.09842592546e-11	1.7047550686e-05	100.0
0.000194887041183	-0.00318647460976	0.000630883997629	0.0193224146345	-0.391499975185	0.074115501084	1.09842592546e-11	1.7047550686e-05	100.0
-9.14026918032e-05	-0.0027957057727	-4.42329744477e-05	-0.0162965789521	-0.345754414768	-0.00486542890319	1.09842592546e-11	1.7047550686e-05	100.0
0.000312100394414	-0.000677818450059	-3.36783019158e-05	0.0308348968367	-0.0753723990207	-0.00314791292099	1.09842592546e-11	1.7047550686e-05	100.0
-4.85772572637e-05	-0.000795484338134	0.00033494613052	-0.0101248608142	-0.0895488091715	0.0380476098587	1.09842592546e-11	1.7047550686e-05	100.0
-0.00119855098974	-0.00374546301748	0.00034979968501	-0.149586832998	-0.457983984043	0.0417557687974	1.09842592546e-11	1.7047550686e-05	100.0
0.000439126553617	-0.00200577405952	-0.000655488950231	0.0497197989995	-0.245067745829	-0.0781101128592	1.09842592546e-11	1.7047550686e-05	100.0
0.000802022846238	-0.00142146223034	-0.00129889333766	0.0941191080632	-0.173238025626	-0.156509832558	1.09842592546e-11	1.7047550686e-05	100.0
-0.00094876196169	-0.00385471446333	-0.000117416658692	-0.118483500966	-0.470935826914	-0.0129584558214	1.09842592546e-11	1.7047550686e-05	100.0
-0.00051938342585	-0.00433560448103	-0.000252433944202	-0.0669405306766	-0.52911414051	-0.030220650193	1.09842592546e-11	1.7047550686e-05	100.0
0.000501455403108	-0.00118393632517	0.00172097878042	0.0578092190963	-0.143672990446	0.208441732533	1.09803316117e-11	1.7041454992e-05	100.0
-0.00089726864107	-0.00176255452465	0.000249914262917	-0.112979940697	-0.213529525907	0.0296669751145	1.09803316117e-11	1.7041454992e-05	100.0
0.000180930626896	-0.00139931079213	0.00105988830715	0.0187189614088	-0.168890792876	0.127660787523	1.09803316117e-11	1.7041454992e-05	100.0
-0.000902932725298	-0.00170632683878	-4.22697386969e-05	-0.113579564408	-0.206354656064	-0.0054710059725	1.09803316117e-11	1.7041454992e-05	100.0
0.00039755350449	-0.00187635835922	-8.96948855703e-05	0.0447471092286	-0.228931091294	-0.0107113599944	1.09587220325e-11	1.7007916963e-05	100.0
6.38227469183e-05	-0.00285282982554	-0.000299737681734	0.00300162737575	-0.351388902249	-0.033816758865	1.09587220325e-11	1.7007916963e-05	100.0
0.000242091124389	-0.00137236840491	0.00119026599574	0.026073333989	-0.165957231218	0.143247082527	1.09523804734e-11	1.6998074875e-05	100.0
-0.00072308151997	-0.00173896300791	0.000158237209388	-0.091550724309	-0.210286730564	0.0188501915856	1.09523804734e-11	1.6998074875e-05	100.0
-9.22618200407e-05	-0.00309583324845	0.000167995162668	-0.0168365089869	-0.383907662807	0.016215238387	1.09460540013e-11	1.6988256202e-05	100.0
0.000310338268625	-0.00256311044279	0.000601620635019	0.0339977706309	-0.31431087396	0.0714336586108	1.09460540013e-11	1.6988256202e-05	100.0
-1.42686827634e-05	-0.00323785478205	0.000410817399495	-0.00679366651995	-0.398275379133	0.0452457792726	1.09460540013e-11	1.6988256202e-05	100.0
-0.000154027563114	-0.00290214980232	9.33377576476e-06	-0.0235683073631	-0.36067394953	0.00062984553907	1.09460540013e-11	1.6988256202e-05	100.0
-0.000622360865241	-0.00277530466475	0.00204527116187	-0.0798605242297	-0.340142257945	0.249235248743	1.09460540013e-11	1.6988256202e-05	100.0
0.000244785706031	-0.00321859273837	-0.000941794079827	0.0260496390285	-0.394713934687	-0.112626414565	1.09460540013e-11	1.6988256202e-05	100.0
-0.00128321775338	-0.00178418131522	-0.000743493762642	-0.160615873734	-0.216535428124	-0.0898635415014	1.09383998753e-11	1.6976377012e-05	100.0
-0.000751453467245	-0.00292568439265	-0.000850310854391	-0.0952555135656	-0.358244420504	-0.102646540589	1.09383998753e-11	1.6976377012e-05	100.0
0.000207753934014	-0.00229540759212	0.000334003894408	0.0213511136279	-0.281480134783	0.0394491211802	1.0933451347e-11	1.6968696905e-05	100.0
0.000402753255959	-0.00181001788831	0.000843577613501	0.045530318255	-0.220867521656	0.101982531917	1.0933451347e-11	1.6968696905e-05	100.0
-8.1504634083e-06	-0.00341454485448	0.000350499637666	-0.00672122192253	-0.41812823526	0.0364951926409	1.0933451347e-11	1.6968696905e-05	100.0
0.000432443028255	-0.00138161137904	8.8257270222e-05	0.0485603954314	-0.166172802969	0.0103002487121	1.0933451347e-11	1.6968696905e-05	100.0
0.000279099420517	-0.000893166553205	6.36286452445e-05	0.0289439498661	-0.102741530031	0.00697224954092	1.0933451347e-11	1.6968696905e-05	100.0
0.000236783138933	-0.00047370983396	-0.000170666645658	0.0199603176107	-0.0477860060747	-0.0194920768509	1.0933451347e-11	1.6968696905e-05	100.0
0.000949264262222	-0.00172243853856	0.00182454787607	0.112826076045	-0.210757073625	0.221791718492	1.0933451347e-11	1.6968696905e-05	100.0
0.0004231263179	-0.000935490500668	-2.62409856352e-05	0.0461327622065	-0.109197025634	-0.00231978101482	1.0933451347e-11	1.6968696905e-05	100.0
0.000475463946654	0.000191515386917	-0.000402375362125	0.0418139105281	0.0260736760838	-0.0371170258456	1.0933451347e-11	1.6968696905e-05	100.0
0.000659790145516	-0.000443923890736	-0.000497267524236	0.0730463809578	-0.0493391645735	-0.0563034353456	1.0933451347e-11	1.6968696905e-05	100.0
-7.63185640716e-06	-0.00329550711894	-0.000448879099627	-0.00581151948099	-0.40449595832	-0.0497756897565	1.0933451347e-11	1.6968696905e-05	100.0
-0.000407537880638	2.18816270398e-05	0.000747336527832	-0.0501599457357	0.00709206168813	0.0792312102991	1.09244192771e-11	1.6954679148e-05	100.0
0.000590681886343	0.000715255815269	0.000299241188464	0.0584527518749	0.0797208108065	0.0299427342679	1.09244192771e-11	1.6954679148e-05	100.0
-0.000596597217844	-0.00278345309283	0.00113989245263	-0.0767040358789	-0.341192288789	0.138714324253	1.09244192771e-11	1.6954679148e-05	100.0
-0.000542412767791	-0.000405278451273	-0.000201632318621	-0.0655507442887	-0.0381086750968	-0.0216606790826	1.09244192771e-11	1.6954679148e-05	100.0
-0.00111334273771	-0.00398044575036	0.000372961743826	-0.139777203171	-0.487990627041	0.0458391887074	1.09244192771e-11	1.6954679148e-05	100.0
-0.00026528996405	-0.00285325794032	-0.000425244101526	-0.0353936017684	-0.350486266548	-0.0495766640743	1.09244192771e-11	1.6954679148e-05	100.0
-0.000439072364591	-0.00395981717299	0.000402945867364	-0.0566270515099	-0.482606380967	0.0470418489059	1.09209140696e-11	1.6949239073e-05	100.0
0.000408935192953	-0.0023719647882	-0.000748877943287	0.0462529138751	-0.290441140652	-0.08970330053	1.09209140696e-11	1.6949239073e-05	100.0
0.000144300273192	-0.00177044372557	-4.70263871463e-05	0.0138496614769	-0.215558944347	-0.00557912764173	1.09084371401e-11	1.69298749e-05	100.0
0.000382091172585	-0.0011749345532	1.69264236252e-05	0.0419144219855	-0.139837408105	0.00210062991489	1.09084371401e-11	1.69298749e-05	100.0
-3.35726548887e-05	-0.00321328046436	-0.000198248872529	-0.0108007930309	-0.397637304652	-0.0184746145375	1.09084371401e-11	1.69298749e-05	100.0
-0.000122417016601	-0.00331334735234	-0.00131004322951	-0.0185774294908	-0.405645437607	-0.158090664329	1.09084371401e-11	1.69298749e-05	100.0
-7.8029092636e-05	-0.00367488984461	-0.00128039721143	-0.0131797387377	-0.449801375046	-0.154626623497	1.09084371401e-11	1.69298749e-05	100.0
0.000591294736958	-0.00207347112829	-0.000327720748501	0.068531462232	-0.253698886687	-0.0389443855177	1.08960255875e-11	1.6910612193e-05	100.0
-0.000980700816352	-0.00259161681497	0.00134813060645	-0.124029391697	-0.317306326996	0.164224918626	1.08836794118e-11	1.689145095e-05	100.0
0.000345753358226	-0.00246909898564	-0.00159012172825	0.0387377125977	-0.302540769519	-0.192781416528	1.08836794118e-11	1.689145095e-05	100.0
-0.000651417839739	-0.00446474628218	-0.000469515966226	-0.083180667725	-0.545855398939	-0.0561890424754	1.08836794118e-11	1.689145095e-05	100.0
-0.000249385733383	-0.000654776756692	0.00130618489498	-0.0338390924779	-0.0772257735752	0.154992241737	1.08824674247e-11	1.6889569949e-05	100.0
-0.00105469259965	-0.00165419652019	0.000798287427496	-0.132534609257	-0.200660323346	0.0961290007193	1.08824674247e-11	1.6889569949e-05	100.0
0.0010867551548	-7.46626013174e-05	-0.00110571782657	0.127125409021	-0.0087323869308	-0.131147241805	1.08824674247e-11	1.6889569949e-05	100.0
-2.87949110435e-06	-0.00266471328806	0.00013406586271	-0.0049983374623	-0.328383042579	0.014906916591	1.08591580461e-11	1.6853393835e-05	100.0
0.000604331362833	-0.00143982352818	0.000417664425654	0.0693026174978	-0.174430297313	0.049112707196	1.08591580461e-11	1.6853393835e-05	100.0
0.000728713806018	-0.000352820183302	0.00104610114882	0.0831109216145	-0.0412713357711	0.12301259235	1.08591580461e-11	1.6853393835e-05	100.0
9.00458886077e-05	-0.00320091765658	0.00100481248294	0.00727577804181	-0.391991063744	0.120250801504	1.08591580461e-11	1.6853393835e-05	100.0
0.000748689882723	-0.000720941667721	9.43951934204e-05	0.083907988801	-0.0844962936739	0.0100915299213	1.08591580461e-11	1.6853393835e-05	100.0
-9.0772615295e-05	-0.00255747606968	0.00203929949506	-0.014627558258	-0.31326467778	0.247878317368	1.08591580461e-11	1.6853393835e-05	100.0
-7.12894169957e-06	-0.00240440140061	4.86573191506e-05	-0.00521020424379	-0.295598915114	0.00551993973493	1.08591580461e-11	1.6853393835e-05	100.0
0.000388513076316	-0.000979178770022	8.13408630221e-05	0.0418136132965	-0.115011019902	0.00932797654128	1.08591580461e-11	1.6853393835e-05	100.0
-0.000239124602821	-0.0035780802711	0.00151851452235	-0.032828966007	-0.438038443252	0.184082442792	1.08591580461e-11	1.6853393835e-05	100.0
2.39128186101e-05	-0.00268314278827	-0.000119236816156	-0.00176408733916	-0.330884855651	-0.0131359088954	1.08591580461e-11	1.6853393835e-05	100.0
0.000830824125427	-0.00125405045461	-0.000237696011378	0.0971395754602	-0.151052746976	-0.0274615899464	1.08591580461e-11	1.6853393835e-05	100.0
-0.00112674428561	-0.00393013673082	-9.81400683466e-05	-0.140854358863	-0.480686044153	-0.0117010603907	1.08591580461e-11	1.6853393835e-05	100.0
4.01427051602e-05	-0.00334718274322	-0.000254079824934	-0.00220565035457	-0.411731863467	-0.0248442728753	1.08591580461e-11	1.6853393835e-05	100.0
-0.00025563788576	-0.00133655121463	-0.00184937986454	-0.0347433979398	-0.162443626159	-0.224020450366	1.08404954563e-11	1.6824429529e-05	100.0
-0.000189767928802	-0.000331090268326	-0.00124571251494	-0.0266603884225	-0.0379563322305	-0.145765513824	1.08404954563e-11	1.6824429529e-05	100.0
3.46803474623e-05	-0.0026529037661	0.000165598663451	-0.000452351214021	-0.326609814004	0.0181448695167	1.08348680141e-11	1.6815695749e-05	100.0
0.000404410243046	-0.00217975455395	0.000430109127028	0.0455722390238	-0.266766503529	0.0508466377866	1.08348680141e-11	1.6815695749e-05	100.0
0.00103013920024	-0.00170734481677	0.000736472228144	0.121921291546	-0.208333546771	0.0879152910215	1.08348680141e-11	1.6815695749e-05	100.0
0.000647027251411	-0.00256436710559	0.00134757699248	0.0756631795239	-0.314239480675	0.163025385948	1.08348680141e-11	1.6815695749e-05	100.0
1.67979489631e-05	-0.00323720439545	0.000325261571734	-0.00355477449013	-0.398075232863	0.0342580116258	1.08348680141e-11	1.6815695749e-05	100.0
7.00217221608e-06	-0.00232419868968	2.07366960912e-05	-0.00353090833192	-0.285103250568	0.00274354135247	1.08348680141e-11	1.6815695749e-05	100.0
0.000347787996083	-0.000808929900899	3.34478297043e-05	0.0360109362185	-0.0927762594275	0.00421364574806	1.08348680141e-11	1.6815695749e-05	100.0
-0.000753927452993	-0.00386099885304	0.000927036654874	-0.0955568709848	-0.472166640214	0.111573494871	1.08348680141e-11	1.6815695749e-05	100.0
0.000439256194828	-0.00286842710162	-0.000650209541893	0.0496296202986	-0.352060282527	-0.0770859881648	1.08348680141e-11	1.6815695749e-05	100.0
-0.000176554821011	-0.00306990960601	-0.00137567504134	-0.0251758857385	-0.376086649844	-0.166189785527	1.08348680141e-11	1.6815695749e-05	100.0
-0.00010232051748	-0.00392858049436	-0.0010206368059	-0.0161917058659	-0.480335140707	-0.122843712942	1.08348680141e-11	1.6815695749e-05	100.0
