# x[AU] y[AU] z[AU] vx[AU/yr/2pi] vy[AU/yr/2pi] vz[AU/yr/2pi] m[MSUN] m[mtot] wf[%]
0.000262841505228	0.00261358866437	1.12073333815e-08	0.0360536600738	0.321060278537	7.44476590832e-05	3.99876387796e-06	0.664809271638	9.79561415775
-0.000525035508965	-0.00525403064431	-4.0717311744e-07	-0.0720065603194	-0.645371542814	-8.62228345684e-05	1.97435523739e-06	0.328243854195	18.6504106926
0.00028274709402	0.000215232508045	-0.00052143809101	0.0308847899333	0.0384257032606	-0.0587710022056	1.2960954905e-10	2.1548066485e-05	100.0
-0.000628823532065	-0.00325040781346	0.000192346622197	-0.0801615739996	-0.408587762133	0.0216185049326	1.29344571454e-10	2.1504012981e-05	100.0
-0.000739365394724	-0.00282832857132	0.000166260845195	-0.0936385451275	-0.353320953881	0.0195875695192	1.29344571454e-10	2.1504012981e-05	100.0
5.0918854347e-05	0.000278311550192	0.000349838076084	0.00322953249986	0.0481399268909	0.0415447643497	1.29155883669e-10	2.1472642939e-05	100.0
0.000861126951522	-0.00145569616914	-0.000496971861846	0.101976623497	-0.177539703833	-0.0599288177956	1.28249106097e-10	2.1321887817e-05	100.0
-0.000673236738389	-0.00399176352675	-0.000624627715901	-0.0837913063919	-0.504699157028	-0.0668667512438	1.28147922775e-10	2.1305065716e-05	100.0
-0.000791373027076	-0.00254248712064	-0.000133643255926	-0.0998299278254	-0.316016331301	-0.0141756963491	1.27750531816e-10	2.1238998e-05	100.0
-0.000766660023257	-0.00351339537475	0.000954625341268	-0.0960731825168	-0.440088911855	0.110943814887	1.26957962655e-10	2.1107230448e-05	100.0
0.000697072234799	0.00145080468796	-0.000890953844305	0.0755310655541	0.197885516908	-0.0933171551567	1.26436959069e-10	2.1020611677e-05	100.0
-9.15205495903e-05	0.0011522249918	-0.000475898512866	-0.0123297929832	0.165364591192	-0.0471235862945	1.26436959069e-10	2.1020611677e-05	100.0
-0.000275657375336	-0.00365495583267	-0.000250516709888	-0.0381367300273	-0.462907935795	-0.0280635680766	1.26168159439e-10	2.0975922745e-05	100.0
-0.00015723171497	0.00176934813525	-0.00112839134281	-0.0189531068546	0.234373396805	-0.114547278851	1.25984148617e-10	2.0945330266e-05	100.0
0.000468470249503	-4.0303542406e-07	0.000643415665842	0.0531174199601	0.0102199522039	0.0758803952968	1.24626169869e-10	2.0719561281e-05	100.0
-0.00129951706686	-0.00301737128549	2.65324909541e-05	-0.16025517619	-0.376010815722	0.00119733167258	1.23814591118e-10	2.0584633314e-05	100.0
-0.000786961480128	-0.00443840875925	-7.06571125414e-05	-0.0886474755754	-0.573943606662	-0.00809292005716	1.22646104794e-10	2.0390368145e-05	100.0
-0.00105263777414	-0.00329539206817	-0.00107861295528	-0.130797197841	-0.410569751007	-0.127057232128	1.22646104794e-10	2.0390368145e-05	100.0
-0.00100796965789	-0.00377443625259	0.00105128962106	-0.124080678865	-0.472006713858	0.1225767191	1.22257766021e-10	2.0325805389e-05	100.0
-0.00121512950719	-0.00349445938471	0.000264397653656	-0.149685562694	-0.43889343978	0.03000094852	1.21095917967e-10	2.0132643857e-05	100.0
-0.000598681359721	-0.0035963881536	0.000523989854409	-0.075645765157	-0.453579075283	0.0592458700307	1.19938746876e-10	1.9940259886e-05	100.0
0.000744160003275	-0.000673553310208	0.000288273001402	0.086864860216	-0.0772711232219	0.0350361891954	1.19647115622e-10	1.9891775113e-05	100.0
-3.52648664838e-05	0.00150570718257	0.000273706624602	-0.00323731442747	0.221217831726	0.024999911814	1.1919410401e-10	1.9816460258e-05	100.0
-0.000907193219696	-0.00210815235955	-2.39200670755e-05	-0.113405887806	-0.260603391411	-0.00271214609492	1.19169713398e-10	1.9812405229e-05	100.0
-0.000990715858364	-0.00455524825689	0.000921077910904	-0.118300628898	-0.57072006144	0.0971462825105	1.18785850428e-10	1.9748586592e-05	100.0
-0.000948856005809	-0.00442871300353	-0.000528615793988	-0.109623721648	-0.560641802437	-0.0503416722836	1.18785850428e-10	1.9748586592e-05	100.0
0.000149246964309	-0.000144250652767	-0.000624471543685	0.0149716135289	-0.00826274818076	-0.073613225961	1.18740941528e-10	1.9741120321e-05	100.0
-0.000188594460429	0.00113568077203	0.000435542767027	-0.0221504387887	0.164322745925	0.0454379995056	1.18287678466e-10	1.9665763662e-05	100.0
-0.000196357673392	0.00130964961856	0.000120573656581	-0.0213790657096	0.191627389923	0.0129309915405	1.17834214245e-10	1.959037356e-05	100.0
-0.000392697063996	-0.00334117429306	0.000350437495946	-0.0521826566964	-0.420392494927	0.039742972321	1.17636977173e-10	1.9557582168e-05	100.0
-0.000256993106928	-0.00357260693832	-0.000181565539729	-0.0360568685107	-0.452089933688	-0.0224986686869	1.17636977173e-10	1.9557582168e-05	100.0
-0.000597896567982	-0.00315419065915	9.0809347509e-05	-0.0768080102405	-0.396279212226	0.0114965721108	1.17636977173e-10	1.9557582168e-05	100.0
-0.00077526351483	-0.0044304258001	-0.000659917176234	-0.091791826495	-0.561624266436	-0.0649552286535	1.17636977173e-10	1.9557582168e-05	100.0
-0.000619022793845	-0.00435309142371	6.57561509584e-06	-0.0733826942953	-0.563645606626	0.00134131918414	1.17254824061e-10	1.94940478e-05	100.0
-0.000440535422293	-0.00453130058355	0.000437381064616	-0.0579839991682	-0.584463324275	0.0362601995471	1.16873073267e-10	1.943058032e-05	100.0
-0.000904557971894	-0.00396446154096	-0.000190278229702	-0.109784860183	-0.503922130535	-0.0198176447261	1.16873073267e-10	1.943058032e-05	100.0
-8.80661168261e-05	0.000282109203985	-0.000315132047758	-0.012349078773	0.0490716046374	-0.0368075384866	1.16472815783e-10	1.9364036034e-05	100.0
-0.00042483017782	-0.0041705519604	-0.000260157487054	-0.0561267938942	-0.535238206605	-0.0249449935568	1.16110678059e-10	1.93038293e-05	100.0
-0.00114490640494	-0.00199379484477	-0.000510704622322	-0.14310516475	-0.245698190356	-0.061324056998	1.16110678059e-10	1.93038293e-05	100.0
-0.00055726065357	-0.00442023725001	0.000580297076969	-0.068536812763	-0.563976454284	0.0551106705014	1.15349741258e-10	1.9177320745e-05	100.0
-0.00110626474091	-0.00336091843331	0.000137587234629	-0.136309439475	-0.421953322973	0.0160028042824	1.15349741258e-10	1.9177320745e-05	100.0
-0.00103379223372	-0.00489384634604	-0.000780116513985	-0.117374634773	-0.610162401427	-0.0744766949135	1.15349741258e-10	1.9177320745e-05	100.0
-0.000785169927623	0.000682732877494	-0.000190538397964	-0.0940797454004	0.100511730077	-0.0208389988783	1.15109506304e-10	1.9137380796e-05	100.0
-0.00028257069054	-0.00327919222409	-0.00090891959253	-0.0384927481973	-0.410302972831	-0.106356486321	1.14590111996e-10	1.9051029572e-05	100.0
-0.00108736893847	-0.00243229227179	-0.000655456196878	-0.135372394723	-0.301075788124	-0.0771807690754	1.14590111996e-10	1.9051029572e-05	100.0
0.000116087971725	0.00152376280834	0.000305009880037	0.0110287073683	0.222880588613	0.0237817330239	1.13743782908e-10	1.8910324234e-05	100.0
-7.37053750191e-05	-0.0043488537033	0.000486168209699	-0.018354724773	-0.555738046976	0.0490860439222	1.13452956293e-10	1.8861973235e-05	100.0
-0.000443422829781	-0.00256920341434	-0.000460887401996	-0.0576844008989	-0.319929751107	-0.0548600397659	1.13452956293e-10	1.8861973235e-05	100.0
-0.000986588458775	-0.00283317086057	-0.000320047191206	-0.123274979453	-0.353355961055	-0.0386769509129	1.13452956293e-10	1.8861973235e-05	100.0
-2.54610133899e-05	0.000549315560058	0.000268301093954	-0.00471528433522	0.0848238098893	0.0294084071939	1.12831724894e-10	1.8758691219e-05	100.0
-0.0010214305682	-0.00118344503369	-0.000858011784522	-0.127367077291	-0.141859870679	-0.102872021597	1.12831724894e-10	1.8758691219e-05	100.0
9.40433982193e-05	0.000781264790288	-0.000502610760569	0.00902396245169	0.115189094745	-0.0550708699396	1.12831724894e-10	1.8758691219e-05	100.0
-0.000778196622888	-0.000984693214353	-0.000666800422093	-0.097530985638	-0.116809181914	-0.0799041315467	1.12696243846e-10	1.8736166994e-05	100.0
-0.00045064758512	-0.00334713822481	0.000882055525273	-0.0586353216817	-0.418791951131	0.101630363006	1.11562960467e-10	1.8547754444e-05	100.0
-0.000918683320003	-0.0036823996773	-0.000598516769036	-0.113197770503	-0.463638111276	-0.068008988858	1.11562960467e-10	1.8547754444e-05	100.0
0.000421086316271	0.000944440496639	0.000853038357918	0.0466315703025	0.133780041108	0.0947484998428	1.11003233642e-10	1.8454697791e-05	100.0
-0.000447955154003	0.000748654801074	2.16383598834e-05	-0.0537267338309	0.111261495965	0.00163528407871	1.11003233642e-10	1.8454697791e-05	100.0
-0.00056002816883	-0.000697329042665	0.000587438210777	-0.0711502644565	-0.0796157468678	0.0697048314709	1.11003233642e-10	1.8454697791e-05	100.0
-0.000570399390076	0.00117259760677	-7.62607561633e-05	-0.0646510323745	0.168429809727	-0.00823415523233	1.11003233642e-10	1.8454697791e-05	100.0
-0.00129386173576	-0.00229641727728	0.000342244888683	-0.160620341581	-0.283855346729	0.0417456765341	1.11003233642e-10	1.8454697791e-05	100.0
-0.000425711620125	0.00117921223855	-0.000588983153294	-0.0495254570521	0.165728644102	-0.0596326533025	1.11003233642e-10	1.8454697791e-05	100.0
-0.000131029253126	0.00161138802372	-0.00068954778472	-0.0134299670321	0.224585603322	-0.0624665001929	1.11003233642e-10	1.8454697791e-05	100.0
-0.000466996084678	-0.00282666132326	0.000628272967477	-0.0608164930612	-0.352955820398	0.0744384931704	1.10808460776e-10	1.8422316083e-05	100.0
2.90880287028e-05	-0.00195681351666	-5.9272787394e-05	-0.000198240557302	-0.241286593528	-0.00799885054374	1.10808460776e-10	1.8422316083e-05	100.0
-0.000414679488082	-0.00248264375029	0.000394426412073	-0.0539040262455	-0.308871946232	0.0469878044272	1.10808460776e-10	1.8422316083e-05	100.0
0.000769554159971	-5.1949836899e-05	-0.00103886537905	0.0892778759878	0.00114532008702	-0.121770680222	1.10086498665e-10	1.8302287214e-05	100.0
-0.000441377207597	-0.00197005684614	0.000710611282049	-0.0571739043228	-0.242606948119	0.0843350152406	1.09678094213e-10	1.8234388464e-05	100.0
-0.000475002484878	-0.00193072953825	-0.000574690029275	-0.0612403985104	-0.23803382857	-0.0696030565887	1.09678094213e-10	1.8234388464e-05	100.0
9.21219611049e-05	-0.00377469114084	0.000695518384407	0.00508908285011	-0.475292557118	0.0785360595786	1.09301573572e-10	1.8171790516e-05	100.0
-0.000504354620717	-0.00249540248296	-0.00079278306994	-0.0650335344514	-0.309910145538	-0.0944982097118	1.09301573572e-10	1.8171790516e-05	100.0
0.000103872259794	-0.000865234509785	-0.000760506443158	0.00972050736029	-0.101447447595	-0.0905322469878	1.09167902961e-10	1.8149567283e-05	100.0
-0.00015448834004	-0.00451491467017	0.000194692639907	-0.0322196708175	-0.58579585367	0.0165606679409	1.08548984898e-10	1.8046669868e-05	100.0
-0.00107004037953	-0.00327592711505	0.00118765752499	-0.132583930475	-0.407421553602	0.139854761678	1.08548984898e-10	1.8046669868e-05	100.0
1.84711920215e-05	-0.00384039433009	-4.55237773047e-05	-0.00499609506082	-0.487750219662	-0.00478240092135	1.08548984898e-10	1.8046669868e-05	100.0
-0.000306466954566	-0.000901026239473	-2.404963901e-06	-0.0399467074417	-0.105464904498	0.000261711935021	1.08548984898e-10	1.8046669868e-05	100.0
0.000294291633992	0.00163291385196	0.00102675898007	0.0295610778076	0.219169298811	0.102846278377	1.0824719508e-10	1.7996496196e-05	100.0
-0.000669854895802	0.00176579057077	-0.00149796818251	-0.0792674272888	0.228404852782	-0.166453857443	1.0824719508e-10	1.7996496196e-05	100.0
-0.000200640427752	-0.00329758278197	0.00071467911174	-0.0286688577213	-0.413748687958	0.0834850930354	1.07796748254e-10	1.7921607746e-05	100.0
-0.000787461948681	-0.00277446118697	0.000567387719998	-0.0991424982804	-0.345545517299	0.0658541968794	1.07796748254e-10	1.7921607746e-05	100.0
-4.60310983892e-05	-0.0028510362331	-0.000424806549175	-0.00976244237607	-0.355820276279	-0.048462615152	1.07796748254e-10	1.7921607746e-05	100.0
-0.000785673829714	-0.0026041284837	-0.0018804969055	-0.0991322389547	-0.321883057468	-0.227154785444	1.07796748254e-10	1.7921607746e-05	100.0
-0.00196903972411	-0.00474675772922	5.60172399145e-05	-0.231263490461	-0.585283640663	0.00651452231866	1.07796748254e-10	1.7921607746e-05	100.0
-0.000357973977941	0.000786043420871	0.000895975646798	-0.0437222147698	0.111568309465	0.0991929009614	1.077860365e-10	1.7919826878e-05	100.0
0.000207715081449	-9.77696628138e-06	0.000963270331561	0.0229949083151	0.00856735333491	0.113721351735	1.077860365e-10	1.7919826878e-05	100.0
9.47651656181e-05	-0.00288585903496	0.000110042890784	0.00717122091792	-0.360836844039	0.0132150048398	1.07420780801e-10	1.7859101768e-05	100.0
-0.000675298523216	-0.00442485279592	0.000164482366753	-0.0792461567103	-0.572842647502	0.0114841636369	1.07420780801e-10	1.7859101768e-05	100.0
-0.000207891564094	-0.0045103109241	-0.000288026396421	-0.0351559069133	-0.581785183675	-0.0188646174418	1.07420780801e-10	1.7859101768e-05	100.0
-0.000162870746194	-0.000712421479873	0.000251106072113	-0.0227038075035	-0.0812990532193	0.0300109660072	1.07324274442e-10	1.7843057229e-05	100.0
-0.000790547277689	-0.00391914472657	-0.000547103583768	-0.0965420199079	-0.495846442686	-0.0611674831619	1.07324274442e-10	1.7843057229e-05	100.0
-0.000489871039267	0.000641166835231	-0.000516375369566	-0.0591185062971	0.0953825535215	-0.0580031080167	1.07324274442e-10	1.7843057229e-05	100.0
-0.000469309117199	-0.0044185662795	0.000546190611529	-0.0597156072076	-0.564052019789	0.0497571958574	1.07044813349e-10	1.779659579e-05	100.0
-0.000158741670258	-0.000888501675178	7.20475140225e-05	-0.0225339861197	-0.103910227497	0.0104724895871	1.07044813349e-10	1.779659579e-05	100.0
-0.00219989709499	-0.00450469998341	-4.47467417543e-05	-0.262994605033	-0.555334604282	-0.00680114664492	1.07044813349e-10	1.779659579e-05	100.0
-0.00045847148904	-0.00374390033434	-0.000607250928011	-0.0594831183855	-0.472378780764	-0.066485344099	1.06293129894e-10	1.7671625638e-05	100.0
0.000283454547605	-0.00200162466383	-0.00158824654528	0.0306200872329	-0.246082897965	-0.190825172021	1.06293129894e-10	1.7671625638e-05	100.0
-0.000281519902362	-0.00423509825444	-0.000999958947544	-0.03903523735	-0.531511978297	-0.108058574094	1.06293129894e-10	1.7671625638e-05	100.0
5.87123529901e-06	-0.00424686888361	-0.000196904360845	-0.0099115727093	-0.543995675739	-0.0192755996132	1.05541446439e-10	1.7546655485e-05	100.0
0.000228372257567	-0.00201472327112	-0.000365214813562	0.0242158667968	-0.248796745625	-0.0431453860884	1.05541446439e-10	1.7546655485e-05	100.0
0.000739186607754	-0.000936696982747	5.53369662854e-05	0.0858733433464	-0.111156803229	0.00750767064427	1.05541446439e-10	1.7546655485e-05	100.0
-0.000716290237278	-0.00217547522339	-5.68287139063e-05	-0.0905233069959	-0.269112296471	-0.00790360046199	1.05541446439e-10	1.7546655485e-05	100.0
-0.00113120428117	-0.00104272521534	0.000705321117515	-0.140823367714	-0.123893981641	0.0849816400897	1.05541446439e-10	1.7546655485e-05	100.0
-0.00281780827386	-0.00474199476009	0.000208809586158	-0.342111312497	-0.581239769987	0.0227667265414	1.05541446439e-10	1.7546655485e-05	100.0
0.000484915977684	0.000922713419944	0.000969364917505	0.0530963835262	0.128482493547	0.107587002661	1.05470939969e-10	1.7534933524e-05	100.0
1.46659976331e-05	-0.00301633819424	0.000352611776853	-0.00264710646226	-0.378014457987	0.0413390727105	1.05165579566e-10	1.7484166229e-05	100.0
-0.00103416520286	-0.00335905365015	0.000336642542386	-0.127912044646	-0.421765353753	0.0376712299103	1.05165579566e-10	1.7484166229e-05	100.0
0.000656020954194	-0.00277695716073	-0.00199381461931	0.0768013626279	-0.343593609101	-0.240163833685	1.05165579566e-10	1.7484166229e-05	100.0
-0.00231799753778	-0.00521448911986	-7.54900479476e-05	-0.276635120941	-0.637393184088	-0.00944458648782	1.05165579566e-10	1.7484166229e-05	100.0
-0.000167621598514	0.000510534622783	0.000944238019693	-0.0217959940804	0.0762034732964	0.108251514017	1.04540123814e-10	1.7380181899e-05	100.0
-0.000139183474441	0.000755384163432	0.00165727903158	-0.0195717804889	0.102345135946	0.193165401637	1.04540123814e-10	1.7380181899e-05	100.0
-0.000363055170056	-0.000115024226364	0.000190702113804	-0.0458684070756	-0.00368004121301	0.021587063182	1.04540123814e-10	1.7380181899e-05	100.0
-0.00023896309732	-0.00395112768614	0.00094976462429	-0.0338980713708	-0.496403902691	0.105969796382	1.04413845821e-10	1.7359187716e-05	100.0
0.000910785761204	-0.00335648384085	-0.000442025376094	0.10546491735	-0.419645863487	-0.0500716869118	1.04413845821e-10	1.7359187716e-05	100.0
-0.00146173387801	-0.00527131962768	4.55677514078e-06	-0.156230343255	-0.641893749022	-0.00127146300219	1.04413845821e-10	1.7359187716e-05	100.0
-0.00104024136782	-0.000640359645253	-0.000478412638356	-0.128664599066	-0.0722552945542	-0.0567874395443	1.04073584213e-10	1.7302617966e-05	100.0
0.00126868370514	0.000395954370613	-0.00148230161133	0.149728664426	0.0548329169285	-0.175021092219	1.04073584213e-10	1.7302617966e-05	100.0
-0.000527083770244	-0.00276887381854	0.00162883290604	-0.0674308748791	-0.342677431978	0.195176882617	1.04037878369e-10	1.7296681738e-05	100.0
-0.00123493028795	-0.00396895850089	0.00137392024183	-0.151354706486	-0.492664135513	0.159461358783	1.04037878369e-10	1.7296681738e-05	100.0
-0.00082137713047	-0.00232900633839	-0.000189722841436	-0.103953601871	-0.288977382522	-0.0234254053839	1.04037878369e-10	1.7296681738e-05	100.0
0.00035811583599	-0.00176332845425	0.00064039453982	0.0403461616763	-0.216662550713	0.0763243776845	1.04037878369e-10	1.7296681738e-05	100.0
-0.000875672882355	-0.00442746657102	0.000454242208903	-0.0988413708227	-0.560990135066	0.0400106533985	1.04037878369e-10	1.7296681738e-05	100.0
-0.000256935029811	-0.0024058110178	-0.000223925659124	-0.0351548917573	-0.299090148387	-0.0266888153814	1.04037878369e-10	1.7296681738e-05	100.0
-0.00146794989683	-0.0020739808056	0.000712484070671	-0.182124316591	-0.254926061667	0.0842690138491	1.04037878369e-10	1.7296681738e-05	100.0
-0.000785826061026	-0.0011279147268	-0.00141069543732	-0.0988379455941	-0.135000079683	-0.168519822161	1.04037878369e-10	1.7296681738e-05	100.0
-0.00172394211243	-0.00127709437826	-0.00125144000362	-0.213448155605	-0.15435122628	-0.150205226048	1.04037878369e-10	1.7296681738e-05	100.0
2.81343158095e-05	-0.00412370053653	-0.000561620794968	-0.00480161723792	-0.521777353018	-0.0574794624558	1.04037878369e-10	1.7296681738e-05	100.0
-5.60434618933e-05	-0.00332418286659	-0.00153014588636	-0.0105968339587	-0.412776946126	-0.180658759853	1.04037878369e-10	1.7296681738e-05	100.0
-0.00206163791982	-0.0049841291485	3.7868717108e-05	-0.242287403748	-0.610507715376	0.00563909494136	1.04037878369e-10	1.7296681738e-05	100.0
-0.00105692232791	-0.00420312929735	-0.000591303774112	-0.123515636623	-0.527384789178	-0.0605198702098	1.04037878369e-10	1.7296681738e-05	100.0
-0.0016648589779	-0.00474110152231	-0.00031673652742	-0.191445220608	-0.587197279401	-0.0308688646522	1.04037878369e-10	1.7296681738e-05	100.0
-0.000159870463109	-0.00308098970054	0.000852173747885	-0.02375209791	-0.384944582332	0.0995581705898	1.03661810337e-10	1.7234159038e-05	100.0
0.000105754829878	-0.0037397004521	-0.000339448859856	0.00624747107583	-0.472811859729	-0.0371977429818	1.03661810337e-10	1.7234159038e-05	100.0
-0.00157646532599	-0.00235678361209	-0.000823968868896	-0.19526563591	-0.29080017481	-0.0978835528692	1.03606290263e-10	1.722492862e-05	100.0
-0.00135061106916	-0.00166277764534	-0.00158292802914	-0.168026455572	-0.202742948187	-0.190361896114	1.03606290263e-10	1.722492862e-05	100.0
-0.000350409684013	-0.00476207698196	0.000755158574393	-0.0477861879193	-0.599479438032	0.0653175001217	1.03285692014e-10	1.7171627977e-05	100.0
0.000426110620992	-0.00350397095625	0.000454461756173	0.0460127248135	-0.440067345149	0.0527547412786	1.03285692014e-10	1.7171627977e-05	100.0
-0.000485254174985	-0.00371364284739	0.0011471749131	-0.0623733138608	-0.464160311067	0.131307057867	1.03285692014e-10	1.7171627977e-05	100.0
-0.000631239421378	-0.00470228865965	0.00145546848455	-0.077847801164	-0.58306858403	0.163379935183	1.03285692014e-10	1.7171627977e-05	100.0
8.90804960435e-05	-0.00305272417591	-0.00046003932066	0.00599347456206	-0.382260254435	-0.0540957133095	1.03285692014e-10	1.7171627977e-05	100.0
-8.97727871938e-05	-0.000602589796554	0.00108203036054	-0.0139576958215	-0.0680719782906	0.128607927009	1.03285692014e-10	1.7171627977e-05	100.0
-0.000688495718008	-0.00235496702721	0.00133908647779	-0.0868999266834	-0.291154360745	0.159994409755	1.02669137578e-10	1.7069123523e-05	100.0
-0.000911085065865	-0.00046364278588	0.000125075536379	-0.112325283733	-0.0491527479052	0.0145427952905	1.02669137578e-10	1.7069123523e-05	100.0
0.00102649264252	-0.000255667933147	-0.00150666573197	0.121640355081	-0.0269165286741	-0.178727726153	1.02669137578e-10	1.7069123523e-05	100.0
-0.000905421535455	0.000598281786808	-0.00168920040491	-0.111466130035	0.0813877894106	-0.198270482113	1.02669137578e-10	1.7069123523e-05	100.0
0.000184257058192	0.00103431962337	-0.00136063535041	0.0189185150062	0.139772306748	-0.152671423537	1.02669137578e-10	1.7069123523e-05	100.0
0.000432460704329	-0.00325994823347	0.0015443099282	0.0484871883673	-0.405375472282	0.183695779587	1.02533153631e-10	1.7046515689e-05	100.0
0.000670190883673	-0.00116840103092	0.000345798860044	0.0777190322573	-0.140867263363	0.0404885732081	1.01780011768e-10	1.6921303072e-05	100.0
0.000508687338957	0.00102960232261	0.000456080480075	0.0532739888509	0.1470797538	0.0469427436591	1.01780011768e-10	1.6921303072e-05	100.0
-0.00211332976192	-0.00305780528593	0.000509987753255	-0.258976195649	-0.377636861982	0.0576707150218	1.01780011768e-10	1.6921303072e-05	100.0
0.000658837599678	-0.000361259037713	0.000441953153762	0.0756648591998	-0.0371779710403	0.0532113116468	1.01780011768e-10	1.6921303072e-05	100.0
-0.000115854851877	-0.00287453476956	-0.00104970497952	-0.0175710741881	-0.357023325404	-0.123390889207	1.01780011768e-10	1.6921303072e-05	100.0
-0.00166888835043	-0.00468671725138	-0.00152070205542	-0.202761800051	-0.578705738812	-0.176976721266	1.01780011768e-10	1.6921303072e-05	100.0
0.0017652558258	0.0019234401099	8.43082975378e-05	0.194274658528	0.242763122443	0.0045714983445	1.01256795426e-10	1.6834316421e-05	100.0
-0.00104637674492	-0.000910182531094	0.00139746594268	-0.130424957262	-0.107563185482	0.168447198934	1.01256795426e-10	1.6834316421e-05	100.0
-0.000893613960844	-7.96067874982e-05	0.000155443062165	-0.109522822292	0.000668855652343	0.0194690828923	1.01256795426e-10	1.6834316421e-05	100.0
0.000743748960526	0.00110137699226	-0.00265813644325	0.0874207334952	0.140243581805	-0.317146981067	1.01256795426e-10	1.6834316421e-05	100.0
0.000587516656505	-0.000592486809045	-0.00153737863523	0.0690551398383	-0.0684972957921	-0.18198255565	1.01256795426e-10	1.6834316421e-05	100.0
6.10615756231e-05	-0.00389790616913	0.000731829648094	0.000701300385979	-0.490867550044	0.0809223966633	1.01026216136e-10	1.6795981762e-05	100.0
-8.51449769799e-05	-0.00438311994951	0.00117319746216	-0.0161596418221	-0.547652598525	0.128944754449	1.01026216136e-10	1.6795981762e-05	100.0
0.000273061919851	-0.00291885667788	0.000496676755433	0.0287682128719	-0.364628431635	0.0580289049769	1.01026216136e-10	1.6795981762e-05	100.0
0.000404035228243	-0.00266524098187	0.000933333331462	0.0454167109655	-0.331110152935	0.109716197885	1.01026216136e-10	1.6795981762e-05	100.0
-0.000970488169655	-0.00469472225443	0.00133403585276	-0.116916212752	-0.58174472566	0.148569617443	1.01026216136e-10	1.6795981762e-05	100.0
0.000840797361362	-0.00117303737686	-0.000481955802176	0.0987629405229	-0.141402224975	-0.055729064904	1.01026216136e-10	1.6795981762e-05	100.0
-1.58567596584e-05	-0.00214419260053	-0.00149781411113	-0.00564516126657	-0.264829235583	-0.180389868302	1.01026216136e-10	1.6795981762e-05	100.0
-0.00144585474585	-0.00515710266476	-0.000160560769833	-0.154261715678	-0.632169378069	-0.0165707072431	1.01026216136e-10	1.6795981762e-05	100.0
0.000512471944482	8.72179557834e-05	0.00155928716457	0.0590200738896	0.0180217419037	0.183583852518	1.00784070164e-10	1.67557241e-05	100.0
-0.000494168405848	0.000331986024832	0.000523779519089	-0.0605786495517	0.0544542754042	0.0602243691421	1.00784070164e-10	1.67557241e-05	100.0
0.00145544425413	0.00236752330433	-5.42581559532e-05	0.144181245275	0.291195315784	-0.00793651652965	1.00784070164e-10	1.67557241e-05	100.0
-0.00118999280362	-0.00313454885638	-0.00130454867417	-0.146956390622	-0.388728449018	-0.155741601383	1.00784070164e-10	1.67557241e-05	100.0
-0.000455771616447	-0.00383703156679	-0.0015424727203	-0.0583009961528	-0.47767495369	-0.180813585004	1.00784070164e-10	1.67557241e-05	100.0
0.000501388406847	-0.00184984326184	0.000738853237234	0.0575458742466	-0.227997941346	0.0900757312898	1.00649041726e-10	1.6733275123e-05	100.0
-0.00125078715997	-0.00297206808733	0.00157734584995	-0.155261952902	-0.367265639767	0.188533461972	1.00649041726e-10	1.6733275123e-05	100.0
0.000606943001362	-0.00374309842339	-0.000874023382406	0.0673814318043	-0.468678512051	-0.100497086998	1.00649041726e-10	1.6733275123e-05	100.0
0.00025405321737	-0.00423051108848	0.000345430822512	0.0199301210446	-0.53696468738	0.0349103460219	1.00271615865e-10	1.6670526679e-05	100.0
-6.36289094809e-05	-0.00240413840396	-0.000819237180292	-0.0117575317883	-0.298285716627	-0.0979278597395	1.00271615865e-10	1.6670526679e-05	100.0
0.00141979065629	-0.000392887128119	-0.00102734152927	0.169011908253	-0.0434358195679	-0.122513344126	1.00271615865e-10	1.6670526679e-05	100.0
0.000596000793092	-0.00211755905962	0.00110397245921	0.069139165453	-0.26170465777	0.132458946716	9.98939888457e-11	1.6607744791e-05	100.0
0.000761850736422	-1.47153018068e-05	0.00112481848881	0.0888153823069	0.00600393943188	0.132703050248	9.9835602247e-11	1.6598037803e-05	100.0
-0.001024453156	0.000894671128096	-0.000125505638798	-0.121047521368	0.127005186473	-0.0122909570178	9.9835602247e-11	1.6598037803e-05	100.0
0.00116053806293	-0.00205013412768	3.29793121461e-05	0.13792449318	-0.253566055897	0.0028886578114	9.95160600864e-11	1.6544912738e-05	100.0
0.000565292886338	-9.39745369317e-05	-0.000275018364837	0.0639091451851	-0.00250231089076	-0.0326113331769	9.95160600864e-11	1.6544912738e-05	100.0
-0.0023708805991	-0.00521782961868	0.000752664563159	-0.285635469819	-0.638610093007	0.0866923894474	9.95160600864e-11	1.6544912738e-05	100.0
0.000609335242898	0.00118287073534	-0.000284469704107	0.0628997877665	0.169102042534	-0.0278989080166	9.91378798775e-11	1.6482038881e-05	100.0
-0.00127971574317	-0.00486305646348	-2.75532022843e-05	-0.131643872801	-0.605277903589	-0.00509750900767	9.91378798775e-11	1.6482038881e-05	100.0
-0.00108124146108	-0.00380365489667	-0.000312646927969	-0.129634705519	-0.479055147303	-0.0355484010347	9.88828093962e-11	1.6439632471e-05	100.0
-0.0011358752028	0.000126260435811	-0.00052557831512	-0.138421560034	0.026356335636	-0.0607047874757	9.88828093962e-11	1.6439632471e-05	100.0
0.000207994799655	-0.00266451728026	-0.00119665171217	0.0220271436788	-0.330675881848	-0.14292720618	9.88828093962e-11	1.6439632471e-05	100.0
-0.000564554098048	-0.000834297891915	-0.00205549762942	-0.0712734183108	-0.0990265370724	-0.247266271352	9.88828093962e-11	1.6439632471e-05	100.0
0.000495986158779	0.00188208872374	-0.00161474407991	0.0540327589404	0.239370837886	-0.177112339784	9.88828093962e-11	1.6439632471e-05	100.0
0.00065514250643	-0.0018308590786	-0.00058430434799	0.0759035446523	-0.225603448803	-0.0697270608028	9.87593979291e-11	1.6419114859e-05	100.0
-0.00157557263427	-0.00456556258752	5.56552698079e-05	-0.180640949936	-0.569173308291	0.00245226865644	9.87593979291e-11	1.6419114859e-05	100.0
0.00155656177645	-0.00224696362159	-0.000232085484229	0.18677151318	-0.278415764187	-0.0288353155313	9.83806142411e-11	1.6356140671e-05	100.0
0.000577707007951	0.00155963973684	0.000371299963021	0.053791400173	0.221882592134	0.0333555429458	9.83806142411e-11	1.6356140671e-05	100.0
-0.0014389587739	-0.00504594896671	0.000360826219146	-0.157797357779	-0.623269225355	0.0321842440808	9.83806142411e-11	1.6356140671e-05	100.0
-0.00115129913965	-0.00378973804445	-0.000945127990314	-0.140906227377	-0.472782579096	-0.107727559535	9.83806142411e-11	1.6356140671e-05	100.0
0.000155706974451	-0.00283265585551	0.000761384462072	0.0146293451209	-0.353203997033	0.0899222567391	9.80014785237e-11	1.6293107957e-05	100.0
3.54767789786e-05	0.00097288415944	2.03024524292e-06	0.0014526033803	0.143431443727	0.00191014512432	9.80014785237e-11	1.6293107957e-05	100.0
-0.000699782008863	0.00189717278135	0.00116045787549	-0.0795387345693	0.244987057451	0.120218418162	9.74448193837e-11	1.6200561318e-05	100.0
-0.000603202403462	0.00110911672695	0.000324853214318	-0.0691735138181	0.158015078963	0.0325402460045	9.74448193837e-11	1.6200561318e-05	100.0
-0.00200873816749	-0.00224410691569	0.000785262132745	-0.247896056365	-0.275905349381	0.0938265425355	9.74448193837e-11	1.6200561318e-05	100.0
-0.000305276849164	0.000585099398457	-0.00146585439615	-0.0387846105425	0.0824714079535	-0.170221630462	9.74448193837e-11	1.6200561318e-05	100.0
-0.00158691169606	-0.000417886854181	-0.00138078384073	-0.195802024277	-0.0457597861578	-0.16406308457	9.74448193837e-11	1.6200561318e-05	100.0
0.00118936003887	0.00185146094643	-0.0014833679973	0.134637515949	0.233766929993	-0.164876364487	9.74448193837e-11	1.6200561318e-05	100.0
-0.00011732268843	0.00169714958289	-0.00141710605591	-0.0155651493401	0.219918847483	-0.151915164158	9.74448193837e-11	1.6200561318e-05	100.0
-0.00270297366512	-0.00416623462923	0.000814528296224	-0.330172402244	-0.513109755435	0.0945905281289	9.72422012904e-11	1.6166875311e-05	100.0
0.000147296763275	0.000725233087158	-0.000397901131503	0.0127288390907	0.107118552921	-0.044271781108	9.72422012904e-11	1.6166875311e-05	100.0
-0.000202592317385	-0.00226367350434	-0.00193454229646	-0.0278683668203	-0.279065541468	-0.232879523425	9.72422012904e-11	1.6166875311e-05	100.0
-0.00016820634548	-0.00454858368636	-0.000323922762004	-0.0328686484899	-0.586135604611	-0.0228871728092	9.72422012904e-11	1.6166875311e-05	100.0
-0.000693418026437	-0.00322527551751	-0.00158312041068	-0.0872781161611	-0.400282920295	-0.187368263364	9.72422012904e-11	1.6166875311e-05	100.0
-0.0013090331378	-0.00483038743091	-0.000131070791785	-0.139623978705	-0.605118230642	-0.00744807020221	9.72422012904e-11	1.6166875311e-05	100.0
-0.000913973021476	-0.00394978987505	-0.00222396077861	-0.113982340917	-0.488051974293	-0.265339748006	9.72422012904e-11	1.6166875311e-05	100.0
-0.00239483187998	-0.00506653026332	-0.000135197723566	-0.286909000396	-0.620798648335	-0.0133742010201	9.72422012904e-11	1.6166875311e-05	100.0
-0.000476473944311	3.20234422929e-05	0.00179213079167	-0.060202292621	0.0104414954857	0.212124401204	9.69629413569e-11	1.6120447315e-05	100.0
-0.000936572332109	0.00094576533575	0.00107073838318	-0.112461574399	0.128782088982	0.120685154409	9.69629413569e-11	1.6120447315e-05	100.0
-0.0018718144156	-0.00366305557984	0.000117111777461	-0.227281573371	-0.45578208721	0.0141609768839	9.69629413569e-11	1.6120447315e-05	100.0
-0.000422702483372	-0.000299695589738	-0.00173861879987	-0.0538641285973	-0.0314943085718	-0.206325777676	9.69629413569e-11	1.6120447315e-05	100.0
0.000800692143942	-0.00215426419742	0.00164941646198	0.0942942213704	-0.265845690909	0.198224421757	9.64812644898e-11	1.6040366756e-05	100.0
0.00115436739241	-0.00303116413314	0.00188562300386	0.137497359699	-0.375350234491	0.226077208911	9.64812644898e-11	1.6040366756e-05	100.0
0.000224303392949	-0.00144059418574	0.00107160169399	0.0234195351319	-0.175907821832	0.128764940581	9.64812644898e-11	1.6040366756e-05	100.0
-0.0001590939855	0.000866030525126	-7.2085625561e-05	-0.0202010145027	0.128246652181	-0.00719670362103	9.64798060821e-11	1.604012429e-05	100.0
-0.00109245397702	0.00132508810876	-0.000433524762455	-0.125973485954	0.181211457828	-0.0459318632934	9.64798060821e-11	1.604012429e-05	100.0
-0.00210901124022	-0.000889168976521	0.0007469750525	-0.260279547655	-0.105106077832	0.0887511582181	9.59952123995e-11	1.59595588e-05	100.0
-0.00192732789224	-0.00338822196585	0.0011239106674	-0.236295322796	-0.419293889131	0.134480278993	9.59952123995e-11	1.59595588e-05	100.0
0.0010916577084	-0.00146865918413	0.00200721508478	0.130192788934	-0.180003283618	0.242791114686	9.57186681217e-11	1.5913582291e-05	100.0
-0.000511162013063	-0.0039856677567	0.00222449851019	-0.0649630200704	-0.493021739519	0.264691304348	9.57186681217e-11	1.5913582291e-05	100.0
0.000710903349576	4.08578888516e-05	-0.000964538239848	0.0818498664678	0.0133671805839	-0.114259300529	9.57186681217e-11	1.5913582291e-05	100.0
-0.00162672079262	-0.00502364840464	6.82535937592e-05	-0.181676911637	-0.616167574085	0.00397861356993	9.53366155889e-11	1.5850064646e-05	100.0
0.000781008477817	0.00156697011016	-0.000899973856045	0.0829191631374	0.211508767667	-0.0942711206353	9.53366155889e-11	1.5850064646e-05	100.0
-0.00320524607768	-0.0044641054123	-0.00131684003548	-0.39340839618	-0.548156137351	-0.156900193516	9.53366155889e-11	1.5850064646e-05	100.0
-0.000296189722806	-0.00145187589746	-0.00130241142102	-0.0387293016621	-0.176532018856	-0.157050693018	9.50218006809e-11	1.5797725504e-05	100.0
-0.000766559117074	-0.00319015125962	-0.0013110263058	-0.0951602607299	-0.396199158753	-0.154819202565	9.50218006809e-11	1.5797725504e-05	100.0
7.6699473651e-05	-0.00470195982288	0.000472091026366	-0.007645117195	-0.597992088696	0.03923888225	9.49540601568e-11	1.5786463392e-05	100.0
0.00018216355042	-0.00359431701397	0.00119660698881	0.0172200177688	-0.44800963174	0.137982146044	9.49540601568e-11	1.5786463392e-05	100.0
-0.0018008150257	-0.00473434743881	0.000747622975358	-0.213238717239	-0.585025143159	0.0833017898774	9.49540601568e-11	1.5786463392e-05	100.0
0.00124286358857	0.00133175821506	-0.00152290783682	0.143122711992	0.171239520696	-0.174906491167	9.49540601568e-11	1.5786463392e-05	100.0
-0.00234594790172	-0.0055896433048	0.000184252618156	-0.281100670406	-0.681106723075	0.0215643947261	9.49540601568e-11	1.5786463392e-05	100.0
0.000276665084793	-0.00195908386201	-0.00156240747389	0.0302388696113	-0.241938623676	-0.186773576521	9.49540601568e-11	1.5786463392e-05	100.0
0.000964042289139	-0.00153371728519	-0.00261809856897	0.114993810025	-0.187941161805	-0.316677253173	9.49540601568e-11	1.5786463392e-05	100.0
-0.00233769079743	-0.00522038929475	-0.000134673931004	-0.279253336629	-0.637137645034	-0.0149608395463	9.49540601568e-11	1.5786463392e-05	100.0
-0.000548530923716	-0.0022352206481	-0.00284586256949	-0.0702266544358	-0.27500639117	-0.343971982119	9.49540601568e-11	1.5786463392e-05	100.0
-0.000276004022877	-0.00276195988009	0.00235080100649	-0.0371080559335	-0.341381801426	0.282849271626	9.45710018255e-11	1.5722778529e-05	100.0
-0.00196859375539	-0.00340282286845	0.00145819333209	-0.241852734291	-0.420000726932	0.172479177227	9.45710018255e-11	1.5722778529e-05	100.0
0.000862234178377	0.00111263412695	-0.00051457598576	0.0931438641165	0.154541163078	-0.0547431139696	9.45710018255e-11	1.5722778529e-05	100.0
8.45545182549e-05	-0.00511425584348	-0.00052166854681	-0.0117836627995	-0.638133584585	-0.0346004111554	9.45710018255e-11	1.5722778529e-05	100.0
0.0006907599249	-0.00286512218546	-0.000233395733185	0.0791184683731	-0.35739534138	-0.0257976834689	9.41873903051e-11	1.5659001696e-05	100.0
0.000413427961218	-0.000593721842172	-0.000957875294277	0.0465703376158	-0.0675647652552	-0.113981846303	9.41873903051e-11	1.5659001696e-05	100.0
-0.00167363486672	-0.00462325143322	-0.000720173704652	-0.19735047277	-0.572250760598	-0.0775850248625	9.41873903051e-11	1.5659001696e-05	100.0
-0.00264270308969	-0.00462528690096	-0.000813990224528	-0.321192494508	-0.567775486048	-0.0945186489329	9.41873903051e-11	1.5659001696e-05	100.0
0.000646029599705	0.00202261758643	0.001708792919	0.0717224557673	0.254696242265	0.189478204838	9.40423038819e-11	1.5634880542e-05	100.0
0.000223856794053	0.000317933743478	0.00214368315571	0.0248296087282	0.0449301746161	0.254355636566	9.40423038819e-11	1.5634880542e-05	100.0
-0.00104616326722	0.000919435343942	0.000637055602931	-0.124373702214	0.127511480059	0.0694127763262	9.40423038819e-11	1.5634880542e-05	100.0
-0.00139980511153	-0.00325407518518	0.000133819387391	-0.170633345626	-0.405738053984	0.014787890517	9.40423038819e-11	1.5634880542e-05	100.0
-0.00181900292221	-0.000560015263138	-0.000195554910134	-0.223596128256	-0.0625131823139	-0.0221561771671	9.40423038819e-11	1.5634880542e-05	100.0
0.000246149937106	0.000334802973242	-0.00106497919245	0.0260392527469	0.0519620349389	-0.122290242645	9.40423038819e-11	1.5634880542e-05	100.0
-0.00137007535529	5.04473538887e-05	-0.00145628781186	-0.168652049114	0.0126809854483	-0.171454418581	9.40423038819e-11	1.5634880542e-05	100.0
0.00162629036431	0.00187693524243	-0.000636072526305	0.179930742279	0.237742704109	-0.0658924924153	9.40423038819e-11	1.5634880542e-05	100.0
0.00118034725189	-0.00334886801487	-0.00112347859668	0.139298807568	-0.416274757371	-0.132301801011	9.38032255956e-11	1.5595132893e-05	100.0
-0.00114621235535	-0.00225158499926	-0.00363079569247	-0.143801485898	-0.276474285711	-0.442960749929	9.38032255956e-11	1.5595132893e-05	100.0
-0.0025512301886	-0.0043173651606	-0.00030330576756	-0.309670038858	-0.532072119943	-0.0335387257266	9.38032255956e-11	1.5595132893e-05	100.0
0.00141564109442	-0.00132366565629	0.00103406069389	0.169359664958	-0.1615975654	0.123898120846	9.3418407117e-11	1.5531155399e-05	100.0
0.00148715649066	0.001928176436	0.000427278715204	0.158625024795	0.24606445088	0.0403856571538	9.30562693931e-11	1.5470948664e-05	100.0
0.000241829975318	0.00101489179525	0.0019577918735	0.0259782933173	0.132361420782	0.228312606671	9.30562693931e-11	1.5470948664e-05	100.0
-0.000943712310071	0.000919974960379	0.000304877209198	-0.111305650817	0.130901056752	0.034396464854	9.30562693931e-11	1.5470948664e-05	100.0
9.95253757913e-05	0.000550367761745	-0.000707273557203	0.00958445426511	0.0823546604767	-0.078467686794	9.30562693931e-11	1.5470948664e-05	100.0
-0.00182010911449	-0.00216010490609	-0.00226623328643	-0.225694339905	-0.265121110747	-0.274537748367	9.30562693931e-11	1.5470948664e-05	100.0
-0.000396168229365	0.00198475700062	-0.000658455138118	-0.036565037597	0.266695705953	-0.0496875360765	9.30562693931e-11	1.5470948664e-05	100.0
0.000666413373509	-0.00416496025615	0.00102211133617	0.0734062536741	-0.520308789907	0.116040027892	9.26469094329e-11	1.5402891058e-05	100.0
0.000223747620948	-0.00399049815172	0.000141440327346	0.0179665315015	-0.506633497666	0.0147527191911	9.26469094329e-11	1.5402891058e-05	100.0
0.000521182887913	-0.00286017828107	9.40159318524e-05	0.059128798803	-0.357278096106	0.0105302504113	9.26469094329e-11	1.5402891058e-05	100.0
0.000157560324059	-0.00301365271411	-0.000122010761434	0.0140619729227	-0.377621872692	-0.0136101524332	9.26469094329e-11	1.5402891058e-05	100.0
0.00196621872821	-0.000952731183359	-0.00190523795717	0.237385276129	-0.116262017557	-0.229427634215	9.26469094329e-11	1.5402891058e-05	100.0
0.00045180819567	-0.00321011122473	-0.00188466825083	0.0514847189929	-0.397765538728	-0.224159455725	9.26469094329e-11	1.5402891058e-05	100.0
0.00235918530811	0.00111856775111	0.00242426597607	0.284778455441	0.139664816819	0.291239490084	9.25606622177e-11	1.538855214e-05	100.0
-0.000838401649456	-0.00420817914402	0.000258119358139	-0.0978987243469	-0.536496612019	0.0243594031987	9.25606622177e-11	1.538855214e-05	100.0
-0.000843066564249	0.00114656520415	0.000175042835366	-0.0970027194124	0.1619153772	0.0200911246895	9.25606622177e-11	1.538855214e-05	100.0
0.00098627586696	0.00200149856398	0.00127718948034	0.106679292836	0.252638538691	0.135289524764	9.20632446051e-11	1.5305854624e-05	100.0
0.0017199034111	-9.77046870293e-05	-0.000442777188673	0.203850288894	-0.00753247845011	-0.051756926244	9.1872696093e-11	1.5274175229e-05	100.0
-0.00307245917879	-0.00454663962192	0.0004924290719	-0.375808055258	-0.558825511314	0.0571882834347	9.1872696093e-11	1.5274175229e-05	100.0
0.00118039693549	0.0011079585108	-0.000843627575041	0.132716868356	0.147758973347	-0.0934330217829	9.1872696093e-11	1.5274175229e-05	100.0
6.88142979364e-05	-0.00371990870496	-0.00176877478812	0.00469485706443	-0.461505879833	-0.207753309396	9.1872696093e-11	1.5274175229e-05	100.0
-0.00100771606116	-0.0034636641978	-0.00255843642519	-0.125828526012	-0.427375521444	-0.307216018067	9.1872696093e-11	1.5274175229e-05	100.0
-0.00188832511986	-0.000455962157	0.00152253245534	-0.233175126753	-0.0509649203338	0.183072706348	9.15639159756e-11	1.5222839394e-05	100.0
-0.00279300705247	-0.00255712784788	0.000375619433573	-0.344422129347	-0.314231020938	0.0449758534391	9.15639159756e-11	1.5222839394e-05	100.0
0.000886480053623	3.93323628376e-05	0.000756471229507	0.103829431001	0.0139622372769	0.0888210676611	9.15639159756e-11	1.5222839394e-05	100.0
-0.00104773455709	0.00104032143855	-0.000376117829878	-0.12302125611	0.145233262269	-0.0409675058269	9.15639159756e-11	1.5222839394e-05	100.0
-7.05398667015e-05	-0.00467131470161	0.00108914484576	-0.0146851394275	-0.581614891026	0.113758677764	9.14844578998e-11	1.5209629195e-05	100.0
0.00092905798204	0.00146129787521	0.00039428725427	0.0945832057734	0.199761062529	0.039135360358	9.14844578998e-11	1.5209629195e-05	100.0
3.19885363422e-05	-0.0044737828858	-0.0001801785817	-0.01191932856	-0.575807983613	-0.0173127041607	9.14844578998e-11	1.5209629195e-05	100.0
0.00189078155903	-0.00168446560837	-0.000119969067427	0.228107924984	-0.207238188163	-0.0140033092541	9.14844578998e-11	1.5209629195e-05	100.0
0.00130711635129	0.000515427001536	0.00192981237874	0.154672923457	0.0683325154764	0.229009309128	9.10955156477e-11	1.5144966108e-05	100.0
-0.0019691086039	-0.00420035530586	0.00148461236735	-0.240254866943	-0.517819307109	0.174166105481	9.10955156477e-11	1.5144966108e-05	100.0
-0.00214965353033	-0.00185021227719	0.000763914225686	-0.265672865411	-0.22628884341	0.0922458863335	9.10955156477e-11	1.5144966108e-05	100.0
-0.00117761463366	-0.00474486361616	-0.00155201360623	-0.142603959393	-0.584783329877	-0.177263551147	9.10955156477e-11	1.5144966108e-05	100.0
-0.00017616541883	-0.00131927991386	0.00222637299904	-0.0244887971348	-0.160629345576	0.269014287606	9.1062676329e-11	1.513950645e-05	100.0
-0.00166122445498	9.11903553183e-07	0.000195989768209	-0.203032866093	0.00907974178243	0.023485742282	9.1062676329e-11	1.513950645e-05	100.0
0.000297468005739	-0.00401481242279	0.000679268029448	0.0277590750286	-0.50599797003	0.0755598519053	9.0705718467e-11	1.5080160887e-05	100.0
-0.0014441383142	-0.00370793885999	0.00269889985787	-0.179383391058	-0.45718926953	0.325103799942	9.0705718467e-11	1.5080160887e-05	100.0
0.000532868905085	-0.00122294359896	-0.0015838954052	0.0612785228544	-0.148455524007	-0.190785645469	9.0705718467e-11	1.5080160887e-05	100.0
-0.0019015153213	-0.0029829426121	-0.000144030465796	-0.234262583643	-0.370353565297	-0.0166486695277	9.0705718467e-11	1.5080160887e-05	100.0
0.00027680683814	-0.00455624989434	-0.000633034613172	0.0209754980414	-0.573365154923	-0.0617375570959	9.0705718467e-11	1.5080160887e-05	100.0
-0.00166160656563	-0.00416464069652	-0.00213193782477	-0.204318318647	-0.512981636145	-0.254064178658	9.0705718467e-11	1.5080160887e-05	100.0
-0.00245550019443	-0.00498548999434	-0.000711615600288	-0.296395639719	-0.610860565416	-0.0818939693352	9.0705718467e-11	1.5080160887e-05	100.0
-0.00123538733797	0.00053672616119	0.000358600803741	-0.149132698087	0.0788923848742	0.0407960707374	9.05594250856e-11	1.5055839071e-05	100.0
0.00223692159463	0.00266517995353	0.000539969553183	0.257539134721	0.32557150947	0.0606234868111	9.05594250856e-11	1.5055839071e-05	100.0
7.56512436243e-05	-0.00370567697265	0.00245333630835	0.00619322615373	-0.45776830084	0.293594761324	9.03151166475e-11	1.5015221891e-05	100.0
0.00039258386161	-0.00388097713405	1.92279725723e-05	0.0386986183474	-0.490804852958	0.00136743253617	9.03151166475e-11	1.5015221891e-05	100.0
0.0015183734293	-0.000299128798476	0.000301110530773	0.180089394644	-0.0313557028239	0.0360867756855	9.03151166475e-11	1.5015221891e-05	100.0
-0.00267803093022	-0.00442214908999	0.00105660784482	-0.326666058321	-0.543310120852	0.123854362356	9.03151166475e-11	1.5015221891e-05	100.0
0.000357317166761	-0.00336784774504	-2.52860146725e-05	0.0375003875114	-0.423617057847	-0.00307607895725	9.03151166475e-11	1.5015221891e-05	100.0
0.000172094837838	-0.0022738389624	-9.61978725543e-05	0.0166531097071	-0.282185045522	-0.0117287207653	9.03151166475e-11	1.5015221891e-05	100.0
0.000538769888855	0.00128276698299	0.000680611678653	0.054925623288	0.178572365654	0.0705672893364	9.03151166475e-11	1.5015221891e-05	100.0
0.000506858089237	-0.00114923628729	0.000986078023569	0.0582996034184	-0.138467999949	0.11675797376	9.03151166475e-11	1.5015221891e-05	100.0
-0.00280798207959	-0.00524011466555	0.000947244882744	-0.34211415925	-0.642079393516	0.111049998965	9.03151166475e-11	1.5015221891e-05	100.0
0.000428281397203	-0.00460150431981	-0.000269362335276	0.0348525607757	-0.582635175077	-0.0235387128158	9.03151166475e-11	1.5015221891e-05	100.0
0.00162546757205	-0.000319573818125	-0.00103680769843	0.194120863372	-0.0349202313716	-0.122638346263	9.03151166475e-11	1.5015221891e-05	100.0
-0.00287159736252	-0.00470103326337	1.52495071476e-05	-0.349169030379	-0.576662686713	0.00290694102013	9.03151166475e-11	1.5015221891e-05	100.0
-0.00184922593434	-0.0031534826498	-0.00185238945891	-0.228638772236	-0.389346015249	-0.22125444719	9.03151166475e-11	1.5015221891e-05	100.0
-0.00262409905618	-0.00555415234336	-3.69243340099e-05	-0.316954576132	-0.678263706825	-0.00248176993864	9.03151166475e-11	1.5015221891e-05	100.0
0.00100483585085	0.0010671864135	-0.00149717561642	0.115815036445	0.140268623266	-0.172080454541	8.95466363586e-11	1.4887459203e-05	100.0
-0.00105008967196	0.000253187574628	-0.00224749553651	-0.130111201106	0.0367325787187	-0.268732494255	8.95466363586e-11	1.4887459203e-05	100.0
0.000454641189722	-0.00428612076201	0.000236660116413	0.0425813563902	-0.542338660864	0.0227082025485	8.95312476427e-11	1.4884900772e-05	100.0
0.000585889586662	-0.00286332847651	0.000794125432228	0.0667297546561	-0.356667684342	0.0932730065259	8.95312476427e-11	1.4884900772e-05	100.0
0.0019811276608	-0.00110814527355	0.0012919299479	0.238791637775	-0.135190778362	0.153992052597	8.95312476427e-11	1.4884900772e-05	100.0
-0.000738489206117	-0.00277754330731	0.00300974756829	-0.093573995485	-0.342492693485	0.364310440578	8.95312476427e-11	1.4884900772e-05	100.0
-0.00145134661218	-0.00409489328875	0.00208926969373	-0.178685295011	-0.505006550408	0.248031755569	8.95312476427e-11	1.4884900772e-05	100.0
0.00170212169357	0.000750792695474	0.000429670802607	0.198304132023	0.100526676169	0.048517470757	8.95312476427e-11	1.4884900772e-05	100.0
-0.00124249198441	-0.00137193003289	0.00124560466074	-0.15407466625	-0.165468252737	0.149029505351	8.90368977153e-11	1.480271327e-05	100.0
-0.000751679214308	-0.00382874695549	0.00115940398749	-0.09269369466	-0.478096790678	0.133612911664	8.90368977153e-11	1.480271327e-05	100.0
-0.00321578783621	-0.00527149828644	0.000213970560638	-0.392788043359	-0.644758182141	0.0245232985738	8.87437074736e-11	1.4753969309e-05	100.0
-8.49718679786e-05	-0.00444669440098	-0.00132554465563	-0.0148328256832	-0.552567576725	-0.146839842071	8.87437074736e-11	1.4753969309e-05	100.0
-0.00108705167225	0.000815145998198	0.00158216720166	-0.132557023784	0.108485471271	0.183559353797	8.80103798398e-11	1.463205088e-05	100.0
-0.00105809251187	0.00150803413407	0.000953414279846	-0.123137598375	0.19935248396	0.102659256183	8.80103798398e-11	1.463205088e-05	100.0
0.000191261014198	0.00112123820563	0.00296026900535	0.0207180158224	0.141593325963	0.354144082543	8.80103798398e-11	1.463205088e-05	100.0
-0.000449637145016	0.00166802794694	0.000313682284423	-0.043220217443	0.236513546772	0.0240686872388	8.80103798398e-11	1.463205088e-05	100.0
0.000873780827417	0.000447232762652	0.00147709950527	0.101673736678	0.0627562180277	0.172749963586	8.80103798398e-11	1.463205088e-05	100.0
0.000213657083022	-0.000269289637757	0.00123386557774	0.0232314090229	-0.026175778702	0.145564610597	8.80103798398e-11	1.463205088e-05	100.0
-0.00161543976902	-0.000358060914506	-0.000162783869577	-0.198505148099	-0.036686074229	-0.0189711711979	8.80103798398e-11	1.463205088e-05	100.0
-0.000764267262729	0.00176663989737	-5.46603974564e-06	-0.0766665762194	0.245837142764	0.00102932449217	8.80103798398e-11	1.463205088e-05	100.0
-0.00272255633074	-0.00193904195068	-0.000514401875474	-0.336251890143	-0.236845889263	-0.0620105609966	8.80103798398e-11	1.463205088e-05	100.0
0.00025746113873	-0.00476276969456	0.000442562713702	0.0126326124716	-0.6011472863	0.0363722197483	8.79520938209e-11	1.4622360614e-05	100.0
0.000125128755325	-0.00494164839406	0.000637867720112	-0.00134209374712	-0.618288325653	0.0531473216624	8.79520938209e-11	1.4622360614e-05	100.0
0.00128575776701	-0.00235552019471	0.0013240196237	0.153412927631	-0.291071673755	0.157329827441	8.79520938209e-11	1.4622360614e-05	100.0
0.0012880636787	-0.000444621688215	-0.00029472922506	0.152184719695	-0.0494408882871	-0.0357750367451	8.79520938209e-11	1.4622360614e-05	100.0
4.91674339386e-05	-0.00273116310124	0.00197157064442	0.00291692615993	-0.337692148016	0.237013650537	8.79520938209e-11	1.4622360614e-05	100.0
0.000439587353538	-0.00438605376253	-1.64399998796e-05	0.0387211683212	-0.556921212341	-0.000735321218662	8.79520938209e-11	1.4622360614e-05	100.0
0.00115664850563	-8.97765417727e-05	-0.000311470758521	0.135184593402	-0.00387170260848	-0.0364191341002	8.79520938209e-11	1.4622360614e-05	100.0
0.00102252034774	-0.00182909168486	-0.00115474015788	0.121363787832	-0.224940599188	-0.137892163698	8.79520938209e-11	1.4622360614e-05	100.0
0.00129233988669	-0.00185471841719	-0.0011424942178	0.154433354894	-0.228253969464	-0.135532535785	8.79520938209e-11	1.4622360614e-05	100.0
-0.000303769728121	-0.00216250207591	-0.0023512445636	-0.0403341774385	-0.266128010748	-0.284141126011	8.79520938209e-11	1.4622360614e-05	100.0
-0.00228320911094	-0.0044094187983	-0.00014544248715	-0.274255173595	-0.543266982606	-0.015156204817	8.79520938209e-11	1.4622360614e-05	100.0
0.00049663696714	-0.0043173515316	-0.000892165038683	0.0511983569075	-0.540589663906	-0.0982526154006	8.79520938209e-11	1.4622360614e-05	100.0
0.000361441178955	-0.00288679955262	0.000428019353447	0.03883976163	-0.360750522963	0.0505559190744	8.71562055249e-11	1.4490041243e-05	100.0
0.00160392833218	-0.000957434301904	0.00229256573403	0.19351209008	-0.116217373832	0.27697262252	8.71562055249e-11	1.4490041243e-05	100.0
0.000889104339705	0.00242008034376	0.00146495097975	0.0963280905864	0.298636715077	0.156338234055	8.69738542699e-11	1.4459724673e-05	100.0
0.00162644701714	0.00126809901914	0.00262350367885	0.194507395807	0.158714441701	0.313395544229	8.69738542699e-11	1.4459724673e-05	100.0
-0.00168847766127	-0.000806687456214	0.00255587500712	-0.209365361589	-0.096056616888	0.309445890948	8.69738542699e-11	1.4459724673e-05	100.0
-0.00220834254876	-0.00231266368399	0.00173849472464	-0.273108122278	-0.284056301232	0.20963892918	8.69738542699e-11	1.4459724673e-05	100.0
-0.00112385801043	0.001369973687	0.000301533936559	-0.128811657288	0.187324126819	0.0307813052983	8.69738542699e-11	1.4459724673e-05	100.0
-0.00166135082871	-0.00291783366713	8.05936193449e-06	-0.204573410844	-0.362266022127	0.000894483265331	8.69738542699e-11	1.4459724673e-05	100.0
-0.00182934251076	-0.00117557328862	-0.000747652440885	-0.225732345754	-0.14090637866	-0.0891976123587	8.69738542699e-11	1.4459724673e-05	100.0
0.000691661266473	-0.0024264852007	0.00280128593675	0.0819843390294	-0.298944304912	0.338968099537	8.67565012296e-11	1.4423588927e-05	100.0
0.00135078246572	0.000547969341405	0.0013730324435	0.159151242461	0.07392462987	0.161066612685	8.67565012296e-11	1.4423588927e-05	100.0
-0.00253349346623	-0.00486378608783	0.000205064363887	-0.305493835535	-0.597478155141	0.0211378515624	8.67565012296e-11	1.4423588927e-05	100.0
0.00152153925617	-0.000208715980541	0.00114193270299	0.180833820447	-0.0217312957251	0.135629082849	8.63556402661e-11	1.4356944311e-05	100.0
0.00184069631387	0.0007808774565	-0.00109937070715	0.217055420361	0.101333241388	-0.128995151007	8.63556402661e-11	1.4356944311e-05	100.0
0.000202110197241	-0.00466549875405	-0.000963942901628	0.0150164876611	-0.581953914038	-0.0999041317347	8.63556402661e-11	1.4356944311e-05	100.0
0.00129789129906	-0.000800780514786	0.0010433637398	0.154379478395	-0.0952254460967	0.123732809802	8.59534717647e-11	1.4290082311e-05	100.0
0.000924656838782	-0.00120340647529	0.00287941710724	0.110184567528	-0.147178323088	0.348463688355	8.59534717647e-11	1.4290082311e-05	100.0
-0.000848540296637	-0.00467995011496	0.00129889167881	-0.102205635197	-0.57893064169	0.142338056366	8.59534717647e-11	1.4290082311e-05	100.0
0.000738318509503	-0.00375502635573	0.000148052158031	0.0818299917057	-0.472189004982	0.0160564161022	8.59534717647e-11	1.4290082311e-05	100.0
0.00100996494484	-0.000903302578758	0.000608771893209	0.118745677379	-0.107907185022	0.0724252119843	8.59534717647e-11	1.4290082311e-05	100.0
0.00134983781551	0.00103232114887	0.00212592297452	0.159741042842	0.131134188681	0.252033907262	8.59534717647e-11	1.4290082311e-05	100.0
-0.002527180188	-0.00295630920494	0.00169676532695	-0.312375747144	-0.364283131317	0.203303944157	8.59534717647e-11	1.4290082311e-05	100.0
0.000882078909362	-0.00275053936821	-0.000170055060904	0.102700453663	-0.342656448402	-0.018967234514	8.59534717647e-11	1.4290082311e-05	100.0
-0.00126052317882	-0.00239198575425	0.00213796438728	-0.156717994556	-0.294473430258	0.258333664778	8.59265163669e-11	1.4285600877e-05	100.0
-0.000815116010806	-0.00400082765443	-0.000388967072825	-0.097234734567	-0.507285574393	-0.0412768743678	8.59265163669e-11	1.4285600877e-05	100.0
-0.00193018929901	-0.00278135474351	-0.000900817662507	-0.237714978133	-0.343388946158	-0.10639098927	8.59265163669e-11	1.4285600877e-05	100.0
0.00133820157622	3.34500142093e-05	9.65204244983e-05	0.156463283671	0.0110518621559	0.0108214624202	8.55500460153e-11	1.4223011289e-05	100.0
0.000252116402162	-0.00206901604108	0.00236503304281	0.027860371409	-0.254396247842	0.285921975869	8.55500460153e-11	1.4223011289e-05	100.0
-0.00190842256734	-0.00363049228628	-0.000822728215676	-0.233229740733	-0.450631552286	-0.0972994577985	8.53985224821e-11	1.4197819942e-05	100.0
-0.00193040516552	-0.00308549886513	-0.00168290136953	-0.23805206702	-0.379782588584	-0.202960500045	8.53985224821e-11	1.4197819942e-05	100.0
-0.000383366432387	0.000703079857205	-0.000668976800416	-0.0470181041338	0.102704693338	-0.0741320428324	8.53985224821e-11	1.4197819942e-05	100.0
-0.00163185591625	-0.00251325214016	-0.0010543739276	-0.201678966807	-0.310317539827	-0.1246705807	8.53985224821e-11	1.4197819942e-05	100.0
0.00185665046528	0.002594032815	-0.000593921993878	0.20692234402	0.317969030837	-0.0615108527253	8.53985224821e-11	1.4197819942e-05	100.0
0.000870902390992	-0.00324786289388	0.000526184742595	0.100426153606	-0.406027796005	0.0613402199694	8.51453127279e-11	1.4155722885e-05	100.0
0.000967195381812	0.00213228273763	0.000756671176069	0.0933230234366	0.274924642608	0.0679931422648	8.51453127279e-11	1.4155722885e-05	100.0
-0.00152217542151	-0.00493473271448	0.00155370396044	-0.184069303966	-0.606460308594	0.178894459677	8.51453127279e-11	1.4155722885e-05	100.0
-0.000547686123216	0.000929780870537	0.00216193849482	-0.0683623215899	0.120867661451	0.254297562824	8.48675112021e-11	1.4109537354e-05	100.0
-0.00115133275617	0.00181053731195	0.000303460753128	-0.12680955895	0.24073739284	0.02529573655	8.48675112021e-11	1.4109537354e-05	100.0
0.00192391268006	0.00235432006914	0.000288415077134	0.213747958911	0.289263846884	0.02804859009	8.48675112021e-11	1.4109537354e-05	100.0
0.00220371621773	0.00272046898807	0.000181180174465	0.251538021036	0.329911884225	0.0179161914637	8.48675112021e-11	1.4109537354e-05	100.0
-0.0016892799164	-0.00380199117426	-0.000194173805095	-0.202828323287	-0.472933133926	-0.0213989310108	8.48675112021e-11	1.4109537354e-05	100.0
0.00144376227836	0.0025751765172	-0.000225690419195	0.143157473781	0.31148178956	-0.0193076829188	8.48675112021e-11	1.4109537354e-05	100.0
0.000679117476302	-0.00377926588804	1.90485389803e-05	0.0742299484129	-0.475692025376	0.00375012066079	8.47391210328e-11	1.4088192014e-05	100.0
0.00111622542138	-0.00106864044837	-6.20383263109e-05	0.13192934436	-0.128885843488	-0.00610609719931	8.47391210328e-11	1.4088192014e-05	100.0
0.000903667702538	0.000741796438083	0.000368156678249	0.10190318482	0.106561786244	0.0415477117913	8.47391210328e-11	1.4088192014e-05	100.0
0.00175739940729	-0.000743243727666	-0.000403492441487	0.21025079742	-0.088653256757	-0.0460326664026	8.47391210328e-11	1.4088192014e-05	100.0
-0.00271530855659	-0.00126512148478	-0.000535995310407	-0.33538147733	-0.151944625265	-0.0659024333618	8.47391210328e-11	1.4088192014e-05	100.0
0.000443582601159	-0.00432799149387	-0.000978256886179	0.0455074341932	-0.540674918805	-0.107095848652	8.47391210328e-11	1.4088192014e-05	100.0
-0.00201409056219	-0.00347138721534	-0.00168611383424	-0.247738722668	-0.428126188052	-0.20025831168	8.47391210328e-11	1.4088192014e-05	100.0
-0.0021760061994	-0.00520888738766	-0.000432451036424	-0.258772802721	-0.636704400421	-0.0476000358362	8.47391210328e-11	1.4088192014e-05	100.0
-0.00121153539186	-0.00505064918982	-0.000731955639727	-0.13543049298	-0.621667870671	-0.0697888961881	8.47391210328e-11	1.4088192014e-05	100.0
0.000392369336304	-0.00420366989829	0.000242079261279	0.0359008753728	-0.53304924406	0.0249038237822	8.39224127093e-11	1.3952411238e-05	100.0
0.00111841846296	-0.00149590592027	0.000524801317055	0.132728822005	-0.183111447653	0.0616338220021	8.39224127093e-11	1.3952411238e-05	100.0
0.000412162546342	-0.00424777109719	4.37458622464e-06	0.0372441254204	-0.539314459955	0.00334541076026	8.39224127093e-11	1.3952411238e-05	100.0
0.00142046083822	-0.0026195506282	-0.000444182011322	0.169121754202	-0.325515493969	-0.0519324469592	8.39224127093e-11	1.3952411238e-05	100.0
-0.00241611479802	-0.00446092697327	0.000591365796739	-0.292563921837	-0.549636545207	0.0690476046134	8.39224127093e-11	1.3952411238e-05	100.0
-0.000814209806731	-0.00440554975499	-0.00208543745877	-0.101184707261	-0.543332820511	-0.245234431739	8.39224127093e-11	1.3952411238e-05	100.0
-0.000507045689956	-0.000920887177173	0.00248819545718	-0.0647832003364	-0.110433384205	0.300394130807	8.3795883267e-11	1.393137525e-05	100.0
-0.00190394985488	-0.00267467735221	0.00103768036426	-0.234458201582	-0.329792494341	0.123433174656	8.3795883267e-11	1.393137525e-05	100.0
-0.00136763959562	-0.000461614013193	0.00174991184022	-0.169566603779	-0.0514454133001	0.209904516002	8.3795883267e-11	1.393137525e-05	100.0
-0.00214604768469	-0.00241773566581	-0.000435775860398	-0.264166556939	-0.297376904632	-0.0540011996733	8.3795883267e-11	1.393137525e-05	100.0
-1.66517912718e-05	-0.000245344550014	-0.00165776614406	-0.00513391600422	-0.0234699113986	-0.199081523041	8.3795883267e-11	1.393137525e-05	100.0
-0.00115304590896	0.00128222775928	-0.000701199346282	-0.135009675066	0.173127054708	-0.0762783627054	8.3795883267e-11	1.393137525e-05	100.0
0.00228372691818	0.00307996974131	-0.000608176553552	0.264943352712	0.373160376119	-0.0673906088079	8.3795883267e-11	1.393137525e-05	100.0
0.000650726888882	-0.00438277783128	0.00131540253293	0.0723015285768	-0.544738245185	0.150283690746	8.30994684355e-11	1.3815593711e-05	100.0
0.000686295126726	-0.0039003833211	0.000499384507937	0.0750498457129	-0.489615403102	0.054760119928	8.30994684355e-11	1.3815593711e-05	100.0
0.000343671579224	-0.00469817278683	-6.40099055314e-06	0.020463986765	-0.59875976918	-0.00081848276425	8.30994684355e-11	1.3815593711e-05	100.0
0.000875687473472	6.51168886771e-05	-5.08208559295e-05	0.100043987094	0.0168496044907	-0.00577944829895	8.30994684355e-11	1.3815593711e-05	100.0
-0.000871072217474	-0.00367264954173	0.00196522524916	-0.108790659252	-0.454935629396	0.233826181008	8.30994684355e-11	1.3815593711e-05	100.0
0.00118294375777	0.00175581450686	-5.66074533426e-05	0.118362358891	0.234508327897	-0.00656581298487	8.30994684355e-11	1.3815593711e-05	100.0
-0.000123664188096	-0.00146729616232	0.000898554308835	-0.0182368842911	-0.178280198157	0.106265209643	8.30994684355e-11	1.3815593711e-05	100.0
0.00172848608934	-0.00227442035951	-0.000929827266853	0.207636525821	-0.281535992417	-0.110140022739	8.30994684355e-11	1.3815593711e-05	100.0
-0.000423399606656	-0.00101846419302	-0.00212606265431	-0.0546197021741	-0.122231640384	-0.256998344005	8.30994684355e-11	1.3815593711e-05	100.0
0.00135648360916	-0.000327119626556	-0.00269370089731	0.162665277301	-0.0383615197549	-0.324826217115	8.30994684355e-11	1.3815593711e-05	100.0
-0.00201234679766	-0.0060118529909	-0.000115885499479	-0.239599896706	-0.729460910955	-0.0133911893739	8.30994684355e-11	1.3815593711e-05	100.0
0.000925357160314	-0.00363159415149	-0.00125346672545	0.107377984031	-0.451751036272	-0.146481040937	8.30994684355e-11	1.3815593711e-05	100.0
-0.00295631916892	-0.00321742214229	-0.000705525860804	-0.363294650202	-0.395598569769	-0.0819862413343	8.30994684355e-11	1.3815593711e-05	100.0
