# x[AU] y[AU] z[AU] vx[AU/yr/2pi] vy[AU/yr/2pi] vz[AU/yr/2pi] m[MSUN] m[mtot] wf[%]
0.000258916912428	0.00257740492167	-1.0636959729e-06	0.0356928889487	0.317365546954	-0.000378958966563	3.99077297425e-06	0.664695519816	19.4614123502
-0.000521004196576	-0.00517300104854	-1.21434899665e-06	-0.0719769905509	-0.636889856699	-0.000241662331506	1.97450948051e-06	0.328870525584	18.6101248261
-0.000825495924455	-0.00362727633923	-0.000923561453873	-0.10215742746	-0.454800916744	-0.105973255365	1.40366663817e-10	2.337920327e-05	100.0
-0.000575593976833	-0.00363558400795	-0.000391778788928	-0.0724575353923	-0.460695711815	-0.0433465047432	1.3852876835e-10	2.3073086914e-05	100.0
-0.000663315348966	-0.00423830046359	-1.66433765644e-05	-0.0776558622759	-0.548452278951	-0.000115956744072	1.3852876835e-10	2.3073086914e-05	100.0
-0.000517260564144	-0.003532199743	2.98989349425e-05	-0.0657269326191	-0.448018357321	0.00123809603553	1.34893159062e-10	2.2467546779e-05	100.0
-0.000284325064775	-0.00415685007133	0.000171356856164	-0.0408368285687	-0.53675121019	0.0178263100897	1.34893159062e-10	2.2467546779e-05	100.0
-0.00131922267541	-0.00259414982743	0.00059102350408	-0.164401972713	-0.322670401641	0.0714587735831	1.33542220904e-10	2.2242537101e-05	100.0
-4.94647849202e-06	0.00155082462026	-8.734950299e-05	0.000598931531082	0.232222441583	-0.00728655799295	1.32345320774e-10	2.2043183703e-05	100.0
-0.000584758403049	-0.00443581481625	0.000486957051308	-0.0707201371872	-0.57098179474	0.0428241849689	1.32197418115e-10	2.2018549319e-05	100.0
0.000507823122244	0.000649664757815	-0.000576123974089	0.0576247138614	0.0966986015464	-0.0661470317899	1.30982966804e-10	2.1816272629e-05	100.0
-0.000814385594393	-0.00366544348288	0.000457669306379	-0.0988330267074	-0.46339003311	0.0515159102936	1.27311852832e-10	2.1204818902e-05	100.0
0.000346744792144	0.00146054165616	2.52224749647e-05	0.0330912074685	0.21687792754	-0.00161716772775	1.26889115752e-10	2.1134408622e-05	100.0
-0.000458851096789	-0.00290242787954	-0.000506432910305	-0.0592677547461	-0.363514175262	-0.0592664685119	1.2643011964e-10	2.1057959106e-05	100.0
-0.000693383962717	-0.00347306388793	-6.31501424311e-05	-0.0870757857403	-0.439803114591	-0.00849490090291	1.25550096305e-10	2.0911384102e-05	100.0
-0.00062058695796	-0.00279683621667	0.000653643958109	-0.0791213719449	-0.349368761688	0.0768977755272	1.24232952974e-10	2.0692003226e-05	100.0
-0.000652924589641	-0.00442157301909	0.000561909389256	-0.0769322505094	-0.564111176101	0.0500261047354	1.24232952974e-10	2.0692003226e-05	100.0
-0.000943103855288	-0.00227607401848	2.01728190032e-05	-0.118254909341	-0.282365371624	0.00208033885415	1.24232952974e-10	2.0692003226e-05	100.0
-0.000424779611071	-0.00349663163969	-8.95609721803e-05	-0.0558154317298	-0.443407032404	-0.00934186997417	1.23356651094e-10	2.0546048059e-05	100.0
-0.00100921586861	-0.00337711675444	0.000195289207642	-0.12443159633	-0.425381162743	0.0229877234724	1.23356651094e-10	2.0546048059e-05	100.0
8.86748840737e-05	0.000829467522963	-0.00013608257467	0.0078371695645	0.124457038582	-0.014622073845	1.23235603253e-10	2.0525886562e-05	100.0
-0.00110023363227	-0.00349554224778	0.000675255292654	-0.13516802318	-0.438221997996	0.0770862938131	1.22918977908e-10	2.047315005e-05	100.0
-0.000249674331461	-0.00326160034482	9.05971296689e-05	-0.0344474230199	-0.411786372878	0.00886924838086	1.21607617917e-10	2.0254732436e-05	100.0
-0.000192799615503	-0.00347048597958	7.82185466895e-06	-0.0282167940168	-0.439983746506	0.000166337097837	1.21607617917e-10	2.0254732436e-05	100.0
-0.000715869614914	-0.00356324882343	0.000689276305789	-0.0894834238541	-0.449532245621	0.0796946206195	1.21607617917e-10	2.0254732436e-05	100.0
-0.000523982804356	-0.00296154113215	-4.45195509811e-05	-0.0671971194931	-0.372279928929	-0.00527267441037	1.21607617917e-10	2.0254732436e-05	100.0
-0.00138881366398	-0.00457144652942	-0.000326639710467	-0.156336565139	-0.571826030996	-0.030963557614	1.21607617917e-10	2.0254732436e-05	100.0
-0.000517644691383	-0.00423518212168	0.000594036412512	-0.0653064532882	-0.540049878862	0.0579216263669	1.2117100082e-10	2.0182010326e-05	100.0
-0.000331937329506	-0.00406604945267	0.000444683023059	-0.0449757572828	-0.520158086718	0.0450473877803	1.20734635172e-10	2.0109330098e-05	100.0
-0.000999723647738	-0.00337378339276	0.0013143403001	-0.124528482441	-0.420112997027	0.155054075044	1.20734635172e-10	2.0109330098e-05	100.0
-0.000501415915347	-0.00276405535162	-0.000143694730536	-0.0646891646249	-0.346392595709	-0.0164480350552	1.20734635172e-10	2.0109330098e-05	100.0
0.000127493804135	0.000411721312261	0.000297567620038	0.0125972620074	0.0663945692999	0.0344224092969	1.20021473796e-10	1.9990547302e-05	100.0
-7.70796679461e-05	-0.00336490604401	-0.000119830738801	-0.0140381819092	-0.425386163537	-0.0117600601418	1.19862557645e-10	1.9964078532e-05	100.0
-0.000990606443638	-0.00293433540863	-9.80304491794e-06	-0.123381195113	-0.36740651222	-0.000241941509591	1.19862557645e-10	1.9964078532e-05	100.0
-0.00169070400779	-0.00278733337981	-3.3486392316e-05	-0.208704382183	-0.346653349014	-0.00399478910332	1.19862557645e-10	1.9964078532e-05	100.0
-0.000206651058818	-0.000346454274065	-0.000532486294051	-0.0276312538431	-0.0340135353798	-0.0610998882529	1.19560616957e-10	1.9913787868e-05	100.0
-0.000886650838206	-0.00107911239194	-0.00164520478893	-0.111557896063	-0.129584228924	-0.198712339154	1.19560616957e-10	1.9913787868e-05	100.0
-0.000302377158213	-0.00250090423974	0.00076275701376	-0.0402452412263	-0.311163569482	0.090195311204	1.18991133887e-10	1.9818935856e-05	100.0
-0.000291784090808	-0.00225447653086	0.000265686397233	-0.0393044152414	-0.280098014256	0.0317021433802	1.18991133887e-10	1.9818935856e-05	100.0
-0.00196504426176	-0.00409662228876	0.000332620138222	-0.236102671829	-0.508363227835	0.0360014820029	1.18991133887e-10	1.9818935856e-05	100.0
-0.00142655135579	-0.00408173970407	-0.000952516491533	-0.172638748959	-0.509161805993	-0.107969124759	1.18991133887e-10	1.9818935856e-05	100.0
-0.001604112731	-0.0048508560056	-0.000720738662826	-0.18666391652	-0.598928936193	-0.0781967410204	1.18991133887e-10	1.9818935856e-05	100.0
5.43162327009e-05	0.000828613335003	0.00107787986698	0.00396948487076	0.117153730375	0.122216969701	1.1863754545e-10	1.9760042842e-05	100.0
0.000757076734515	0.00142159396056	-0.00130481916538	0.0840025780267	0.188107344031	-0.145550833932	1.1863754545e-10	1.9760042842e-05	100.0
-0.00054732331989	-0.00368503411606	-0.000791073594205	-0.0695098068272	-0.465599259561	-0.0907384141613	1.18120313608e-10	1.9673893695e-05	100.0
-0.000310470664727	-0.00323080206509	-0.00126468027289	-0.0410462459952	-0.403730218556	-0.150204224361	1.18120313608e-10	1.9673893695e-05	100.0
-0.00143237621764	-0.00348276777258	-0.000510088252413	-0.175130567583	-0.436039481227	-0.0592522973745	1.18120313608e-10	1.9673893695e-05	100.0
-0.00136814781669	-0.00307441150076	-3.38962219835e-05	-0.167832173814	-0.383836954338	-0.00314575326174	1.18120313608e-10	1.9673893695e-05	100.0
6.68663124561e-06	0.000986504136853	0.000509195789971	-0.00141803505147	0.144075894733	0.0544651257283	1.1724904072e-10	1.9528776147e-05	100.0
-0.000200107643277	-0.00395042996391	0.000219292362502	-0.0306094360472	-0.505695992206	0.0212702550686	1.16814887828e-10	1.9456464472e-05	100.0
-0.000397780543965	-0.00418847374844	0.000467364095477	-0.0521868847991	-0.53630611603	0.0444448597387	1.16814887828e-10	1.9456464472e-05	100.0
0.000136425205864	-0.0027261286594	-0.000608984142319	0.0129837992561	-0.340724076148	-0.0731764777058	1.16814887828e-10	1.9456464472e-05	100.0
9.53076503849e-05	-0.00161359922952	0.000120206641263	0.0084848569156	-0.197486444831	0.0150150490896	1.16814887828e-10	1.9456464472e-05	100.0
0.000371726507047	0.000781733931123	0.00136731220119	0.0412632579532	0.107371889305	0.156435795133	1.16785116195e-10	1.9451505765e-05	100.0
-0.000158189420613	0.00158928021895	0.000211171295729	-0.013583299465	0.234620743218	0.0156520918138	1.16785116195e-10	1.9451505765e-05	100.0
-0.000115947765057	-0.00174832076965	-0.000245887663487	-0.0168078757036	-0.214814334256	-0.0275865706404	1.16785116195e-10	1.9451505765e-05	100.0
-0.000383247512306	-0.00177980533442	-0.000610580806763	-0.049224787711	-0.2183243209	-0.0709906838184	1.16785116195e-10	1.9451505765e-05	100.0
0.000113043148742	-0.00189170920619	-0.000914311331906	0.0102556990434	-0.232992613795	-0.108717390571	1.16379880008e-10	1.93840104e-05	100.0
-6.42646836858e-05	-0.00465864099562	-0.00069903673288	-0.018886157115	-0.589140084556	-0.0625091740941	1.16379880008e-10	1.93840104e-05	100.0
-0.00231982933605	-0.00492533457109	-0.000212511701084	-0.277966238932	-0.604033578478	-0.0233289759317	1.16379880008e-10	1.93840104e-05	100.0
-0.000470762236965	-0.00329844135803	8.7596389024e-06	-0.0601178204085	-0.416708742	0.00304125502339	1.15944872188e-10	1.9311556329e-05	100.0
-0.000488468682476	0.0012982671476	-0.000176728105048	-0.0533517088004	0.187304329601	-0.0171273734565	1.15855506998e-10	1.9296671834e-05	100.0
-9.62372604211e-05	-0.00388803042622	-0.000336277413854	-0.0184637830025	-0.495438563526	-0.0350984582428	1.15509914658e-10	1.9239110634e-05	100.0
-0.000989361081728	-0.00309332899683	-0.000878310037604	-0.123261954984	-0.386735432295	-0.103533289683	1.15509914658e-10	1.9239110634e-05	100.0
-0.00124428286879	-0.000161629919402	-0.000778909636379	-0.153068066753	-0.0114923401882	-0.091941644956	1.14923333015e-10	1.9141410717e-05	100.0
-0.000772260993217	-0.000302204305492	-0.00142496792349	-0.0965635459398	-0.0305519800592	-0.169818604591	1.14923333015e-10	1.9141410717e-05	100.0
-0.000117270001524	-0.00402636339242	0.00065584114967	-0.0209969303785	-0.510865142301	0.0695493565989	1.14639949308e-10	1.9094210868e-05	100.0
0.00136524155728	-0.00158598453748	-0.000329640211142	0.163570963448	-0.19473333237	-0.0382798872013	1.14639949308e-10	1.9094210868e-05	100.0
-0.00212250248887	-0.00518902466705	0.000255398847064	-0.251906103105	-0.635506210581	0.0276427229332	1.14639949308e-10	1.9094210868e-05	100.0
-0.000123467364245	-0.00278568901489	0.000521812516647	-0.0190701970967	-0.348586779522	0.0616377969713	1.13769883378e-10	1.894929435e-05	100.0
0.000485905906728	-0.00240786455258	0.000393107469343	0.0551167692229	-0.299856787803	0.0472109553641	1.13769883378e-10	1.894929435e-05	100.0
0.000718401653962	-0.000938092362367	0.000402720091343	0.0838228864743	-0.111451408197	0.0480437393467	1.13769883378e-10	1.894929435e-05	100.0
-0.000284473179891	-0.00428473049516	-0.00035658704052	-0.0420558416542	-0.551623725604	-0.0299332554732	1.13769883378e-10	1.894929435e-05	100.0
-0.000731433122731	-0.00417348931852	-0.00104702146218	-0.0904604798952	-0.524238816251	-0.115211228293	1.13769883378e-10	1.894929435e-05	100.0
-0.00150428743516	-0.00189961343594	0.0010195207969	-0.186789543685	-0.233228441231	0.122193064067	1.13519992758e-10	1.8907673046e-05	100.0
2.57905406257e-05	-0.000174846849013	-0.00108390268051	0.000481936119978	-0.0130794524556	-0.127687085224	1.13519992758e-10	1.8907673046e-05	100.0
-0.00134979346775	-0.000931213890065	-0.00160743919673	-0.167936937241	-0.111105866815	-0.193029994981	1.13519992758e-10	1.8907673046e-05	100.0
-0.000550473349451	5.41218971601e-05	0.00250224788507	-0.0699003676525	0.011204461372	0.300705206426	1.13050787792e-10	1.8829523163e-05	100.0
-0.000468002340765	0.00196664192033	0.000531363507703	-0.0412375361562	0.269850918427	0.0388429685235	1.13050787792e-10	1.8829523163e-05	100.0
-0.00103898354898	-0.0013705970825	0.000101608278526	-0.129584932026	-0.166212437127	0.0118731063827	1.13050787792e-10	1.8829523163e-05	100.0
-0.00249715394011	-0.00177627029754	0.000151367579452	-0.308885318984	-0.216706142338	0.0181998981303	1.13050787792e-10	1.8829523163e-05	100.0
0.00210374132651	0.00213349804076	0.000425635639211	0.240514023255	0.264529188218	0.0462381721751	1.13050787792e-10	1.8829523163e-05	100.0
-2.53432126103e-05	0.00160742501872	-0.00134713105913	-0.0048116068068	0.212224341924	-0.144665493663	1.13050787792e-10	1.8829523163e-05	100.0
-0.000260747762689	-0.00450897285813	0.00068274849396	-0.0390635540657	-0.573626634579	0.0627426066759	1.12899465418e-10	1.8804319198e-05	100.0
0.000679053978273	0.000535301039228	0.000518161582095	0.0758854328706	0.080093824796	0.0579944936591	1.12464055279e-10	1.8731798117e-05	100.0
-0.00134228987839	-0.0045214749971	0.000254221183851	-0.150058522843	-0.566315713785	0.0208127666317	1.12464055279e-10	1.8731798117e-05	100.0
0.000486482093779	-0.00239256737035	-1.69215706952e-05	0.0554133234176	-0.298001872397	-0.00164192251851	1.12464055279e-10	1.8731798117e-05	100.0
-0.000401870865158	-0.000780881330686	0.001208950729	-0.0514149177926	-0.0909411369628	0.144541594183	1.12109963942e-10	1.8672821341e-05	100.0
-0.00250188045925	-0.00228559618068	0.00147530087425	-0.310002509047	-0.280645757602	0.179329132451	1.12109963942e-10	1.8672821341e-05	100.0
-8.63456723987e-05	-0.00345495060546	0.000601439549881	-0.0153863002812	-0.435666683102	0.0680920143977	1.12028544559e-10	1.8659260284e-05	100.0
0.000128869807964	-0.00445401875784	0.00104346720177	0.00779521677116	-0.557843713705	0.111963058737	1.12028544559e-10	1.8659260284e-05	100.0
0.000573144686758	-0.00194045923763	-0.000944792082525	0.0662710268855	-0.239499055176	-0.113155210078	1.12028544559e-10	1.8659260284e-05	100.0
7.87937146087e-05	0.000167347088203	-0.000324074565521	0.00727188728066	0.0338613041671	-0.0365086372962	1.11165921538e-10	1.8515583442e-05	100.0
-0.000900154044973	-0.00224452851855	-0.0012606259115	-0.112875454469	-0.277299748127	-0.151005936378	1.11165921538e-10	1.8515583442e-05	100.0
5.08720976321e-05	-0.0035620892717	2.24025783838e-05	-0.000112823408723	-0.451702658562	0.000937030094476	1.11156969932e-10	1.851409248e-05	100.0
-9.82025584071e-05	-0.00408372993146	-1.75763518852e-05	-0.0210271727404	-0.525087069514	-0.00217180379122	1.11156969932e-10	1.851409248e-05	100.0
0.000805349678817	-0.000598623129828	0.00102204141579	0.094974149542	-0.0685160841295	0.121486679119	1.11156969932e-10	1.851409248e-05	100.0
-0.0001211334788	-0.00353698921772	-9.89379457725e-05	-0.0203378386798	-0.448942557142	-0.0111864643703	1.11156969932e-10	1.851409248e-05	100.0
0.00119334665617	0.000168253787271	0.000103459069802	0.139193499403	0.0297912771862	0.0120824023055	1.11156969932e-10	1.851409248e-05	100.0
-0.0026705528298	-0.00414232003972	8.98258878961e-05	-0.325309562337	-0.510401890099	0.00752243285566	1.11156969932e-10	1.851409248e-05	100.0
0.000378572017222	-0.0025573383972	0.000635956196193	0.0419881804286	-0.318821256158	0.0747966621793	1.10284640955e-10	1.8368799032e-05	100.0
0.00144870940312	-0.00118179313805	0.00096156975368	0.173947999649	-0.143677175458	0.114695646234	1.10284640955e-10	1.8368799032e-05	100.0
0.00010024725255	-0.00318274837845	-0.000325368108612	0.00705287047842	-0.400506701299	-0.0359060408631	1.10284640955e-10	1.8368799032e-05	100.0
-0.00049555498936	-0.0028476756737	-0.000663589406343	-0.0640852739135	-0.356293264609	-0.0771664839141	1.10284640955e-10	1.8368799032e-05	100.0
0.000122976559492	0.00153006451054	0.00100869606569	0.0115876534738	0.207576392579	0.101288375974	1.10218358839e-10	1.835775921e-05	100.0
-0.000496239925693	0.00182942638107	0.000302792701487	-0.0438157244364	0.257922698933	0.0193022736811	1.10218358839e-10	1.835775921e-05	100.0
-0.000661736505438	-0.000262215841098	0.000303576604577	-0.0825963071692	-0.0227603945644	0.0361255878523	1.10218358839e-10	1.835775921e-05	100.0
-0.00140161360799	-0.00339854124234	-0.00031148028268	-0.170512641165	-0.424806921188	-0.0367308799331	1.10218358839e-10	1.835775921e-05	100.0
0.000483131088075	0.00127240376664	7.27748921295e-05	0.0491689609574	0.186708437351	0.00677034830854	1.10218358839e-10	1.835775921e-05	100.0
-0.00147855595233	-0.000499132851728	-0.000601983589236	-0.182447755849	-0.0546501797201	-0.0716644260628	1.10218358839e-10	1.835775921e-05	100.0
-0.000640102828756	0.00102524144911	-0.000833208322931	-0.0756891898001	0.142802396618	-0.0906088686009	1.10218358839e-10	1.835775921e-05	100.0
0.00149894563686	0.00210259409835	-0.000714995657288	0.162169813533	0.265159271783	-0.0735316216088	1.10218358839e-10	1.835775921e-05	100.0
0.000206551902547	-0.00292375157764	0.000149958777722	0.0204191975703	-0.366851192458	0.0181252822571	1.09848074147e-10	1.8296085299e-05	100.0
0.00052622050174	-0.00022425976783	0.000493054315886	0.0599402674039	-0.0191765692449	0.0567655501388	1.09848074147e-10	1.8296085299e-05	100.0
-0.000199024589446	-0.00203345645113	0.000837796761368	-0.0279655154616	-0.251217265114	0.09897439415	1.09848074147e-10	1.8296085299e-05	100.0
0.000751968471434	-0.00267247596306	-0.00117104913894	0.0879786319162	-0.331767733031	-0.138521265246	1.09848074147e-10	1.8296085299e-05	100.0
0.00048100973859	-0.00241395519863	0.00222318246158	0.0556451107929	-0.298395979898	0.268888179314	1.0941125589e-10	1.8223329685e-05	100.0
0.000770399149003	-0.000966026336229	-0.000350063141073	0.090598532843	-0.114687756069	-0.0419289193582	1.0941125589e-10	1.8223329685e-05	100.0
-0.00117606403358	-0.00367738949736	0.000668715470159	-0.142970686894	-0.461661955302	0.0763387327548	1.0941125589e-10	1.8223329685e-05	100.0
-0.000375352408722	0.00100602878561	4.46280091318e-05	-0.0431001599297	0.148003774479	0.00320455686573	1.09267024396e-10	1.8199306763e-05	100.0
-0.000255217294406	0.000876567915816	-0.00041751627269	-0.0313817493133	0.128193370766	-0.0427447236767	1.09267024396e-10	1.8199306763e-05	100.0
-0.000105789019322	-0.00111022593425	-0.00221360583035	-0.0155741572	-0.13356281819	-0.267571683741	1.09267024396e-10	1.8199306763e-05	100.0
0.00195945373887	0.00139482963991	0.000470310948423	0.226478619409	0.178111281088	0.050822771722	1.08789923911e-10	1.8119841818e-05	100.0
-0.00258577743146	-0.00203507360469	0.000521270237137	-0.319947715722	-0.249386975478	0.0628807959434	1.08789923911e-10	1.8119841818e-05	100.0
-0.000424882179957	0.00123416398459	-3.28686144916e-05	-0.046210354394	0.179637325032	-0.00365437632784	1.08789923911e-10	1.8119841818e-05	100.0
-0.00015879327372	-0.00367915423672	-0.000637699808918	-0.024931663007	-0.465107297366	-0.0705195734835	1.08536714157e-10	1.8077667685e-05	100.0
0.000602711146924	-0.0025315932343	-0.000842536244869	0.0694233967023	-0.315050721437	-0.09908678731	1.08536714157e-10	1.8077667685e-05	100.0
-0.000150762084076	-0.0040615511837	-0.000573673594433	-0.0250212265269	-0.515989645315	-0.057594715583	1.08536714157e-10	1.8077667685e-05	100.0
-5.26862603734e-05	0.00125064672368	0.000503664794368	-0.00637001055754	0.180960585048	0.0502256341499	1.07832604968e-10	1.7960392604e-05	100.0
-0.00067687129988	-0.00430391090339	0.000739266527542	-0.0801640352576	-0.54521538357	0.0767608148157	1.07832604968e-10	1.7960392604e-05	100.0
-0.000395744380899	0.000891950525336	-0.000370538280275	-0.0463432674307	0.130742770388	-0.0392354048725	1.07832604968e-10	1.7960392604e-05	100.0
7.05821935405e-05	-0.0044676115737	-0.000177887990601	-0.00822767394587	-0.576704918858	-0.0164954284659	1.07660814596e-10	1.7931779528e-05	100.0
-2.32473897531e-05	-0.00369434356508	-0.000209815783775	-0.00965483308408	-0.469615827287	-0.0229968906022	1.07660814596e-10	1.7931779528e-05	100.0
0.00144858147309	-0.00118669165536	-0.000214444397423	0.173271325017	-0.144546758565	-0.024789186161	1.07660814596e-10	1.7931779528e-05	100.0
0.000252184477041	0.000149467659495	0.000182443578015	0.0262298311653	0.031106129539	0.0211327335706	1.07660814596e-10	1.7931779528e-05	100.0
0.00037490186372	0.000620525002626	0.0003882501598	0.041556788583	0.0940844653941	0.043697947055	1.07660814596e-10	1.7931779528e-05	100.0
-0.00140232911764	0.000301401273394	8.30968444794e-05	-0.170782903843	0.0487358547517	0.00993850908679	1.07352336218e-10	1.7880399959e-05	100.0
0.00157968093432	-0.00120548192214	0.000817552186055	0.190088755413	-0.146551346192	0.0991805122029	1.07222286482e-10	1.7858739124e-05	100.0
0.000540523647707	-0.00165240589397	0.00112507739791	0.0627336092038	-0.203184008417	0.136435035491	1.07222286482e-10	1.7858739124e-05	100.0
0.000775069822033	-0.000706143150739	-0.001398301067	0.0916633191082	-0.0828361520978	-0.166860816969	1.07222286482e-10	1.7858739124e-05	100.0
-0.00236851747342	-0.0051204043824	0.000317093441344	-0.284551466849	-0.627646904757	0.0379562886561	1.07222286482e-10	1.7858739124e-05	100.0
-0.00011074580611	-0.00253604249135	-0.00187043609853	-0.0168248461768	-0.313799508012	-0.224005310769	1.07222286482e-10	1.7858739124e-05	100.0
-0.000647252809782	0.000753098661718	0.000357856574672	-0.0771092448497	0.110898773179	0.0395469957963	1.06870910801e-10	1.7800214662e-05	100.0
0.000573750475367	-0.00373942818746	0.00092299421719	0.0633427335653	-0.468419588607	0.105319479614	1.06343922714e-10	1.7712440533e-05	100.0
0.000858045696235	-0.00124098872893	-0.000679901485456	0.10120327541	-0.15033206751	-0.0794542196991	1.06343922714e-10	1.7712440533e-05	100.0
-7.22446275434e-05	-0.0044623091874	-0.00111674351138	-0.0151516943549	-0.558458004456	-0.1199408814	1.06343922714e-10	1.7712440533e-05	100.0
-0.000538485483517	0.000810510115837	-0.00180926839108	-0.0671696258422	0.108380117104	-0.211459929611	1.05904589961e-10	1.7639266109e-05	100.0
0.000525624956693	-0.00183617408734	0.00104047669684	0.0611074095383	-0.226303483951	0.123544130238	1.05904087062e-10	1.7639182348e-05	100.0
4.24536163896e-05	-0.00225042565649	0.00186096822654	0.00192802479763	-0.27800951056	0.224439441837	1.05904087062e-10	1.7639182348e-05	100.0
0.00104126691912	-0.000314309609054	0.000167115593391	0.122132702753	-0.0314876779726	0.0201373325382	1.05904087062e-10	1.7639182348e-05	100.0
0.00126848122137	-0.00215472426935	0.000159806787223	0.151457919591	-0.267478269193	0.0198932910263	1.05904087062e-10	1.7639182348e-05	100.0
0.000905360518143	-0.000427755406007	0.00061740982076	0.106548104081	-0.0467371675714	0.0735907924115	1.05904087062e-10	1.7639182348e-05	100.0
-0.000339394961281	-0.00136791386864	0.00106423997645	-0.0448979560028	-0.166213478809	0.127784217384	1.05904087062e-10	1.7639182348e-05	100.0
-8.97829085344e-05	0.000339726502651	-0.000647476891234	-0.0131669743864	0.0556379020484	-0.073818652733	1.05904087062e-10	1.7639182348e-05	100.0
0.000507980643096	-0.00162776175443	-0.000292977756962	0.0587009341068	-0.19928746112	-0.033707617405	1.05904087062e-10	1.7639182348e-05	100.0
0.000985671727612	-0.00213446276993	-0.00172196531471	0.117204798261	-0.263546390558	-0.207333667123	1.05904087062e-10	1.7639182348e-05	100.0
0.000403195871825	-0.00187182925459	-0.00204826994927	0.0465035478907	-0.230315096497	-0.247033601689	1.05904087062e-10	1.7639182348e-05	100.0
-0.00202089665525	-0.00496771726671	-0.00018709797679	-0.237894264335	-0.610280575866	-0.0205502174061	1.05904087062e-10	1.7639182348e-05	100.0
-0.00144325615585	-0.00479405558464	-0.00103984026071	-0.171456198902	-0.594579286898	-0.114326747351	1.05904087062e-10	1.7639182348e-05	100.0
-0.00280888485888	-0.00429482077027	-0.00153209262082	-0.346356797354	-0.529605301821	-0.183977309421	1.05904087062e-10	1.7639182348e-05	100.0
0.000967194762886	-0.00273446329721	0.000855395073615	0.113942060654	-0.340690011098	0.100983463778	1.0546369822e-10	1.7565832024e-05	100.0
0.00032222181891	-0.00319984804369	-0.000263372123003	0.0336963626844	-0.402319505669	-0.0294842960998	1.0546369822e-10	1.7565832024e-05	100.0
-0.000426571250529	-0.00194061163699	0.0013555399343	-0.0549863881286	-0.238609017991	0.162319061156	1.05419593959e-10	1.7558486102e-05	100.0
-0.00048788785221	-0.00276839685988	0.00118360325847	-0.0620088768018	-0.344116362645	0.140371185857	1.05419593959e-10	1.7558486102e-05	100.0
7.58650537598e-05	-0.00440719837799	0.000203261062398	-0.00625353603463	-0.566578130899	0.0148120660639	1.05022806479e-10	1.7492397938e-05	100.0
-0.000299616289612	-0.00369382422888	0.00174707866414	-0.040156741006	-0.459375212656	0.20557927293	1.05022806479e-10	1.7492397938e-05	100.0
-0.000408440781811	-0.00469967175248	0.000789306711436	-0.0528641943764	-0.591435556914	0.0691774713328	1.05022806479e-10	1.7492397938e-05	100.0
5.42979174422e-05	-0.00417358008679	0.000186600845135	-0.00487581061746	-0.535337414498	0.0178253177624	1.05022806479e-10	1.7492397938e-05	100.0
0.000320355422539	-0.00287608424683	0.000353226669589	0.034195474834	-0.360319269831	0.0408997829142	1.05022806479e-10	1.7492397938e-05	100.0
0.000208082437493	-0.000955054379661	0.00197944870896	0.0221179850185	-0.114473753545	0.23873175266	1.05022806479e-10	1.7492397938e-05	100.0
-0.000232075566033	-0.00364258850651	0.000799200970245	-0.0322760881773	-0.458739461088	0.088770935538	1.05022806479e-10	1.7492397938e-05	100.0
0.000480330704092	-0.00310149960824	-0.000311611545885	0.0531312194245	-0.389672111223	-0.0364885292322	1.05022806479e-10	1.7492397938e-05	100.0
-0.000258415170424	-0.00127018983887	0.000602693238975	-0.0339375392446	-0.153585950655	0.0715881548709	1.05022806479e-10	1.7492397938e-05	100.0
-0.000665918765453	0.0014768175927	0.00127867534601	-0.0789113534078	0.194454821432	0.139623369151	1.04445779921e-10	1.7396289497e-05	100.0
-0.000803333458008	0.00163543851189	0.000856372894217	-0.0904817667096	0.218194394226	0.0870093917667	1.04445779921e-10	1.7396289497e-05	100.0
0.000731736138875	0.00151052462099	0.00114118155226	0.0797764275444	0.199610211877	0.120924243848	1.04445779921e-10	1.7396289497e-05	100.0
-0.00119653164569	0.00056397355633	0.000883034025698	-0.145297461507	0.0808545754625	0.101493205557	1.04445779921e-10	1.7396289497e-05	100.0
-0.000653759187837	-0.000974889984581	0.00105163136884	-0.082397277062	-0.115302701296	0.126299236671	1.04445779921e-10	1.7396289497e-05	100.0
-0.00105885385727	-0.00409816207444	0.000178188683711	-0.122146292488	-0.519660458648	0.0188880297626	1.04445779921e-10	1.7396289497e-05	100.0
0.000541700353219	0.000701758636462	0.000604933640576	0.0602315326673	0.102486772597	0.0669398319358	1.04445779921e-10	1.7396289497e-05	100.0
0.000469819226732	-0.00121455759704	0.000471993804361	0.0549698418379	-0.146153365304	0.0569336559076	1.04445779921e-10	1.7396289497e-05	100.0
-0.0013223927859	-0.00062096783296	-0.000327063217378	-0.163091437246	-0.0698068803689	-0.0389162227509	1.04445779921e-10	1.7396289497e-05	100.0
-0.000524376550902	0.00088022471987	-8.55176918504e-05	-0.0610597724275	0.129526135011	-0.00848597611119	1.04445779921e-10	1.7396289497e-05	100.0
-0.0022384944604	-0.00268048608823	-0.000791675960733	-0.276391575042	-0.331147358357	-0.0959927804261	1.04445779921e-10	1.7396289497e-05	100.0
0.00219883146793	0.0026221340857	-8.7916619217e-05	0.251432407225	0.319360991065	-0.00782822618108	1.04445779921e-10	1.7396289497e-05	100.0
0.0013138288241	0.00218794257665	0.000261597516408	0.126191116702	0.276783795081	0.0293893531956	1.04445779921e-10	1.7396289497e-05	100.0
0.00101561149667	-0.000180448143765	0.00126569212633	0.120184528622	-0.0160261432181	0.149397326978	1.0413931314e-10	1.7345244976e-05	100.0
-0.000540137982646	-0.00113966899731	0.00200180494494	-0.0688434964198	-0.137631576532	0.241276557026	1.03466534572e-10	1.7233188263e-05	100.0
-0.00119528998918	-0.00113699918698	0.00231677798466	-0.149326681676	-0.13692242961	0.281099580781	1.03466534572e-10	1.7233188263e-05	100.0
-0.000938068789037	0.000419050115183	0.000588694008243	-0.113700660176	0.0645603824602	0.0673755242976	1.03466534572e-10	1.7233188263e-05	100.0
0.000313196869673	-0.000952481747322	-0.000156659967982	0.0345193196638	-0.112797990913	-0.0186985324506	1.03466534572e-10	1.7233188263e-05	100.0
-0.00126236691162	-0.00307471636513	-0.00118074235979	-0.156260198819	-0.382667854671	-0.140700966845	1.03466534572e-10	1.7233188263e-05	100.0
-0.0017660523352	-0.000841177682284	-0.000816009265766	-0.218140751911	-0.0984802729045	-0.0970474592397	1.03466534572e-10	1.7233188263e-05	100.0
0.00132342885961	0.000539036812414	0.00104566396867	0.155753224228	0.0753089202049	0.121964666343	1.03253405885e-10	1.7197689956e-05	100.0
-0.000913512855969	-0.00324497128795	0.00185311857524	-0.114695115483	-0.402605312501	0.221374233313	1.03253405885e-10	1.7197689956e-05	100.0
0.000541571548037	-0.000839443532066	-0.00117346558336	0.0631860957122	-0.0989480088671	-0.14008336837	1.03253405885e-10	1.7197689956e-05	100.0
-0.000762694779652	-0.000331783043413	-0.000146138328451	-0.0951300623062	-0.0319289018445	-0.0160069057388	1.03253405885e-10	1.7197689956e-05	100.0
-0.000643175429368	-0.00437444788457	-0.000668275591144	-0.0770607502046	-0.555149633733	-0.0631914412308	1.03253405885e-10	1.7197689956e-05	100.0
-0.00183865533241	-0.00432021534482	-0.000514427180052	-0.218829481959	-0.535469746759	-0.0561895998606	1.03253405885e-10	1.7197689956e-05	100.0
-0.000821463828094	-0.00116609463159	0.00156510425579	-0.103242045534	-0.140622347895	0.188139722844	1.02481505881e-10	1.7069123767e-05	100.0
-0.00131024803336	-0.00299917450463	0.00181377930281	-0.162914897319	-0.370834349908	0.218795468159	1.02481505881e-10	1.7069123767e-05	100.0
0.000537105973461	0.000604639184433	-0.000508863005762	0.0597793123287	0.0904196391253	-0.0565636927678	1.02481505881e-10	1.7069123767e-05	100.0
-0.00104720186422	-0.00287989493008	-0.00161718706375	-0.130528115179	-0.357128463223	-0.193967667608	1.02481505881e-10	1.7069123767e-05	100.0
0.000362562902154	-0.00290697079066	0.000612552698807	0.0394956734611	-0.363418586502	0.0705399851412	1.02364782974e-10	1.7049682623e-05	100.0
0.000549873087953	-0.00133657444217	0.00241527510338	0.064187521409	-0.163284161953	0.291655128952	1.02364782974e-10	1.7049682623e-05	100.0
0.0012636649224	-0.00218456317213	0.000583640476422	0.151008265745	-0.27088683409	0.0695267651221	1.02364782974e-10	1.7049682623e-05	100.0
0.000169432353271	0.000598643637813	0.00102636106658	0.0169642323726	0.0869949336005	0.116359862505	1.02364782974e-10	1.7049682623e-05	100.0
-0.000669592450289	-0.00479284108594	0.000965439464306	-0.079693906922	-0.599035864929	0.0949018486896	1.02364782974e-10	1.7049682623e-05	100.0
0.00101419201744	-0.000885446569862	-0.000786552421498	0.119844672849	-0.105675023103	-0.0929217858595	1.02364782974e-10	1.7049682623e-05	100.0
0.000911016114683	0.0004067129924	-0.00144484996818	0.106640070062	0.058707408916	-0.170868316045	1.02364782974e-10	1.7049682623e-05	100.0
-0.00187432025261	-0.00445699803126	-5.84571238947e-05	-0.220729739596	-0.552324209519	-0.00748674458625	1.02364782974e-10	1.7049682623e-05	100.0
0.000290024922353	-0.00408007803416	-0.00107650180672	0.0281592891626	-0.510808206572	-0.120322495576	1.02364782974e-10	1.7049682623e-05	100.0
-0.000886316643142	-0.00353102524313	-0.00171827222699	-0.110755006336	-0.438453708332	-0.202692236342	1.02364782974e-10	1.7049682623e-05	100.0
-0.000997283405518	-0.00212283772987	-0.000820739597399	-0.124811492107	-0.261971823016	-0.0983646432363	1.01986753635e-10	1.6986718778e-05	100.0
-0.0016038056168	-0.00275747845868	-0.0016304449092	-0.198853227987	-0.340654922543	-0.197082435476	1.01986753635e-10	1.6986718778e-05	100.0
4.1353376884e-05	0.00149114798437	-0.000789768572822	0.00294127396434	0.208881075022	-0.0783728571925	1.01986753635e-10	1.6986718778e-05	100.0
-0.000632029254545	-0.00223143426473	-0.00176193244313	-0.0799412286787	-0.275202143682	-0.211674568121	1.01986753635e-10	1.6986718778e-05	100.0
0.000220491485786	-0.00453178626258	0.000673369479917	0.013766888276	-0.572064342986	0.0659758619034	1.0191936514e-10	1.6975494679e-05	100.0
-0.000775589015653	-0.00367653918279	0.000506684465911	-0.0956761000279	-0.465029977774	0.0552915128581	1.0191936514e-10	1.6975494679e-05	100.0
0.00117155969473	-0.00183595299208	-0.00152332369441	0.140215066334	-0.226230814699	-0.183728009411	1.0191936514e-10	1.6975494679e-05	100.0
0.000422165063169	-0.00373168397496	-0.000907492911528	0.0450415799116	-0.467991906061	-0.10261303041	1.0191936514e-10	1.6975494679e-05	100.0
-0.000206849077311	0.00157862162199	0.00149934099864	-0.026312649584	0.205537358853	0.164615707415	1.01490392111e-10	1.6904045751e-05	100.0
-0.000858655179509	0.0011537187291	0.00105888783676	-0.101999555072	0.156078079359	0.117441369657	1.01490392111e-10	1.6904045751e-05	100.0
0.00245737906783	0.00296147369476	0.000786230790784	0.288825612773	0.359716307204	0.0907002660107	1.01490392111e-10	1.6904045751e-05	100.0
-0.00123685716564	-0.00215440997423	0.000355542127192	-0.154006341589	-0.266434563255	0.0438877731894	1.01490392111e-10	1.6904045751e-05	100.0
0.000227904995074	-0.00369567711915	0.00040629523029	0.0202920903429	-0.46758410291	0.0446112070526	1.01473142667e-10	1.6901172717e-05	100.0
0.000617701384482	-0.000547548672823	-0.000738047118407	0.0709049770204	-0.0615801857741	-0.0874491995704	1.01473142667e-10	1.6901172717e-05	100.0
0.00203255907265	0.000410490655567	-0.000934801347744	0.242188832154	0.0549779305468	-0.110405337909	1.01473142667e-10	1.6901172717e-05	100.0
-0.00142549531816	-0.00520555315698	0.000368056286258	-0.155624160175	-0.634419544676	0.0346161417774	1.01473142667e-10	1.6901172717e-05	100.0
6.48435557205e-05	-0.00460723065833	-0.0009709035999	-0.000832671316774	-0.575874925195	-0.0992307348085	1.01473142667e-10	1.6901172717e-05	100.0
0.00144905879205	0.00115289520548	0.0011018668249	0.167700388849	0.151282150738	0.126523871201	1.01026165846e-10	1.6826725112e-05	100.0
0.000432318234513	-0.00356893912328	0.00120523809661	0.0477334781878	-0.445210195489	0.139019437977	1.00578283806e-10	1.6752126735e-05	100.0
0.00119437432808	-0.000466727857645	0.000221399144132	0.140796493498	-0.052346296451	0.0253327267423	1.00578283806e-10	1.6752126735e-05	100.0
-0.002598713001	-0.00455873944348	0.000524087177666	-0.315695488193	-0.560357018574	0.0597071492027	1.00578283806e-10	1.6752126735e-05	100.0
-0.000170868615645	-0.000401433803162	0.00166494602313	-0.0235899959274	-0.0439300813801	0.198110185971	1.0049274065e-10	1.6737878831e-05	100.0
-0.00115340782568	-0.00213272837753	0.00168993561765	-0.143934034329	-0.262505846962	0.203593847349	1.0049274065e-10	1.6737878831e-05	100.0
-0.000292722910674	-2.62272756954e-05	0.00119016500146	-0.0379050632595	0.00563002491129	0.139947645084	1.0049274065e-10	1.6737878831e-05	100.0
-0.00150694788225	-0.0031241805173	0.000368402351445	-0.184164017278	-0.38883573262	0.0431165745977	1.0049274065e-10	1.6737878831e-05	100.0
-0.000824763919451	0.000946004740761	-0.000730264523344	-0.0977682748846	0.13275888136	-0.0808218666736	1.0049274065e-10	1.6737878831e-05	100.0
-0.00270178447527	-0.00486326239629	-0.000189091910658	-0.328248667704	-0.598207924052	-0.02415190119	1.00129546838e-10	1.6677385964e-05	100.0
-0.000650991443243	-0.00405750422436	-0.00146747508292	-0.0812424731286	-0.504640143905	-0.167717783724	1.00129546838e-10	1.6677385964e-05	100.0
0.00129549689145	-0.000210366427348	-0.000845145243167	0.153111827935	-0.0200721825735	-0.100734259635	9.96799046503e-11	1.660249442e-05	100.0
-0.00149101865218	-0.00187950966952	0.000586164011083	-0.185426550579	-0.230746569465	0.0700688684341	9.96799046503e-11	1.660249442e-05	100.0
0.00169755615439	8.50329282795e-05	3.26507163842e-05	0.201149177775	0.0166220230531	0.00363940524155	9.92293069546e-11	1.6527443729e-05	100.0
-0.0028157121088	-0.00363157241582	0.000646776098525	-0.345713338876	-0.447668259795	0.0749014326198	9.92293069546e-11	1.6527443729e-05	100.0
0.000163033158519	-0.0046064991647	-0.000206570119911	-0.0012845557913	-0.590568931615	-0.012841828188	9.92293069546e-11	1.6527443729e-05	100.0
6.48175505636e-05	-0.0031842133237	-0.00106674898555	0.00398066643587	-0.398159170325	-0.124610681807	9.92293069546e-11	1.6527443729e-05	100.0
0.000842076685721	-0.0021344423931	0.00081739923595	0.0990080024225	-0.26446369201	0.0976274188591	9.87777034604e-11	1.6452225514e-05	100.0
0.000654528991167	0.00156203187577	0.000150824281538	0.0621843728879	0.22643776794	0.0147785452104	9.87777034604e-11	1.6452225514e-05	100.0
-0.000773578644659	0.00102650859014	-0.000275902373121	-0.0895281674215	0.146808036046	-0.0292298785893	9.84760645119e-11	1.6401985107e-05	100.0
-0.00138624822559	0.000660151918065	-0.00107980548897	-0.16849337039	0.091500632074	-0.124565845326	9.84760645119e-11	1.6401985107e-05	100.0
0.00188702377453	0.00198401526613	-0.000392879812453	0.212299806082	0.249058138388	-0.0403265507608	9.84760645119e-11	1.6401985107e-05	100.0
0.000523120591047	0.00159039486609	0.000727373579456	0.0511566603793	0.220195358621	0.0698243248172	9.78712779172e-11	1.6301253008e-05	100.0
-0.00263754888785	-0.00369032866916	0.00187909007384	-0.325732550015	-0.455018034454	0.226066897934	9.78712779172e-11	1.6301253008e-05	100.0
0.000926448639954	0.00140088872789	-1.35441654478e-05	0.0940172708058	0.195192978415	-0.000625385777616	9.78712779172e-11	1.6301253008e-05	100.0
0.000226275307487	0.000692267864144	-0.00115111681132	0.0242020215915	0.0983168366994	-0.13148321398	9.78712779172e-11	1.6301253008e-05	100.0
-0.00227912890955	-0.00282317588114	-0.000948491845479	-0.281602589571	-0.348494289212	-0.114234534568	9.78712779172e-11	1.6301253008e-05	100.0
0.000336632648428	-0.00398807884215	-0.00085789788885	0.0329948551855	-0.501903479977	-0.0961284196988	9.78712779172e-11	1.6301253008e-05	100.0
-0.000225208671169	-0.000775954814376	-0.00159931032922	-0.0303659213828	-0.0907084164637	-0.192033533243	9.78712779172e-11	1.6301253008e-05	100.0
-0.000322559078563	-0.0041979785741	-0.000404532348996	-0.043657216072	-0.538315610937	-0.0362504337575	9.78712779172e-11	1.6301253008e-05	100.0
-0.000966886962717	-0.00350273479949	-0.00144960404393	-0.120349517637	-0.436189650371	-0.16987200277	9.78712779172e-11	1.6301253008e-05	100.0
-0.0020663481142	-0.0046524108149	-0.000405774850638	-0.245936966395	-0.573305830745	-0.0442976646327	9.78712779172e-11	1.6301253008e-05	100.0
-0.00116034969721	-0.00195337003557	-0.000109496876709	-0.144753518906	-0.240635296382	-0.0116518071979	9.74560843261e-11	1.6232099157e-05	100.0
-0.00163574772886	-0.00325234252114	-0.000843069152521	-0.20053003263	-0.40388667172	-0.0989369683185	9.74560843261e-11	1.6232099157e-05	100.0
0.00126639613153	-0.00187988688384	0.00108235657815	0.151382969237	-0.232001818348	0.128924072455	9.69603765709e-11	1.6149535021e-05	100.0
0.00128141736733	-0.000487351892476	0.00207291802296	0.153578542111	-0.0568521792199	0.24933716996	9.69603765709e-11	1.6149535021e-05	100.0
0.00153500476301	-0.000379211476457	0.000627988708057	0.183157513209	-0.0419934326176	0.074076250622	9.69603765709e-11	1.6149535021e-05	100.0
0.000865148709232	0.00133243369733	0.00122188697349	0.0966247971823	0.176859872436	0.136379117738	9.69603765709e-11	1.6149535021e-05	100.0
-0.00174820591808	-0.00424266025873	0.00159986195418	-0.21365565445	-0.523774285658	0.188007784169	9.69603765709e-11	1.6149535021e-05	100.0
-0.000929902991861	0.00136509177754	0.00030301469956	-0.105404815072	0.189237690357	0.0297152291454	9.69429762581e-11	1.6146636858e-05	100.0
0.000279259253528	-0.00057231859883	0.00107870611951	0.031482708159	-0.064422204057	0.128876209157	9.69429762581e-11	1.6146636858e-05	100.0
0.000424517844952	-0.000775555146454	1.72877266789e-05	0.0484137617763	-0.089864626469	0.000820980085028	9.69429762581e-11	1.6146636858e-05	100.0
-0.0015840166465	-0.00126684468203	-0.000568094332589	-0.19582892841	-0.152368347873	-0.067629123055	9.69429762581e-11	1.6146636858e-05	100.0
-0.00027632914211	-0.000307764000494	-0.00203911343612	-0.0363088016694	-0.0327938987072	-0.244279152698	9.69429762581e-11	1.6146636858e-05	100.0
0.000576971984034	0.00152389800813	-0.00119058272565	0.0620527957028	0.201738195738	-0.125992554572	9.69429762581e-11	1.6146636858e-05	100.0
-0.000489138319514	0.00138482864977	0.000521704657685	-0.0548235375638	0.194691808058	0.0494900881627	9.64276051437e-11	1.606079763e-05	100.0
-0.000789223445812	-0.00424944299625	0.000826029963941	-0.0935725843795	-0.535418681835	0.0876860991389	9.64276051437e-11	1.606079763e-05	100.0
0.000675919636268	0.000522519472191	-0.000165253515343	0.0755079917949	0.0797810209579	-0.0184287491324	9.64276051437e-11	1.606079763e-05	100.0
-0.000447206227468	0.00106941470164	-0.000381338714449	-0.051117376341	0.154307652298	-0.0384278448905	9.64276051437e-11	1.606079763e-05	100.0
0.00125761376014	0.00011168387503	0.00117268376795	0.148493378135	0.0199817514495	0.13804920245	9.60445468124e-11	1.5996996166e-05	100.0
-0.000273622346645	-0.00244563485822	0.00249359958865	-0.0368248123842	-0.302088171565	0.301517033073	9.60445468124e-11	1.5996996166e-05	100.0
0.000566335014272	0.00140658519914	-0.000393390640005	0.0554386422853	0.201272204525	-0.038121240147	9.60445468124e-11	1.5996996166e-05	100.0
-0.000165149353232	0.000165660629934	0.000216038017004	-0.0220586496042	0.0337308992227	0.0262382423876	9.60445468124e-11	1.5996996166e-05	100.0
-0.00261062037737	-0.00520890762832	0.000662813426548	-0.316964454757	-0.638276685343	0.0768808684412	9.55846957711e-11	1.5920404256e-05	100.0
0.000588560217575	-0.00398128254522	-0.000428415635691	0.0621089070813	-0.502597098521	-0.0467153001897	9.55846957711e-11	1.5920404256e-05	100.0
0.000115363338263	-0.000403167553694	-0.000754490255723	0.0107400931523	-0.042059481498	-0.0892946969491	9.55846957711e-11	1.5920404256e-05	100.0
-0.00261592240617	-0.00457668013412	-0.000769248390913	-0.319065972703	-0.564308918849	-0.0883909084673	9.55846957711e-11	1.5920404256e-05	100.0
-0.00116326770352	0.000955981692392	0.000962275722017	-0.139698159382	0.130351247291	0.10874051378	9.53901240652e-11	1.5887996764e-05	100.0
0.0010496858354	0.00184356010817	0.00170283717494	0.119510327368	0.232510038113	0.192549818323	9.53901240652e-11	1.5887996764e-05	100.0
-0.000824138500589	0.00107050909068	0.000326190461653	-0.0955167438385	0.151411883253	0.0324340475169	9.53901240652e-11	1.5887996764e-05	100.0
2.13595935788e-05	-0.00173291546876	0.00108448442736	-0.000246391097751	-0.212435636455	0.131050259182	9.53901240652e-11	1.5887996764e-05	100.0
-0.00153389198941	-0.00384558251764	-0.00057358475635	-0.184391346324	-0.48042541819	-0.0665529378866	9.53901240652e-11	1.5887996764e-05	100.0
-0.000592302696832	-0.00135540248629	3.38517115959e-05	-0.0750527936883	-0.164295520183	0.00434333030287	9.53901240652e-11	1.5887996764e-05	100.0
-0.000899857401446	-0.00490185766568	-0.000702635359435	-0.0975727840668	-0.61292297025	-0.0615663294437	9.53901240652e-11	1.5887996764e-05	100.0
-0.000255314781756	0.000553664780798	-0.00164801339562	-0.0332310912094	0.0770986014258	-0.192891321273	9.53901240652e-11	1.5887996764e-05	100.0
-0.000852205153746	-0.0010590936923	-0.00242098287051	-0.107203199884	-0.127780131919	-0.292696207281	9.53901240652e-11	1.5887996764e-05	100.0
0.00178725761108	0.00306224364041	-0.000187687371128	0.197025540021	0.366171630178	-0.0196513977755	9.53901240652e-11	1.5887996764e-05	100.0
0.0017660934065	0.00194274240021	-0.000258177663307	0.19571932096	0.245816901512	-0.0238954498801	9.53901240652e-11	1.5887996764e-05	100.0
-0.00112547949661	0.000800162589012	-0.0014592952921	-0.13719011904	0.107814444865	-0.169115690906	9.53901240652e-11	1.5887996764e-05	100.0
0.000324054846023	0.000741953564316	-0.00185182764951	0.0359576024595	0.0991441389411	-0.21608509275	9.53901240652e-11	1.5887996764e-05	100.0
0.000176439680862	-0.00458949619381	0.00029089918578	0.00214808788619	-0.586565604196	0.0214232845999	9.5123486902e-11	1.5843586188e-05	100.0
0.00108253464506	-0.00297168444965	0.0013180466334	0.128154832638	-0.369185429611	0.155852246946	9.5123486902e-11	1.5843586188e-05	100.0
-0.00179945614687	-0.00487643476613	0.00102036981533	-0.215757532648	-0.603190149853	0.115167377555	9.5123486902e-11	1.5843586188e-05	100.0
0.000416849378091	0.000352370619597	-0.0010946051188	0.0464992191799	0.0535816421958	-0.125830804677	9.5123486902e-11	1.5843586188e-05	100.0
-0.00228332998733	-0.00515511336907	-2.61816003067e-05	-0.272854339961	-0.630706145944	-0.00330028349471	9.5123486902e-11	1.5843586188e-05	100.0
0.00131379692285	-0.000497504869332	-0.0022895489955	0.15788729696	-0.0585987442896	-0.27624870115	9.5123486902e-11	1.5843586188e-05	100.0
0.000166269127867	-0.000742950542143	-0.00174875846705	0.0169611871179	-0.0881206903442	-0.20889873296	9.5123486902e-11	1.5843586188e-05	100.0
-0.00194773962742	-0.0049880846427	-0.000143417071765	-0.227795685494	-0.611310009793	-0.0156390595004	9.5123486902e-11	1.5843586188e-05	100.0
-0.000105915927178	-0.00146692856037	-0.0026204645261	-0.0162624018088	-0.179421711948	-0.317268639937	9.5123486902e-11	1.5843586188e-05	100.0
0.00100784759138	-0.00120483383832	0.00216252779472	0.120752812697	-0.146884810037	0.26156300398	9.46608196251e-11	1.576652521e-05	100.0
-0.00160022744595	-0.00292217995199	0.00210478566538	-0.198997390161	-0.360614941812	0.253184483493	9.46608196251e-11	1.576652521e-05	100.0
0.00136417723638	-0.000780009659188	-0.000897042775623	0.162676963048	-0.0930860369175	-0.107052359707	9.46608196251e-11	1.576652521e-05	100.0
0.000292418929523	0.000656550320365	0.00198126630675	0.0323369584831	0.088587595631	0.233720864114	9.43428867421e-11	1.5713570917e-05	100.0
-0.00188478202444	-0.00144303407555	0.00137568121683	-0.23359540844	-0.174963311069	0.165848432336	9.43428867421e-11	1.5713570917e-05	100.0
-0.00172369744605	-2.16648677814e-05	0.000320659640786	-0.211229488569	0.00618379579908	0.0382472643022	9.43428867421e-11	1.5713570917e-05	100.0
0.000928662653619	-0.00335191894085	-0.000929162212133	0.108190457975	-0.419208919737	-0.109599428794	9.41966436506e-11	1.5689212947e-05	100.0
0.000654337045527	-0.000730220245642	-0.00120844891838	0.0767109224808	-0.0859015533806	-0.145029299335	9.41966436506e-11	1.5689212947e-05	100.0
0.000132093105226	-0.000904370483463	-0.000247638361186	0.0131450096216	-0.106281290555	-0.0288999601194	9.41966436506e-11	1.5689212947e-05	100.0
-0.00181076520189	-0.00427086678146	-0.00147462460921	-0.221059914676	-0.528119251893	-0.172784895023	9.41966436506e-11	1.5689212947e-05	100.0
-0.00293288504066	-0.00476556541028	-0.000532438403483	-0.358596183048	-0.586303537617	-0.0607827602632	9.41966436506e-11	1.5689212947e-05	100.0
0.00117472849853	-0.00277575655093	-0.000849297644382	0.139386770406	-0.345453036255	-0.0994437184667	9.37309589785e-11	1.5611649398e-05	100.0
-0.000212139031716	-0.000573569654377	-0.00172963450722	-0.028811085527	-0.065740440123	-0.207122287255	9.37309589785e-11	1.5611649398e-05	100.0
-0.00142389098283	-0.00483174793837	-0.000753556101183	-0.164281814867	-0.599761658465	-0.0791602518922	9.37309589785e-11	1.5611649398e-05	100.0
0.00116454022243	0.00214274836894	0.000608247632418	0.115128166682	0.274873743578	0.0542225786053	9.32852394052e-11	1.5537411198e-05	100.0
-0.00103749895432	-0.000376512840674	0.00054453753167	-0.128106717583	-0.0385451957978	0.0645500921399	9.32852394052e-11	1.5537411198e-05	100.0
0.00173182826191	0.0022356225728	0.000172488700556	0.187669708791	0.278499484439	0.0200578574157	9.32852394052e-11	1.5537411198e-05	100.0
0.000957485814469	-0.000439227125089	0.00101368545528	0.112510249005	-0.0488532420421	0.120179520387	9.32636650289e-11	1.5533817811e-05	100.0
0.000896010825908	-0.00301144206747	0.000798024135513	0.104518811727	-0.375395754705	0.0925003225988	9.23239978476e-11	1.5377308641e-05	100.0
0.000894961320863	-0.00340170267965	-1.15422745419e-05	0.102598107134	-0.427387760034	-0.0022004639662	9.23239978476e-11	1.5377308641e-05	100.0
0.00142787524555	-0.00122627237494	0.000143655696264	0.171248340366	-0.149083820555	0.0167491965233	9.23239978476e-11	1.5377308641e-05	100.0
0.00109349486209	-0.00292814014772	-9.10466347634e-05	0.128732133379	-0.366076271225	-0.0103618547772	9.23239978476e-11	1.5377308641e-05	100.0
0.00127928593532	-0.000618407284423	-0.00119097961526	0.152705092153	-0.0725316554431	-0.141014887609	9.23239978476e-11	1.5377308641e-05	100.0
0.000871225030411	-0.00128918366724	-0.00165863341476	0.103420420925	-0.156856372333	-0.198280787843	9.23239978476e-11	1.5377308641e-05	100.0
-0.00162650776439	-0.000506861500155	-4.3437555917e-05	-0.200235288079	-0.0554634583171	-0.00493372452236	9.22163774158e-11	1.5359383588e-05	100.0
0.0015026662078	0.000329634000426	2.6914885467e-05	0.175614822212	0.0481965953658	0.00457138640114	9.13771392075e-11	1.5219601675e-05	100.0
-0.00173662986174	-0.00393269740463	0.000699801206729	-0.209865415293	-0.489129654727	0.079482222813	9.13771392075e-11	1.5219601675e-05	100.0
0.00194032508425	0.000356492737166	-0.00145049878501	0.232479479962	0.0481898534802	-0.172560206622	9.13771392075e-11	1.5219601675e-05	100.0
0.000673195795961	0.000394057943025	-0.00166076542699	0.0776375155439	0.0554969245894	-0.196028342326	9.13771392075e-11	1.5219601675e-05	100.0
-0.00186945856556	-0.00485393839112	7.25254133313e-05	-0.217285327912	-0.597398880192	0.00629445413957	9.13771392075e-11	1.5219601675e-05	100.0
-0.00149557789281	-0.00557058318444	2.90023273974e-05	-0.166837748119	-0.672790771371	0.00125201974852	9.13771392075e-11	1.5219601675e-05	100.0
0.000548723710638	-0.00281788098799	-0.00211726305467	0.0638671621217	-0.348993455024	-0.254181640615	9.13771392075e-11	1.5219601675e-05	100.0
-0.000518267953897	-0.00273089174517	-0.00274293160083	-0.0667306982983	-0.33716188722	-0.331511113609	9.13771392075e-11	1.5219601675e-05	100.0
-8.43114043401e-05	-0.0048446538579	-0.000971067815807	-0.0180045777762	-0.601672869273	-0.0942401207476	9.13771392075e-11	1.5219601675e-05	100.0
-0.00158039115613	-0.00161818675064	-0.00138691439356	-0.196193169879	-0.197393533673	-0.166055279853	9.11355464251e-11	1.5179362443e-05	100.0
0.00130103977416	0.00281039616622	-0.000439167479173	0.127564707929	0.338506767138	-0.0375013932501	9.11355464251e-11	1.5179362443e-05	100.0
-0.000126390391418	-0.00394122052487	0.00155765103701	-0.0191549120451	-0.490063235608	0.179848811678	9.0900843362e-11	1.514027075e-05	100.0
0.00109908137095	0.00138252874177	0.000715021953986	0.119191559691	0.185080238751	0.0775217950273	9.0900843362e-11	1.514027075e-05	100.0
0.00043288183176	-0.0042049614511	0.000158107908096	0.039529640266	-0.53498838664	0.0185655600532	9.0900843362e-11	1.514027075e-05	100.0
0.00174322897545	-0.000895418132846	9.14695843595e-05	0.209671837043	-0.107466011611	0.011704130794	9.0900843362e-11	1.514027075e-05	100.0
-0.000895342344335	-0.00121115810721	0.00243823482596	-0.112539588058	-0.146853060562	0.294947918127	9.05902528074e-11	1.508853938e-05	100.0
0.00192347050773	0.00251059651272	4.99766809549e-05	0.21316661302	0.307059631525	0.00266346061628	9.05902528074e-11	1.508853938e-05	100.0
-0.0014728831502	-0.00199371008561	-0.00243724393813	-0.183529573021	-0.24479362423	-0.295165660304	9.05902528074e-11	1.508853938e-05	100.0
0.00168292479774	0.00178692776695	-0.00041226710301	0.18719947271	0.228780044623	-0.0406920693127	9.05902528074e-11	1.508853938e-05	100.0
-4.74324305707e-05	-0.000119532038493	-0.00193285100327	-0.00850413745289	-0.00936203723304	-0.229544119195	9.05902528074e-11	1.508853938e-05	100.0
0.00101875379039	0.000551130052702	0.00193830253434	0.120077251492	0.0737766974781	0.23018433628	9.04224856297e-11	1.50605964e-05	100.0
-0.00201579926311	-0.00387048275868	0.00217791509736	-0.248896031031	-0.477477085983	0.260945598604	9.04224856297e-11	1.50605964e-05	100.0
0.00102144658814	0.00135178827689	-0.000190059842015	0.107784539416	0.18707418155	-0.0175614098641	9.04224856297e-11	1.50605964e-05	100.0
-0.00171985076095	-0.00254437807476	-4.38443368773e-05	-0.212577392304	-0.315555760753	-0.00646517291144	9.04224856297e-11	1.50605964e-05	100.0
-0.00168888510577	-0.00388402198668	-0.0018821105937	-0.208187461443	-0.479672448509	-0.223070327441	9.04224856297e-11	1.50605964e-05	100.0
-0.00214250991014	-0.00560254296908	-0.000977241788709	-0.259076748361	-0.684979376234	-0.113045587162	9.04224856297e-11	1.50605964e-05	100.0
-0.000756831618326	0.00171787386844	4.22758247969e-06	-0.0763348997522	0.240392678269	-0.00158063291739	9.00416400549e-11	1.4997163489e-05	100.0
0.000603938986546	0.000364201802633	-0.000589224334334	0.0681487580996	0.0580024696367	-0.0683152161708	9.00416400549e-11	1.4997163489e-05	100.0
-0.00166135736042	-0.00115004600403	-0.00114052128384	-0.205817004837	-0.137837357069	-0.136581842504	9.00416400549e-11	1.4997163489e-05	100.0
0.000670818585388	-0.0038679670202	0.000390659552195	0.0730261208217	-0.487440047615	0.042382253705	8.99420660106e-11	1.4980578626e-05	100.0
-0.000656813361783	-0.00251113049352	0.00278983908385	-0.0836608529177	-0.309816128819	0.337443434918	8.99420660106e-11	1.4980578626e-05	100.0
0.00167745243556	-0.00187063589816	-0.00108706386207	0.20226822958	-0.231136470951	-0.130354747438	8.99420660106e-11	1.4980578626e-05	100.0
-0.000880027191122	-0.00136086852378	-0.000415440037757	-0.110517426975	-0.164823987346	-0.0502170660928	8.99420660106e-11	1.4980578626e-05	100.0
0.000619622726408	-0.00427411101467	-0.000682710410129	0.0650326932336	-0.536337024548	-0.0724643876725	8.99420660106e-11	1.4980578626e-05	100.0
-0.00225653332899	-0.00359987890382	-0.00148080256793	-0.27800498344	-0.444941886453	-0.175716846387	8.99420660106e-11	1.4980578626e-05	100.0
-0.00327120944443	-0.00528717084173	-0.000708700010795	-0.401481628804	-0.648870479365	-0.083248695225	8.99420660106e-11	1.4980578626e-05	100.0
