# x[AU] y[AU] z[AU] vx[AU/yr/2pi] vy[AU/yr/2pi] vz[AU/yr/2pi] m[MSUN] m[mtot] wf[%]
0.000389367939674	0.00394921997528	-3.06040996805e-07	0.0534175659856	0.484532739983	-0.000102700793946	2.98512408777e-06	0.496595807906	9.44856718332
-0.000389830515144	-0.00394966097034	-7.93388878722e-07	-0.0534120701115	-0.484665251582	-0.00019515590034	2.98508917102e-06	0.496589999264	9.45695029353
-0.000113477819066	-0.00100410994246	0.000188222640972	-0.0137406855636	-0.12891210958	0.0227851400658	2.9230352985e-10	4.8626691317e-05	0.0
-2.90350647324e-05	0.00108898400591	-0.001098869395	-0.00323202036477	0.138953941003	-0.131215040831	2.87873038064e-10	4.7889648707e-05	0.0
0.000236895905738	0.00235391240853	-9.57031824585e-05	0.0289616377605	0.308730748353	-0.00764454158038	2.80980703757e-10	4.6743061757e-05	0.0
-0.000310202847326	-0.00216737408048	-0.000449085295644	-0.0378752843133	-0.281828255174	-0.049500327959	2.79800499882e-10	4.6546726771e-05	0.0
6.93095797319e-05	-0.000504796703132	8.62041220617e-05	0.0088236999207	-0.0647855718001	0.010510625643	2.78610640342e-10	4.6348785499e-05	0.0
-0.000211083959439	0.000204230231006	-0.00218608491705	-0.0255649957007	0.0258613183692	-0.264843233951	1.17417109637e-10	1.9533139229e-05	100.0
0.000268133998688	-0.000147759373002	-0.000675182475308	0.0324628932668	-0.0186884576611	-0.0799038244581	1.17417109637e-10	1.9533139229e-05	100.0
0.000778390423909	0.00127133238943	-0.00207694910894	0.0947729502852	0.15861868378	-0.248257702432	1.17001664596e-10	1.9464027105e-05	100.0
-0.000144562592915	-0.00333965660502	-0.000838674748998	-0.0210364402178	-0.429068705252	-0.0736953066365	1.17001664596e-10	1.9464027105e-05	100.0
-0.00089581472051	-0.0019068947103	0.000317955755636	-0.106024721359	-0.244979228469	0.0374003172465	1.14927507078e-10	1.9118976816e-05	100.0
0.000713983214	-0.000712890525052	-0.000298324180874	0.0864038083195	-0.0915876822944	-0.0351772736145	1.14927507078e-10	1.9118976816e-05	100.0
0.00111607564372	0.000512712904997	-0.000127878161644	0.134798723899	0.0647995647926	-0.0143920432918	1.14927507078e-10	1.9118976816e-05	100.0
-0.000152365983395	-0.00239274423971	-0.000628954193691	-0.0204841806398	-0.310702735944	-0.0677339179937	1.14927507078e-10	1.9118976816e-05	100.0
-0.00020080701908	-0.0002522595865	-0.00078331674182	-0.0239931630811	-0.031607178439	-0.0930664990501	1.14098980623e-10	1.8981145774e-05	100.0
0.000430849976309	0.000159172523403	-0.000797329083842	0.0517648157309	0.0196680643724	-0.0945362850157	1.14098980623e-10	1.8981145774e-05	100.0
0.00013010985504	0.00234100400842	-0.0012124934805	0.0166626504094	0.298626931437	-0.138435428937	1.136849437e-10	1.89122679e-05	100.0
0.000639969177549	-0.000314434681101	-0.00193105417168	0.0779064543756	-0.040373468883	-0.233526604175	1.136849437e-10	1.89122679e-05	100.0
-0.000122366330185	0.00222832454948	0.00218377168118	-0.0143212217914	0.27933864638	0.259692995181	1.13271007357e-10	1.8843406759e-05	100.0
0.000853334627844	0.00040239131915	0.00203579517847	0.104039428149	0.050239352022	0.245363773183	1.13271007357e-10	1.8843406759e-05	100.0
0.000152443336368	0.00140684604651	0.000176571537799	0.0196545841146	0.181872320594	0.0194859641228	1.13271007357e-10	1.8843406759e-05	100.0
2.67659311724e-05	-0.000873877247171	0.000346986719751	0.00319208182968	-0.112196897551	0.0406582698287	1.13271007357e-10	1.8843406759e-05	100.0
-0.000397351256437	0.00148521490019	-0.00232852606511	-0.0487523122386	0.185548531262	-0.280141812268	1.13271007357e-10	1.8843406759e-05	100.0
-0.000711352171271	-0.00235859077578	0.00042056465166	-0.0840292702639	-0.30690188015	0.046306674454	1.13271007357e-10	1.8843406759e-05	100.0
0.000267411976352	0.000785224964903	0.0014219818862	0.0324026224165	0.0998675406348	0.170247599568	1.13271007357e-10	1.8843406759e-05	100.0
-0.000210434042421	-0.00119658037479	0.00213804302416	-0.0255921903642	-0.150324600015	0.257413245291	1.13271007357e-10	1.8843406759e-05	100.0
0.000103701308537	-0.00304006747591	-0.000762353061286	0.00593568710639	-0.393482673826	-0.0741867453279	1.13271007357e-10	1.8843406759e-05	100.0
-0.000444926798841	-0.00268173093322	0.000446517417042	-0.0523336640064	-0.352543488958	0.0454528100469	1.12443436411e-10	1.8705734672e-05	100.0
-6.188696894e-05	0.000785607151894	-0.000148939763332	-0.00753764070425	0.100901573018	-0.0184742837149	1.11616167204e-10	1.8568112781e-05	100.0
0.000258383028984	-0.00153061849442	-0.000493568067176	0.0301042696298	-0.196779771021	-0.056564034685	1.11616167204e-10	1.8568112781e-05	100.0
-0.000209101072025	0.00214993154692	0.000528877074278	-0.022646865281	0.278617449849	0.0597127832541	1.10789099157e-10	1.8430524355e-05	100.0
-0.000337615719914	-0.00190002174596	0.000269080930301	-0.0403716872494	-0.246380726187	0.0311480952911	1.10789099157e-10	1.8430524355e-05	100.0
0.000659391019741	0.00264516088584	0.00067479624354	0.0745039259196	0.341591126547	0.0703754157376	1.10789099157e-10	1.8430524355e-05	100.0
0.000480250736664	0.00244586305024	-0.00146966923367	0.0572987426808	0.308367321129	-0.16782017797	1.10789099157e-10	1.8430524355e-05	100.0
0.000413370059585	0.00179578430838	0.000359677412581	0.0491011912709	0.231930784016	0.0403522420031	1.10789099157e-10	1.8430524355e-05	100.0
-6.64112260282e-05	-0.0018099211509	-0.000183006293304	-0.00959369643454	-0.234753422644	-0.0208557730671	1.10789099157e-10	1.8430524355e-05	100.0
-0.000193251829887	-0.00207069369357	-0.00201287196055	-0.0242774673059	-0.259977855037	-0.238163839053	1.10789099157e-10	1.8430524355e-05	100.0
-0.000140375578481	-0.00207933989504	0.00128524762011	-0.0173169742471	-0.263844532335	0.14797254938	1.09962131689e-10	1.8292952661e-05	100.0
-0.00073288425154	0.00115848065303	0.000688258612694	-0.0880604853396	0.148203764313	0.0814712784554	1.09548597666e-10	1.8224158448e-05	100.0
0.000446687393439	0.00266435101245	-2.56703082132e-05	0.0525497480613	0.353342167164	-0.00136951381858	1.09548597666e-10	1.8224158448e-05	100.0
-0.000547174248564	-0.00255701891578	0.000545276529888	-0.0640327247379	-0.332458495203	0.0553139716511	1.09548597666e-10	1.8224158448e-05	100.0
-0.000426284443406	-0.00216863488425	-0.000270117491753	-0.0514871012806	-0.282909027565	-0.0313346924602	1.09548597666e-10	1.8224158448e-05	100.0
0.000157836359712	0.00306500336498	0.000417156885509	0.0223441325636	0.407725699367	0.0333048892998	1.08721529618e-10	1.8086570022e-05	100.0
-0.000325773909414	0.0012169411946	0.000969040940233	-0.0385344602328	0.155728950739	0.114626639025	1.08721529618e-10	1.8086570022e-05	100.0
-0.00077558797513	-7.71686395066e-05	-0.00101103562479	-0.0936995453348	-0.0091875548919	-0.121888913854	1.08721529618e-10	1.8086570022e-05	100.0
-0.00010366870415	0.00213863512972	0.000830853099301	-0.0102824558841	0.275587696703	0.0947766181994	1.08307945305e-10	1.8017767443e-05	100.0
-0.00119915137674	0.000961301933999	0.00033727074007	-0.145127090681	0.122962764731	0.0393920950527	1.95888145157e-10	3.2587332668e-05	100.0
-0.000316612435641	0.00189895925003	0.000219034201207	-0.0356892871416	0.246212492566	0.0267531547252	1.08307945305e-10	1.8017767443e-05	100.0
-0.000470054150791	0.000795595638715	-0.000213680132795	-0.056138961719	0.102670239379	-0.0255387701144	1.08307945305e-10	1.8017767443e-05	100.0
-8.98452311327e-05	-0.00245851043915	0.000137225263956	-0.0139964465179	-0.32352869861	0.0141997757417	1.08307945305e-10	1.8017767443e-05	100.0
0.000396868178693	-0.00278494491212	0.00061883220777	0.0410960604743	-0.360793362375	0.064286901276	1.08307945305e-10	1.8017767443e-05	100.0
-0.00053103070318	-0.0027172092416	0.00150536633968	-0.0632361875746	-0.342162558817	0.170836790885	1.08307945305e-10	1.8017767443e-05	100.0
9.63955828149e-05	-0.000657384561323	0.000724560954998	0.0113686453874	-0.0841242179046	0.0866885591777	1.08307945305e-10	1.8017767443e-05	100.0
0.000621126000505	0.00124054305915	0.000817301515375	0.0758024195246	0.158550633612	0.0966372458181	1.08307945305e-10	1.8017767443e-05	100.0
0.00010022605773	0.00310986240655	0.00153857626524	0.0136582332337	0.389677260948	0.170757024854	1.07894260411e-10	1.7948948131e-05	100.0
-0.000930962711223	0.000669236205379	-0.000542078022324	-0.112447680695	0.0860544852948	-0.0651075739304	1.07480474938e-10	1.7880112088e-05	100.0
-5.72553223313e-06	0.000380626834169	-0.000257729820235	0.000357474895219	0.0486429294495	-0.0290039660013	1.07480474938e-10	1.7880112088e-05	100.0
-0.000213904325946	0.00121288574985	-0.00116345930511	-0.0255446491414	0.154447984075	-0.1374674664	1.07480474938e-10	1.7880112088e-05	100.0
-9.14158580333e-05	0.00270999744818	-0.000327648209922	-0.00551170278456	0.356479581367	-0.0305354430359	1.07480474938e-10	1.7880112088e-05	100.0
7.59639025464e-05	0.00222950601616	0.000157536447222	0.0106970157604	0.291290326243	0.016181591325	1.07480474938e-10	1.7880112088e-05	100.0
0.000266165345855	-0.00263030323579	-0.00018973544213	0.0255936691833	-0.344622712503	-0.0166184086089	1.07480474938e-10	1.7880112088e-05	100.0
0.000667216184495	0.00150051323264	-0.00128152926217	0.0803312541325	0.190524012921	-0.151722866462	1.06652652542e-10	1.7742398171e-05	100.0
-0.000528298929284	-0.00147785796105	0.000545031519229	-0.0632294809138	-0.189379400043	0.0623051149976	1.05824327247e-10	1.7604600593e-05	100.0
-0.000634170249731	-0.000469310404824	7.30419831169e-06	-0.0767514013576	-0.05950344041	0.000929942461802	1.05824327247e-10	1.7604600593e-05	100.0
-0.00101900181852	0.000786128501159	9.22126084847e-05	-0.123002068882	0.100814538466	0.0107888669734	1.05824327247e-10	1.7604600593e-05	100.0
-0.00126459190485	-0.000906843753158	-0.000244215991986	-0.152843290938	-0.114646815161	-0.0290205893256	1.05824327247e-10	1.7604600593e-05	100.0
-0.000694075106779	0.0023566619137	-0.0013897949129	-0.0814255041408	0.298153901151	-0.160785175879	1.05824327247e-10	1.7604600593e-05	100.0
0.000259498004713	0.00211891466507	-0.00015717652893	0.0308017216938	0.276174381505	-0.0195256600564	1.05824327247e-10	1.7604600593e-05	100.0
-0.00104008690513	-0.0014152921214	0.0011303638029	-0.125608297045	-0.178863451923	0.133319115197	1.05824327247e-10	1.7604600593e-05	100.0
-0.00183355422906	-0.000400292415673	-0.0015926806499	-0.224554818811	-0.0495655759662	-0.192133378653	1.05824327247e-10	1.7604600593e-05	100.0
0.000865686194088	-0.00191581310121	-0.0011640625157	0.102839490735	-0.24245577887	-0.134632096066	1.05824327247e-10	1.7604600593e-05	100.0
-0.00071724699742	0.000374307247864	0.00064228332016	-0.0864600758526	0.0482222945045	0.0759974923623	1.04995348182e-10	1.7466694256e-05	100.0
0.000254591223283	0.00276744943362	0.000310521031006	0.0306094236095	0.366609624662	0.0279763151771	1.04995348182e-10	1.7466694256e-05	100.0
-0.00035916723693	0.00215095373212	0.000383840229124	-0.0407883280987	0.279004023357	0.0443773813112	1.04995348182e-10	1.7466694256e-05	100.0
-0.000590399829407	0.00160854414942	-0.000312746498671	-0.0692256440299	0.207024714544	-0.0358795519874	1.04995348182e-10	1.7466694256e-05	100.0
0.00023994492183	-0.00260521586762	0.00036616394782	0.0233949786318	-0.34074645918	0.0389477513893	1.04995348182e-10	1.7466694256e-05	100.0
0.000356538773643	-0.000766144299004	0.0012169553297	0.0424422638891	-0.097331731401	0.144721469172	1.04995348182e-10	1.7466694256e-05	100.0
-0.000539507149075	-0.00155853120883	-0.000144762542225	-0.06597051664	-0.201193518601	-0.0154134669739	1.04995348182e-10	1.7466694256e-05	100.0
0.000416207662146	0.00103214501896	-0.00108231013779	0.0501019977412	0.130837878374	-0.129553893241	1.04995348182e-10	1.7466694256e-05	100.0
-0.000145098098793	0.00237551490277	0.000675693287859	-0.0149315340227	0.307108522361	0.0735592776152	1.04580556911e-10	1.7397690891e-05	100.0
0.000108513632434	0.000617246754876	-0.000275643145287	0.0141497512186	0.0795508124153	-0.0350553376029	1.04580556911e-10	1.7397690891e-05	100.0
0.00292054819508	0.00346608892749	0.00106397400802	0.352367351759	0.424915626672	0.125573894181	1.04580556911e-10	1.7397690891e-05	100.0
0.00242057917613	0.00232247945792	3.37239663352e-05	0.291068502163	0.289005883778	0.00560461171396	1.04580556911e-10	1.7397690891e-05	100.0
-0.00052748602621	-0.00177701523535	-0.00264553229761	-0.0643739381076	-0.220546653675	-0.317787375769	1.04580556911e-10	1.7397690891e-05	100.0
0.00182610883592	0.00299868862478	5.87078448744e-05	0.208922154244	0.372877847755	0.0103097713699	1.04580556911e-10	1.7397690891e-05	100.0
3.03077615596e-05	0.00279542591852	-0.00169499500871	0.00450531801283	0.350288925064	-0.193437418942	1.04580556911e-10	1.7397690891e-05	100.0
0.000992808630932	-0.000733764772228	0.00105103155215	0.120293422857	-0.0933952938686	0.125572855014	1.04580556911e-10	1.7397690891e-05	100.0
-0.00024758072584	-0.00347907808784	0.000816371304007	-0.0294825292101	-0.443024510405	0.0646646868709	1.04580556911e-10	1.7397690891e-05	100.0
0.000193019601936	-0.00297580950582	-0.000674279104495	0.0158260260231	-0.386753293485	-0.0666763039154	1.04580556911e-10	1.7397690891e-05	100.0
-0.000523104688996	-0.000934905212458	-0.00178974283857	-0.0637309774594	-0.117707303708	-0.213557747624	1.04580556911e-10	1.7397690891e-05	100.0
-0.000257541565356	-0.00214741672068	-0.00129078217896	-0.0305959951938	-0.272849300853	-0.149310380344	1.04580556911e-10	1.7397690891e-05	100.0
-0.000262330826083	0.0028207290673	1.75153250587e-06	-0.022871908417	0.372425487867	0.00370172210892	1.03750320598e-10	1.7259575402e-05	100.0
0.000842079339034	0.00121738679326	0.000205354682451	0.10122355486	0.155475783539	0.0250106511718	1.03750320598e-10	1.7259575402e-05	100.0
0.000594902507446	-0.00154560032164	0.000667696412814	0.0709443548851	-0.197741901315	0.0772563571547	1.03750320598e-10	1.7259575402e-05	100.0
0.000356532817937	0.00146934890758	0.00235484041251	0.0437115549924	0.183495644597	0.282176225433	1.03334875558e-10	1.7190463278e-05	100.0
0.000138641192558	0.00298098748414	8.74602068718e-06	0.0222553841293	0.402159648574	0.000325660033627	1.03334875558e-10	1.7190463278e-05	100.0
0.000776338596843	0.00163892952575	-0.000852446359051	0.0928414919644	0.208568062786	-0.097931641748	1.03334875558e-10	1.7190463278e-05	100.0
0.000521830975546	-0.001224019785	0.000415484076666	0.0620180245701	-0.157551221914	0.0489440464123	1.03334875558e-10	1.7190463278e-05	100.0
0.000306581303781	-0.000998020185992	-0.00176021980285	0.0365125923734	-0.126208245246	-0.210312528383	1.03334875558e-10	1.7190463278e-05	100.0
0.000203918214044	-0.00261052986558	-0.00188197330813	0.0232041305761	-0.326588302458	-0.218819975098	1.03334875558e-10	1.7190463278e-05	100.0
0.000156621834297	-0.00238725198333	0.000432042624715	0.0149507743681	-0.311030034408	0.0467923352707	1.02919128777e-10	1.7121300958e-05	100.0
-0.000196220328803	0.00323744997522	0.000343402185209	-0.00779644788796	0.428424237167	0.0252689182392	1.02503080258e-10	1.7052088441e-05	100.0
-4.4993415802e-05	-0.00219141320158	0.00127819431483	-0.00708088390736	-0.279078561865	0.14713660321	1.02503080258e-10	1.7052088441e-05	100.0
0.000564641093638	-0.00147864182167	0.000654499338519	0.0670107905644	-0.190036315857	0.0766718654931	1.02503080258e-10	1.7052088441e-05	100.0
0.000314779752076	-0.00161996580804	-0.000823172301008	0.0367565901744	-0.207661093534	-0.094880259638	1.02503080258e-10	1.7052088441e-05	100.0
0.000726387301982	0.00160059523441	0.00135333661016	0.0877846954866	0.20239535416	0.159101531907	1.02086729998e-10	1.6982825728e-05	100.0
0.0015278814177	0.00397519397861	6.34167010781e-05	0.159604963643	0.482958356465	0.00850072994109	1.02086729998e-10	1.6982825728e-05	100.0
6.9624353771e-05	0.000512441248357	-2.13731466447e-05	0.00736473463858	0.0651714221563	-0.00305751651259	1.02086729998e-10	1.6982825728e-05	100.0
0.000862587583341	-0.00109251901665	-0.00269141836709	0.105208070011	-0.1359440395	-0.325188368996	1.02086729998e-10	1.6982825728e-05	100.0
-0.000161697652913	0.00300837773275	0.00061649220782	-0.0118170182269	0.39211487589	0.0584351471827	1.01670078e-10	1.6913512819e-05	100.0
-7.11587856645e-05	0.00144760366786	0.000758509607249	-0.00731672365207	0.185667841787	0.0874368245667	1.01670078e-10	1.6913512819e-05	100.0
5.89948333081e-06	-0.00275246589155	0.00124662931817	-0.00128950977572	-0.349475628616	0.137443532055	1.01670078e-10	1.6913512819e-05	100.0
-0.000797000887192	-0.00146289859853	-0.000878939746233	-0.0954953752908	-0.186183650587	-0.104558837103	1.00835717914e-10	1.6774711312e-05	100.0
-0.00176259766116	-0.00127592316707	-0.00203578642681	-0.215356724358	-0.158818965649	-0.244508599903	1.00835717914e-10	1.6774711312e-05	100.0
-0.000939735187354	0.00087054283173	-0.00132734425604	-0.113657347938	0.110396686927	-0.15789501963	1.00835717914e-10	1.6774711312e-05	100.0
0.000472323827414	0.0032263179784	-0.00154753928092	0.0554802294663	0.402868940659	-0.171067379322	1.00835717914e-10	1.6774711312e-05	100.0
0.000976636620938	-0.000934728053118	0.000100675506125	0.117914479947	-0.120048384062	0.011649756582	1.00835717914e-10	1.6774711312e-05	100.0
0.000962410156283	0.00168292014674	0.00046035874522	0.114459223076	0.215109172761	0.0547478329225	1.00835717914e-10	1.6774711312e-05	100.0
-0.000781456242946	-0.00239996142392	0.00123424324882	-0.092752075098	-0.304505740211	0.140755121856	1.00835717914e-10	1.6774711312e-05	100.0
0.000252740838269	0.000104313020981	-0.00241651367582	0.0306846609858	0.0132914326526	-0.291291697444	1.00835717914e-10	1.6774711312e-05	100.0
-0.000376658448943	-0.00284827974226	-0.000603035392127	-0.0428549237428	-0.373186406787	-0.0603192888199	1.00835717914e-10	1.6774711312e-05	100.0
-0.000625181775752	-0.00385939285933	-0.0015976698415	-0.0730980435316	-0.475980521638	-0.175147762594	1.00835717914e-10	1.6774711312e-05	100.0
0.000792735163977	0.00353202416851	0.00160635078164	0.0925783502849	0.437704155943	0.178084296618	9.91621699095e-11	1.6496305156e-05	100.0
-0.000152280920226	-0.000102566089625	0.00272865157231	-0.0182194177021	-0.0127472985248	0.330579224245	9.91621699095e-11	1.6496305156e-05	100.0
0.000128944822983	0.00070850224528	0.0013671709584	0.0167260108019	0.090434250824	0.164003796255	9.91621699095e-11	1.6496305156e-05	100.0
-0.000291572481259	0.00282211715163	0.000301809491778	-0.0260995974145	0.37047876263	0.0295253508957	9.91621699095e-11	1.6496305156e-05	100.0
0.00183144884107	0.00373333764489	-3.75120346683e-05	0.204177363407	0.45660379372	-0.00636219735815	9.91621699095e-11	1.6496305156e-05	100.0
0.00058993137774	4.02380058121e-05	0.00130819346863	0.0712559296469	0.00460132957689	0.156458362934	9.91621699095e-11	1.6496305156e-05	100.0
0.000272178242715	-0.00149076827616	0.00138329418996	0.0320499771731	-0.189539045292	0.162902631635	9.91621699095e-11	1.6496305156e-05	100.0
-0.00187896053349	-0.00270931879012	0.00209727394168	-0.227516796507	-0.334748382284	0.248870279928	9.91621699095e-11	1.6496305156e-05	100.0
0.000571134183857	-0.00215562820822	-0.00020616585129	0.0648943332644	-0.278802444071	-0.0209209725406	9.91621699095e-11	1.6496305156e-05	100.0
-4.96507765127e-05	0.000761404017631	0.0013886618427	-0.00555081577394	0.0961779783318	0.164526044711	9.87426513852e-11	1.642651538e-05	100.0
-0.000380566397547	-0.0010833134379	0.00061179754263	-0.0455349136729	-0.138579995827	0.072263725506	9.87426513852e-11	1.642651538e-05	100.0
-0.00144405047311	-0.000542525876867	-0.000948850787888	-0.175925932778	-0.0682339925125	-0.112823125203	9.87426513852e-11	1.642651538e-05	100.0
-0.000158339038191	0.00122331692954	-0.00100727525415	-0.0179254227649	0.156352107373	-0.119276893977	9.87426513852e-11	1.642651538e-05	100.0
0.000206981617212	-3.10474279765e-05	0.000693353363151	0.0240494635493	-0.00449958516457	0.0828902275073	9.87426513852e-11	1.642651538e-05	100.0
0.000521787947327	0.000926432566463	0.00122194255737	0.063157835154	0.117259226264	0.145405904944	9.87426513852e-11	1.642651538e-05	100.0
0.000595809229723	-0.000873000014498	-0.000663756486375	0.0714577181966	-0.111637273627	-0.0768871714709	9.87426513852e-11	1.642651538e-05	100.0
-0.000192467846115	0.00219999024204	-0.000412527095193	-0.0219518145458	0.284822603374	-0.0433280553887	9.87426513852e-11	1.642651538e-05	100.0
0.000159109274053	-0.00338112552701	-0.00151440432862	0.0162221321396	-0.421015478056	-0.165783105376	9.87426513852e-11	1.642651538e-05	100.0
-0.000156217518402	0.00290865132675	0.00122461416277	-0.0151732128845	0.368350306032	0.132947180229	9.83226299617e-11	1.6356641944e-05	100.0
-0.00172761184862	-0.00060830448562	0.00233025286923	-0.211373060755	-0.074975467731	0.282085478842	9.83226299617e-11	1.6356641944e-05	100.0
-0.000390363396924	-0.0016323970549	0.000358321894183	-0.0464695544389	-0.210334423577	0.0413739290447	9.83226299617e-11	1.6356641944e-05	100.0
-0.000702589388995	-0.00281595300353	0.000797252792984	-0.0791244881611	-0.362757459341	0.084106882189	9.83226299617e-11	1.6356641944e-05	100.0
-0.00123045695436	-0.000332401932202	7.34523482091e-05	-0.149181454829	-0.0415555527418	0.00910400497761	9.83226299617e-11	1.6356641944e-05	100.0
1.53871182239e-05	-0.00177507181344	0.000677405323323	0.00142218953944	-0.228078275613	0.0767315978709	9.83226299617e-11	1.6356641944e-05	100.0
-0.000122041884684	0.00220535588592	6.17195411479e-05	-0.0110552374709	0.288162383381	0.00888939482784	9.83226299617e-11	1.6356641944e-05	100.0
-0.000539503981737	0.000307743647758	-0.00131782250187	-0.0651314174037	0.0389038818372	-0.155811113853	9.83226299617e-11	1.6356641944e-05	100.0
-0.000152973964823	0.000411482299922	-0.00246236986326	-0.0182725727388	0.0516607499401	-0.296820659035	9.83226299617e-11	1.6356641944e-05	100.0
0.000354203286224	-0.0018109590507	0.001719143045	0.0420924702619	-0.227511835936	0.202434930139	9.83226299617e-11	1.6356641944e-05	100.0
0.000940369721987	0.00111658198281	0.000932470484822	0.113719069867	0.141315673602	0.111002102006	9.83226299617e-11	1.6356641944e-05	100.0
-0.00209437421431	-0.00284647878795	0.000936605634454	-0.24853726772	-0.352600803021	0.10679915947	9.83226299617e-11	1.6356641944e-05	100.0
0.00108476415721	-0.000796599115498	-6.73683711328e-05	0.130620961101	-0.102579108361	-0.0078639452171	9.83226299617e-11	1.6356641944e-05	100.0
0.000512916118418	0.00220517719989	0.000687306539451	0.0591864045177	0.284188827532	0.0788211542173	9.83226299617e-11	1.6356641944e-05	100.0
-0.0021853977302	-0.00353574524233	0.000432295154118	-0.255341124879	-0.435413129419	0.0465807904896	9.83226299617e-11	1.6356641944e-05	100.0
0.000506124426101	-0.00197946668709	-0.00122676379384	0.059346062659	-0.252099776682	-0.142841974598	9.83226299617e-11	1.6356641944e-05	100.0
-0.000319948228287	-0.00139486608174	-0.00199941767981	-0.0391761038939	-0.175080609398	-0.239359290376	9.83226299617e-11	1.6356641944e-05	100.0
0.000689070639626	-0.00141599915586	-0.000128787569294	0.0824751435374	-0.18194192969	-0.0166492198112	9.7902105639e-11	1.6286684847e-05	100.0
-0.00161579670479	-0.00145112680324	-0.00103465027313	-0.195218408198	-0.181869828939	-0.12235575882	9.7902105639e-11	1.6286684847e-05	100.0
-0.000520150505157	0.00299614397393	-0.000327776244224	-0.0505067065519	0.39021639273	-0.0312326917326	9.7902105639e-11	1.6286684847e-05	100.0
0.00110196966861	0.00163407173589	-0.000757635630371	0.131870377859	0.207780036898	-0.0880125955921	9.7902105639e-11	1.6286684847e-05	100.0
0.000643899483698	-0.000661013193579	0.000176285055794	0.0776165192264	-0.0850522963601	0.0216948502684	9.7902105639e-11	1.6286684847e-05	100.0
-0.00128721387048	0.00142570871986	0.00187255149976	-0.156520816825	0.179328512221	0.223728883966	9.74810281272e-11	1.6216635723e-05	100.0
-0.000468003101023	0.001694408566	0.00125758972397	-0.0553264579693	0.215282658192	0.147290885916	9.74810281272e-11	1.6216635723e-05	100.0
-0.00180726616131	-0.00185704625634	-0.00116436655432	-0.217863930321	-0.232329182716	-0.140606600795	9.74810281272e-11	1.6216635723e-05	100.0
-0.00148747378575	-0.000610076526176	-0.00070034091274	-0.180566308678	-0.0762238139271	-0.0838246647137	9.74810281272e-11	1.6216635723e-05	100.0
4.76275094683e-05	-0.00313292859395	0.00179280410466	0.00485173270311	-0.391035231739	0.204647671804	9.74810281272e-11	1.6216635723e-05	100.0
-0.000276964499823	-0.00305704319808	0.00154317210947	-0.0338608237916	-0.382891940215	0.171371911046	9.74810281272e-11	1.6216635723e-05	100.0
0.00201319996823	-0.000702689686345	-0.000456716367387	0.245372972227	-0.0896272386186	-0.0538819851438	9.74810281272e-11	1.6216635723e-05	100.0
-0.0019296037862	-0.00141718908737	0.00136284445718	-0.234365013463	-0.176501319684	0.163134503474	9.74810281272e-11	1.6216635723e-05	100.0
-0.000389265945655	0.00165399711007	-0.00032527507811	-0.0453085199698	0.213330085518	-0.0355610904995	9.66371632461e-11	1.6076253028e-05	100.0
0.00060127381799	-0.000125624076546	0.000675135681928	0.0721214179464	-0.0167002071224	0.0797242464528	9.66371632461e-11	1.6076253028e-05	100.0
0.00200594490407	0.00275613525226	0.00190250974976	0.242489030751	0.340608940935	0.225713054308	9.5790783869e-11	1.593545203e-05	100.0
-0.000532091193835	0.00248269345668	-0.00183050368617	-0.0628460712588	0.311599431968	-0.214193823836	9.5790783869e-11	1.593545203e-05	100.0
-0.000563872561403	-6.68877981497e-05	-0.00302626963868	-0.0689306118356	-0.0078916168178	-0.366400664849	9.5790783869e-11	1.593545203e-05	100.0
0.000373858788506	-0.0025273510921	7.43064942568e-05	0.0389128877731	-0.33033986773	0.00770126302507	9.5790783869e-11	1.593545203e-05	100.0
0.00109918662118	0.00168433792895	-0.000681419726384	0.130957331258	0.214268538592	-0.0803747545398	9.5790783869e-11	1.593545203e-05	100.0
-0.000618234635615	-0.00126964006761	-0.00278177993479	-0.0756365588609	-0.157686841795	-0.335206338101	9.5790783869e-11	1.593545203e-05	100.0
-0.000264595786001	0.000609207435591	0.00249315269626	-0.0318783293277	0.0764617879583	0.299949554936	9.49417391261e-11	1.5794207631e-05	100.0
-0.000577813644081	0.000837444461701	0.00121556873129	-0.0692563006205	0.106836441294	0.144328141088	9.49417391261e-11	1.5794207631e-05	100.0
-0.00127256600772	-0.00302737095067	-0.000990968655746	-0.145752229073	-0.381793203653	-0.108899484787	9.49417391261e-11	1.5794207631e-05	100.0
0.00126194961958	0.00252012926037	-0.00212228269951	0.152422933921	0.312865151602	-0.250358383263	9.49417391261e-11	1.5794207631e-05	100.0
0.000208267674956	0.00261775185915	-0.00238225181844	0.0254171494326	0.325116305739	-0.281679664574	9.49417391261e-11	1.5794207631e-05	100.0
0.000561735554776	-0.00281237995254	0.000369576999795	0.0582654960971	-0.365039048637	0.0368921751093	9.49417391261e-11	1.5794207631e-05	100.0
0.00180133265299	-0.000296025498751	0.00185084605031	0.219813050371	-0.0375586994806	0.221629220175	9.49417391261e-11	1.5794207631e-05	100.0
-0.000769645424973	-0.00359013065872	0.00194806641476	-0.0911109238276	-0.44258925702	0.222925095485	9.49417391261e-11	1.5794207631e-05	100.0
0.00104290777375	0.00280462598837	-0.000315080967219	0.115462883138	0.362638904252	-0.0309443937448	9.49417391261e-11	1.5794207631e-05	100.0
-0.00189722538217	-0.00325333682694	-0.00121583699767	-0.223663709319	-0.401397970904	-0.138364662202	9.49417391261e-11	1.5794207631e-05	100.0
-9.14636196356e-05	0.00181490027518	-0.00141932372979	-0.0101813196253	0.230609330723	-0.16647433341	9.45161355213e-11	1.572340556e-05	100.0
-0.000217757145697	-0.000251313444062	-0.00107853739572	-0.0256244646993	-0.0316959334533	-0.127107065381	9.45161355213e-11	1.572340556e-05	100.0
0.00125004624207	0.00329884582742	-0.00256097088306	0.151281664816	0.406632038702	-0.304860108532	9.45161355213e-11	1.572340556e-05	100.0
-0.00115141588362	0.00252178996522	-0.00119347436781	-0.135866772215	0.317310697297	-0.135790501943	9.45161355213e-11	1.572340556e-05	100.0
0.000578822190054	-0.00231089448922	0.000836004140933	0.0661070047112	-0.295975379935	0.0934115328223	9.45161355213e-11	1.572340556e-05	100.0
0.000694377058202	-0.00210604283989	-4.48245819076e-05	0.0800180361115	-0.272340316668	-0.00578385616878	9.45161355213e-11	1.572340556e-05	100.0
0.00108697511308	0.000375664076314	-0.00260538047491	0.132929911005	0.0460882112674	-0.3148523457	9.45161355213e-11	1.572340556e-05	100.0
-0.00128410693582	-0.00222107029061	-0.00255998875972	-0.156248635156	-0.275230492856	-0.306433602676	9.45161355213e-11	1.572340556e-05	100.0
-0.000633466636882	0.00138660833733	0.0023652792514	-0.0770699450859	0.173495871102	0.283963249618	9.40897775677e-11	1.5652477999e-05	100.0
-0.00032691690718	5.90809554584e-05	0.0010171879169	-0.0389662437508	0.0081953479047	0.121621114062	9.40897775677e-11	1.5652477999e-05	100.0
-0.000556148724522	-0.00249544859745	-0.000826011469226	-0.063453432002	-0.320115143441	-0.0901762113229	9.40897775677e-11	1.5652477999e-05	100.0
0.00134636173943	0.00208612024128	0.00148559861207	0.161464312054	0.261450864931	0.174896673765	9.40897775677e-11	1.5652477999e-05	100.0
0.000298943933565	0.00100531787288	-0.000386663902296	0.0367543222665	0.129503641299	-0.0462773662043	9.40897775677e-11	1.5652477999e-05	100.0
6.82198733929e-05	0.00337931430691	0.00212132411521	0.00845204105621	0.417788252934	0.245351407371	9.36626652653e-11	1.5581424946e-05	100.0
-0.000690076924938	0.00207490754312	0.000449475058658	-0.079651062967	0.266905964013	0.0496870310417	9.36626652653e-11	1.5581424946e-05	100.0
0.000939690910253	-0.000874193789511	0.00114321400084	0.113586547492	-0.111301843816	0.13552202721	9.36626652653e-11	1.5581424946e-05	100.0
-2.43915536934e-05	0.00273930619468	0.00203323669981	-0.00219277297584	0.341044551336	0.236688267259	9.32346477442e-11	1.5510221304e-05	100.0
-0.00057801293881	0.00281220651799	0.000506002676019	-0.061244447649	0.363107615654	0.0510913808403	9.32346477442e-11	1.5510221304e-05	100.0
0.000942921001281	-0.00259930064245	0.00115391529473	0.109656779831	-0.328648222967	0.130998705553	9.32346477442e-11	1.5510221304e-05	100.0
0.000307489329546	-0.00220966406563	-0.000240911646639	0.0331232237064	-0.287490428625	-0.0267514374321	9.32346477442e-11	1.5510221304e-05	100.0
-0.00233517861835	-0.0024325906749	0.00107315217549	-0.281273516285	-0.301474823882	0.12515686916	9.32346477442e-11	1.5510221304e-05	100.0
-3.65933057669e-05	-0.000504760625179	0.000723774056699	-0.00408630112085	-0.0641863175797	0.0860608964899	9.23761484961e-11	1.5367404083e-05	100.0
-0.00122285905049	0.0014151414125	-0.000761852504362	-0.147020722802	0.180619383506	-0.0903205177668	9.23761484961e-11	1.5367404083e-05	100.0
-0.000547105636177	-0.00235255172151	-0.00183107027231	-0.0656545085506	-0.294643971225	-0.214413877895	9.23761484961e-11	1.5367404083e-05	100.0
-0.000792340518186	-0.00296235576694	-0.00157192574961	-0.0932681664383	-0.370543572866	-0.178265746639	9.23761484961e-11	1.5367404083e-05	100.0
0.00209914851756	0.0028306801209	-0.00250225230953	0.255170360352	0.349094980291	-0.299245031374	9.23761484961e-11	1.5367404083e-05	100.0
-0.000643264023918	0.00277497840014	-0.00223015132374	-0.076914788113	0.344719553367	-0.262433120361	9.23761484961e-11	1.5367404083e-05	100.0
0.00113749639105	0.0028204705689	-0.000572095388935	0.127387082008	0.360092736078	-0.0602689822684	9.23761484961e-11	1.5367404083e-05	100.0
0.000643754320829	-0.00261532920127	-0.000608811937241	0.0712217809167	-0.337056332928	-0.0663805249777	9.23761484961e-11	1.5367404083e-05	100.0
0.00149346905778	0.00169563312608	-0.0013473138989	0.180639580995	0.212706727452	-0.159756168059	9.23761484961e-11	1.5367404083e-05	100.0
0.000691841897988	-0.00097755065106	-0.000486387729548	0.0831719645904	-0.125523675507	-0.0570024929862	9.23761484961e-11	1.5367404083e-05	100.0
-0.00220467723368	-0.00315407851738	-0.00224616585703	-0.266953269846	-0.387886126588	-0.267499027485	9.23761484961e-11	1.5367404083e-05	100.0
-0.00255939804924	-0.00384435607398	-0.000747692055486	-0.304565258803	-0.470107506864	-0.0850847006824	9.23761484961e-11	1.5367404083e-05	100.0
-0.0028844875998	-0.00148511338003	-0.000168433568955	-0.351506508633	-0.183631021957	-0.0213437723211	9.19455158992e-11	1.5295765405e-05	100.0
0.000347635731883	-0.00305066114681	0.000857743171474	0.0341696251944	-0.390548576021	0.0873308153172	9.19455158992e-11	1.5295765405e-05	100.0
0.000342380175161	-0.00251149054938	-6.04346539767e-05	0.0350245533779	-0.328615259755	-0.00638856367465	9.19455158992e-11	1.5295765405e-05	100.0
0.000801178261289	0.00266862787887	0.000834150743765	0.091080587654	0.34143847166	0.0904363049426	9.19455158992e-11	1.5295765405e-05	100.0
0.00152762696602	0.000199832835555	-0.00106875210952	0.185904670188	0.0243015765942	-0.127862278515	9.15139277937e-11	1.5223967772e-05	100.0
-0.000656725660655	0.00265596655053	0.000850600978106	-0.0739484737227	0.3377076967	0.0910689541162	9.06477341876e-11	1.5079870541e-05	100.0
-0.000118850301891	0.00307068657442	0.000548235301006	-0.00564185400702	0.400414259837	0.0465666212659	9.06477341876e-11	1.5079870541e-05	100.0
0.00191685269107	0.00185358624252	0.00288281856454	0.234568901029	0.228520230334	0.348133242667	9.06477341876e-11	1.5079870541e-05	100.0
-0.00141519825075	0.000693378471262	0.000377439982346	-0.171286241017	0.0890327234311	0.0456803247549	9.06477341876e-11	1.5079870541e-05	100.0
-0.00143781276541	-0.00218450562285	0.000559519708304	-0.169586418479	-0.276663701467	0.0648738319367	9.06477341876e-11	1.5079870541e-05	100.0
-0.000415598405412	-0.00160775806737	-0.00136992748307	-0.0508156638945	-0.204283613384	-0.161625181565	9.06477341876e-11	1.5079870541e-05	100.0
-0.00066904237254	0.00208484786843	-0.000646352258803	-0.0775701105438	0.267696295367	-0.0725327438117	9.06477341876e-11	1.5079870541e-05	100.0
0.00148616001551	0.00418167598852	-2.55005021672e-05	0.155248229312	0.50143452554	-0.00163879914163	9.06477341876e-11	1.5079870541e-05	100.0
-0.000140773435928	0.00195653979419	-0.00247078201147	-0.0166977529332	0.243526941736	-0.295103171186	9.06477341876e-11	1.5079870541e-05	100.0
-0.00090414015084	-0.000464210901452	-0.0020273759593	-0.110017520375	-0.057726459441	-0.243147042334	9.06477341876e-11	1.5079870541e-05	100.0
-0.00127812042468	0.00196277816259	-0.000872537577769	-0.152447567366	0.248621202738	-0.100090351555	9.06477341876e-11	1.5079870541e-05	100.0
0.00130569405424	-7.06970033498e-05	0.000223218287852	0.158127591821	-0.0100523076261	0.0266519495642	9.06477341876e-11	1.5079870541e-05	100.0
0.00144133359279	0.00182389565469	0.00029487985592	0.171095618125	0.230609499477	0.0341253447663	9.06477341876e-11	1.5079870541e-05	100.0
0.000733206456126	-0.00180103266951	-0.000242104001925	0.0858608497663	-0.232131615511	-0.0283890996151	9.06477341876e-11	1.5079870541e-05	100.0
-7.02828231365e-05	0.00140553395056	0.00137104032665	-0.00849030606688	0.178058737653	0.162229617555	9.06477341876e-11	1.5079870541e-05	100.0
0.00147706792855	-0.00175607952099	5.84026782542e-05	0.176875525081	-0.224110901545	0.00827730327747	9.06477341876e-11	1.5079870541e-05	100.0
0.00196505083244	0.000122576205759	-0.00199845757878	0.239820980165	0.014035724403	-0.240490161327	9.06477341876e-11	1.5079870541e-05	100.0
0.000806183980398	-0.00269287156438	-0.000610099250477	0.0902266628424	-0.344815482288	-0.0647835286599	9.06477341876e-11	1.5079870541e-05	100.0
0.00110883940015	-0.000731215327318	-0.00170230586992	0.134555893984	-0.0923725008326	-0.203041905944	9.06477341876e-11	1.5079870541e-05	100.0
0.00142286192259	0.00132677976886	-0.00282181273219	0.173992737908	0.164779937319	-0.340939358658	9.06477341876e-11	1.5079870541e-05	100.0
0.000712073746983	-0.000401015232157	-0.00316377570293	0.0873591337519	-0.0499160428019	-0.38370628837	9.06477341876e-11	1.5079870541e-05	100.0
-0.00286287225865	-0.00335649280648	-0.00121900942772	-0.34662348297	-0.412993417186	-0.144334820913	9.06477341876e-11	1.5079870541e-05	100.0
0.000591506169473	-0.00149474537949	-0.00272840123406	0.0717285141844	-0.186189829773	-0.328032058662	9.06477341876e-11	1.5079870541e-05	100.0
-0.00115997401245	0.00184485969057	0.00351107415401	-0.142114815145	0.228480821626	0.425522429174	8.97772659381e-11	1.4935062195e-05	100.0
-0.00116973231712	0.000359557833319	0.00120962060933	-0.141969028875	0.0461568749853	0.144893123694	8.97772659381e-11	1.4935062195e-05	100.0
0.00209467502481	0.00283287578798	0.000996734312609	0.249194801384	0.351229015744	0.11355544007	8.97772659381e-11	1.4935062195e-05	100.0
0.00103047362866	-0.000833110699616	0.00282523070417	0.126132079275	-0.103936435404	0.341261308841	8.97772659381e-11	1.4935062195e-05	100.0
-0.00316143219764	-0.00197003829908	0.00159699085182	-0.386698660358	-0.243111626637	0.192917599814	8.97772659381e-11	1.4935062195e-05	100.0
-0.000891651132171	-0.0025035564801	0.000713193142461	-0.10184032323	-0.320043607485	0.0778237078843	8.97772659381e-11	1.4935062195e-05	100.0
-0.00115415188854	-0.0003287501011	0.000372042314269	-0.139774845583	-0.0410071108362	0.0437628683334	8.97772659381e-11	1.4935062195e-05	100.0
-0.00117225576239	0.00182041428535	0.000329665842697	-0.139363998498	0.233099951779	0.0385271352049	8.97772659381e-11	1.4935062195e-05	100.0
0.00129455239506	-0.000684902214186	0.000724460724226	0.156757711327	-0.0876487564274	0.0852598326293	8.97772659381e-11	1.4935062195e-05	100.0
0.00203470122085	0.000336199749038	0.002223175704	0.248694278566	0.040697115404	0.268184678234	8.97772659381e-11	1.4935062195e-05	100.0
-0.000389238940792	-0.00376353410677	0.00117402742926	-0.0441500923546	-0.464180258212	0.113394887203	8.97772659381e-11	1.4935062195e-05	100.0
0.000569333138684	-0.00261099233253	2.70159193623e-05	0.0607241651564	-0.339935366831	0.00140269219623	8.97772659381e-11	1.4935062195e-05	100.0
0.00200324641399	0.00176141164916	0.000781090054312	0.241725475322	0.220336051472	0.0928628995172	8.97772659381e-11	1.4935062195e-05	100.0
0.00156188915923	0.00269290413971	-9.34319562945e-05	0.179460360833	0.340822309585	-0.0132051835823	8.97772659381e-11	1.4935062195e-05	100.0
0.00139164507727	0.000671694775533	0.00296757979644	0.170566624387	0.0825977190033	0.360109437825	8.97772659381e-11	1.4935062195e-05	100.0
0.00027243550391	0.000564382572612	0.00201060591961	0.0327566078015	0.0709083635058	0.240899820173	8.97772659381e-11	1.4935062195e-05	100.0
-0.0012043535623	-0.000586573886783	0.00293644300032	-0.147262892582	-0.0720393466982	0.356035979291	8.93402968111e-11	1.4862369392e-05	100.0
-0.000936724489154	-0.000768733868282	0.000272911791645	-0.112551225608	-0.0972087018775	0.0326527544594	8.93402968111e-11	1.4862369392e-05	100.0
0.00124889896972	0.00314675373779	0.000100036000466	0.131611293	0.40181449037	0.00847046926072	8.93402968111e-11	1.4862369392e-05	100.0
-0.00221298097888	-0.00349209213711	0.00123179014245	-0.262876503897	-0.428247448351	0.142034558778	8.93402968111e-11	1.4862369392e-05	100.0
0.000349660544487	-0.00292685780641	0.000198781317835	0.0307493768276	-0.385151119654	0.0182803938181	8.89021710159e-11	1.478948417e-05	100.0
0.00233012331478	0.00355664587317	0.000955401102109	0.277144901758	0.439040060396	0.11083783867	8.84628382626e-11	1.4716398161e-05	100.0
-0.00149403121665	-0.000939801755079	-0.000379473637488	-0.180275869307	-0.117902826346	-0.0440589541046	8.84628382626e-11	1.4716398161e-05	100.0
-0.00107165233121	0.00243929859625	-9.55417533827e-05	-0.123782336711	0.313051756225	-0.0090736060085	8.84628382626e-11	1.4716398161e-05	100.0
0.00189260610084	0.000785610384894	-0.000555007266744	0.229862449185	0.0977949810983	-0.0656258038186	8.84628382626e-11	1.4716398161e-05	100.0
-0.000673567366959	0.00298525780227	0.00172864600285	-0.0788133529971	0.372061404009	0.198403456524	8.80221476814e-11	1.4643086269e-05	100.0
-0.000469323102337	0.00305864120057	0.000685713011422	-0.04659614168	0.392874223059	0.0672211029858	8.80221476814e-11	1.4643086269e-05	100.0
-0.00103033768702	-0.00168260633378	0.000323002887995	-0.122415966191	-0.215194916885	0.0390907508677	8.80221476814e-11	1.4643086269e-05	100.0
-0.00139236448049	0.00156702273811	-3.39566975153e-07	-0.166973038749	0.200272336185	0.000622205494154	8.80221476814e-11	1.4643086269e-05	100.0
0.000547851841216	-0.00318500078304	0.00103820064419	0.0584358041756	-0.401994026194	0.108574638428	8.80221476814e-11	1.4643086269e-05	100.0
0.00101581935197	-0.00250134747907	0.000488835660339	0.116747804615	-0.319736951025	0.0529425097727	8.80221476814e-11	1.4643086269e-05	100.0
0.00215134251032	0.00125100363664	0.000202974160186	0.260444843729	0.155475742986	0.0247536589365	8.80221476814e-11	1.4643086269e-05	100.0
-0.00247112229446	-0.00411728497985	0.00106301923474	-0.29463280418	-0.502061602322	0.122993233443	8.80221476814e-11	1.4643086269e-05	100.0
0.00151622078589	-0.000890555211158	-0.00104652333009	0.183687633781	-0.113371060418	-0.12349719824	8.80221476814e-11	1.4643086269e-05	100.0
0.00137383717053	-0.00184668272508	-0.00157453723771	0.165679563404	-0.231808567509	-0.185450827825	8.80221476814e-11	1.4643086269e-05	100.0
0.00192536805612	0.00282520428628	0.00260247329476	0.233873703991	0.347815243385	0.311448292971	8.75801998521e-11	1.4569565225e-05	100.0
-0.00144073415812	-0.00259807887607	-0.000472372970961	-0.166559448703	-0.329122293729	-0.0512313430057	8.75801998521e-11	1.4569565225e-05	100.0
0.00133896055708	0.00410609549806	-0.00129962385554	0.153664420037	0.500777097013	-0.142030589714	8.75801998521e-11	1.4569565225e-05	100.0
0.00208146359954	0.000519884650979	0.000463840152653	0.252945243881	0.0639769979748	0.0540410771307	8.75801998521e-11	1.4569565225e-05	100.0
-0.00137640438227	-0.00161951072683	0.000280468377148	-0.164907468112	-0.205560946752	0.0323673341804	8.75801998521e-11	1.4569565225e-05	100.0
-0.000256163652889	-0.00371675705121	-0.00138791241445	-0.0304218419258	-0.458419969856	-0.144415132904	8.75801998521e-11	1.4569565225e-05	100.0
-0.0020096407796	-0.00250051152934	0.00122476276629	-0.241569378752	-0.311420382156	0.143224999714	8.71368439051e-11	1.4495809931e-05	100.0
0.00171533904226	0.00442563937409	8.33612581091e-05	0.190954326749	0.532169563912	0.00747716109218	8.71368439051e-11	1.4495809931e-05	100.0
0.000567178268133	0.00154239918142	-3.16697517814e-05	0.0675652406787	0.198377503732	-0.00230889424248	8.71368439051e-11	1.4495809931e-05	100.0
-1.64913256102e-05	-0.00140908448833	-0.000356764856487	-0.00249377109809	-0.181462452336	-0.0390443672977	8.71368439051e-11	1.4495809931e-05	100.0
-0.00238770550462	-0.000483309420968	-0.00208375638183	-0.292506537983	-0.0591142258474	-0.252441153528	8.71368439051e-11	1.4495809931e-05	100.0
-0.00193731113888	-0.00092963572168	-0.00226387031263	-0.236403203131	-0.114304904609	-0.273179230437	8.71368439051e-11	1.4495809931e-05	100.0
-0.000682584078117	0.000666828240196	-0.000937442432461	-0.082039013562	0.0852372467323	-0.11067302507	8.71368439051e-11	1.4495809931e-05	100.0
-0.000870726276253	0.00250411049881	-0.000323700775448	-0.0988421445252	0.322062325535	-0.0336539713871	8.71368439051e-11	1.4495809931e-05	100.0
0.00225549018179	0.00455896585158	-0.000661737012992	0.266164110954	0.553041921269	-0.0748419746339	8.71368439051e-11	1.4495809931e-05	100.0
0.00271892079324	0.003998260734	-0.000942112858228	0.325798166042	0.48873722568	-0.108970586231	8.71368439051e-11	1.4495809931e-05	100.0
0.00231992646524	0.00327788709442	-0.00214053598338	0.280903278978	0.403127173037	-0.254561062707	8.71368439051e-11	1.4495809931e-05	100.0
-0.00118677306762	0.00253841389656	-0.00223001922721	-0.143070903775	0.315738300301	-0.264502110063	8.71368439051e-11	1.4495809931e-05	100.0
0.000840048137263	-0.000164283171071	0.000459216830257	0.101234893762	-0.021735923548	0.0548852805798	8.71368439051e-11	1.4495809931e-05	100.0
0.000242816629609	0.00291669136832	0.00164745101569	0.0284189451502	0.364522709478	0.187281655544	8.71368439051e-11	1.4495809931e-05	100.0
-0.000735840957929	-0.00121554072307	0.0025922420976	-0.0899742371515	-0.151047464098	0.311553028479	8.71368439051e-11	1.4495809931e-05	100.0
0.00117379871871	-0.00115944676277	-0.000649383384071	0.141443911328	-0.147930481538	-0.0754603030119	8.71368439051e-11	1.4495809931e-05	100.0
0.00214501688265	0.0007401334471	-0.00117586820198	0.261225967733	0.0913078634903	-0.140248195423	8.71368439051e-11	1.4495809931e-05	100.0
0.00216122230107	0.00275961523442	-0.00134536029289	0.259560945412	0.341573803935	-0.157666350233	8.71368439051e-11	1.4495809931e-05	100.0
0.0011543546798	0.00267885225762	-0.00103814480115	0.134371175396	0.338306005139	-0.115809658045	8.71368439051e-11	1.4495809931e-05	100.0
-5.84709214822e-05	-0.00112175839472	-0.000505995109281	-0.00743217992827	-0.144528660928	-0.0591568002416	8.71368439051e-11	1.4495809931e-05	100.0
-0.00259669563599	-0.00353418863702	-0.000265883001549	-0.308176618773	-0.432116702347	-0.0325445107632	8.71368439051e-11	1.4495809931e-05	100.0
0.000858371181148	-0.0025339659398	-0.00143295959553	0.101017216367	-0.31843675048	-0.164057588558	8.71368439051e-11	1.4495809931e-05	100.0
0.000146277839735	-0.00249056535061	-0.00294198855332	0.0175386777135	-0.308633372823	-0.352453185591	8.71368439051e-11	1.4495809931e-05	100.0
-0.00162821417531	-0.00303419578237	-0.00309421374946	-0.198229707546	-0.373495301684	-0.372071185796	8.71368439051e-11	1.4495809931e-05	100.0
-0.00242254538065	-0.00409148837324	-0.000718464804994	-0.286774655076	-0.498345866676	-0.0817253862662	8.71368439051e-11	1.4495809931e-05	100.0
0.00161118597051	0.00448399700952	0.000732159995911	0.182627622354	0.54091487238	0.0779449485594	8.66920295504e-11	1.4421812021e-05	100.0
-0.00150251644858	-0.00349522809792	4.05578568633e-05	-0.159825186493	-0.437816770094	0.0042704193544	8.66920295504e-11	1.4421812021e-05	100.0
0.00150682090049	0.000257091410827	-8.50734119039e-05	0.18264672191	0.0315503376817	-0.009920120958	8.66920295504e-11	1.4421812021e-05	100.0
-0.000321868378766	-0.00225389299609	0.00203673755518	-0.0391345178544	-0.282885534039	0.240919406591	8.66920295504e-11	1.4421812021e-05	100.0
-0.000122158353468	0.0023520642115	0.00199078008949	-0.0141366677746	0.294595817265	0.233420467127	8.62458070778e-11	1.4347579861e-05	100.0
-0.000944012660001	-0.000487564718119	0.000735363612966	-0.113938359244	-0.0612782080406	0.0875712967792	8.62458070778e-11	1.4347579861e-05	100.0
0.00118510758028	-0.00113986277687	0.00052142637579	0.142874456282	-0.145822997998	0.0614094798728	8.62458070778e-11	1.4347579861e-05	100.0
0.000376216733023	0.00249023120227	0.00290661045966	0.0458100968958	0.307350181429	0.347815846792	8.53485845902e-11	1.4198320764e-05	100.0
-0.000977421162987	-2.50391678884e-05	0.00204573197913	-0.118888474214	-0.00272951919705	0.245332178046	8.53485845902e-11	1.4198320764e-05	100.0
-0.000866931128252	0.0022799421482	0.000683272158499	-0.100613189316	0.291800363541	0.0769137404718	8.53485845902e-11	1.4198320764e-05	100.0
0.00233714735741	0.00351889435877	0.000410177541003	0.274581297167	0.430873399466	0.0448787834227	8.53485845902e-11	1.4198320764e-05	100.0
0.000912095070682	0.0013849466836	-0.00192417930063	0.111011850666	0.174428997418	-0.230543139859	8.53485845902e-11	1.4198320764e-05	100.0
-0.00158402129563	0.000471621314206	-0.000948872727505	-0.192596130919	0.0600806064259	-0.111524145736	8.53485845902e-11	1.4198320764e-05	100.0
0.00239393043948	0.00341201222732	-0.0013720308868	0.287274251942	0.420023497329	-0.16012562838	8.53485845902e-11	1.4198320764e-05	100.0
-0.00127453189312	0.00161952065558	-0.00151448178239	-0.153575707163	0.203844497728	-0.178577834902	8.53485845902e-11	1.4198320764e-05	100.0
0.00126450988423	-0.000701654036377	0.00112599669936	0.153131963559	-0.0892074645886	0.132740849247	8.53485845902e-11	1.4198320764e-05	100.0
-0.000240381215526	-0.0028677163929	0.00258090338809	-0.0293235809403	-0.35503708693	0.3057924053	8.53485845902e-11	1.4198320764e-05	100.0
0.000686957394976	-0.00149525742916	0.00303293253592	0.0838879534091	-0.186111863261	0.367285551056	8.53485845902e-11	1.4198320764e-05	100.0
0.00155259383775	-1.47745492062e-05	-0.000785717754671	0.188698449175	-0.0032759816839	-0.0944879365776	8.53485845902e-11	1.4198320764e-05	100.0
0.00238839083403	0.00230891504126	-0.00281042489838	0.291819385224	0.284646560196	-0.339763944721	8.53485845902e-11	1.4198320764e-05	100.0
-0.00147923995478	-0.00382944453186	-0.000246408068875	-0.153586564655	-0.46933352836	-0.0240261806345	8.53485845902e-11	1.4198320764e-05	100.0
-0.00143140430026	-0.00166730087803	-0.00320210610885	-0.175548049814	-0.206416480843	-0.387222459431	8.53485845902e-11	1.4198320764e-05	100.0
-0.00237686309381	-0.00375946991838	-0.000262043697852	-0.278895158522	-0.458229367777	-0.0285084859022	8.53485845902e-11	1.4198320764e-05	100.0
0.000631543888873	-0.00253770816445	-0.000134396795208	0.0689679552185	-0.329201933294	-0.0130741493276	8.44447741228e-11	1.4047965711e-05	100.0
0.0018295036462	0.00265744054551	-0.000123837485857	0.214289121915	0.334120184634	-0.0140116194684	8.44447741228e-11	1.4047965711e-05	100.0
-0.00127728646662	0.000565988453511	0.00309757737762	-0.156255332752	0.0707052758029	0.375119631258	8.39902035233e-11	1.3972344783e-05	100.0
-0.00157317241435	0.000449598139514	0.00130437153742	-0.191497627045	0.0569619725092	0.154839654228	8.39902035233e-11	1.3972344783e-05	100.0
0.00228481856179	0.00321439409238	0.00140116497681	0.273369702962	0.394918731318	0.163478838693	8.39902035233e-11	1.3972344783e-05	100.0
-0.000334211148996	0.00322994189796	4.88294481948e-05	-0.0209524424008	0.428390570092	0.00437402867741	8.39902035233e-11	1.3972344783e-05	100.0
0.000166726081336	-5.42223769793e-05	0.00212449749627	0.0207319509062	-0.00685195424745	0.25616265311	8.39902035233e-11	1.3972344783e-05	100.0
-0.00165175073378	0.000919971036125	-0.000267395603753	-0.200123137266	0.117564846211	-0.0313393781208	8.39902035233e-11	1.3972344783e-05	100.0
0.00228029728133	0.00451665590625	3.86992633539e-05	0.267630292002	0.546064221506	0.00414346692697	8.39902035233e-11	1.3972344783e-05	100.0
0.00136675006124	-0.000801360903862	0.00339765031823	0.167314320494	-0.0995552603403	0.41176543486	8.39902035233e-11	1.3972344783e-05	100.0
-0.000542668245338	-0.00315746492681	0.00208947378266	-0.0649554719568	-0.391104815816	0.242250206445	8.39902035233e-11	1.3972344783e-05	100.0
0.00166909133687	0.000980512500637	-3.51494793127e-05	0.201855894152	0.122923277995	-0.00443567043498	8.39902035233e-11	1.3972344783e-05	100.0
0.00135364920826	0.000710020072164	0.000579824673447	0.163993988191	0.0888235176789	0.0675259910963	8.39902035233e-11	1.3972344783e-05	100.0
0.00115460936544	-0.00168768883453	-0.000789892565363	0.138089006721	-0.214662143287	-0.0911989847623	8.39902035233e-11	1.3972344783e-05	100.0
0.000453832308116	-0.00353025137904	-0.000134372209296	0.0264959704021	-0.458265804656	-0.000934091731998	8.39902035233e-11	1.3972344783e-05	100.0
-0.000544125395168	-0.000463161868821	-0.000356451329116	-0.0657907470874	-0.0585154047721	-0.0428946348225	8.35338224866e-11	1.3896422676e-05	100.0
-0.00157761287601	0.00124398146912	-0.000851956161766	-0.1911708371	0.158145645605	-0.100984975828	8.35338224866e-11	1.3896422676e-05	100.0
0.0014124719352	0.00416066658608	-0.000705336633645	0.153655649901	0.503135399707	-0.0700261647672	8.35338224866e-11	1.3896422676e-05	100.0
-0.00143921894759	-0.0037480670782	-0.000151596623474	-0.146455488271	-0.459379607257	-0.0175103166274	8.35338224866e-11	1.3896422676e-05	100.0
0.00038525396059	-0.00315211840579	-0.00109855777533	0.0404502153708	-0.397195147119	-0.114251841072	8.35338224866e-11	1.3896422676e-05	100.0
-0.000667670961964	0.0029658291857	0.000569271641565	-0.0704587474058	0.380674089103	0.0567898586246	8.26151764925e-11	1.3743599632e-05	100.0
-0.00285016535292	-0.000912994936364	0.00155983140233	-0.348862977905	-0.111997212879	0.189663119734	8.26151764925e-11	1.3743599632e-05	100.0
-0.00140990382887	-0.00153420522088	-3.8051949337e-05	-0.169095701294	-0.19484224355	-0.00321388846617	8.26151764925e-11	1.3743599632e-05	100.0
0.00166625625808	0.00421396766204	0.000253650241226	0.182303251624	0.508852879303	0.0291048307404	8.26151764925e-11	1.3743599632e-05	100.0
0.000168018828239	0.00260868730667	-0.001177277631	0.0211193918735	0.332086823659	-0.130087552313	8.26151764925e-11	1.3743599632e-05	100.0
-0.00116606952013	0.000520884158026	-0.00150904400159	-0.141653706077	0.0661656907471	-0.179822550793	8.26151764925e-11	1.3743599632e-05	100.0
0.000972864983967	-0.00238946355484	0.00051189691476	0.112236407307	-0.305103449551	0.0543466148983	8.26151764925e-11	1.3743599632e-05	100.0
0.000828610809164	-0.00295533117545	0.00105633521387	0.0935839638909	-0.373155326442	0.115351544824	8.26151764925e-11	1.3743599632e-05	100.0
0.00140898786676	-0.00162635510995	0.00114173713202	0.169870903486	-0.205945909986	0.134545625402	8.26151764925e-11	1.3743599632e-05	100.0
0.00122933817941	-0.00187263208359	-0.00104731644152	0.147065220501	-0.237137506177	-0.121193704216	8.26151764925e-11	1.3743599632e-05	100.0
-6.31999985519e-05	0.000412149878996	-0.00330421772353	-0.00785433309368	0.0508637820892	-0.40032263064	8.26151764925e-11	1.3743599632e-05	100.0
-0.00304911163458	-0.00367243656443	8.49958421634e-05	-0.366603352325	-0.448823989597	0.0120155620438	8.26151764925e-11	1.3743599632e-05	100.0
0.000175478121448	0.000537141604082	0.00326532843565	0.0211326713384	0.0663404845706	0.395716533638	8.21528109552e-11	1.3666681963e-05	100.0
0.00120732286947	0.00362985201253	0.00220984753301	0.144348153156	0.446087142159	0.258576734478	8.16882829512e-11	1.3589404553e-05	100.0
0.00103840155079	0.0018502903803	0.00319542535447	0.126865644528	0.228868347045	0.385347868945	8.16882829512e-11	1.3589404553e-05	100.0
-0.00117006943595	0.000792232352008	0.000503003192752	-0.141517732166	0.101553558296	0.0581023721174	8.16882829512e-11	1.3589404553e-05	100.0
-0.00105694957689	0.00214071350328	0.000302077501241	-0.123638231165	0.274336632946	0.03308062729	8.16882829512e-11	1.3589404553e-05	100.0
-0.000753162160416	-0.00288524765092	0.00245606114506	-0.0911194569856	-0.35789387273	0.292017657481	8.16882829512e-11	1.3589404553e-05	100.0
-0.00275646525863	-0.00139189291436	0.000119102985394	-0.335427907106	-0.172289737498	0.0127325570974	8.16882829512e-11	1.3589404553e-05	100.0
0.00171061088819	0.00443731745207	0.000317433088772	0.191523580804	0.533688338288	0.032793582977	8.16882829512e-11	1.3589404553e-05	100.0
0.00176389571332	-0.00051440060557	0.000932474073309	0.214259146322	-0.0661158569165	0.110847467217	8.16882829512e-11	1.3589404553e-05	100.0
0.00235731857071	0.00142699760238	0.00180966955628	0.287557438334	0.17652166102	0.217620914422	8.16882829512e-11	1.3589404553e-05	100.0
0.00129135690673	0.000133523131596	0.000565945906067	0.156348178325	0.0157494973574	0.0680559853764	8.16882829512e-11	1.3589404553e-05	100.0
-0.00328182847311	-0.00262718430343	0.00199764018673	-0.40040680422	-0.322860877251	0.239760714766	8.16882829512e-11	1.3589404553e-05	100.0
0.00125147174879	0.000198126709213	-0.00112942083246	0.151644906335	0.0243163300833	-0.136259707035	8.16882829512e-11	1.3589404553e-05	100.0
-0.00162588973594	-0.00264596132323	0.00262408228709	-0.197692116206	-0.326999320617	0.315819003796	8.07524378039e-11	1.3433720312e-05	100.0
-0.000894389026087	-0.00361892704693	0.000794291141939	-0.0907919433083	-0.454676473157	0.070514007461	8.07524378039e-11	1.3433720312e-05	100.0
-0.00035017567347	0.00295443077473	5.6134701063e-05	-0.0297930529838	0.389631305695	0.00338241740766	8.07524378039e-11	1.3433720312e-05	100.0
-0.000797461394148	0.00215386998072	-0.00035162132073	-0.0922246479717	0.277271997331	-0.0388581946411	8.07524378039e-11	1.3433720312e-05	100.0
0.00132116050767	-0.000154112213163	0.000477459813103	0.159937037546	-0.0206333469028	0.0561152990093	8.07524378039e-11	1.3433720312e-05	100.0
0.00139596711158	0.00255989165787	0.00146869020917	0.166575250164	0.320008310858	0.169906006038	8.07524378039e-11	1.3433720312e-05	100.0
-0.000851915989537	-0.00168017492845	0.00388317454748	-0.104545356035	-0.207570411332	0.471198823162	8.07524378039e-11	1.3433720312e-05	100.0
0.00105436643685	-0.00178949483377	-0.000471490584077	0.125102360948	-0.228946528408	-0.0537682463624	8.07524378039e-11	1.3433720312e-05	100.0
0.00202411191893	0.00190486721299	-0.000779261266384	0.243578796623	0.237927463243	-0.0909712200835	8.07524378039e-11	1.3433720312e-05	100.0
0.000618977109625	-0.00349940892601	-0.000724044245304	0.0601625507347	-0.44087559323	-0.0665397501351	8.07524378039e-11	1.3433720312e-05	100.0
-0.000723278748847	0.0009427088252	0.00377177102655	-0.0884030878311	0.116731550879	0.457791004192	7.98069369918e-11	1.3276429785e-05	100.0
-0.00120119359246	0.00156454512043	0.00119242360914	-0.14446931559	0.198328805165	0.140425013149	7.98069369918e-11	1.3276429785e-05	100.0
-0.00173879634358	-0.00238474225603	0.000452654302886	-0.204844148727	-0.299695126071	0.0525862794887	7.98069369918e-11	1.3276429785e-05	100.0
0.00125440626576	0.0044820218659	0.000251387477957	0.128182036508	0.534636136381	0.0188976194751	7.98069369918e-11	1.3276429785e-05	100.0
-0.00239909461806	-0.000659635851582	-0.000751965612168	-0.291925402786	-0.0805620788533	-0.0912078013937	7.98069369918e-11	1.3276429785e-05	100.0
-0.000453836922065	0.00325689966415	-6.8946960981e-05	-0.0349789328074	0.428355655378	-0.00587518154141	7.98069369918e-11	1.3276429785e-05	100.0
-0.000442011578605	-0.0032427268651	-0.000724735318241	-0.0457353953679	-0.419248415013	-0.0631583460943	7.98069369918e-11	1.3276429785e-05	100.0
-0.00210509483301	-0.00255671206602	-0.00258468176018	-0.257049077806	-0.315754024893	-0.310872250636	7.98069369918e-11	1.3276429785e-05	100.0
0.00114892769099	0.00158514231787	-0.00348104880038	0.140896405836	0.196018455305	-0.421514767585	7.98069369918e-11	1.3276429785e-05	100.0
-0.000213758475949	0.000251057078782	-0.00373212467255	-0.0261090950551	0.0310526409521	-0.453142629991	7.98069369918e-11	1.3276429785e-05	100.0
0.00159689009785	0.00107372339866	0.00311275886335	0.195247050374	0.132781015586	0.376956137406	7.98069369918e-11	1.3276429785e-05	100.0
-0.00292845468642	-0.00212349139833	0.00339765461729	-0.359701966879	-0.261428763092	0.413027065696	7.98069369918e-11	1.3276429785e-05	100.0
0.00131467273411	0.00195201621222	0.000183965941736	0.15547084062	0.248661930707	0.0226858138135	7.98069369918e-11	1.3276429785e-05	100.0
-0.000810024973704	-0.00193568389707	0.00332829641425	-0.0990899426622	-0.238813417682	0.403215591786	7.98069369918e-11	1.3276429785e-05	100.0
-0.000130012430498	0.000363964377435	0.0016033494835	-0.0158868135806	0.0460511293944	0.192384616344	7.98069369918e-11	1.3276429785e-05	100.0
0.0014654535107	0.00204071185754	-0.00193002701595	0.177432785069	0.254362117892	-0.229698538674	7.98069369918e-11	1.3276429785e-05	100.0
0.000501234672921	0.000578704458305	-0.00228160339497	0.0613501182547	0.0721798890414	-0.27488004972	7.98069369918e-11	1.3276429785e-05	100.0
-0.00225668934618	-0.00276776099387	-0.00211805794787	-0.27373738779	-0.341620862899	-0.252179041676	7.98069369918e-11	1.3276429785e-05	100.0
-0.00185251384036	-0.00278643593983	-0.000577065372402	-0.216812978761	-0.347732699469	-0.0623218839678	7.98069369918e-11	1.3276429785e-05	100.0
-0.00239094205657	-0.00104392968823	0.00203770153274	-0.292071551815	-0.128889389519	0.245456822363	7.88509758759e-11	1.3117399116e-05	100.0
0.00130383618	0.00350236077805	-0.00026868776272	0.130809618312	0.43653463517	-0.0267863029848	7.88509758759e-11	1.3117399116e-05	100.0
-0.00109156767784	-0.00294492937064	-0.000436434252637	-0.120239957831	-0.379812662311	-0.0435729044256	7.88509758759e-11	1.3117399116e-05	100.0
-0.00239437764424	-0.000991876455231	-0.0008687778782	-0.291447785378	-0.122579495373	-0.102683766648	7.88509758759e-11	1.3117399116e-05	100.0
0.0012266509046	0.00447222447278	-0.000376632982511	0.126927768342	0.529595154156	-0.0342822031971	7.88509758759e-11	1.3117399116e-05	100.0
0.00287468835517	0.00353229949081	-0.000795317187894	0.345669000229	0.433647614694	-0.0912405317766	7.88509758759e-11	1.3117399116e-05	100.0
-0.0010036640327	0.00188983465672	-0.00216773646525	-0.121060853269	0.235964128165	-0.258250375257	7.88509758759e-11	1.3117399116e-05	100.0
0.000617485126598	-0.0031327864829	8.28905735421e-05	0.058394062532	-0.407783706645	0.00467402910528	7.88509758759e-11	1.3117399116e-05	100.0
-0.000225170469642	-0.00164122394685	0.00295844827777	-0.0280371987382	-0.204490375619	0.356202599258	7.88509758759e-11	1.3117399116e-05	100.0
0.00142175217966	-0.00068226363893	-0.000924161844504	0.172339436053	-0.0873239859405	-0.109401031444	7.88509758759e-11	1.3117399116e-05	100.0
-0.00154033204705	-0.00258057652461	0.000107207247489	-0.17789544272	-0.326841198184	0.0125683312776	7.88509758759e-11	1.3117399116e-05	100.0
0.000469891041504	-0.00349992859457	-0.000537443534228	0.0377656009319	-0.446644938163	-0.0421173652977	7.88509758759e-11	1.3117399116e-05	100.0
-0.00100819845138	-0.00221180926407	-0.00319499237084	-0.122947022314	-0.273134974105	-0.384396128948	7.88509758759e-11	1.3117399116e-05	100.0
-0.00167891731657	-0.0044619885555	-0.000598044045162	-0.189865900029	-0.537347146564	-0.0637606758472	7.88509758759e-11	1.3117399116e-05	100.0
