# x[AU] y[AU] z[AU] vx[AU/yr/2pi] vy[AU/yr/2pi] vz[AU/yr/2pi] m[MSUN] m[mtot] wf[%]
-7.92868802948e-06	0.000228019273569	-1.42606235319e-08	-0.000734464717794	0.0275999917026	2.77525799098e-06	6.25091607563e-10	0.661887597975	9.43242204573
1.51681715387e-05	-0.000456042953132	2.74892799118e-07	0.00138524692049	-0.0552002728862	3.42014675429e-05	3.09798977365e-10	0.328035280767	8.87482727331
5.02154877569e-05	-0.000404346154347	1.54303344052e-05	0.00554683734403	-0.0501192272721	0.00144121088685	5.63161123879e-14	5.9631157907e-05	0.0
4.83614354011e-05	-0.000425026734535	7.56247532339e-07	0.00477841375307	-0.0530735093314	-0.000435204221845	5.63139499213e-14	5.9628868147e-05	0.0
5.28249895311e-05	-0.00041985174033	4.37316303386e-06	0.00549993215112	-0.052264958564	0.000175458328861	5.62966501883e-14	5.9610550066e-05	0.0
6.47539687796e-05	-0.000372005865769	1.98852072144e-05	0.00743149013198	-0.0457860658671	0.0022088887052	5.62934316334e-14	5.9607142051e-05	0.0
7.67600655696e-05	-0.00036926806749	1.72639064093e-05	0.00878280403234	-0.0454366017923	0.00192221732871	3.82333351773e-14	4.0483938798e-05	100.0
-1.57124658693e-05	9.55038049348e-06	-8.14172905069e-05	-0.00212677121511	0.00140021871253	-0.00967792072942	1.91390616906e-14	2.0265681729e-05	100.0
0.000141799441875	0.00016390034889	0.000151351317696	0.0167926125892	0.0197670192747	0.0180745882537	1.91376586018e-14	2.0264196047e-05	100.0
-4.271269838e-05	-1.45015173722e-05	-0.000110358901679	-0.00534693960183	-0.00154813314262	-0.0131796651209	1.91376586018e-14	2.0264196047e-05	100.0
7.35274797798e-05	0.000195804162004	9.87149903598e-05	0.0082772733005	0.0237440074005	0.0113381239528	1.9136275629e-14	2.0262731666e-05	100.0
-0.000129446943438	-0.00034072421363	2.28027435246e-05	-0.0156698164057	-0.0412931063317	0.00275563758429	1.91352446856e-14	2.0261640036e-05	100.0
-2.75301991688e-05	0.000161482582299	-0.000230325414712	-0.00353544941325	0.0195398209199	-0.0275151383133	1.91352446856e-14	2.0261640036e-05	100.0
3.43513251469e-05	-0.000319557664794	-0.000134284178692	0.00400720883724	-0.0387372222342	-0.0159491875351	1.91349027141e-14	2.0261277935e-05	100.0
-1.52570371986e-05	-0.000269408529763	-0.000149049737905	-0.0019687961867	-0.0326061401424	-0.0178359934761	1.91349027141e-14	2.0261277935e-05	100.0
1.7161381416e-05	0.000157014894651	-0.000128908547754	0.00170508875695	0.019186620212	-0.0150022059988	1.91345607427e-14	2.0260915833e-05	100.0
-1.81591195897e-05	-0.000145978144761	6.20985022563e-05	-0.00236289127912	-0.0175752196033	0.00732760770091	1.91342187712e-14	2.0260553731e-05	100.0
6.88041491823e-05	-6.99091900043e-05	-0.000294162021813	0.00817297945786	-0.00840003161788	-0.035405723568	1.91342187712e-14	2.0260553731e-05	100.0
9.68391839952e-05	0.00013050973156	-0.000288681134049	0.0115094537041	0.0157768050751	-0.0347143825471	1.91342187712e-14	2.0260553731e-05	100.0
-2.51875489154e-06	-6.5843662208e-05	0.000229889009316	-0.000462358108135	-0.00785914166564	0.0276101618967	1.91331978858e-14	2.0259472752e-05	100.0
-3.33231117233e-05	0.000177726251434	-3.75554110016e-05	-0.00384591141609	0.0229090069573	-0.00316903289025	1.91331978858e-14	2.0259472752e-05	100.0
-8.55054247707e-05	-0.000295553699669	-7.31160249128e-05	-0.010414729627	-0.0357948826848	-0.00868080676419	1.91328609433e-14	2.0259115975e-05	100.0
-8.12321535135e-05	-2.23870214611e-06	-8.15898755971e-05	-0.00991878794387	8.6829643016e-05	-0.00965797355043	1.91328609433e-14	2.0259115975e-05	100.0
6.49217944905e-05	-6.28115184436e-05	0.00015015784831	0.00767279420766	-0.00755666030705	0.0179878894067	1.91321870584e-14	2.0258402422e-05	100.0
-3.86680857992e-06	-0.000392532304018	-9.153351795e-05	-0.000421629758367	-0.0476426564134	-0.0105975104225	1.91315182024e-14	2.0257694194e-05	100.0
0.000195296244922	0.000282633300983	1.07174479737e-05	0.0232018623191	0.0339796027589	0.00128425983684	1.91315182024e-14	2.0257694194e-05	100.0
2.00620650813e-05	-0.000122045732146	-3.88609781563e-05	0.00226588791986	-0.014673982273	-0.00455838920273	1.91315182024e-14	2.0257694194e-05	100.0
-8.78287565827e-05	-0.000164609102688	-0.000184408254689	-0.0107533840155	-0.0198295760847	-0.022097977243	1.91315182024e-14	2.0257694194e-05	100.0
-5.38852945739e-05	9.07127720635e-05	-5.69356011141e-05	-0.00669498765859	0.0115238535614	-0.00660195967137	1.91308493465e-14	2.0256985966e-05	100.0
-3.92595906701e-05	0.000163799433403	5.3516814751e-05	-0.00466552347848	0.0208156055742	0.00538361241438	1.9130517433e-14	2.0256634514e-05	100.0
1.04326380736e-05	5.99597960755e-07	8.20132678265e-05	0.00108506412918	0.00040565996772	0.00974694942413	1.9130517433e-14	2.0256634514e-05	100.0
-3.74530732034e-05	-0.000235618179417	-0.000142254933492	-0.00468150089744	-0.0284546930201	-0.0169773549943	1.9130517433e-14	2.0256634514e-05	100.0
-8.061934931e-05	-0.000163836917533	-0.000166666903715	-0.00988591927823	-0.0197149286858	-0.0199441280055	1.9130517433e-14	2.0256634514e-05	100.0
5.99541068869e-05	0.000152142696093	0.000210395733641	0.00701525294162	0.0184235067363	0.0250457250279	1.91301855195e-14	2.0256283062e-05	100.0
-3.84127847523e-05	-6.78944716624e-06	-0.000153024195618	-0.00478821047646	-0.000668218725251	-0.0181861228326	1.91301855195e-14	2.0256283062e-05	100.0
3.65623092669e-05	-0.000188253161173	-5.0758952285e-05	0.00429210743761	-0.0227597047254	-0.00606906794152	1.9129853606e-14	2.0255931611e-05	100.0
-5.66082783951e-05	-7.88593363515e-05	0.00015020096512	-0.00701835543191	-0.00940925417549	0.0179923473103	1.91295216926e-14	2.0255580159e-05	100.0
-5.47548173866e-05	0.000141256572972	3.26194775572e-06	-0.00641783926296	0.0183885832497	0.000236503126407	1.91295216926e-14	2.0255580159e-05	100.0
-0.000109847100805	-0.000252556461968	-0.000237883847273	-0.0134265380131	-0.0304365390486	-0.0286617048844	1.91288628946e-14	2.0254882581e-05	100.0
-8.84643931967e-05	-3.43049475309e-05	-8.88186938078e-05	-0.0108073890456	-0.00384961478567	-0.0105483828474	1.91288628946e-14	2.0254882581e-05	100.0
1.36790429819e-05	0.000138510763523	-2.38770031511e-05	0.000979863381064	0.0177456466666	-0.00257808035924	1.91286617349e-14	2.025466958e-05	100.0
-1.77520820863e-05	-0.000313766418268	0.000166785735594	-0.00224877141704	-0.0379474271041	0.0199947704247	1.91286617349e-14	2.025466958e-05	100.0
2.98487595833e-05	-3.29494225843e-05	-0.000102600749611	0.0034000304205	-0.00387406375151	-0.0122125341138	1.91283097055e-14	2.0254296829e-05	100.0
-1.13433046531e-05	5.29457127768e-06	-0.000172477094114	-0.00156328871534	0.000830365878784	-0.0206412562347	1.91283097055e-14	2.0254296829e-05	100.0
-2.7160134673e-06	-0.00033193815524	-6.99330966614e-05	-0.00043994316229	-0.0404231576616	-0.0080938176218	1.91283097055e-14	2.0254296829e-05	100.0
1.91320340183e-05	-0.000411202959308	-0.000191061267024	0.0021520763523	-0.0496638274994	-0.022767575712	1.91283097055e-14	2.0254296829e-05	100.0
1.10677170862e-06	-0.000553688039672	1.20118089268e-05	0.000122854774252	-0.0662741543453	0.00130667545129	1.91282040966e-14	2.0254185003e-05	100.0
-2.59561285012e-05	-7.04432028189e-05	-0.000353606245627	-0.00330553919891	-0.00845575500597	-0.0425826148294	1.91282040966e-14	2.0254185003e-05	100.0
-4.27734097635e-05	0.000172732094649	5.9409174469e-05	-0.0050305458292	0.0216675384911	0.00591452085189	1.91275503276e-14	2.025349275e-05	100.0
2.6379957763e-05	-4.2828388282e-05	0.000292844594452	0.00302388665004	-0.00514949945982	0.0351824849251	1.91275503276e-14	2.025349275e-05	100.0
6.4248610975e-06	-0.000304465832093	-0.000209073909827	0.000610584216257	-0.0368486936137	-0.0250149292495	1.91275503276e-14	2.025349275e-05	100.0
-5.06153755289e-05	-0.000163213818577	-0.000188522227335	-0.00626698758377	-0.0196367549187	-0.0226071137414	1.91275503276e-14	2.025349275e-05	100.0
4.91430146953e-05	-0.000374360920326	2.45292157257e-05	0.00561876630561	-0.0461495630072	0.00268421655349	1.91272636751e-14	2.0253189224e-05	100.0
7.04083252236e-05	-0.000302051624663	1.61287326097e-05	0.00823928307888	-0.0369997283461	0.00190966011331	1.91272636751e-14	2.0253189224e-05	100.0
-2.10717490139e-05	5.10059326058e-05	0.000104372008906	-0.00277424284036	0.00639308378027	0.0123015281756	1.91272636751e-14	2.0253189224e-05	100.0
8.94533171387e-07	-0.000344588834646	0.00013341111916	-1.12001335653e-05	-0.0417477132183	0.0157774640045	1.91272636751e-14	2.0253189224e-05	100.0
6.523912905e-05	-0.000340863689345	2.58621471502e-06	0.0075835787099	-0.0418622741715	0.000324104822138	1.91272636751e-14	2.0253189224e-05	100.0
6.298597616e-05	5.19521064406e-05	-0.000143520428316	0.00737708812363	0.00646908863845	-0.017065163235	1.91272636751e-14	2.0253189224e-05	100.0
8.37465075564e-05	-3.07313416955e-05	-0.000220094873503	0.00993313453229	-0.00365887798981	-0.0263884814847	1.91272636751e-14	2.0253189224e-05	100.0
3.79250573498e-05	7.58350196157e-05	0.000339563533266	0.00442882825083	0.00921176353973	0.0407886807324	1.91272234431e-14	2.0253146624e-05	100.0
1.08794852265e-05	-0.000484133112838	0.000138321961965	0.00117404089757	-0.0583488312972	0.0162840218604	1.91272234431e-14	2.0253146624e-05	100.0
-0.00011705991949	-0.000631599521804	6.98379023786e-05	-0.0142744886814	-0.0762352277568	0.00839518868566	1.91272234431e-14	2.0253146624e-05	100.0
5.28721845277e-05	-0.000382095039405	3.65092678408e-05	0.00603121313849	-0.046959831868	0.00386311076663	1.91269217036e-14	2.0252827122e-05	100.0
6.99928906542e-05	0.000275633540404	1.82018166874e-06	0.00729574803765	0.032717091584	0.000242895474435	1.91269217036e-14	2.0252827122e-05	100.0
4.13613609268e-05	-0.000429210984345	-0.000113083759781	0.00475330834098	-0.0519201167284	-0.0129961970216	1.91269217036e-14	2.0252827122e-05	100.0
-3.9414086704e-05	0.000137072227553	0.000114449858684	-0.00486403400099	0.0169187328186	0.0130927120043	1.91269015877e-14	2.0252805822e-05	100.0
2.04682232853e-06	-0.000121179526595	0.000147237564859	0.000125613786817	-0.0145027872084	0.0176197251674	1.91265747032e-14	2.0252459696e-05	100.0
-5.96624171851e-05	0.00013160713127	2.48380718376e-05	-0.00706012187948	0.0170338002603	0.00269644688073	1.91265747032e-14	2.0252459696e-05	100.0
-1.65908711253e-05	-0.000345467760712	-1.3197188556e-05	-0.00196184343636	-0.0422854143718	-0.00158139562438	1.91265747032e-14	2.0252459696e-05	100.0
5.4296298093e-05	-0.000375935617786	2.8194320449e-05	0.00619494362235	-0.0462768536256	0.00302478606801	1.91265747032e-14	2.0252459696e-05	100.0
5.29552360895e-05	-0.000402497758105	1.49614059681e-05	0.00577402156938	-0.0497800288078	0.00121629368504	1.91265747032e-14	2.0252459696e-05	100.0
0.000138232301865	-1.99586052029e-05	-0.000122425614431	0.0164885063321	-0.0023790447634	-0.0147125298086	1.91265747032e-14	2.0252459696e-05	100.0
-0.000119015276091	-0.000465076316156	0.00023423122604	-0.0145738783361	-0.0562029937636	0.0281540146811	1.91262528477e-14	2.0252118894e-05	100.0
-7.04883408879e-05	-5.73662611977e-05	0.000353457840025	-0.00868968238561	-0.00687051906038	0.0425587355573	1.91259259632e-14	2.0251772768e-05	100.0
-5.10157565819e-05	0.000138001095754	1.03701297668e-05	-0.00598120682439	0.0179899995558	0.00102778170634	1.91259259632e-14	2.0251772768e-05	100.0
2.39813213083e-05	0.000261633239155	0.000127693920145	0.00248990955268	0.0313295546166	0.0147813076219	1.91259259632e-14	2.0251772768e-05	100.0
7.91127188216e-05	-0.000297087438959	-4.57555122701e-05	0.00929372760722	-0.0363431932731	-0.00537698246983	1.91258907602e-14	2.0251735492e-05	100.0
4.66922956785e-05	0.00024570591711	-4.55143642355e-05	0.00430428194012	0.0292254619721	-0.00456399433169	1.91258907602e-14	2.0251735492e-05	100.0
9.59629005401e-05	0.000139748126756	6.78405414563e-05	0.0110142186507	0.0171037063779	0.00797634601457	1.91258907602e-14	2.0251735492e-05	100.0
3.03192561243e-05	-0.000404940404369	-0.000144363132703	0.00347197319702	-0.0490274952769	-0.0169397132789	1.91258907602e-14	2.0251735492e-05	100.0
3.1341851472e-05	-0.000432488544464	-0.00016922046089	0.00359322471886	-0.0522417494789	-0.0200222261733	1.91258907602e-14	2.0251735492e-05	100.0
-3.88068384646e-05	1.20322944149e-05	-0.000237484371955	-0.00486056671217	0.00157309171906	-0.0284302450983	1.91252822522e-14	2.0251091164e-05	100.0
-1.01137968697e-05	4.01477782738e-05	1.48430595463e-05	-0.00148851208715	0.00524061636578	0.0016073175394	1.91252118463e-14	2.0251016614e-05	100.0
2.41158843954e-05	-0.000152856512944	0.000252337859626	0.0027396846735	-0.0184191955559	0.0302744362713	1.91252118463e-14	2.0251016614e-05	100.0
3.01898603521e-05	-7.43228810275e-05	0.000187221937652	0.00346571408808	-0.0089347888849	0.0224118326802	1.91252118463e-14	2.0251016614e-05	100.0
-4.6618298275e-06	7.82449469249e-05	-0.000267248292204	-0.00075992425637	0.00952125649638	-0.0320484451542	1.91252118463e-14	2.0251016614e-05	100.0
4.06283624724e-05	-0.000104223801883	-0.000241303117465	0.00476358007625	-0.012546351216	-0.02904070197	1.91252118463e-14	2.0251016614e-05	100.0
-0.000107355013369	-0.000334502856711	0.000366752882606	-0.0131557334511	-0.0403559564427	0.0442364296496	1.91249603967e-14	2.0250750363e-05	100.0
-0.000193595280424	-0.00021806895827	0.000194830790897	-0.0235624688704	-0.026239229023	0.0234352705022	1.91249603967e-14	2.0250750363e-05	100.0
5.90900700881e-05	-0.00040732400506	-1.64315323654e-05	0.00641616566348	-0.0503824101792	-0.00151187009146	1.91245329324e-14	2.0250297736e-05	100.0
9.19624591488e-05	0.000128471298248	-0.000143743003449	0.0107600961802	0.0156476522155	-0.0170437632139	1.91245329324e-14	2.0250297736e-05	100.0
9.27323058215e-05	0.000266378892591	-0.00010673977498	0.0106906209945	0.0319170563753	-0.0124665554195	1.91245329324e-14	2.0250297736e-05	100.0
0.000135907418741	0.000256595182033	-0.000160400558482	0.0161042371426	0.0309376885991	-0.0191202326129	1.91245329324e-14	2.0250297736e-05	100.0
-8.29146760844e-06	-0.000410514794553	-5.80563852431e-06	-0.00854648070458	-0.0374582294724	-0.0032761834545	1.91245329324e-14	2.0250297736e-05	100.0
4.12154554035e-05	-0.000419736653638	-1.14821914414e-05	0.00416855374265	-0.0522428238441	-0.000404115208235	1.91245329324e-14	2.0250297736e-05	100.0
6.30285628009e-05	-0.000391107321128	-8.86467839545e-05	0.0073044652111	-0.0475414780155	-0.0100854358457	1.91245329324e-14	2.0250297736e-05	100.0
2.76125995575e-05	-0.000388442674799	-0.000145403113869	0.00315193364323	-0.0470397955226	-0.0171148865165	1.91245329324e-14	2.0250297736e-05	100.0
-5.43103462328e-05	6.5307091651e-05	0.000150819390586	-0.00668322274464	0.00817193256501	0.0178087054094	1.91243217147e-14	2.0250074085e-05	100.0
2.63800001847e-05	-0.00047078968253	9.74501120423e-05	0.00302488082842	-0.0566454291458	0.0110658565648	1.91243217147e-14	2.0250074085e-05	100.0
-0.000182692482253	-0.000529839627403	-5.66607741704e-05	-0.0221565027756	-0.0639366130956	-0.00684872814585	1.91243217147e-14	2.0250074085e-05	100.0
5.14734014012e-05	4.97784325268e-05	0.00029203097723	0.00604762578502	0.00606058712011	0.0350614348908	1.91243217147e-14	2.0250074085e-05	100.0
-3.06236992162e-05	-0.000162559741413	1.91371864593e-05	-0.00383366039307	-0.0195593923498	0.00216844058536	1.91243217147e-14	2.0250074085e-05	100.0
-0.000185711596068	-0.000511499414263	6.37507374869e-05	-0.0225290515202	-0.0617070255444	0.00758945257135	1.91243217147e-14	2.0250074085e-05	100.0
-0.000217398503547	-0.000350994318718	-2.83594521743e-05	-0.0263701608335	-0.0423532732986	-0.0033921804117	1.91243217147e-14	2.0250074085e-05	100.0
-3.45870395975e-05	0.000145291979908	-8.83092770651e-05	-0.00434831863962	0.0181094351207	-0.0098905681758	1.91243217147e-14	2.0250074085e-05	100.0
0.000123114971181	0.000281260313707	-0.000274818765933	0.0147012137263	0.0338489215021	-0.0329754075696	1.91243217147e-14	2.0250074085e-05	100.0
1.5037817047e-05	-1.37099543149e-05	-0.000310269090047	0.00164845627449	-0.00164243911091	-0.0373092479084	1.91243217147e-14	2.0250074085e-05	100.0
-4.06155285237e-05	0.000165437367111	8.39530907441e-05	-0.00491270372544	0.0204912176536	0.0090710832989	1.91236830327e-14	2.0249397807e-05	100.0
-3.74459725756e-05	8.32550811099e-05	0.000139662243361	-0.00464666826506	0.0103531516198	0.0163860582343	1.91236830327e-14	2.0249397807e-05	100.0
-0.000160081954408	-0.000190757317417	0.000216456569218	-0.0195079614134	-0.0229711673874	0.0259874700208	1.91236830327e-14	2.0249397807e-05	100.0
-0.000161889463377	-0.000196393718911	0.000217956254153	-0.0197198096606	-0.0236180183035	0.0261997606634	1.91236830327e-14	2.0249397807e-05	100.0
4.7769352806e-05	0.000140864341052	0.000167369727797	0.0054772851903	0.0171038530545	0.0198047872815	1.91236830327e-14	2.0249397807e-05	100.0
-1.01507338807e-05	-0.000437045435868	-4.35312258626e-05	-0.000581565940125	-0.0530616169728	-0.00414928640625	1.91236830327e-14	2.0249397807e-05	100.0
-0.000134578098096	-0.00050672971479	-0.000113394862124	-0.0163214889641	-0.0611168658153	-0.013506359415	1.91236830327e-14	2.0249397807e-05	100.0
5.39753266595e-05	-0.000378523475241	1.96376980685e-05	0.00612828287993	-0.046678068222	0.00207879105429	1.91235271339e-14	2.0249232731e-05	100.0
5.48609124769e-05	-0.00039097111048	3.19242619367e-05	0.00619007624599	-0.0481289326495	0.00329300447787	1.91235271339e-14	2.0249232731e-05	100.0
4.83443814411e-05	-0.000415127816769	5.229662101e-05	0.00539432441282	-0.0507136990665	0.00531179493991	1.91235271339e-14	2.0249232731e-05	100.0
7.27617110395e-05	-0.000360144735656	-5.29118679114e-06	0.00839153901437	-0.0442941498315	-0.000538951354178	1.91235271339e-14	2.0249232731e-05	100.0
2.72312841288e-05	-9.17770279801e-05	0.000294752399247	0.00312495332336	-0.0110507062069	0.0354455110867	1.91235271339e-14	2.0249232731e-05	100.0
5.68926519754e-05	-0.000386785180593	-0.000119883760485	0.00661729525907	-0.0469538104383	-0.0139525039658	1.91235271339e-14	2.0249232731e-05	100.0
0.000139113229892	-2.16179712209e-05	-0.000193507203275	0.0166029845044	-0.00264367806713	-0.0231818282211	1.91231952204e-14	2.024888128e-05	100.0
6.20796105141e-05	-0.00035524367269	-6.7312259873e-07	0.00726164850264	-0.0436319474194	-3.72498301664e-05	1.91231952204e-14	2.024888128e-05	100.0
3.92765187767e-05	-0.000419083597458	-9.23652255165e-06	0.00400961890684	-0.0522961053838	-0.000257274259981	1.91231952204e-14	2.024888128e-05	100.0
3.25202059223e-05	-0.000563225045729	-0.000151330212409	0.00375159482441	-0.0678753918827	-0.018019404479	1.91231952204e-14	2.024888128e-05	100.0
3.37064311979e-05	-0.000362120439385	0.000204125280561	0.00390486656317	-0.0437457888905	0.0243825648945	1.91230443507e-14	2.0248721529e-05	100.0
-0.000125625225747	-0.000137978744326	9.80710877792e-05	-0.0152973287333	-0.0164854540408	0.0117411404492	1.91230443507e-14	2.0248721529e-05	100.0
-1.74289499068e-05	-0.000363700380596	-0.000135793292651	-0.00217683331314	-0.0439838825589	-0.0160841639609	1.91230443507e-14	2.0248721529e-05	100.0
-5.77305553681e-05	-3.41293811417e-05	-9.43732904081e-05	-0.00709558066454	-0.00381198385896	-0.0112096567015	1.91230443507e-14	2.0248721529e-05	100.0
0.000124799059002	9.26315849093e-05	0.000114607260429	0.0147506312702	0.0112592421126	0.0136805337214	1.9122863307e-14	2.0248529828e-05	100.0
8.64902740959e-05	-0.000296115833051	-0.00029426626446	0.0102725105499	-0.0358367866402	-0.035314183547	1.9122863307e-14	2.0248529828e-05	100.0
2.27692647734e-05	-0.000440280075885	-0.00018367750977	0.00253599522824	-0.0531105283155	-0.0218000435142	1.9122863307e-14	2.0248529828e-05	100.0
-0.000154008544642	-0.000368001022203	-0.000188113087481	-0.0187350563771	-0.0444069299904	-0.0225715607237	1.91227275242e-14	2.0248386053e-05	100.0
-0.000124342896988	-0.000478521844623	-0.000187024362948	-0.0151368615768	-0.0577405234303	-0.0224504914592	1.91227275242e-14	2.0248386053e-05	100.0
2.59660974145e-05	0.000334711471318	1.07737244725e-05	0.00272560819953	0.0394076691237	0.00119288564334	1.91227275242e-14	2.0248386053e-05	100.0
-5.81291537868e-05	-0.000202677589815	-0.000252946153143	-0.00720611758604	-0.024473963232	-0.0303838641057	1.91227275242e-14	2.0248386053e-05	100.0
-9.64310076373e-05	-8.80346100207e-05	-0.000139720810732	-0.0117958919693	-0.0104487596146	-0.0167018295184	1.91227275242e-14	2.0248386053e-05	100.0
-0.000168869565895	5.72239730047e-05	-0.000312758752207	-0.020566914979	0.00693456641999	-0.0375205704532	1.91227275242e-14	2.0248386053e-05	100.0
5.68130299384e-05	-0.000342871247766	-4.32980789512e-05	0.00656006760449	-0.0420590877375	-0.00496002028963	1.91225313935e-14	2.0248178377e-05	100.0
0.000124211985151	-0.000205523903851	-0.000244258656724	0.0148426500614	-0.0248893019455	-0.0292811369046	1.91225313935e-14	2.0248178377e-05	100.0
-1.67506754219e-05	-0.000348999178997	-7.09099295556e-05	-0.00206582022641	-0.0424059809856	-0.0081286492772	1.91225313935e-14	2.0248178377e-05	100.0
-4.70653295803e-05	0.000151648008925	5.78779713774e-05	-0.00561047045347	0.0192400027345	0.006094348953	1.91224106977e-14	2.0248050576e-05	100.0
-4.65809604388e-05	0.00020662851861	9.59134001096e-05	-0.0055527690319	0.0250467979832	0.0103646983752	1.91224106977e-14	2.0248050576e-05	100.0
5.01954707381e-05	0.000186413571079	0.000182385073312	0.00580414983593	0.022470820813	0.021515990533	1.91224106977e-14	2.0248050576e-05	100.0
0.000116278118436	0.000217722726524	-0.000250202062996	0.0138382393568	0.0262097729411	-0.0300294777352	1.91224106977e-14	2.0248050576e-05	100.0
-1.56285752642e-05	0.000369194457518	-0.000103281466211	-0.00204184496055	0.044075731317	-0.0121136804205	1.91224106977e-14	2.0248050576e-05	100.0
-3.63834623864e-05	0.000202380714407	0.000129220185304	-0.00446697473886	0.024479964434	0.0146775981883	1.91220989002e-14	2.0247720425e-05	100.0
6.32819440645e-05	-0.000336643389898	2.81832830285e-05	0.00735849998352	-0.0412739143733	0.00313340787812	1.91218776245e-14	2.0247486124e-05	100.0
9.30014979485e-05	0.000126751775612	-8.30114332503e-05	0.0107283134894	0.0155262285593	-0.00973970707872	1.91218776245e-14	2.0247486124e-05	100.0
-6.13764749788e-05	-0.000515844566222	0.00024022873476	-0.00756197952792	-0.0622924600793	0.0288665832282	1.91218776245e-14	2.0247486124e-05	100.0
-0.000214516127889	-0.000224959785948	0.00020882229049	-0.0261033780717	-0.0271242059387	0.0250486361677	1.91217820737e-14	2.0247384948e-05	100.0
-0.000137694044632	-0.000152382286889	0.000104816813466	-0.0167611688762	-0.0182591674358	0.0125093249489	1.91217820737e-14	2.0247384948e-05	100.0
-2.52164461088e-05	0.00023299622294	0.000207998350908	-0.00318094153303	0.0280294674948	0.0245717929006	1.91217820737e-14	2.0247384948e-05	100.0
-4.40630317715e-05	-0.000423513453277	0.000281395478519	-0.0054888878068	-0.0511809949245	0.0338369916694	1.91217820737e-14	2.0247384948e-05	100.0
-8.15584596954e-05	5.75340097344e-06	2.21504318885e-05	-0.00991947173329	0.00117742208135	0.00260201550685	1.91217820737e-14	2.0247384948e-05	100.0
-4.09083949689e-06	6.49279701519e-05	-8.34768665661e-05	-0.00076383227956	0.00819502167917	-0.00978440121253	1.91217820737e-14	2.0247384948e-05	100.0
1.48465097097e-05	-7.07511741075e-05	-7.97939760048e-05	0.00163842501512	-0.00835528571992	-0.00945074681097	1.91217820737e-14	2.0247384948e-05	100.0
-2.25506777089e-05	0.000298900520394	-0.00014631803137	-0.00284302743639	0.0356886083062	-0.0170554999333	1.91217820737e-14	2.0247384948e-05	100.0
-3.40816520064e-05	0.000217743689042	-9.46837551612e-05	-0.0041455994646	0.0262614974103	-0.010113523394	1.91217820737e-14	2.0247384948e-05	100.0
-4.64159704734e-05	0.000186808865556	4.52640730106e-05	-0.00515190339731	0.0235478068757	0.00392261604812	1.91214652471e-14	2.0247049472e-05	100.0
7.36426171205e-05	-0.000327552274733	2.04701070475e-05	0.0085935255325	-0.0401792284301	0.00236355753415	1.91212238555e-14	2.024679387e-05	100.0
0.000120877975678	-0.00020783721443	4.18639001364e-05	0.0143833147489	-0.0253895051197	0.00501504748041	1.91212238555e-14	2.024679387e-05	100.0
7.065812166e-05	0.000259524775335	4.33907824498e-05	0.00744127358296	0.0309703611409	0.00477049598731	1.91212238555e-14	2.024679387e-05	100.0
1.73523132599e-05	-0.00039671450688	0.000299055549258	0.00192124973868	-0.0479454645777	0.0359334473854	1.91212238555e-14	2.024679387e-05	100.0
6.94859221148e-05	-0.000346552874084	-1.26737332993e-06	0.00803772179363	-0.0425967346136	-0.000116331066407	1.91212238555e-14	2.024679387e-05	100.0
5.43959203919e-05	-0.000413274497235	-2.63746404453e-05	0.00581050027073	-0.0510877611772	-0.00249830774349	1.91212238555e-14	2.024679387e-05	100.0
4.82278663161e-05	-0.000397419745781	-2.1555066996e-05	0.00533275799468	-0.0491303258679	-0.00203073545991	1.91212238555e-14	2.024679387e-05	100.0
-4.00471554325e-05	9.61002763257e-05	-0.000236461224311	-0.00501847259553	0.0116458585829	-0.0282579873865	1.91212238555e-14	2.024679387e-05	100.0
4.76380698225e-05	-6.93394681787e-05	-0.00019877034439	0.00558173191049	-0.00833676906103	-0.0238415190153	1.91212238555e-14	2.024679387e-05	100.0
4.94255929667e-05	-0.000408154277707	1.03741924443e-05	0.00524868911613	-0.0506317888947	0.000714604249704	1.91205700865e-14	2.0246101617e-05	100.0
6.28227852985e-05	-0.000344073128402	4.64210855075e-05	0.00730203460861	-0.0421230188785	0.00523639811441	1.91205700865e-14	2.0246101617e-05	100.0
4.46617533822e-05	-0.000405313169795	6.44032897876e-05	0.0050478139449	-0.0494500036743	0.00690936907604	1.91205700865e-14	2.0246101617e-05	100.0
2.77149961039e-05	-0.000279053037437	0.000202021798316	0.00319209929746	-0.0337780593019	0.0241991483764	1.91205248256e-14	2.0246053692e-05	100.0
5.73813496926e-07	0.000369215805336	2.02842483005e-05	-0.000111111833078	0.0437489388039	0.0023646252232	1.91205248256e-14	2.0246053692e-05	100.0
1.78730751366e-05	-0.000189565837711	-0.000280576225541	0.00197891768	-0.0228986043929	-0.0337168726236	1.91205248256e-14	2.0246053692e-05	100.0
3.29182421311e-05	9.47526140223e-05	-0.000321619247974	0.0038241172621	0.0114614194867	-0.038550928406	1.91205248256e-14	2.0246053692e-05	100.0
0.000181857239068	0.000129945771862	0.000189026161741	0.0217263574722	0.0156235938037	0.0226721612267	1.91202482311e-14	2.0245760816e-05	100.0
5.36346578073e-05	-0.000339288331154	0.000193039258232	0.00629530098015	-0.0410669591784	0.0229982873449	1.91202482311e-14	2.0245760816e-05	100.0
0.000264432278761	6.547577484e-05	8.86144841231e-06	0.0317172686386	0.00782730061457	0.00109140276608	1.91202482311e-14	2.0245760816e-05	100.0
5.68443950987e-05	-0.000396171482286	-3.80011693957e-05	0.00636684964894	-0.0487849105455	-0.00401929834205	1.91202482311e-14	2.0245760816e-05	100.0
6.3591283593e-05	-0.000325774942537	2.59341944771e-05	0.00740374549932	-0.0399475667519	0.00291495334387	1.91199263756e-14	2.0245420014e-05	100.0
0.000133174155647	-0.000180463744896	0.000113910935712	0.0159044925902	-0.0219377337224	0.0135351675141	1.91199263756e-14	2.0245420014e-05	100.0
6.90790036158e-05	-0.000315611738904	0.000104936443611	0.00812679611571	-0.0383991978301	0.0123154151027	1.91199263756e-14	2.0245420014e-05	100.0
0.000170072132892	-0.000177906480109	-0.00015799825451	0.0203657531302	-0.021710448109	-0.0190052245318	1.91199263756e-14	2.0245420014e-05	100.0
8.14267426268e-06	0.00029745574868	0.000111141794935	0.00072065287579	0.0353331456077	0.0127451676698	1.91199012306e-14	2.0245393389e-05	100.0
3.8255593539e-05	-0.000465438568278	-5.65671112116e-05	0.00424023018345	-0.0558585312657	-0.00560972908842	1.91199012306e-14	2.0245393389e-05	100.0
-0.000140235686175	-0.000407402526164	-0.000231655771702	-0.0170733805086	-0.0491431208861	-0.0278765917139	1.91199012306e-14	2.0245393389e-05	100.0
-7.37798570953e-05	0.000206826828953	-0.000150477151644	-0.00891867101811	0.0250145984701	-0.0174269291412	1.91199012306e-14	2.0245393389e-05	100.0
-4.85681773745e-05	0.000146238616503	0.000154334510765	-0.0059751030539	0.0178626567661	0.017993303257	1.91195894331e-14	2.0245063238e-05	100.0
-1.1786489959e-05	-0.000498320798559	9.99541338258e-05	-0.00146513785025	-0.0599134069595	0.0115347668388	1.91195894331e-14	2.0245063238e-05	100.0
-0.000138783111864	-0.000384687047441	-6.98547348709e-06	-0.0167057375317	-0.0464546874714	-0.000838664542792	1.91195894331e-14	2.0245063238e-05	100.0
5.66773122386e-07	-0.000437180615125	8.51055232232e-05	0.00014331099482	-0.0529188764964	0.00949819283053	1.91195894331e-14	2.0245063238e-05	100.0
-0.000130319685219	-0.000198580444655	-0.000216616958887	-0.0159036584791	-0.0239425966795	-0.0259779488429	1.91195894331e-14	2.0245063238e-05	100.0
-5.18655095009e-05	5.57285411028e-05	-0.000177289518827	-0.00640210701431	0.00695016093352	-0.0210384559467	1.91195894331e-14	2.0245063238e-05	100.0
6.22974681471e-05	-0.000415516674296	8.06278284748e-07	0.00653952885667	-0.0515062871656	-5.54348778857e-06	1.91192876936e-14	2.0244743736e-05	100.0
6.30520370354e-05	-0.000239144509842	5.65956796295e-05	0.00737864234669	-0.0292426531761	0.00675779529127	1.91192876936e-14	2.0244743736e-05	100.0
7.4267551002e-05	-0.000314853861566	-6.41099142516e-06	0.00866659392075	-0.0386246492239	-0.000774746171107	1.91192876936e-14	2.0244743736e-05	100.0
-1.11916648871e-05	0.000228397490306	8.87564924077e-05	-0.0016620456121	0.0273884891744	0.00932449135169	1.91192876936e-14	2.0244743736e-05	100.0
9.79055842872e-05	-0.000235464305288	-1.23433446162e-05	0.0115891305421	-0.0287926226695	-0.00145089566413	1.91192876936e-14	2.0244743736e-05	100.0
3.63244232266e-05	0.00010656535487	0.000191283402899	0.00416999820091	0.0130007053485	0.0227265127343	1.91192876936e-14	2.0244743736e-05	100.0
5.27430051683e-05	-0.000423927085474	-9.72813503956e-05	0.00604953451549	-0.0514387911492	-0.0110067510871	1.91192876936e-14	2.0244743736e-05	100.0
1.25364438419e-05	-0.000470101270365	0.0001978734525	0.00138837497177	-0.05677437189	0.0235932418837	1.91192826646e-14	2.0244738411e-05	100.0
-0.000169794330081	-0.000234904547375	8.12386760128e-05	-0.0206339654418	-0.0282840599093	0.00973178622357	1.91192826646e-14	2.0244738411e-05	100.0
6.9094070234e-05	-0.000342017280317	-2.55984310658e-05	0.00817094628615	-0.0418366070379	-0.002956861674	1.91192826646e-14	2.0244738411e-05	100.0
-4.50046360794e-05	0.000314406557767	-0.000176151234123	-0.00552613434516	0.0376649390306	-0.0207676718797	1.91192826646e-14	2.0244738411e-05	100.0
-5.56878909982e-05	6.53475136735e-05	0.000159392090478	-0.00684689804394	0.00815724477785	0.0188181039038	1.91186590695e-14	2.0244078108e-05	100.0
-8.41184908189e-05	2.68485807278e-05	0.000222208945237	-0.0102997632284	0.00338305095412	0.026509556649	1.91186590695e-14	2.0244078108e-05	100.0
-1.10172575578e-05	0.000138605147326	0.000391161639823	-0.00149140686396	0.016703151946	0.0470418364202	1.91186590695e-14	2.0244078108e-05	100.0
-0.000135054764239	-0.000664546892391	4.80367831251e-05	-0.016486941551	-0.0801536939534	0.00575349346083	1.91186590695e-14	2.0244078108e-05	100.0
-0.00015810737353	-0.000320239108958	-2.10729237331e-05	-0.0191519537625	-0.0386464642116	-0.00249498465166	1.91186590695e-14	2.0244078108e-05	100.0
-6.36223376333e-05	-0.000549340001081	-6.07930882461e-05	-0.00764307095971	-0.0661091938334	-0.00713602017369	1.91186590695e-14	2.0244078108e-05	100.0
-0.000120861667739	-0.000264555354898	-0.000227283304588	-0.0147679895492	-0.0319582943185	-0.0272392762822	1.91186590695e-14	2.0244078108e-05	100.0
-0.000103729490356	-0.000177410150845	-0.000199914738131	-0.01268502484	-0.0213518383917	-0.0239503554776	1.91186590695e-14	2.0244078108e-05	100.0
0.000110540960574	0.000372717199878	-0.000140374116615	0.0131240527835	0.044657169819	-0.0167431916205	1.91186590695e-14	2.0244078108e-05	100.0
-1.58679132269e-06	-0.00018409179328	-0.000358588955404	-0.00036587695612	-0.0222379880804	-0.0431530068807	1.91186590695e-14	2.0244078108e-05	100.0
-7.27117033023e-05	7.02188003536e-05	-0.000158970304629	-0.0089003111121	0.00871663127943	-0.0187684063969	1.91186590695e-14	2.0244078108e-05	100.0
-7.71879771749e-05	6.23539570052e-05	-0.00017922392126	-0.00944304719028	0.00777208785457	-0.021274300626	1.91186590695e-14	2.0244078108e-05	100.0
0.000104839889302	-0.000182403932104	7.9965413378e-05	0.0124505018043	-0.0222720194254	0.00952887048685	1.91186490116e-14	2.0244067458e-05	100.0
0.0001316187828	-0.000199659000227	9.1323332826e-05	0.01570462526	-0.024350771223	0.0108891940353	1.91186490116e-14	2.0244067458e-05	100.0
7.2949324004e-05	-0.000308956131593	0.00026706585176	0.00864392054975	-0.0373953096029	0.0320109620902	1.91186490116e-14	2.0244067458e-05	100.0
5.97284120241e-05	-0.000464010068393	9.67316346034e-05	0.00684835885056	-0.0559692857088	0.0109233585948	1.91186490116e-14	2.0244067458e-05	100.0
0.000160519898336	-0.000157370451049	-0.000163271896516	0.0192053113157	-0.0192005290304	-0.0196201490537	1.91186490116e-14	2.0244067458e-05	100.0
4.70259765556e-05	0.000361778771615	-0.000203884558666	0.00550644640188	0.0434544067361	-0.0243688574599	1.91186490116e-14	2.0244067458e-05	100.0
0.00011844644121	-0.000169607463838	-0.000332416253121	0.0141583332599	-0.020570265736	-0.0399593696083	1.91186490116e-14	2.0244067458e-05	100.0
-0.000149400451674	-0.000379233598998	-0.000266595896201	-0.0182441320975	-0.0457784586013	-0.0320533766264	1.91186490116e-14	2.0244067458e-05	100.0
8.62244061005e-05	-0.000264297188235	-2.47959568023e-05	0.010171969551	-0.0323366349447	-0.00299105901819	1.9118332185e-14	2.0243731982e-05	100.0
0.000202297826683	0.000151692092981	0.000281427820022	0.0242934719626	0.0182535991965	0.0338073415729	1.9118332185e-14	2.0243731982e-05	100.0
0.000167253009237	5.11509371356e-05	-0.000256555558588	0.020020226118	0.00611804924831	-0.0307902002313	1.9118332185e-14	2.0243731982e-05	100.0
6.6418359835e-06	-0.000672512709902	-1.14165828966e-05	0.000597543584059	-0.0809583380122	-0.00134469103692	1.9118332185e-14	2.0243731982e-05	100.0
-4.48119067379e-05	0.000208097999058	0.000134580649603	-0.00546263166637	0.0251272888925	0.015350940438	1.91180455325e-14	2.0243428456e-05	100.0
-0.00010767974128	-0.000110417124393	0.000397700752729	-0.0131953472358	-0.0132562758326	0.0479123146467	1.91180455325e-14	2.0243428456e-05	100.0
-0.000144131064721	-0.000210188961807	0.000151655703907	-0.0175441000179	-0.0252710743693	0.0182016378947	1.91180455325e-14	2.0243428456e-05	100.0
4.60544828162e-05	-9.57962972464e-05	0.000296672408359	0.0054086513765	-0.0115384717652	0.0356298167975	1.91180455325e-14	2.0243428456e-05	100.0
-5.81722963554e-05	0.000156358157149	3.77014529332e-06	-0.00661401960846	0.0204074635683	0.000375811161194	1.91180455325e-14	2.0243428456e-05	100.0
0.000124921948324	-0.000177575766237	0.000148053617945	0.0149032079293	-0.0216127292198	0.0176799376753	1.91180153585e-14	2.0243396505e-05	100.0
6.19482708586e-05	-0.000342368816731	4.99513031618e-05	0.00722014874935	-0.0417953578898	0.00556436286839	1.91180153585e-14	2.0243396505e-05	100.0
0.000204337103088	0.000397756127962	-6.43700248248e-05	0.0244710743302	0.0478407885041	-0.00767404336624	1.91180153585e-14	2.0243396505e-05	100.0
8.19749340523e-06	7.68592439197e-05	0.000142644528028	0.00074577300956	0.00947929624346	0.0168687475205	1.91180153585e-14	2.0243396505e-05	100.0
0.000138157074591	-0.000216043102664	-0.000325073207569	0.0165408327049	-0.0261496772537	-0.0390707111381	1.91180153585e-14	2.0243396505e-05	100.0
0.000105801876671	-0.000603217332625	-0.000290734666406	0.0125691220856	-0.0727807327573	-0.0349443730199	1.91180153585e-14	2.0243396505e-05	100.0
3.86487679701e-05	-0.000389455567832	0.000472796890417	0.00449428848761	-0.0470564801374	0.056926561432	1.91174319955e-14	2.0242778803e-05	100.0
-9.33918692467e-05	-6.77100609695e-05	2.96624164725e-05	-0.0113696801335	-0.00785760256485	0.00351018461449	1.91174319955e-14	2.0242778803e-05	100.0
-1.81570072922e-05	0.000318193103266	-0.000104394591787	-0.00231983860418	0.0377794836204	-0.011980008355	1.91174319955e-14	2.0242778803e-05	100.0
6.28744802749e-05	-0.000366964690909	-6.96689487439e-05	0.00728591547612	-0.0449341006561	-0.00800206472425	1.91173867345e-14	2.0242730878e-05	100.0
0.000240198506208	1.39183028786e-05	-0.000287170939606	0.0288834932442	0.00156550018635	-0.0345776125233	1.91173867345e-14	2.0242730878e-05	100.0
8.11382159198e-05	-0.000715823377625	6.57818654962e-05	0.00958005138489	-0.0862594873015	0.00789825910243	1.91173867345e-14	2.0242730878e-05	100.0
0.000189706978095	-0.000184609883635	-0.00022204799546	0.0227628906962	-0.0224466955907	-0.0266376617577	1.91173867345e-14	2.0242730878e-05	100.0
3.3989997635e-05	-0.000655517825061	-4.16237573975e-05	0.00387480925175	-0.0788651231622	-0.00495647831271	1.91173867345e-14	2.0242730878e-05	100.0
-2.44337229935e-05	-0.000335743386787	0.000287254733787	-0.00314013718621	-0.0405761532906	0.034452257719	1.91168184584e-14	2.024212915e-05	100.0
7.48764388663e-05	-0.000375201890925	-2.76992327492e-06	0.00852860061473	-0.0462161837394	-0.00023335958934	1.91167631395e-14	2.0242070575e-05	100.0
7.70338528889e-05	-0.000325059784557	-6.20700010238e-06	0.00898625254759	-0.0398847249396	-0.000657088703543	1.91167631395e-14	2.0242070575e-05	100.0
0.000418184172203	0.000266955693682	-0.000117638851948	0.0504607054721	0.0321513178808	-0.0141855392847	1.91167631395e-14	2.0242070575e-05	100.0
0.000109366942273	0.000454192779269	-8.20912487894e-06	0.0129899641922	0.0546223334221	-0.000954089331977	1.91167631395e-14	2.0242070575e-05	100.0
0.000195632512322	0.000404806287072	7.3996161805e-05	0.0234188400267	0.048647360766	0.0089099258898	1.91167631395e-14	2.0242070575e-05	100.0
8.98446074808e-05	0.000314962598983	7.96960933749e-05	0.0103743548872	0.0376203198109	0.00934166662671	1.91167631395e-14	2.0242070575e-05	100.0
-5.76634008368e-05	-0.000108901340145	0.000243842538134	-0.00712769338944	-0.0130761068725	0.0292922346709	1.91167631395e-14	2.0242070575e-05	100.0
1.08299458115e-05	-0.000560002967917	0.000291799910325	0.00110782869102	-0.0675468011376	0.0350336210814	1.91167631395e-14	2.0242070575e-05	100.0
0.000104847078743	-0.000317132576012	-0.000189090660981	0.0124583509856	-0.0384537640529	-0.0225224359684	1.91167631395e-14	2.0242070575e-05	100.0
3.71112695055e-05	-0.000411157077244	-0.000135806370993	0.00427326063657	-0.0497541926512	-0.0158456095333	1.91167631395e-14	2.0242070575e-05	100.0
3.09027928049e-05	-0.000461766767433	-0.000203091538669	0.00354100801914	-0.0557418213234	-0.0241504864194	1.91167631395e-14	2.0242070575e-05	100.0
7.3980512117e-05	-0.000375429005708	8.20642777037e-06	0.00838940868248	-0.0462483668628	0.000889188245704	1.9116451342e-14	2.0241740423e-05	100.0
0.000291987960067	2.86482571573e-05	7.98665580071e-05	0.0351034566907	0.00333868437983	0.00960460566746	1.9116451342e-14	2.0241740423e-05	100.0
0.000123020555178	0.000383302059526	9.36311607007e-05	0.014598275717	0.0459709132643	0.0111571638118	1.9116451342e-14	2.0241740423e-05	100.0
0.000163534927165	9.23417809516e-05	-0.000258763278514	0.0195819009739	0.0110884475192	-0.0310407107846	1.9116451342e-14	2.0241740423e-05	100.0
-5.16780782723e-05	-0.000270650800373	-6.46122208342e-05	-0.00629744966772	-0.0327521540703	-0.00772469121683	1.9116451342e-14	2.0241740423e-05	100.0
0.000207041197459	8.79827197433e-06	-0.000284988155363	0.0248630467465	0.00100109000705	-0.0342153555016	1.9116451342e-14	2.0241740423e-05	100.0
-0.000154531483522	-0.000663603507045	-2.75405386275e-05	-0.0188368963928	-0.0799868341548	-0.00325528866533	1.9116451342e-14	2.0241740423e-05	100.0
2.25822409142e-05	-0.00043136002387	-0.000171819785648	0.00253800647639	-0.0521043058335	-0.0202972804166	1.9116451342e-14	2.0241740423e-05	100.0
3.17123854658e-05	0.000283062734054	-3.4275586843e-05	0.00279170284902	0.0330751248047	-0.00354033815008	1.91162049214e-14	2.0241479497e-05	100.0
-0.000246376789326	-0.000406388063604	-0.000242045039582	-0.0299763182134	-0.0490426762725	-0.0291253366455	1.91162049214e-14	2.0241479497e-05	100.0
-5.29594589825e-05	-0.000103915416284	-0.000120986277554	-0.00652841603658	-0.0123650494921	-0.0144242152911	1.91162049214e-14	2.0241479497e-05	100.0
-5.26997041529e-05	0.000321765371177	-0.000123236606683	-0.0063903598091	0.0382964787585	-0.0143731978404	1.91162049214e-14	2.0241479497e-05	100.0
3.28536080594e-05	7.23600622345e-05	-0.000404871345919	0.0038084213854	0.00873156290506	-0.0486605607817	1.91162049214e-14	2.0241479497e-05	100.0
0.000101568731787	-0.000316762348864	-4.82446595699e-05	0.0119539895627	-0.0387774746681	-0.00566463657377	1.91161395445e-14	2.0241410272e-05	100.0
-6.38485176875e-05	-0.000158459360993	0.000191782761671	-0.00785926538405	-0.0190294988413	0.0229680150933	1.91159031818e-14	2.0241159996e-05	100.0
9.13722483351e-05	8.41138178045e-05	0.000347146290599	0.0109007915222	0.0101477654892	0.0417669510138	1.91159031818e-14	2.0241159996e-05	100.0
1.82263825718e-05	-0.000437863764802	-0.000181613473119	0.00203350421299	-0.0528589328573	-0.0215382143078	1.91159031818e-14	2.0241159996e-05	100.0
-6.82203725711e-05	-0.000174537360103	-0.000176293485606	-0.00838755293721	-0.0209885890195	-0.0210646735571	1.91159031818e-14	2.0241159996e-05	100.0
-5.05391531458e-05	3.4238822184e-06	-0.000325926375495	-0.00627400125462	0.000466661488069	-0.0391221884227	1.91159031818e-14	2.0241159996e-05	100.0
-0.000115690292716	5.82774769481e-05	-0.000202894059574	-0.0141006070786	0.00726091592129	-0.0241746906993	1.91159031818e-14	2.0241159996e-05	100.0
9.75527147192e-05	-0.000186288474319	0.000131232570097	0.0115833112384	-0.0226969903396	0.0156441589546	1.9115827747e-14	2.024108012e-05	100.0
6.36423121128e-05	-0.00041757361743	7.72180167936e-05	0.00726361336947	-0.0507053531651	0.00850184614264	1.9115827747e-14	2.024108012e-05	100.0
0.000318120113317	8.5935902716e-05	-0.000161885868774	0.0382928758819	0.0102671730959	-0.0194388982594	1.9115827747e-14	2.024108012e-05	100.0
-0.000125790302529	-0.000481505714981	0.000207836342339	-0.0153467746427	-0.0581343273676	0.024997483286	1.9115827747e-14	2.024108012e-05	100.0
0.000116879956828	-0.000244930557244	-0.000188829062491	0.0139370569363	-0.0297467643897	-0.0225663257932	1.9115827747e-14	2.024108012e-05	100.0
7.09741904903e-05	-0.000674408032734	-4.90943662115e-05	0.00833243530589	-0.0812019349754	-0.00583893490213	1.9115827747e-14	2.024108012e-05	100.0
2.87804052013e-05	1.59279461576e-05	0.000437633643177	0.00332256539631	0.00190230152964	0.0526156453228	1.91156014423e-14	2.0240840494e-05	100.0
-5.69756771204e-05	0.000130222677053	-6.73815705854e-06	-0.0066751201026	0.016969444024	-0.00083509343675	1.91156014423e-14	2.0240840494e-05	100.0
0.000102488049544	0.000371154186869	8.40925870946e-05	0.0120878771677	0.0443715910817	0.00993548992193	1.91156014423e-14	2.0240840494e-05	100.0
-0.000193069845933	-0.000303458258855	-0.000131199083705	-0.023469574418	-0.036581720899	-0.0157607854862	1.91156014423e-14	2.0240840494e-05	100.0
-0.000117392371174	-5.37338555575e-05	-0.000122372048568	-0.0143111293945	-0.00621885695293	-0.0146054100992	1.91156014423e-14	2.0240840494e-05	100.0
-1.44265564918e-05	0.000205073910848	-0.000154302784398	-0.00192950189486	0.0247307387564	-0.0178609979786	1.91156014423e-14	2.0240840494e-05	100.0
7.03312522349e-05	-0.000388917794978	3.42210387009e-05	0.00796885719554	-0.0477651285216	0.00360288931616	1.91155209784e-14	2.0240755294e-05	100.0
0.000134675151596	0.000273382161308	0.000266132039271	0.0160852087104	0.0328909192619	0.0319177278303	1.91155209784e-14	2.0240755294e-05	100.0
5.50412864727e-05	0.000289854165184	0.000310809799434	0.0064926554201	0.034898321312	0.0372877812939	1.91155209784e-14	2.0240755294e-05	100.0
0.000243028934602	1.85757356084e-05	1.13850216406e-05	0.0291303110894	0.00213390216155	0.00135640853975	1.91155209784e-14	2.0240755294e-05	100.0
-1.38114384706e-05	0.000298796025597	0.000107730574256	-0.00185372216167	0.0354731945525	0.012331200389	1.91155209784e-14	2.0240755294e-05	100.0
4.21179571649e-05	0.000157150118641	0.000285637111912	0.00491852691554	0.0189597373168	0.0342033890004	1.91155209784e-14	2.0240755294e-05	100.0
0.000250470909831	6.06043129416e-05	-4.59887291477e-06	0.0300115256149	0.00720983230194	-0.000520567208548	1.91155209784e-14	2.0240755294e-05	100.0
-1.32175735166e-05	0.000339498834571	2.22826188862e-05	-0.00177864347965	0.0399670495664	0.00246412491878	1.91155209784e-14	2.0240755294e-05	100.0
0.000162973453037	0.000354659286812	0.000210617846388	0.0195046994642	0.0426757742561	0.0252763465987	1.91155209784e-14	2.0240755294e-05	100.0
5.18856473029e-05	-0.000533363065194	0.00012728768701	0.00599695071212	-0.0641592399214	0.0149560104065	1.91155209784e-14	2.0240755294e-05	100.0
6.58175078999e-05	0.000397635377594	-0.000232900214702	0.00779215330911	0.0478500366287	-0.027906356589	1.91155209784e-14	2.0240755294e-05	100.0
-1.44123527435e-05	0.000267094059695	-0.000196755629617	-0.00193201268044	0.0320788142269	-0.0233304763894	1.91155209784e-14	2.0240755294e-05	100.0
0.000332357325979	-1.17526628733e-06	-0.000143557345539	0.0400500953976	-0.000223875344338	-0.0171821252358	1.91155209784e-14	2.0240755294e-05	100.0
0.000108751526742	0.000207925815805	-0.000228809466638	0.0129099364623	0.025055087491	-0.0272813102009	1.91155209784e-14	2.0240755294e-05	100.0
-6.78290910326e-05	-6.91155156462e-05	-0.000174378710365	-0.00836172089055	-0.00820699813237	-0.0208383746057	1.91155209784e-14	2.0240755294e-05	100.0
6.64782545805e-05	-0.000589545771289	3.69713208779e-06	0.00771219774458	-0.0707191346278	0.000415304581818	1.91155209784e-14	2.0240755294e-05	100.0
5.79987183949e-05	0.000193783605237	-0.000353281833529	0.00685350764764	0.0234029422015	-0.0424211545179	1.91155209784e-14	2.0240755294e-05	100.0
-3.12510010418e-05	0.000125382222135	-0.000321868771893	-0.00394270866286	0.0151606016238	-0.0386258298409	1.91155209784e-14	2.0240755294e-05	100.0
4.01765124248e-05	-0.000425950227044	-0.000158942422969	0.00463252601416	-0.0515004088507	-0.018690729222	1.91155209784e-14	2.0240755294e-05	100.0
2.03442934479e-05	-0.000489945877672	-0.000169570818196	0.00226083747563	-0.0590876818551	-0.0200490256587	1.91155209784e-14	2.0240755294e-05	100.0
5.18205943549e-05	-0.000436269570787	-4.90804810493e-05	0.00558461472679	-0.0530064773236	-0.00466509418561	1.91155209784e-14	2.0240755294e-05	100.0
-9.84864180624e-05	5.95346831751e-05	0.0003302636713	-0.012064456031	0.00724122908928	0.0396158966234	1.91152946738e-14	2.0240515668e-05	100.0
-7.19056858073e-05	6.92594780562e-05	3.60662107425e-05	-0.00868480437736	0.0090713126174	0.00416239293839	1.91152946738e-14	2.0240515668e-05	100.0
3.14819132422e-05	0.000118179407189	0.000474129203164	0.00365338812257	0.0142309660237	0.0570304130944	1.91152946738e-14	2.0240515668e-05	100.0
-1.67156883403e-05	-0.000496090007008	0.000318191266428	-0.00220287623288	-0.0599330767653	0.0382543689203	1.91152946738e-14	2.0240515668e-05	100.0
-0.00020947226287	-0.000284030799377	2.05438815594e-05	-0.0254241725361	-0.0342300887009	0.00244614618301	1.91152946738e-14	2.0240515668e-05	100.0
-5.01194492757e-05	0.000154075943482	-1.00397809539e-05	-0.00570148215316	0.0201919266226	-0.00109796532528	1.91152946738e-14	2.0240515668e-05	100.0
8.99472489952e-05	0.000313356942326	0.000168650656209	0.0106124172579	0.0375773187344	0.0200046553325	1.91152946738e-14	2.0240515668e-05	100.0
-0.000266567476852	-0.000478839196787	-0.000107824825136	-0.0323894636931	-0.0578187160704	-0.0129473698349	1.91152946738e-14	2.0240515668e-05	100.0
-0.000167907851819	-0.000396757955707	-0.000174351342201	-0.0203942744178	-0.0478375312041	-0.0209308099121	1.91152946738e-14	2.0240515668e-05	100.0
-5.24233587203e-05	0.000224795092354	-0.000153535491498	-0.0064015670478	0.0271028404051	-0.017764158584	1.91152946738e-14	2.0240515668e-05	100.0
0.000178650268162	-0.000110581834251	0.000120179024814	0.0213913116597	-0.0135193982526	0.0143654975613	1.91152142099e-14	2.0240430467e-05	100.0
7.32543313934e-05	-0.000430170881122	0.000149356515427	0.00857656654598	-0.0520101408963	0.0175219347244	1.91152142099e-14	2.0240430467e-05	100.0
7.16365972113e-05	-0.000386166517676	-3.99203140597e-06	0.00805264147266	-0.0476266491467	-0.00030458093599	1.91152142099e-14	2.0240430467e-05	100.0
0.000176024204127	-0.00014875735371	-0.000167003514309	0.0210703197391	-0.0181813793865	-0.0201034634411	1.91152142099e-14	2.0240430467e-05	100.0
-6.21191149146e-05	0.00019675299216	0.000138020725899	-0.0075095588019	0.0238190408057	0.0158337035256	1.91149929343e-14	2.0240196166e-05	100.0
-0.000159136386819	-0.000256312043778	0.000330570407671	-0.0194239892888	-0.0309297600061	0.039791335444	1.91149929343e-14	2.0240196166e-05	100.0
-6.59500474047e-05	-0.000163753263776	0.000195234170836	-0.00809872689655	-0.0196438788331	0.0233964500052	1.91149929343e-14	2.0240196166e-05	100.0
-4.5975679718e-05	0.000304754133409	0.000104730025191	-0.00556882508716	0.0362172521404	0.0119283937573	1.91149929343e-14	2.0240196166e-05	100.0
0.000144825862378	1.6576852877e-05	0.000384126708061	0.017355643619	0.00203248834909	0.0462095446979	1.91149929343e-14	2.0240196166e-05	100.0
-5.51334895076e-05	0.000135546956873	-1.0217049846e-05	-0.00644987448935	0.0176668217313	-0.00111423810752	1.91149929343e-14	2.0240196166e-05	100.0
0.000136965117358	0.000445397448053	-6.90886142205e-05	0.0163523135743	0.0534732121269	-0.00826951169403	1.91149929343e-14	2.0240196166e-05	100.0
-5.08506734528e-06	0.000422792798166	-5.01106575924e-05	-0.000744615590702	0.0504963745676	-0.00589801784908	1.91149929343e-14	2.0240196166e-05	100.0
5.49027683066e-05	-0.000426746598239	9.09406976874e-06	0.00540548404069	-0.0529703185126	0.000462644155182	1.91149074414e-14	2.0240105641e-05	100.0
7.26693423719e-05	-0.000376243063478	4.98686474787e-05	0.00835663889427	-0.0461524548687	0.00559139763718	1.91149074414e-14	2.0240105641e-05	100.0
9.75206461278e-05	-0.000283621906057	0.000118816248125	0.011563305018	-0.0345048981492	0.0140441075166	1.91149074414e-14	2.0240105641e-05	100.0
8.55723887653e-05	-0.00029757562066	9.59434746219e-05	0.0101119156939	-0.0362105583213	0.0112346273245	1.91149074414e-14	2.0240105641e-05	100.0
7.87349818944e-05	-0.000342696705261	3.85111876388e-05	0.00914692061151	-0.042052009444	0.00445896415692	1.91149074414e-14	2.0240105641e-05	100.0
7.50619257845e-05	-0.000316644896704	5.04785938354e-05	0.00878682454731	-0.0387937445526	0.00592029882927	1.91149074414e-14	2.0240105641e-05	100.0
7.19641933045e-05	0.000184718630938	0.000294719090216	0.00850888565998	0.0222003638233	0.0353096226757	1.91149074414e-14	2.0240105641e-05	100.0
3.88994995014e-05	0.0001581934693	0.000316276167773	0.00453003721993	0.0190324430062	0.0379296611308	1.91149074414e-14	2.0240105641e-05	100.0
7.07848855833e-05	-0.000400940481514	-3.03872290617e-07	0.0077457398679	-0.049523635846	6.20318635365e-05	1.91149074414e-14	2.0240105641e-05	100.0
0.00023153022666	-4.13048888523e-05	1.59801989474e-05	0.0277713821954	-0.00510552364522	0.00201270756258	1.91149074414e-14	2.0240105641e-05	100.0
6.52333040292e-05	0.000369016477031	-2.08908160322e-05	0.00752265418782	0.0439609473016	-0.00245037546797	1.91149074414e-14	2.0240105641e-05	100.0
0.00010746043124	0.000226895907135	0.000176208250998	0.0126760041444	0.0272519489935	0.0209715816117	1.91149074414e-14	2.0240105641e-05	100.0
5.76091483386e-05	-0.000341796509487	-0.000170031201594	0.00675123682861	-0.0413927776188	-0.0201442141401	1.91149074414e-14	2.0240105641e-05	100.0
2.88328079626e-05	-0.000511141148	-0.000168917995174	0.00328294505851	-0.0616143841385	-0.0199974676153	1.91149074414e-14	2.0240105641e-05	100.0
-0.000157809896348	-0.000526576183387	-0.00020561292592	-0.0192349589875	-0.0635416236295	-0.0246832110861	1.91146911947e-14	2.0239876665e-05	100.0
-0.000124143048388	6.15270621616e-05	-0.000216889235222	-0.0151196852456	0.00754182849889	-0.0258355937036	1.91146911947e-14	2.0239876665e-05	100.0
-5.37363983483e-05	-0.00028150329998	1.05742130112e-05	-0.00652899247609	-0.0341193105754	0.00119803418467	1.91143894552e-14	2.0239557163e-05	100.0
2.36057838108e-05	-0.000405460907285	-2.61364806124e-05	0.00292635513938	-0.0501221432155	-0.00246047311651	1.91143894552e-14	2.0239557163e-05	100.0
-2.03873688932e-05	0.000308896925957	-0.000142180628263	-0.00257862961284	0.036855730844	-0.016564222876	1.91143894552e-14	2.0239557163e-05	100.0
-3.0334241887e-05	0.000298308923377	-0.000169089507348	-0.00377994239303	0.035725549166	-0.0198337439928	1.91143894552e-14	2.0239557163e-05	100.0
0.000244064983834	2.51614077452e-05	0.000185401156997	0.0293073963684	0.00292469983427	0.0222112111997	1.91142939044e-14	2.0239455988e-05	100.0
7.9988602438e-05	-0.000279180108304	0.000252884565943	0.00948075280914	-0.0337857265995	0.0302546441035	1.91142939044e-14	2.0239455988e-05	100.0
-7.28027227529e-05	-0.000133323601357	0.000229747150211	-0.00896600042162	-0.016021120328	0.0275447673686	1.91140877157e-14	2.0239237662e-05	100.0
-5.05716237711e-05	0.000179689568964	-1.44851033371e-05	-0.00537787059441	0.0236263049755	-0.00123189689897	1.91140877157e-14	2.0239237662e-05	100.0
-4.81126596476e-05	-0.00037730512429	0.000363657674835	-0.00600300038683	-0.0455616290016	0.0437324339623	1.91137859762e-14	2.0238918161e-05	100.0
-0.000166732219999	-0.000249668479372	6.7724230135e-05	-0.0202493168969	-0.0300576352711	0.00810951922974	1.91137859762e-14	2.0238918161e-05	100.0
-0.000126886083339	-0.000478089322611	-0.000191719650653	-0.0154566435504	-0.0576719117304	-0.0229362241395	1.91137859762e-14	2.0238918161e-05	100.0
-0.000107469440345	2.85739217771e-05	-0.000295824546191	-0.0131267512892	0.00348937063748	-0.0354306390901	1.91137859762e-14	2.0238918161e-05	100.0
-5.70662408486e-05	7.60447131952e-05	-0.000163929321174	-0.00700456424685	0.00941094154023	-0.0193286526935	1.91137859762e-14	2.0238918161e-05	100.0
7.66914260966e-05	-0.000301532090263	0.000127952264932	0.00903794144127	-0.0366778127367	0.0151052857236	1.91136904253e-14	2.0238816985e-05	100.0
6.33763189913e-05	-0.000389378937938	5.4737663998e-05	0.00724878623434	-0.0475922080598	0.00591277802763	1.91136904253e-14	2.0238816985e-05	100.0
0.00024180309422	0.000185232320095	0.000179293437751	0.0289943541052	0.0222329295184	0.0215401818803	1.91136904253e-14	2.0238816985e-05	100.0
4.44100645057e-05	0.000331504597104	9.40229859368e-05	0.00502048743438	0.0395009535392	0.0108973166432	1.91136904253e-14	2.0238816985e-05	100.0
9.93966165723e-05	0.000196291401145	0.000311655156212	0.0118325323191	0.0236405759925	0.0373508190314	1.91136904253e-14	2.0238816985e-05	100.0
1.78682752408e-05	-0.00022076948126	0.000473535864064	0.00197973861229	-0.0266730119054	0.0569930707052	1.91136904253e-14	2.0238816985e-05	100.0
0.000308585815159	0.000284570833948	7.54146599093e-05	0.037096654076	0.0342270455663	0.00906783090731	1.91136904253e-14	2.0238816985e-05	100.0
0.000111591476135	-0.000468585791088	0.000476167570719	0.0132905545244	-0.0565936845666	0.0573016318061	1.91136904253e-14	2.0238816985e-05	100.0
0.000100302309965	0.00034589587097	-0.000242026066638	0.0119330176886	0.0415476816529	-0.0289605708195	1.91136904253e-14	2.0238816985e-05	100.0
4.57384017438e-05	0.000253418328079	-0.000304571179227	0.00535729077107	0.0305414623777	-0.0365837176011	1.91136904253e-14	2.0238816985e-05	100.0
3.85208239491e-05	0.000209425553842	-0.000286637075136	0.00448267613663	0.0251823144517	-0.0342649881596	1.91136904253e-14	2.0238816985e-05	100.0
3.28454748527e-05	7.07007136366e-05	-0.000310307054417	0.00381917991161	0.00858413256874	-0.037230769579	1.91136904253e-14	2.0238816985e-05	100.0
5.30928124434e-05	-0.000448186634357	-2.58927036406e-05	0.00510994242123	-0.054551269586	-0.00160245174074	1.91136904253e-14	2.0238816985e-05	100.0
-6.05921573989e-05	0.000168859506013	8.81299378414e-05	-0.00720752430324	0.0208714948494	0.00964679291562	1.91131875261e-14	2.0238284483e-05	100.0
-4.77682933237e-05	0.000180466876124	9.89933267011e-05	-0.00574944782791	0.0221353558739	0.0108782587544	1.91131875261e-14	2.0238284483e-05	100.0
-8.07124356817e-05	5.60598838811e-05	0.000217861538012	-0.00988559328401	0.0069210494284	0.025933597706	1.91131875261e-14	2.0238284483e-05	100.0
-7.57693336273e-05	0.000109516341605	8.34823387764e-05	-0.00911778060731	0.0139055997304	0.00962890851366	1.91131875261e-14	2.0238284483e-05	100.0
-2.09734917858e-05	-0.000529328547836	0.000189653020436	-0.00269087695316	-0.0638081324933	0.0226392263045	1.91131875261e-14	2.0238284483e-05	100.0
-9.14770028408e-05	-0.000330392899737	-2.63057041299e-05	-0.0109964822337	-0.0399517383849	-0.00312285407071	1.91131875261e-14	2.0238284483e-05	100.0
-0.000108415353996	-0.000647795780592	3.80207845445e-05	-0.0132623094537	-0.0780309785309	0.00455216360398	1.91131875261e-14	2.0238284483e-05	100.0
-0.000176517437999	-0.000562609617277	-4.89336205278e-05	-0.0214101616905	-0.0678955655853	-0.00580932295261	1.91131875261e-14	2.0238284483e-05	100.0
0.000138113597442	5.8066250594e-05	-0.000305648017709	0.0165259132579	0.00699683636577	-0.0367348761607	1.91131875261e-14	2.0238284483e-05	100.0
-8.73710429556e-05	-0.000252611124224	-0.000298800833427	-0.0107446601153	-0.0305111500561	-0.0358874530537	1.91131875261e-14	2.0238284483e-05	100.0
-0.000101928769959	-0.000255240250348	-0.000285549010832	-0.0124938123175	-0.0308225385551	-0.0342889933102	1.91131875261e-14	2.0238284483e-05	100.0
-4.19836864356e-05	0.000216073918858	-7.25066037989e-05	-0.00484261186472	0.0261287308555	-0.00710316398578	1.91131875261e-14	2.0238284483e-05	100.0
7.92674903694e-05	-0.000297628861171	7.64771980675e-05	0.00932782096414	-0.0363705229536	0.00897926864824	1.91130869462e-14	2.0238177982e-05	100.0
0.000157538685656	-0.000138418928465	0.000145327774582	0.0188505784231	-0.016844715025	0.0173251079468	1.91130869462e-14	2.0238177982e-05	100.0
0.000127339473663	-0.000301689337434	0.000262204515275	0.0152003812314	-0.0365530442743	0.0313957077552	1.91130869462e-14	2.0238177982e-05	100.0
0.000187437685816	-4.36413956118e-05	9.66442033456e-05	0.0224187313277	-0.0053991093719	0.0115817060784	1.91130869462e-14	2.0238177982e-05	100.0
9.99555044001e-05	0.000240579982633	0.000298140725689	0.0118992982654	0.0288848446751	0.0357638016144	1.91130869462e-14	2.0238177982e-05	100.0
2.97782016927e-05	0.000101317993619	0.000424785675335	0.00344091845111	0.0121729340934	0.0510629505003	1.91130869462e-14	2.0238177982e-05	100.0
0.000230348503537	8.36266379091e-05	-0.000124230803928	0.0275826594276	0.0100032968828	-0.0148447648641	1.91130869462e-14	2.0238177982e-05	100.0
0.000154080223543	0.000314653634044	-0.000131089741212	0.0183187638608	0.0377616056611	-0.0155739911179	1.91130869462e-14	2.0238177982e-05	100.0
1.61268717009e-06	-6.20969903952e-05	-7.18604323491e-05	4.6991990416e-07	-0.00740869560989	-0.00861853122448	1.91130869462e-14	2.0238177982e-05	100.0
4.27022442112e-05	-0.000536726877056	3.03752688828e-05	0.00481384367848	-0.0640365737514	0.00334909316648	1.91130869462e-14	2.0238177982e-05	100.0
0.000146418137722	-0.000250604198306	-0.000210821262344	0.0175085476653	-0.030455558312	-0.0252473800775	1.91130869462e-14	2.0238177982e-05	100.0
0.00015733580835	-4.81610348843e-05	-0.00027606811792	0.0188437320443	-0.00587723929289	-0.0330921559882	1.91130869462e-14	2.0238177982e-05	100.0
-0.000114547338921	-0.000608457761324	-0.000140967651948	-0.0140072830147	-0.0733721759072	-0.016811107613	1.91130869462e-14	2.0238177982e-05	100.0
0.000120440990802	-0.00030639104398	0.00010971774756	0.014294911431	-0.0373312056147	0.0129577067121	1.91127852067e-14	2.0237858481e-05	100.0
5.08456790161e-05	-0.000416966301165	4.22625832488e-05	0.005505075081	-0.0509840960865	0.00400181794345	1.91127852067e-14	2.0237858481e-05	100.0
0.000175348533006	0.000248369695873	0.000239872446099	0.0209966572755	0.029931191973	0.0287741588813	1.91127852067e-14	2.0237858481e-05	100.0
0.000217345655128	-1.30391061321e-05	-0.000160961617591	0.0260569827606	-0.00167268766381	-0.0192701011691	1.91127852067e-14	2.0237858481e-05	100.0
4.72953350739e-05	-0.00050392884717	2.59744114714e-05	0.00506953474698	-0.059737237319	0.00262105044511	1.91127852067e-14	2.0237858481e-05	100.0
0.000254559607913	-0.000192646023163	-0.000208784926389	0.0306139758874	-0.0234515521188	-0.0250563994599	1.91127852067e-14	2.0237858481e-05	100.0
6.09901154863e-05	-0.000410975724102	-0.000174515254133	0.00714182236021	-0.0497254223881	-0.0206195906175	1.91127852067e-14	2.0237858481e-05	100.0
1.97806231195e-05	-0.000515186119036	-0.000172903372046	0.00219127046609	-0.0620783746503	-0.0204882590765	1.91127852067e-14	2.0237858481e-05	100.0
-2.13452575893e-05	7.49216987485e-05	0.000382880126288	-0.00272594730205	0.00903413004528	0.0459499914083	1.9112589076e-14	2.0237650805e-05	100.0
-9.18832002266e-05	-0.000378811185626	0.000343412221167	-0.0112808964577	-0.0457633431335	0.0412573026824	1.9112589076e-14	2.0237650805e-05	100.0
-0.000144224132389	-0.000220985008392	8.37977381385e-05	-0.0175358358939	-0.0265787092589	0.0100087754014	1.9112589076e-14	2.0237650805e-05	100.0
-7.66231687949e-05	0.000123919575775	1.32165440895e-05	-0.00903060496899	0.0160143874722	0.00140983376082	1.9112589076e-14	2.0237650805e-05	100.0
-6.7582066768e-06	-0.000463355761935	9.35323077764e-05	-0.000784414357593	-0.0557650835546	0.0106256743967	1.9112589076e-14	2.0237650805e-05	100.0
-8.9588519531e-05	-0.000596896274153	0.000190028938046	-0.0109730740837	-0.0720197203257	0.0228649872299	1.9112589076e-14	2.0237650805e-05	100.0
8.89429412581e-05	-0.000330483619631	3.72322725132e-05	0.0103923183649	-0.0405105259859	0.00429652203513	1.91124834672e-14	2.023753898e-05	100.0
0.00014087470606	-0.000223229475237	7.89286567165e-05	0.016790488703	-0.0272616965385	0.0093911650432	1.91124834672e-14	2.023753898e-05	100.0
6.84992020144e-05	-0.000401537450239	-7.06561479555e-08	0.00752898939829	-0.0496251775773	0.000155582479366	1.91124834672e-14	2.023753898e-05	100.0
0.000206844021851	-3.10016138131e-05	-0.000164239599013	0.0248026869997	-0.00386888920429	-0.019761042124	1.91124834672e-14	2.023753898e-05	100.0
0.00018839817936	0.000176830238861	-0.000102731143866	0.0223949251707	0.0212332068726	-0.0122087382533	1.91124834672e-14	2.023753898e-05	100.0
-9.32382459505e-05	-0.00066275486883	0.000288680364245	-0.0114632362283	-0.0799658519379	0.0347379686366	1.91124834672e-14	2.023753898e-05	100.0
0.000111323761268	-0.000284043237054	-0.000141600148631	0.0132370141093	-0.03452033391	-0.0167853916257	1.91124834672e-14	2.023753898e-05	100.0
4.37948992626e-05	-0.000504549644021	-2.9451867717e-05	0.00471239141379	-0.0598473816741	-0.0029522690125	1.91124834672e-14	2.023753898e-05	100.0
-7.24734064146e-05	7.10830711242e-05	0.000127207832665	-0.00883799577935	0.00894415212819	0.0149181004737	1.91122923655e-14	2.0237336629e-05	100.0
-5.39005229865e-05	0.000186859306755	3.3734287718e-05	-0.00582687662388	0.0239394639853	0.00282273851512	1.91122923655e-14	2.0237336629e-05	100.0
-0.000125662341309	-0.000149679303169	0.000315096266915	-0.0153649550663	-0.0179910334203	0.0378774860321	1.91122923655e-14	2.0237336629e-05	100.0
-0.000132928173897	-0.00019573803004	0.000206104305695	-0.0162033741236	-0.0235171900257	0.0247602630416	1.91122923655e-14	2.0237336629e-05	100.0
2.7055500439e-05	0.000314597767547	0.000222582805311	0.00309010338344	0.0377529079922	0.0264660469025	1.91122923655e-14	2.0237336629e-05	100.0
0.000153431837837	0.000220250905577	-0.000248697651062	0.0183241099935	0.0265781836677	-0.029859217225	1.91122923655e-14	2.0237336629e-05	100.0
3.4020874886e-05	0.000139271804228	-0.000244872628772	0.00391895895687	0.0168163671938	-0.0292146835881	1.91122923655e-14	2.0237336629e-05	100.0
0.00035954808705	0.000180716380624	0.000258464409908	0.0433595341109	0.0217255904759	0.0311779590782	1.91121867567e-14	2.0237224803e-05	100.0
4.31620531281e-05	-0.000338933869932	0.000427985523179	0.0050308470704	-0.0409604502993	0.0514570181901	1.91121867567e-14	2.0237224803e-05	100.0
0.000102579937784	-0.000273516905271	0.000139959542425	0.012177869507	-0.0332785529438	0.0166075921311	1.91118850171e-14	2.0236905302e-05	100.0
7.42832443737e-05	-0.000392846714509	0.00010192479368	0.00864901102454	-0.0477344497761	0.0117087670476	1.91118850171e-14	2.0236905302e-05	100.0
6.54651917836e-05	-0.000407988700985	-1.63928535535e-06	0.00701636485658	-0.0504912791844	-0.000250927878141	1.91118850171e-14	2.0236905302e-05	100.0
0.000258690842543	9.60088107658e-05	8.23074854166e-05	0.0310087633549	0.0114643193202	0.00986763552713	1.91118850171e-14	2.0236905302e-05	100.0
2.36128375576e-05	-0.000464313875786	8.78483219013e-05	0.00267811123008	-0.0559108004796	0.00970223263092	1.91118850171e-14	2.0236905302e-05	100.0
0.000197413457523	0.000254147389773	-3.44804849224e-05	0.0234497120417	0.0304867801137	-0.00408549907769	1.91118850171e-14	2.0236905302e-05	100.0
-5.42744339114e-05	-0.000242347187345	0.000415610161094	-0.00675041942548	-0.0292630640163	0.0500136564386	1.91118850171e-14	2.0236905302e-05	100.0
8.48619659665e-05	-0.000391724999967	-0.000118654286234	0.00994082942423	-0.04755764189	-0.0137978503864	1.91118850171e-14	2.0236905302e-05	100.0
7.1197103897e-05	0.000419494303878	-0.000109315080973	0.00838754768673	0.0503561095136	-0.0130250906556	1.91115883066e-14	2.0236591125e-05	100.0
3.08212933508e-05	5.70449986806e-05	0.000137090835552	0.00348040816044	0.00709731033928	0.0162277526661	1.91115883066e-14	2.0236591125e-05	100.0
9.89830626981e-05	-0.000218878314757	-0.000249148149887	0.0117742396436	-0.0265390852916	-0.0298309986017	1.91115883066e-14	2.0236591125e-05	100.0
3.87590166857e-05	-0.000587870539336	-5.24069768795e-05	0.00443787843592	-0.0705718939902	-0.00608424586853	1.91115883066e-14	2.0236591125e-05	100.0
-0.000115909811268	-0.000191400633625	0.000232476832219	-0.0141540622154	-0.0230320392691	0.0278807162098	1.91114022339e-14	2.02363941e-05	100.0
-5.6757550866e-05	3.77235085499e-05	0.000298314878549	-0.00701418546418	0.00463184044806	0.0357148078063	1.91114022339e-14	2.02363941e-05	100.0
-0.000141860695635	-4.60086060256e-05	7.77811343207e-05	-0.0172266969209	-0.00523151102534	0.00924494263751	1.91114022339e-14	2.02363941e-05	100.0
0.000144090058543	6.43773780765e-05	0.00034063926948	0.0172651341569	0.00775495352145	0.040943841227	1.91114022339e-14	2.02363941e-05	100.0
-0.000102965065966	-0.000606188324009	6.85526278818e-05	-0.0125587174755	-0.0730079795462	0.00812559827979	1.91114022339e-14	2.02363941e-05	100.0
-8.52450060374e-05	-0.000295467270865	-1.37950196359e-05	-0.0102975911778	-0.0357000685807	-0.00159649849845	1.91114022339e-14	2.02363941e-05	100.0
-5.18838277917e-05	0.0001849539988	-6.46179716761e-06	-0.00530136632386	0.0243778742305	-0.000484763672651	1.91114022339e-14	2.02363941e-05	100.0
8.34498953801e-05	-5.57231566579e-05	-0.000311966422106	0.00993826825209	-0.00672816726265	-0.0374895584725	1.91114022339e-14	2.02363941e-05	100.0
-8.75668419457e-05	-0.000114633512942	-0.000245536012058	-0.0107513526409	-0.0137472388245	-0.0294360353824	1.91114022339e-14	2.02363941e-05	100.0
-7.6857814902e-05	-0.00017015572461	-0.000152923942607	-0.00941693966061	-0.0204452316833	-0.0182538694683	1.91114022339e-14	2.02363941e-05	100.0
-8.59766896401e-05	8.04224884733e-05	-6.40107011516e-05	-0.0103902765005	0.0103192179296	-0.0073601231601	1.91114022339e-14	2.02363941e-05	100.0
-2.13844878368e-05	0.000319459943877	-1.89693455242e-05	-0.00264448217355	0.0372016756994	-0.00208422350857	1.91114022339e-14	2.02363941e-05	100.0
-3.0206237533e-05	-0.000157370294268	-0.000376993366617	-0.00382079039358	-0.0189599832113	-0.0453364215255	1.91114022339e-14	2.02363941e-05	100.0
-8.36156891369e-05	-0.000228975159324	-0.000252460812886	-0.0102627283445	-0.0276192069169	-0.0302755436301	1.91114022339e-14	2.02363941e-05	100.0
5.27942360225e-05	0.000147377960842	-0.000514540822204	0.0062257048616	0.0177553262563	-0.0619233729692	1.91114022339e-14	2.02363941e-05	100.0
3.74477790084e-05	1.9396875826e-05	-0.000391188290884	0.00436004889451	0.00236179893925	-0.0470014661821	1.91114022339e-14	2.02363941e-05	100.0
-9.31010207754e-05	8.4643802761e-05	-0.00010454256868	-0.0112875954229	0.010664605579	-0.0121662312357	1.91114022339e-14	2.02363941e-05	100.0
7.08656018391e-05	-0.000396239444991	3.34960450724e-06	0.00782939912801	-0.0489441503374	0.000448626537389	1.91112915961e-14	2.0236276949e-05	100.0
0.000320698967475	0.00011852996917	-0.000207009822086	0.0386080147335	0.0141662755259	-0.0249765646513	1.91112915961e-14	2.0236276949e-05	100.0
-2.48579121855e-05	0.000334803664408	2.29038960786e-05	-0.00307788540639	0.0393011005216	0.00261613425952	1.91112915961e-14	2.0236276949e-05	100.0
-2.96112920289e-05	0.000201708557186	0.000163379686894	-0.00377234366046	0.0243467615921	0.019117520628	1.91112915961e-14	2.0236276949e-05	100.0
5.58055106576e-05	-0.000566593714365	5.23466959801e-05	0.00643422309516	-0.0679544568359	0.00601010633869	1.91112915961e-14	2.0236276949e-05	100.0
9.23995544811e-05	-0.000345608036926	-0.000265861658812	0.0109717294902	-0.0418417744687	-0.0318164092294	1.91112915961e-14	2.0236276949e-05	100.0
3.83040301442e-05	-0.000576818012604	-0.000250455300946	0.00441836110275	-0.0695605967757	-0.0300070042654	1.91112915961e-14	2.0236276949e-05	100.0
-3.74763079666e-05	-0.000519422506252	-0.000164167319361	-0.00467705716799	-0.0626204691057	-0.0195084772369	1.91111055233e-14	2.0236079923e-05	100.0
-0.000140294745746	-0.000486887861506	-0.000183901953485	-0.017062746294	-0.0587429964763	-0.0220140894853	1.91111055233e-14	2.0236079923e-05	100.0
-8.07420215841e-05	7.46485951488e-05	-0.000366931528953	-0.00990754300206	0.00902722399729	-0.044036844541	1.91111055233e-14	2.0236079923e-05	100.0
-8.56841626623e-05	8.48988538043e-05	-0.000152539833476	-0.0104284598415	0.0105294984879	-0.0179582282234	1.91111055233e-14	2.0236079923e-05	100.0
6.52774223243e-05	-0.000413329649137	5.10401779328e-05	0.00730309666771	-0.0505107143051	0.00529893250139	1.91109999145e-14	2.0235968098e-05	100.0
5.26003665118e-05	-0.000430341092662	4.09633458794e-08	0.00489361056393	-0.0536508667904	2.3744863235e-06	1.91109999145e-14	2.0235968098e-05	100.0
0.000249971277572	0.000144282581543	5.2061568272e-05	0.029908825179	0.0172915674515	0.00626689575129	1.91109999145e-14	2.0235968098e-05	100.0
-1.30335460791e-05	0.000357686106598	7.3449709582e-05	-0.00174199635834	0.0425000358807	0.00854128190861	1.91109999145e-14	2.0235968098e-05	100.0
7.84097927806e-05	0.00011051722529	0.000331069901973	0.00930864178733	0.0133369582811	0.0396942964557	1.91109999145e-14	2.0235968098e-05	100.0
1.24131058758e-05	-0.000497033504749	0.000200987066516	0.00130781752455	-0.0599197026569	0.0239155366719	1.91109999145e-14	2.0235968098e-05	100.0
6.34127413018e-05	-0.000403335827179	-2.95784833828e-05	0.00700294311486	-0.049697266779	-0.00298475276337	1.91109999145e-14	2.0235968098e-05	100.0
0.000126212288114	0.000238681478078	-0.000311619813283	0.0150914391892	0.028684395433	-0.0374118089486	1.91109999145e-14	2.0235968098e-05	100.0
6.81326405136e-05	-0.000427276326855	-9.89221103666e-05	0.00785482018242	-0.051778624146	-0.0112208131766	1.91109999145e-14	2.0235968098e-05	100.0
-1.89989099016e-05	0.000234829226075	7.02781817469e-05	-0.00241700435869	0.0279379894806	0.00666247232294	1.91108138418e-14	2.0235771072e-05	100.0
-4.70613245694e-05	-0.000554064264064	0.000228554411604	-0.00585813699181	-0.0667769564229	0.0274233244855	1.91108138418e-14	2.0235771072e-05	100.0
-0.000145552050408	-0.000476527952119	2.06095956712e-06	-0.0175298115389	-0.057439142359	0.00021003100936	1.91108138418e-14	2.0235771072e-05	100.0
-1.77909172393e-05	-0.00025779809396	-0.000122496016984	-0.00226266549631	-0.0312160344798	-0.0146520399927	1.91108138418e-14	2.0235771072e-05	100.0
-6.5719425326e-05	-0.000358955895266	-0.000320721547703	-0.00811972976618	-0.0432901943878	-0.0385707965542	1.91108138418e-14	2.0235771072e-05	100.0
-0.000108001715448	-0.000390261209861	-0.000332861232764	-0.0132250501408	-0.0470717630236	-0.0400721711231	1.91108138418e-14	2.0235771072e-05	100.0
-0.000110732078201	8.26166470095e-05	-6.19841820302e-05	-0.0133435059491	0.0105780132875	-0.00718397198348	1.91108138418e-14	2.0235771072e-05	100.0
7.61723275584e-06	0.000161109107391	-0.000444183150449	0.000778779364168	0.0193605506477	-0.053382449592	1.91108138418e-14	2.0235771072e-05	100.0
-3.55560647997e-05	-2.30952679034e-05	-0.000294684567151	-0.00445641894974	-0.00272124251213	-0.0352999050465	1.91108138418e-14	2.0235771072e-05	100.0
-5.82942236056e-05	1.00695020614e-05	-0.000234444317575	-0.00720576298362	0.00134635044511	-0.0280001593356	1.91108138418e-14	2.0235771072e-05	100.0
