# x[AU] y[AU] z[AU] vx[AU/yr/2pi] vy[AU/yr/2pi] vz[AU/yr/2pi] m[MSUN] m[mtot] wf[%]
5.51563505388e-06	-0.000333392744149	-7.50499326071e-08	0.000303357686339	-0.0405105853198	-1.08295136968e-05	4.6609361488e-10	0.492560469469	18.8346949368
-5.64298685901e-06	0.000333744989	3.56180630694e-08	-0.000324414887841	0.0405531474673	6.72794851451e-06	4.66293998295e-10	0.492772231538	18.8695746078
4.17758875602e-05	-0.000240059814508	3.95911679093e-05	0.00495065745198	-0.029968279043	0.00428968009531	8.90500585878e-14	9.4106714325e-05	100.0
3.95557041702e-05	-0.000251853788137	4.08687814806e-05	0.00467972197586	-0.0314131368234	0.00427459056165	6.67727096713e-14	7.0564359119e-05	100.0
4.35584250679e-05	-0.000250230874389	3.92660103972e-05	0.0051024643281	-0.0312381100462	0.00425384180214	4.45250267794e-14	4.7053354505e-05	100.0
-3.71823330404e-05	0.000286746474488	-2.7301708651e-05	-0.00401438219906	0.0361508539003	-0.00220996253354	6.67711305677e-14	7.0562690347e-05	100.0
5.16907018638e-05	-0.000299346122886	2.80686056989e-06	0.00502994097926	-0.038043591323	0.000290224960521	1.11189180626e-13	0.00011750299352	100.0
-6.71711024026e-05	0.000241817222864	-9.02666499785e-05	-0.00798584503333	0.0298294858809	-0.010340478694	4.44650208452e-14	4.6989941169e-05	100.0
2.74537600975e-05	-0.000209750169379	5.47059190435e-05	0.00333334205482	-0.0260273798986	0.00626522187382	2.22779222216e-14	2.3542961066e-05	100.0
-3.73873594847e-05	0.000230460363865	1.58514072106e-05	-0.00441923893656	0.0288858642207	0.00170057481204	2.22765845097e-14	2.3541547393e-05	100.0
4.08180416004e-05	-0.000249873867619	2.8083772466e-05	0.00475841515516	-0.0313434736167	0.00297643796587	4.45345064296e-14	4.7063372452e-05	100.0
4.05042613237e-05	-0.000258187678483	3.71063225782e-05	0.00474512635057	-0.0322184058343	0.00380832401036	2.22765845097e-14	2.3541547393e-05	100.0
4.29770979722e-05	-0.000265197876657	-1.30447633363e-05	0.00486571218654	-0.0335016407709	-0.0011328176981	2.22730793022e-14	2.3537843144e-05	100.0
-2.78326792776e-05	0.000205532991821	3.24878361614e-05	-0.00332515538712	0.0256306784212	0.00368708390501	2.22726518378e-14	2.3537391407e-05	100.0
-3.73751984346e-05	0.000282620977853	6.53557552581e-06	-0.00397911518032	0.0360537919374	0.000368713849432	2.22726518378e-14	2.3537391407e-05	100.0
2.60486102955e-05	-0.00022978357942	5.06643376362e-05	0.00316004455467	-0.0285459281861	0.00562099070459	2.22726518378e-14	2.3537391407e-05	100.0
-3.43203770841e-05	0.000241331565089	3.05788237626e-05	-0.00403404193118	0.0302237957622	0.00324148190479	2.22717918802e-14	2.3536482617e-05	100.0
-3.21640025957e-05	0.0002141393204	3.76734828833e-05	-0.00382330376351	0.0267116194087	0.00424503621898	2.22717918802e-14	2.3536482617e-05	100.0
4.21292038383e-05	-0.000261258088635	3.47475540051e-05	0.0048454277016	-0.0326768870766	0.00352753218499	2.22717918802e-14	2.3536482617e-05	100.0
-2.93474112536e-05	0.000229030648075	2.97617533035e-05	-0.0034916089914	0.0286384291402	0.00323819575488	2.22700870519e-14	2.3534680981e-05	100.0
3.85579484535e-05	-0.000194192712677	3.6489719348e-05	0.00461386212807	-0.0241392406527	0.00417531580088	2.22700870519e-14	2.3534680981e-05	100.0
-3.43806489025e-05	0.000191415557808	-2.43930222464e-05	-0.0041482994002	0.0238129179802	-0.00276140145341	2.22692421812e-14	2.3533788135e-05	100.0
3.91663099821e-05	-0.000294742305306	-6.68751920678e-06	0.00386376728237	-0.0377053908778	-0.000164537982984	2.22692421812e-14	2.3533788135e-05	100.0
-3.10553271919e-05	0.000161460270704	2.63002353489e-05	-0.00374155766484	0.0200466425415	0.00307456131428	2.22688247748e-14	2.3533347026e-05	100.0
4.68801503002e-05	-0.000269673344368	-7.96565285003e-06	0.00521228192721	-0.0341190971822	-0.000670605521795	2.22684023395e-14	2.3532900603e-05	100.0
-3.46425891254e-05	0.000276539779841	9.65472403011e-06	-0.00393313358117	0.0351257379264	0.00066499920714	2.22675725558e-14	2.3532023701e-05	100.0
4.55106423657e-05	-0.000264569397157	-2.31580356224e-06	0.00512290515565	-0.0334784313628	-0.000198558230205	2.22675725558e-14	2.3532023701e-05	100.0
4.23586451274e-05	-0.000278715328279	-1.02646294196e-05	0.00460450894525	-0.0353821759196	-0.000815581705001	2.22671551494e-14	2.3531582592e-05	100.0
-6.41398709801e-05	6.79695135327e-05	2.03162636131e-05	-0.00778238285355	0.00842886079043	0.00244161017922	2.22667427721e-14	2.3531146798e-05	100.0
-3.7107362964e-05	0.000257755288331	1.20576404708e-05	-0.0042572592267	0.0325259967791	0.00108361685721	2.22663303947e-14	2.3530711004e-05	100.0
7.02863996379e-05	-0.000159104520216	4.66556547051e-05	0.00844158359963	-0.0197720841756	0.00553041882928	2.22663303947e-14	2.3530711004e-05	100.0
-4.3225509167e-05	0.000153324766493	-2.17204955692e-05	-0.00520641305403	0.0190449223798	-0.00248385283554	2.22659180174e-14	2.353027521e-05	100.0
5.72792196046e-05	-0.000172457375779	4.87915081073e-05	0.00688706619519	-0.0213931232136	0.00571097846695	2.22650982917e-14	2.3529408937e-05	100.0
4.66780671959e-05	-0.000262442175195	-1.2780202286e-05	0.00528231473509	-0.0331588099002	-0.00133066781694	2.22650982917e-14	2.3529408937e-05	100.0
5.48546747718e-05	-0.000194154442774	4.56652999113e-05	0.00655938377512	-0.0241259343798	0.00523401799795	2.22642835949e-14	2.3528547978e-05	100.0
-3.58507001624e-05	4.91194124657e-06	-7.46718229927e-05	-0.00432054694816	0.000655340371095	-0.00896145599978	2.22634739272e-14	2.3527692334e-05	100.0
-4.36372302156e-05	0.000269022748958	-6.80139098932e-06	-0.00486583002599	0.0340720394838	-0.000531441129862	2.22634739272e-14	2.3527692334e-05	100.0
3.88618352387e-05	-0.00025512891115	-9.09903676924e-06	0.00453234339428	-0.0321703052022	-0.000894447984638	2.22634739272e-14	2.3527692334e-05	100.0
-2.54476655081e-05	0.00016659803317	5.46807923938e-05	-0.00313428777508	0.0205013311272	0.00635882474947	2.22630665788e-14	2.3527261854e-05	100.0
-4.867495829e-05	0.000212345941452	-2.24009170252e-05	-0.00579700683797	0.0264985499816	-0.00247309065646	2.22630665788e-14	2.3527261854e-05	100.0
4.93192697662e-05	-0.000259518482538	-1.14990634716e-05	0.00558571572315	-0.0327523371804	-0.00113144913242	2.22630665788e-14	2.3527261854e-05	100.0
-3.27176183404e-05	-0.000248753456382	3.61770015367e-05	-0.00348860791465	-0.0308459083745	0.00423445539718	2.22630665788e-14	2.3527261854e-05	100.0
-6.40249229784e-05	4.47019928272e-05	9.08712544596e-05	-0.00774619043328	0.00557375085061	0.0109291830979	2.22626642595e-14	2.3526836689e-05	100.0
-4.16948524582e-05	0.000287632804168	-1.949928368e-07	-0.00427837316243	0.0367576570495	4.39047312426e-05	2.22626642595e-14	2.3526836689e-05	100.0
7.72406621226e-05	-0.00021267987063	-1.5365825354e-05	0.00917510004468	-0.0265411096427	-0.00179981784213	2.22626642595e-14	2.3526836689e-05	100.0
4.74942139033e-05	-0.000248913184591	-1.70624697327e-05	0.00549442999751	-0.0312584974	-0.00162963527374	2.22626642595e-14	2.3526836689e-05	100.0
-3.96548453747e-05	0.000178053440349	-2.44260134045e-05	-0.00476914971757	0.0221387160042	-0.00276024635337	2.22618646497e-14	2.3525991674e-05	100.0
-4.82309332629e-05	0.000217431679086	-2.47699752841e-05	-0.00573259168882	0.0271193759656	-0.00272968480607	2.22618646497e-14	2.3525991674e-05	100.0
2.07192059466e-05	-0.000212258544506	-3.56041058591e-05	0.00258546315389	-0.0263871789605	-0.00402217772215	2.22618646497e-14	2.3525991674e-05	100.0
-0.000165944601048	-0.000373795647307	-0.000103113686564	-0.0199979697525	-0.0452625306976	-0.0123827712565	2.22618646497e-14	2.3525991674e-05	100.0
6.82306027635e-05	-2.70467546227e-05	4.56664147212e-05	0.00831948807245	-0.00331217307842	0.00551559788668	2.22594859364e-14	2.3523477887e-05	100.0
1.70432632461e-05	-8.02739773822e-05	-3.07114266914e-05	0.00207670684553	-0.00994552189146	-0.00363475397977	2.22594859364e-14	2.3523477887e-05	100.0
7.00402339483e-05	-7.28186953666e-05	-5.17697996566e-05	0.00844151878064	-0.00910120065223	-0.00619774527196	2.22594859364e-14	2.3523477887e-05	100.0
5.01349668909e-05	-0.000204830374187	-4.01223096072e-05	0.00597091044287	-0.0255045655548	-0.00454778174313	2.22594859364e-14	2.3523477887e-05	100.0
4.97322824128e-05	-0.000232041532935	-2.51822927684e-05	0.00584981557285	-0.0290209580012	-0.00269033548571	2.22594859364e-14	2.3523477887e-05	100.0
5.1697904646e-05	-0.000269798811247	6.64495445208e-07	0.00575098872184	-0.034122192308	-2.3493129253e-05	2.2259093675e-14	2.3523063351e-05	100.0
2.89678704317e-05	-0.000104643221028	-7.35359789382e-05	0.00353198499728	-0.0128884259878	-0.00880075832953	2.22587014136e-14	2.3522648816e-05	100.0
-4.53587606612e-05	0.000179241194273	-4.28908625683e-05	-0.00543853895373	0.0222973830311	-0.00497685489838	2.22587014136e-14	2.3522648816e-05	100.0
4.57417774543e-05	-0.000239118453709	3.96990521884e-05	0.00529963143457	-0.0298749556863	0.00431783745937	2.22587014136e-14	2.3522648816e-05	100.0
-6.13950902611e-06	-2.21554460086e-05	-7.0148978932e-05	-0.000700106606821	-0.00271075098144	-0.00832487906562	2.22583141813e-14	2.3522239595e-05	100.0
-4.82952543662e-05	0.000216991044051	-2.87912357452e-05	-0.00574924839775	0.027068633492	-0.00317760570579	2.22583141813e-14	2.3522239595e-05	100.0
-6.94808355384e-05	-1.34022708794e-05	9.17476627894e-05	-0.0084058858247	-0.00151952593927	0.0110237618495	2.22579219199e-14	2.3521825059e-05	100.0
-9.47909126089e-05	7.91655935581e-05	3.51779728219e-05	-0.0114347362031	0.00989312439256	0.00420304895057	2.22579219199e-14	2.3521825059e-05	100.0
-1.63221568868e-05	0.000124305844562	-6.41976571649e-05	-0.00196769887182	0.0153013447797	-0.00758289047945	2.22579219199e-14	2.3521825059e-05	100.0
6.91737084865e-05	-0.000131615481864	4.59762897929e-05	0.00834323965719	-0.0163624255879	0.00545466493846	2.22579219199e-14	2.3521825059e-05	100.0
5.91498390171e-05	-0.000266202281969	2.84271589696e-06	0.00665846690507	-0.0335697971687	0.000290497671733	2.22579219199e-14	2.3521825059e-05	100.0
6.97746284567e-05	-0.000209258099574	2.70228286812e-05	0.008280055601	-0.0261180090621	0.00313275220539	2.22579219199e-14	2.3521825059e-05	100.0
3.15636717401e-05	-0.000217671685764	5.25191216655e-05	0.00380943947633	-0.0270215138192	0.00595114658943	2.22579219199e-14	2.3521825059e-05	100.0
5.33169373413e-05	-0.000133474233574	6.40829696709e-05	0.00642796854845	-0.0165713552511	0.00758090123529	2.22571474551e-14	2.3521006617e-05	100.0
1.12084862188e-05	-4.56684228307e-05	6.54795295432e-05	0.00134087872997	-0.00566905327631	0.00790680708892	2.22563729903e-14	2.3520188174e-05	100.0
6.24716568208e-05	-0.000131888444954	-6.32993835473e-05	0.00750650900405	-0.0163837284192	-0.00749929124043	2.22563729903e-14	2.3520188174e-05	100.0
-5.28020469886e-05	4.78981572597e-05	0.00011100510099	-0.00636964782812	0.00598226026095	0.0133612328697	2.22556035545e-14	2.3519375046e-05	100.0
-7.76866674814e-05	-1.92442868814e-05	5.15356625206e-05	-0.00936453876783	-0.00223730592854	0.0062194334888	2.22556035545e-14	2.3519375046e-05	100.0
-7.59090885777e-06	0.000197201559066	0.000131688151702	-0.000954526950611	0.0241944646408	0.0156827500673	2.22556035545e-14	2.3519375046e-05	100.0
4.61555549921e-05	-0.000245900477439	3.19170118643e-05	0.00536906983468	-0.0308090434652	0.0034965914042	2.22556035545e-14	2.3519375046e-05	100.0
7.36193492626e-05	-8.25603404661e-05	-2.5868154723e-05	0.00886766191867	-0.0103260407606	-0.00310096384401	2.22556035545e-14	2.3519375046e-05	100.0
-5.50040246836e-05	0.000139534873132	5.15541844086e-05	-0.00661280396075	0.0173217135902	0.00605198148043	2.22548391477e-14	2.3518567233e-05	100.0
-9.41142814073e-05	4.75450422417e-05	9.76950938447e-05	-0.0113894941557	0.00596407046212	0.0117315806123	2.22544619733e-14	2.3518168641e-05	100.0
-4.56152565947e-05	-7.02652570375e-05	0.000157586445661	-0.00551476169377	-0.0085491974928	0.0190247526476	2.22544619733e-14	2.3518168641e-05	100.0
-5.2896644383e-05	0.000259018024478	-8.87344636139e-06	-0.00598724020282	0.0326722440904	-0.000941420307127	4.4502225329e-14	4.7029258288e-05	100.0
8.18959631556e-05	7.67119292427e-05	8.98827965805e-06	0.0098530211842	0.00929235737914	0.00111429477708	2.22544619733e-14	2.3518168641e-05	100.0
2.68504802809e-05	0.000208661117367	-1.77675194163e-06	0.00297882561469	0.0257739993995	-0.000305200405054	2.22540797699e-14	2.3517764735e-05	100.0
4.25738443508e-05	-0.000298246782118	-4.92686623099e-06	0.00405208989864	-0.0381296333459	-0.000110566576858	2.22540797699e-14	2.3517764735e-05	100.0
-7.07788679842e-05	0.000127569946636	9.44389418639e-05	-0.00853910601787	0.0157685165134	0.0112302155347	2.22537025955e-14	2.3517366143e-05	100.0
-6.36754151415e-05	9.36657828713e-05	0.000106779526034	-0.00767782367869	0.0116326563802	0.0128018575804	2.22537025955e-14	2.3517366143e-05	100.0
-3.94873857947e-05	3.41318323209e-05	-5.76312431638e-05	-0.00475103683812	0.00429259362291	-0.00692469913293	2.22537025955e-14	2.3517366143e-05	100.0
4.34858450174e-05	-0.000265393583359	3.25152704062e-05	0.00491491227294	-0.0332431596761	0.00322239075232	2.22537025955e-14	2.3517366143e-05	100.0
2.15803794051e-05	-2.67562277282e-05	-4.07184523055e-05	0.00258059546107	-0.00330295228984	-0.00497360495762	2.22537025955e-14	2.3517366143e-05	100.0
-6.84763426583e-05	8.41819590685e-05	8.71262068705e-05	-0.00828419802748	0.0104542551097	0.0104183011065	2.22533254211e-14	2.3516967551e-05	100.0
-8.76780419509e-05	3.58231411558e-05	9.73461823611e-05	-0.0106069509145	0.00454769226445	0.0117052394121	2.22533254211e-14	2.3516967551e-05	100.0
-4.76562914882e-05	2.54733035909e-05	-7.09810182078e-05	-0.00572315049244	0.00325501625079	-0.00860329966028	2.22533254211e-14	2.3516967551e-05	100.0
-6.95821492264e-05	4.42412896516e-05	-7.51225901707e-05	-0.00838815778953	0.00557534737897	-0.00907387492296	2.22533254211e-14	2.3516967551e-05	100.0
5.4144321972e-05	-0.000269862818669	7.84455820801e-06	0.00601245273681	-0.0340954365238	0.000763928549986	2.22533254211e-14	2.3516967551e-05	100.0
3.77092282283e-05	-0.000190247392512	3.74696994875e-05	0.00452760430191	-0.0236712839608	0.0042710669864	2.22533254211e-14	2.3516967551e-05	100.0
3.14035336908e-05	-0.00024207960839	5.03693575232e-05	0.00376975121108	-0.0300871766381	0.005467899904	2.22533254211e-14	2.3516967551e-05	100.0
3.6391917353e-05	-8.5960743464e-05	5.84780087147e-05	0.0043858896453	-0.010625431838	0.00700552378786	2.22533254211e-14	2.3516967551e-05	100.0
2.30943773573e-05	-9.16252791892e-05	5.77372981225e-05	0.00283512256661	-0.0112818473584	0.00688717776825	2.22533254211e-14	2.3516967551e-05	100.0
5.62363280061e-05	-0.000232443758031	4.66925450283e-05	0.00662345100657	-0.0289666652134	0.00520805464404	2.22529482466e-14	2.3516568958e-05	100.0
-4.57573180037e-05	3.63826745677e-05	-6.78863054299e-05	-0.00550375293579	0.00454671374766	-0.00816199656113	2.22525710722e-14	2.3516170366e-05	100.0
-4.10513548011e-05	3.00271015107e-05	-6.6751784084e-05	-0.00493834232196	0.00380916128365	-0.00802688280644	2.22525710722e-14	2.3516170366e-05	100.0
-4.45500437661e-05	6.81043189942e-05	-0.000121594027936	-0.00539679554796	0.00836034402039	-0.0145608401296	2.22525710722e-14	2.3516170366e-05	100.0
-5.08950225141e-05	0.00021532424227	-3.27276248604e-05	-0.0060238321786	0.0268780190604	-0.00364827420804	4.45043928246e-14	4.7031548863e-05	100.0
2.98315871985e-05	-0.000123460351371	-1.84145828915e-05	0.00362689591716	-0.0152901069289	-0.00218928660217	2.22525710722e-14	2.3516170366e-05	100.0
8.44077939674e-06	-0.000237834532126	-2.38161685466e-05	0.00122485088415	-0.0297491001197	-0.00271920965215	2.22525710722e-14	2.3516170366e-05	100.0
4.38602989234e-05	-0.000272278305175	-9.61520089002e-06	0.00486080939338	-0.0344476306788	-0.000669462185959	2.22525710722e-14	2.3516170366e-05	100.0
-2.07862187045e-05	-8.05884591578e-05	-1.15639316195e-05	-0.00248812674496	-0.00989363319462	-0.00137020120961	2.22518217524e-14	2.3515378497e-05	100.0
5.99954142877e-05	-0.000155492132817	-5.36231123148e-05	0.00719490317347	-0.0193141125462	-0.00629587751366	2.22518217524e-14	2.3515378497e-05	100.0
-1.0516406778e-05	-0.000276054984017	5.39243993076e-05	-0.000819617649401	-0.0341096779026	0.0056438444081	2.22518217524e-14	2.3515378497e-05	100.0
-4.22623592516e-05	0.000109944383553	2.17615741198e-05	-0.00510150031852	0.0136224142519	0.00249884002753	2.22510774616e-14	2.3514591942e-05	100.0
-4.91740010287e-05	-4.86014751779e-05	1.37297695916e-05	-0.00589225586418	-0.0058675856058	0.00165809145458	2.22510774616e-14	2.3514591942e-05	100.0
-7.64937821605e-06	-0.000224983719859	1.32634967805e-05	-0.000638731656268	-0.0279498198716	0.00138692669234	2.22510774616e-14	2.3514591942e-05	100.0
-8.96239095735e-05	1.32199695667e-05	-5.80699017342e-05	-0.0108266067669	0.00176800199687	-0.00700048456489	2.22510774616e-14	2.3514591942e-05	100.0
-7.08222605404e-05	8.75532483431e-05	-9.25311057185e-05	-0.00854974157703	0.010833138858	-0.0110066037081	2.22510774616e-14	2.3514591942e-05	100.0
5.3887857605e-05	-0.00024432342772	5.20282811686e-06	0.00621302017853	-0.0307360803369	0.00060206943639	2.22510774616e-14	2.3514591942e-05	100.0
7.50775287539e-05	7.08838740243e-05	4.62174054667e-05	0.00908484858242	0.00863941003795	0.00552144190009	2.22510774616e-14	2.3514591942e-05	100.0
5.75283416798e-05	-3.42624809619e-05	-9.40621637805e-06	0.00697396961782	-0.00430819582296	-0.00114714169097	2.22510774616e-14	2.3514591942e-05	100.0
3.66239522398e-05	-9.34683308631e-05	-0.000108996024988	0.00445163025868	-0.0114293413793	-0.0130142758785	2.22510774616e-14	2.3514591942e-05	100.0
-4.10352908479e-05	0.00017247998348	5.30273581675e-05	-0.00492008402118	0.0213927991011	0.00612479304183	2.22503331707e-14	2.3513805387e-05	100.0
-7.35493472502e-05	6.80586188918e-05	5.70487765479e-05	-0.0088700903171	0.00851013684972	0.00680138745712	2.22503331707e-14	2.3513805387e-05	100.0
0.000117175787062	0.000135386500471	0.000118460735698	0.0141459031036	0.0164125081791	0.0142225401435	2.22503331707e-14	2.3513805387e-05	100.0
1.07941407063e-05	-0.000175811033572	2.63257858977e-05	0.00138150712139	-0.0217826076457	0.00306377162252	2.22503331707e-14	2.3513805387e-05	100.0
-4.99781504464e-05	0.000274081356654	-1.77470939391e-05	-0.00551263400106	0.0346444267667	-0.0017251594014	2.22503331707e-14	2.3513805387e-05	100.0
7.02844133864e-05	-0.0001541113691	5.62199261731e-05	0.00845698281147	-0.0191074448648	0.00657142314977	2.22503331707e-14	2.3513805387e-05	100.0
3.48461496204e-05	-0.000296247757108	4.46759728011e-05	0.00382749499938	-0.0368072271947	0.00395882994872	2.22503331707e-14	2.3513805387e-05	100.0
6.7677523501e-05	-0.00016908881425	-2.99625430371e-05	0.00810672979229	-0.0210575014101	-0.00347354816684	2.22503331707e-14	2.3513805387e-05	100.0
0.000111142041021	6.9987113239e-07	-7.20141340956e-05	0.0134372141331	-8.30841692984e-05	-0.00864188424233	2.22503331707e-14	2.3513805387e-05	100.0
-7.96181213694e-05	0.000124767936727	8.31257672306e-05	-0.00960642886777	0.0154426553165	0.00989037057872	2.22499660543e-14	2.3513417424e-05	100.0
-9.47876698889e-05	5.01467721833e-05	4.98829340156e-05	-0.0114443374452	0.00631912491598	0.00597775300975	2.22499660543e-14	2.3513417424e-05	100.0
2.2577603889e-05	0.000284625771274	-4.26242657991e-05	0.00202741899985	0.035265885438	-0.00426902394659	2.22499660543e-14	2.3513417424e-05	100.0
-7.47701096189e-05	0.000108652049932	-8.10347238585e-05	-0.00902129549818	0.013438036032	-0.00959119196983	2.22499660543e-14	2.3513417424e-05	100.0
-6.91811499493e-05	8.29031549378e-05	-9.83422116649e-05	-0.00835438652968	0.0102814593564	-0.0117022564687	2.22499660543e-14	2.3513417424e-05	100.0
-4.02287972412e-05	0.00027774005889	-3.71435021702e-05	-0.00452750157601	0.0347339046352	-0.00347329859411	2.22499660543e-14	2.3513417424e-05	100.0
5.87667447088e-05	-0.000169639131548	4.9018201475e-05	0.00703679593722	-0.0210914332031	0.00571438678653	2.22499660543e-14	2.3513417424e-05	100.0
6.74796718413e-05	-0.000229425377543	-1.7055801688e-05	0.00791215275388	-0.0287131351034	-0.00191768038232	2.22499660543e-14	2.3513417424e-05	100.0
5.12507161207e-05	-0.000251873792893	-3.69048611432e-05	0.00595591212823	-0.0314958590642	-0.00389580715627	2.22499660543e-14	2.3513417424e-05	100.0
1.29018572261e-05	-0.000129703691451	-4.51238698453e-05	0.0015687454607	-0.0159857083816	-0.00524408542121	2.22499660543e-14	2.3513417424e-05	100.0
-4.13346440933e-05	-0.000147858956959	-0.000139428819397	-0.00497154747203	-0.0180416663675	-0.0166919253582	2.22499660543e-14	2.3513417424e-05	100.0
1.61765577663e-05	-0.000310039344684	-0.000124127200963	0.0019495434903	-0.0376243699365	-0.014285369982	2.22499660543e-14	2.3513417424e-05	100.0
-6.48085554242e-05	4.89826022423e-05	-7.72301515452e-05	-0.00782240146005	0.00610660185242	-0.00932505804061	2.22492267925e-14	2.3512636184e-05	100.0
-6.57218066661e-05	3.11862146357e-05	-6.64784178268e-05	-0.00791449943099	0.00398061173006	-0.0079909685681	2.22492267925e-14	2.3512636184e-05	100.0
4.55881586736e-05	-0.000292716061212	-4.71475303077e-06	0.00454383752912	-0.0373282587305	-0.000240957848955	2.22492267925e-14	2.3512636184e-05	100.0
-1.51577339075e-05	0.00027565824468	-2.10426130704e-05	-0.00205283631336	0.0349356164606	-0.00186796558435	2.22492267925e-14	2.3512636184e-05	100.0
-1.27864740918e-05	1.49008509177e-05	4.52137945931e-05	-0.00156632988668	0.00181769408877	0.00533296749639	2.22492267925e-14	2.3512636184e-05	100.0
-1.55971405962e-05	0.000141145598485	0.000247724674927	-0.00188979336748	0.0172458589798	0.029843543963	2.2248859676e-14	2.3512248221e-05	100.0
1.69904025753e-05	-0.000102456129143	-0.000108766003031	0.00206765544208	-0.0125994444986	-0.0129895770328	2.2248859676e-14	2.3512248221e-05	100.0
6.87618192215e-05	-8.71856288995e-05	4.67016724136e-05	0.00830566873377	-0.0108919617769	0.00558349856652	2.2248859676e-14	2.3512248221e-05	100.0
8.09368689698e-05	-9.85420749976e-05	-0.000140434572295	0.00979210320649	-0.0121548047353	-0.0168012702535	2.2248859676e-14	2.3512248221e-05	100.0
1.83688236399e-05	-0.000388666930137	6.17636765287e-07	0.00204885030718	-0.0452504841181	7.46816428174e-05	2.2248859676e-14	2.3512248221e-05	100.0
3.46510983756e-05	-0.000227686576952	-0.000114173932891	0.00414878467566	-0.027998389002	-0.0133330705473	2.2248859676e-14	2.3512248221e-05	100.0
-6.80981212589e-05	0.00020907459245	0.000168324082363	-0.00822064763849	0.0255289535924	0.0200079246982	2.22481304722e-14	2.351147761e-05	100.0
1.60555088616e-05	-1.70325943543e-05	-5.50710339148e-05	0.00193194944297	-0.0021714938979	-0.00657005326279	2.22481304722e-14	2.351147761e-05	100.0
5.31672303603e-05	-0.000256208334514	4.20486074858e-05	0.00611908451382	-0.0319910755426	0.00447257207779	4.4489471805e-14	4.7015780563e-05	100.0
5.57229951088e-05	-0.000158451903861	4.85473500172e-05	0.00669038103812	-0.0197121917333	0.00570964245208	2.22481304722e-14	2.351147761e-05	100.0
6.62790722495e-05	-0.000181131389198	-6.2396133391e-05	0.00795386507779	-0.022466324698	-0.00728084197213	2.22481304722e-14	2.351147761e-05	100.0
-2.83087946532e-05	2.8045965326e-05	-0.000144834394357	-0.00341008657197	0.00345805099512	-0.0173616734639	2.22477633557e-14	2.3511089647e-05	100.0
7.24147663286e-05	3.35221662116e-05	-1.09227873114e-06	0.0087255500119	0.00397809900137	-0.000150423243744	2.22477633557e-14	2.3511089647e-05	100.0
6.2819368655e-05	-0.000154926733573	-0.000177812628231	0.00759009686117	-0.0190123903184	-0.021278076633	2.22477633557e-14	2.3511089647e-05	100.0
-6.14863632347e-05	0.000134044930053	8.73383550104e-05	-0.0074276900108	0.0165678613181	0.0103419002206	2.22474012683e-14	2.3510706998e-05	100.0
-5.69110189661e-05	0.000123241222905	9.34763036102e-05	-0.00685894829255	0.0152662996483	0.0111325893414	2.22474012683e-14	2.3510706998e-05	100.0
4.38670415868e-05	-0.000252377110686	4.25987111613e-05	0.00508043642969	-0.031461584977	0.00444554199991	2.22474012683e-14	2.3510706998e-05	100.0
-2.42311915039e-05	0.000281691402463	0.000107284391167	-0.00291606845924	0.0344242637503	0.0122033516337	2.22466770934e-14	2.3509941702e-05	100.0
-9.62999463936e-06	-0.000204438441763	6.15872715252e-05	-0.00103385648262	-0.0252481983894	0.00720164368791	2.22466770934e-14	2.3509941702e-05	100.0
-9.71935059902e-05	8.87237285056e-06	-2.90942645563e-05	-0.0117483795756	0.00124621493425	-0.00348397434045	2.22466770934e-14	2.3509941702e-05	100.0
-2.88854319662e-05	-0.000214888802298	-0.000138127327296	-0.00342900923886	-0.0262578537345	-0.0163774944645	2.22466770934e-14	2.3509941702e-05	100.0
-9.64768039576e-05	7.38800856074e-05	-9.88753937191e-05	-0.0116695888817	0.00917522601987	-0.0117706111226	2.22466770934e-14	2.3509941702e-05	100.0
-2.64538986817e-05	0.000199194918909	-0.00010009815996	-0.0031891816298	0.024492455533	-0.0116478018243	2.22466770934e-14	2.3509941702e-05	100.0
-4.5153796413e-05	0.000271474564477	-4.39461931813e-05	-0.00516516051631	0.0338941299745	-0.00443772112473	2.22466770934e-14	2.3509941702e-05	100.0
5.21440752318e-05	-0.000171504151048	2.04355940255e-05	0.00623052655556	-0.0214065158163	0.00240247768468	2.22466770934e-14	2.3509941702e-05	100.0
1.17677364147e-05	0.000285138326304	1.24350468813e-05	0.000433797340473	0.0361495315846	0.00112140159728	2.22466770934e-14	2.3509941702e-05	100.0
2.72084872088e-05	4.79531813858e-05	0.00020020125971	0.0033173011114	0.0058850543858	0.0241155498343	2.22466770934e-14	2.3509941702e-05	100.0
-4.24862509925e-06	-5.83849530273e-05	-0.000127143432229	-0.000533527078178	-0.00716778290339	-0.0151852605587	2.22466770934e-14	2.3509941702e-05	100.0
-5.28111176004e-05	-9.08588137545e-05	-2.82296933809e-05	-0.00632976367532	-0.0110601753639	-0.00326378730838	2.22466770934e-14	2.3509941702e-05	100.0
3.91369081773e-05	-0.000291452657574	-2.21540963878e-05	0.00405806614724	-0.0367935515372	-0.00148308311497	2.22466770934e-14	2.3509941702e-05	100.0
6.88722242021e-06	-0.000322292805067	-0.000132245028472	0.000857352871891	-0.0390182072324	-0.0153218833698	2.22466770934e-14	2.3509941702e-05	100.0
-4.55520343639e-05	0.000207867027468	0.000143828872806	-0.00548592773875	0.0254460616536	0.0169842860276	2.22452337727e-14	2.3508416423e-05	100.0
-6.73086532508e-05	7.57504423156e-05	0.000147968932682	-0.00814052248446	0.00935870592214	0.0177060989425	2.22452337727e-14	2.3508416423e-05	100.0
-5.20156210419e-05	0.00011543189109	9.82966387034e-05	-0.00626620662343	0.0143308037418	0.0117272193474	2.22452337727e-14	2.3508416423e-05	100.0
-2.86568188621e-05	-0.000167475422356	-0.000130778189853	-0.00340857531257	-0.0203781871702	-0.0155923906075	2.22452337727e-14	2.3508416423e-05	100.0
6.84824839623e-05	-0.000134624405239	7.18350629372e-05	0.00825357630474	-0.016708741958	0.00849556160554	2.22452337727e-14	2.3508416423e-05	100.0
5.15875308351e-05	-0.000233052294126	5.53604471417e-05	0.00610074155075	-0.028980057848	0.0061743462625	2.22452337727e-14	2.3508416423e-05	100.0
5.95842868304e-05	-0.000243875219195	-7.64810998142e-06	0.00687339360665	-0.0306251610596	-0.000697538972124	2.22452337727e-14	2.3508416423e-05	100.0
1.99238450865e-05	0.00018364740013	-8.45690243437e-05	0.0022989998532	0.0225270174185	-0.00999080583689	2.22452337727e-14	2.3508416423e-05	100.0
7.91519147739e-06	-0.000306048902279	-0.000130550991305	0.000974045260715	-0.0371448741949	-0.01505626203	2.22452337727e-14	2.3508416423e-05	100.0
-0.000115898192126	-9.58109667265e-06	0.000283134357988	-0.0140732652417	-0.00112163900928	0.0341694142588	2.22448767143e-14	2.3508039089e-05	100.0
-6.9766566985e-05	5.56069621471e-05	5.22831660752e-05	-0.0084115998909	0.00700394782059	0.00624580878607	2.22448767143e-14	2.3508039089e-05	100.0
3.82084594082e-05	-3.88928059897e-05	-0.000108843776805	0.00464231953301	-0.00483899598798	-0.0130525105819	2.22448767143e-14	2.3508039089e-05	100.0
-5.96005181463e-05	0.000213380830961	-2.90717944811e-05	-0.00707015858213	0.0265530869617	-0.00318945350714	2.22448767143e-14	2.3508039089e-05	100.0
-2.38361558692e-05	0.000289618471301	-3.83065329265e-05	-0.0027297914867	0.0361766078026	-0.00318006289885	2.22448767143e-14	2.3508039089e-05	100.0
6.74032746109e-05	-0.000165181741307	3.23396312285e-05	0.00806350815856	-0.0205789082818	0.00380365904409	2.22448767143e-14	2.3508039089e-05	100.0
6.27733290498e-05	-8.81465157846e-05	9.79223333625e-05	0.00759964439288	-0.0109374518167	0.0117054340312	2.22448767143e-14	2.3508039089e-05	100.0
2.19885106694e-05	-0.000254694106077	9.6050448805e-05	0.00265054163346	-0.0312263729531	0.0108938219075	2.22448767143e-14	2.3508039089e-05	100.0
5.41109174972e-05	-0.00016385137058	-7.42265034124e-05	0.00649489300755	-0.0203224565838	-0.00873477950115	2.22448767143e-14	2.3508039089e-05	100.0
0.000100675867808	-5.63461649404e-05	-0.000122672252159	0.0122095870633	-0.00700643497607	-0.0146797225976	2.22448767143e-14	2.3508039089e-05	100.0
3.77186278387e-05	-0.000265347435396	-6.47094114368e-05	0.0044034796066	-0.0328640818344	-0.00696494278543	2.22448767143e-14	2.3508039089e-05	100.0
8.25858652211e-06	-0.000247233881458	0.000129809845896	0.00104224379894	-0.0301837523053	0.0152366671366	2.22445196558e-14	2.3507661755e-05	100.0
-6.69087663559e-05	-2.18815063449e-05	3.91408674001e-05	-0.00805575319787	-0.00254291554485	0.00471090942767	2.22445196558e-14	2.3507661755e-05	100.0
9.31190938803e-06	-3.2573405604e-05	7.77980620482e-05	0.00115497158734	-0.00400758114906	0.0092729172158	2.22445196558e-14	2.3507661755e-05	100.0
-6.1875357113e-05	-1.09552322445e-06	7.29708933952e-06	-0.00745469427854	7.53442441166e-06	0.000898439509379	2.22445196558e-14	2.3507661755e-05	100.0
5.83314777301e-06	1.59966657955e-05	0.000134661968902	0.000705305727709	0.00194825720455	0.0161675517845	2.22445196558e-14	2.3507661755e-05	100.0
-6.64222189093e-05	0.000234835296569	-5.34751301022e-06	-0.00774412565799	0.0294304807086	-0.000550445495902	2.22445196558e-14	2.3507661755e-05	100.0
6.31992893927e-05	0.000471218486728	-6.97528508807e-05	0.00755522971074	0.0567765237764	-0.00827711030406	2.22445196558e-14	2.3507661755e-05	100.0
-0.000105522007032	-2.663093912e-05	-0.000203412903336	-0.0128043832864	-0.00319936909613	-0.0244555298962	2.22445196558e-14	2.3507661755e-05	100.0
-9.8982629831e-05	5.93619826114e-05	-0.000154517962741	-0.0120015349213	0.00734446882323	-0.0185141970567	2.22445196558e-14	2.3507661755e-05	100.0
-1.39999979732e-05	0.000500260152633	-0.000142362830783	-0.00163961085746	0.0603379554989	-0.0170303103393	2.22445196558e-14	2.3507661755e-05	100.0
4.18755575617e-05	-0.000254867812146	4.57731438486e-05	0.00486664438707	-0.0317536976087	0.00476255484636	2.22445196558e-14	2.3507661755e-05	100.0
6.52484879646e-05	-0.000113926854782	3.71807450278e-05	0.00787044419618	-0.0141923604257	0.00439634918541	2.22445196558e-14	2.3507661755e-05	100.0
3.36670331358e-05	-0.000267993921534	9.39639053098e-05	0.00402527935969	-0.0328496052941	0.0105949639003	2.22445196558e-14	2.3507661755e-05	100.0
6.37867880816e-05	-0.000224244393754	7.79102400419e-06	0.00749454824722	-0.0280931944507	0.000918229150858	2.22445196558e-14	2.3507661755e-05	100.0
1.13158282814e-05	5.40120841593e-05	8.3487769736e-05	0.00132649250127	0.00651325489874	0.0100618161302	2.22445196558e-14	2.3507661755e-05	100.0
2.43132231627e-05	-0.000278599236018	0.000106127893069	0.00292168177685	-0.0340104394987	0.0120729166575	2.22445196558e-14	2.3507661755e-05	100.0
0.000114147901986	5.54133286865e-05	-2.22098016947e-05	0.0137817946316	0.00663593418366	-0.00264203491557	2.22445196558e-14	2.3507661755e-05	100.0
4.98400446785e-05	-0.000263506562036	-2.70359157351e-05	0.00565139003495	-0.0331004738071	-0.00267208564354	2.22445196558e-14	2.3507661755e-05	100.0
3.61455523244e-05	-0.000156963027061	-0.000115058385179	0.00436899267476	-0.0192976570004	-0.013632374199	2.22445196558e-14	2.3507661755e-05	100.0
-2.46182290427e-05	-8.60470232014e-05	-0.000129297208199	-0.00297013811475	-0.0105310423154	-0.0154705803864	2.22445196558e-14	2.3507661755e-05	100.0
-3.45069460611e-05	0.000104300571064	2.82039349782e-06	-0.00420252675557	0.0128646673521	0.000303849414966	2.22441625974e-14	2.3507284421e-05	100.0
-0.000106781819442	-0.000193209151526	-8.4482694639e-05	-0.0127974615921	-0.023517862116	-0.00999726049596	2.22441625974e-14	2.3507284421e-05	100.0
-1.20548118831e-05	-0.000201955461315	-0.00010492440136	-0.0013526788961	-0.0246681085908	-0.0123584207233	2.22441625974e-14	2.3507284421e-05	100.0
-5.465096874e-05	0.000276486911782	-1.67880319609e-05	-0.00598329521424	0.034883874987	-0.00156783630073	2.22441625974e-14	2.3507284421e-05	100.0
-2.80215166345e-05	0.000366251577456	-6.95791298652e-05	-0.00318719905047	0.0437442168831	-0.00726386939023	2.22441625974e-14	2.3507284421e-05	100.0
-3.9133990599e-05	0.000289184802902	-5.32829579278e-05	-0.00438991119935	0.0358585953565	-0.00523160853636	2.22441625974e-14	2.3507284421e-05	100.0
6.07410860341e-05	-0.000128277326851	-7.74439757183e-05	0.0073133981362	-0.0159354327284	-0.00919537639456	2.22441625974e-14	2.3507284421e-05	100.0
1.55817970757e-05	0.000143435393516	-0.000148795648934	0.00184887259577	0.01752132622	-0.0178851255078	2.22441625974e-14	2.3507284421e-05	100.0
2.81561227315e-05	0.000162183469708	5.54232882454e-06	0.0032836312724	0.020009647141	0.000710858789657	2.22441625974e-14	2.3507284421e-05	100.0
2.96504569433e-05	-0.000304678894597	-7.28698112813e-05	0.00342450988201	-0.0372620858181	-0.00752155283794	2.22441625974e-14	2.3507284421e-05	100.0
6.69796374448e-06	-0.000313463257308	-0.000146638718749	0.000807000352116	-0.0379525333851	-0.017095513199	2.22441625974e-14	2.3507284421e-05	100.0
-7.01813242185e-05	0.000119973298584	0.000103736640805	-0.00847877828891	0.0148311809454	0.0123059180577	2.22438105679e-14	2.3506912402e-05	100.0
-3.62426642621e-05	0.000133801131389	9.34685789348e-05	-0.00437618167743	0.0165474847999	0.0110594876475	2.22438105679e-14	2.3506912402e-05	100.0
-0.000118509146728	-1.94468104338e-05	-2.75936167867e-05	-0.0143239152806	-0.00221651831366	-0.00325153504154	2.22438105679e-14	2.3506912402e-05	100.0
-1.98700222115e-05	0.000298044105624	-7.15309818912e-05	-0.00234402220963	0.0365003216273	-0.00736361184094	2.22438105679e-14	2.3506912402e-05	100.0
3.99238830449e-05	-0.000292587320101	2.12292010203e-05	0.00411450269741	-0.0369823151039	0.00140698586195	2.22438105679e-14	2.3506912402e-05	100.0
7.10076170556e-05	-0.000188983914836	-3.69249862786e-05	0.00845769097856	-0.0235521807421	-0.00428443004021	2.22438105679e-14	2.3506912402e-05	100.0
2.92152352533e-05	0.000233705035195	-1.68713962712e-06	0.00310333421642	0.0289505799729	-0.00010822070003	2.22438105679e-14	2.3506912402e-05	100.0
-1.32130175186e-05	-0.000224457056888	7.5353872139e-05	-0.00145316158519	-0.0276164498247	0.0086582095941	2.22438105679e-14	2.3506912402e-05	100.0
-3.58948164387e-05	0.000304193408175	6.34233598132e-05	-0.00405213250039	0.0373248959912	0.006297179409	2.224310148e-14	2.3506163049e-05	100.0
5.81620729124e-06	-0.000160263730599	-4.8256559133e-05	0.000782291215764	-0.0197581885363	-0.00572418045746	2.224310148e-14	2.3506163049e-05	100.0
-5.81206733479e-05	0.00019162584518	-3.6730793544e-05	-0.00694820889626	0.0238813763289	-0.00421278649488	2.224310148e-14	2.3506163049e-05	100.0
5.30271434051e-05	-0.000142257417732	5.17151481114e-05	0.00636802525787	-0.017707123833	0.00609297566239	2.224310148e-14	2.3506163049e-05	100.0
0.000202283738147	0.000188198365219	-8.57290959757e-05	0.0244776373984	0.0227893199124	-0.0102490556996	2.224310148e-14	2.3506163049e-05	100.0
-2.23184741292e-05	-0.000243564085956	7.64292759616e-05	-0.00246873024555	-0.0298673997972	0.00869551940509	2.224310148e-14	2.3506163049e-05	100.0
2.01520279225e-05	9.42807113831e-05	0.000181800516737	0.00243984718015	0.0115229835061	0.021865459817	2.22423923921e-14	2.3505413696e-05	100.0
-6.46990211599e-05	0.000227765246374	-7.18671118425e-06	-0.00755514744353	0.0285518291178	-0.000765350620172	2.22423923921e-14	2.3505413696e-05	100.0
-1.39200923733e-05	-0.00026944452204	-0.000229418483782	-0.00167962017721	-0.0327181061356	-0.0274922799385	2.22423923921e-14	2.3505413696e-05	100.0
-6.49462019067e-05	4.9509616918e-05	-0.00013921802524	-0.00786946945702	0.0061566925656	-0.016633252964	2.22423923921e-14	2.3505413696e-05	100.0
8.30479942988e-05	-8.35684340058e-05	-2.63261879328e-05	0.00999869211222	-0.0104672173308	-0.00311732962784	2.22423923921e-14	2.3505413696e-05	100.0
0.000114541386992	-5.49763882622e-05	-0.000225655153299	0.0139212837165	-0.00673917837846	-0.0271489963346	2.22423923921e-14	2.3505413696e-05	100.0
-1.31447308127e-05	-0.000111406373801	-0.000187538805805	-0.00159305574593	-0.0135610039887	-0.0225214605118	2.22423923921e-14	2.3505413696e-05	100.0
-5.41903982882e-05	3.71086084115e-05	0.000133494299909	-0.0065444959555	0.00465464281447	0.0159180230254	2.22416933622e-14	2.3504674972e-05	100.0
-3.75552544679e-05	0.000130041012696	9.14622574504e-05	-0.00452787014881	0.016131984874	0.0108604948026	2.22416933622e-14	2.3504674972e-05	100.0
-6.42703435678e-05	-0.00017927648021	-0.000316713501471	-0.0077920373239	-0.0216806271211	-0.038266742393	2.22416933622e-14	2.3504674972e-05	100.0
-3.18360790686e-05	0.000156976434244	-0.000143987928158	-0.00385255676561	0.019238091153	-0.0170729958382	2.22416933622e-14	2.3504674972e-05	100.0
-3.29621905427e-05	0.000232022163836	-5.90924646222e-05	-0.00393539365647	0.0287751073845	-0.00654124969098	2.22416933622e-14	2.3504674972e-05	100.0
6.6180092804e-05	-0.000242308279846	3.27455538156e-05	0.00770407722661	-0.0302860560936	0.00359080652158	2.22416933622e-14	2.3504674972e-05	100.0
5.94642185586e-05	-0.000216777001265	7.06619957392e-05	0.00710385654345	-0.0268368165241	0.00807064823097	2.22416933622e-14	2.3504674972e-05	100.0
0.000103323832456	0.000230884450356	-0.00023647984007	0.0125085962344	0.0279658825437	-0.0285147408867	2.22416933622e-14	2.3504674972e-05	100.0
3.52069730081e-05	0.000214123495048	-0.000153701596877	0.004196199329	0.0260783056377	-0.0183541494538	2.22416933622e-14	2.3504674972e-05	100.0
4.50172067576e-05	-0.000199708548372	-0.00016096972294	0.00542704134408	-0.0243434458157	-0.0191027530623	2.22416933622e-14	2.3504674972e-05	100.0
2.63964708256e-05	-0.000246653332854	-0.000121743621662	0.00317575685691	-0.0301324734131	-0.0141473334343	2.22416933622e-14	2.3504674972e-05	100.0
-2.44371333054e-05	0.000398545676399	0.000109225003969	-0.00288828959565	0.0479227164158	0.0125388507367	2.22413413328e-14	2.3504302953e-05	100.0
-6.10250131013e-05	-0.000153308467024	-0.000195528015681	-0.00738984465722	-0.0186168946976	-0.0234547401419	2.22413413328e-14	2.3504302953e-05	100.0
-7.60832041442e-05	8.34039234423e-05	-0.000117681386063	-0.00919189423862	0.0103509127344	-0.014041119157	2.22413413328e-14	2.3504302953e-05	100.0
-4.12253242252e-05	0.000249435141232	-5.6690933722e-05	-0.00485402815492	0.0309313606213	-0.00612517660463	2.22413413328e-14	2.3504302953e-05	100.0
-4.81929411987e-05	0.000272522208399	-4.398278663e-05	-0.00544295218449	0.0340247092634	-0.00447510981507	2.22413413328e-14	2.3504302953e-05	100.0
5.22820919623e-05	-0.000294650271142	4.42273767711e-06	0.00528436753557	-0.0374764797962	0.000315250372923	2.22413413328e-14	2.3504302953e-05	100.0
5.84038763234e-05	-0.000227276404677	1.12506556813e-05	0.00683949296698	-0.0285070911635	0.00127982977601	2.22413413328e-14	2.3504302953e-05	100.0
8.61602379411e-05	-8.5867336065e-05	-0.000139221260667	0.0104388197092	-0.0106089846996	-0.0166421567001	2.22413413328e-14	2.3504302953e-05	100.0
8.71093747994e-07	-2.73353074229e-05	-6.12994889084e-05	0.000105981318918	-0.00335447640493	-0.00729755945183	2.22413413328e-14	2.3504302953e-05	100.0
6.26480857792e-05	-0.000183418285579	-0.000113119172197	0.00754985295318	-0.0225515894538	-0.0132957321879	2.22413413328e-14	2.3504302953e-05	100.0
-4.71190960514e-05	5.78151504786e-05	0.000144078639804	-0.0057091905045	0.00718946432505	0.0172113986814	2.22409893033e-14	2.3503930934e-05	100.0
-8.19657666692e-05	4.85487355449e-05	0.000120961361618	-0.00990877709778	0.00611014901267	0.0145425838489	2.22409893033e-14	2.3503930934e-05	100.0
-3.68200103472e-05	-0.000179408429254	-7.77810089713e-05	-0.00432208242711	-0.0219093174749	-0.00912714218438	2.22409893033e-14	2.3503930934e-05	100.0
-4.7046841408e-05	0.000268340716797	-5.57861113173e-05	-0.00543553881433	0.0332842738874	-0.0058525789701	2.22409893033e-14	2.3503930934e-05	100.0
7.39217894296e-05	-0.000167036718886	8.1185662043e-05	0.00889837907796	-0.0206752516872	0.00955432432393	2.22409893033e-14	2.3503930934e-05	100.0
1.79317636531e-05	-0.000254514309775	0.000109048586137	0.00217302667062	-0.0311591660134	0.0125036414099	2.22409893033e-14	2.3503930934e-05	100.0
1.48625309117e-05	4.00886176751e-05	-5.75175668981e-05	0.00181611076482	0.0049390514395	-0.00696505608379	2.22409893033e-14	2.3503930934e-05	100.0
2.93548404309e-05	-0.000264382445712	-0.00014109847992	0.00352686054127	-0.0322305443425	-0.0164832820992	2.22409893033e-14	2.3503930934e-05	100.0
1.75620926762e-05	-0.00036588553371	-0.000103476760789	0.00208159191568	-0.0439990281115	-0.0116561153513	2.22409893033e-14	2.3503930934e-05	100.0
-4.49789123917e-05	0.00019363296578	0.000152719921755	-0.00542138355928	0.0236965638906	0.0180781520229	2.22406423029e-14	2.3503564229e-05	100.0
-6.42737441316e-05	0.00026045033288	2.19513437867e-05	-0.00733838849507	0.0326656840741	0.00224766112581	2.22406423029e-14	2.3503564229e-05	100.0
5.7406069773e-05	-0.000149701363931	8.31220941435e-05	0.00691663936156	-0.0185590942264	0.00981703296581	2.22406423029e-14	2.3503564229e-05	100.0
-6.72058608987e-05	0.000248596707486	5.57164628694e-05	-0.00787833321241	0.0309302922199	0.0062234779292	2.22402953024e-14	2.3503197524e-05	100.0
-1.42404070795e-06	0.000421873968631	0.00011466891612	-0.000159768179122	0.0507012051474	0.0133740491292	2.22402953024e-14	2.3503197524e-05	100.0
-6.23071392352e-05	2.03643710244e-05	1.65201781538e-06	-0.00754431612037	0.00260265684006	0.000106344366029	2.22402953024e-14	2.3503197524e-05	100.0
-0.000102657380878	1.93903786974e-05	2.27998566199e-05	-0.0124065328148	0.00257002291444	0.00282712792753	2.22402953024e-14	2.3503197524e-05	100.0
4.67121831294e-05	-0.000198008950377	8.87059964083e-05	0.00560315134648	-0.0244891050264	0.0103309626759	2.22402953024e-14	2.3503197524e-05	100.0
5.58899825671e-05	-0.000293986225634	3.12523435422e-06	0.00566543564169	-0.0372755908073	0.00046237257634	2.22402953024e-14	2.3503197524e-05	100.0
6.40642841202e-05	-0.000276950149886	-1.22371933954e-05	0.00705949666952	-0.0348743655371	-0.00122254002342	2.22402953024e-14	2.3503197524e-05	100.0
0.000219928802997	0.000229839824772	6.9549526115e-05	0.0266126663287	0.0278513400378	0.00844145917955	2.22402953024e-14	2.3503197524e-05	100.0
-2.71880833208e-05	3.24229379583e-06	0.000232347121148	-0.00331070733453	0.000417671508233	0.0279846383738	2.22402953024e-14	2.3503197524e-05	100.0
-3.93564879009e-05	-0.000181053751456	5.29207581088e-05	-0.00463794474431	-0.0222583633467	0.00615290004199	2.22396013015e-14	2.3502464115e-05	100.0
-7.74035026623e-05	0.000191787846563	-4.21337100027e-05	-0.00921875611668	0.0238985416438	-0.00491278029363	2.22396013015e-14	2.3502464115e-05	100.0
-1.75742236644e-06	0.000401118391981	3.59784680364e-05	-0.000326797212137	0.0474129859481	0.0037801846425	2.22396013015e-14	2.3502464115e-05	100.0
-7.83448667094e-05	-0.000208049759929	-0.000248381166645	-0.00947734666073	-0.0251826113284	-0.0299101731881	2.22396013015e-14	2.3502464115e-05	100.0
-2.21244274455e-05	5.40386793186e-05	-0.000209006308778	-0.0026832649176	0.00661877882447	-0.0250417608149	2.22396013015e-14	2.3502464115e-05	100.0
-4.70175532692e-05	0.000221011453868	-7.23958948301e-05	-0.00561184041163	0.0273273347852	-0.00821032791234	2.22396013015e-14	2.3502464115e-05	100.0
-2.96401414516e-05	0.000374852383845	-0.000102574899771	-0.00348330620175	0.04504975775	-0.011595843103	2.22396013015e-14	2.3502464115e-05	100.0
0.000132225198537	0.000138193257426	-6.46251147912e-05	0.0159344428297	0.0167440299668	-0.00770769697935	2.22396013015e-14	2.3502464115e-05	100.0
8.16321029294e-06	-0.000350934290257	8.19499535631e-05	0.00103132453824	-0.0421128901752	0.00876279960339	2.22396013015e-14	2.3502464115e-05	100.0
5.39230712239e-05	-0.000298039586301	-2.08148181049e-05	0.00554563671854	-0.0375536973631	-0.00169945153683	2.22396013015e-14	2.3502464115e-05	100.0
1.3719049201e-05	0.000274475766873	-0.000209991505026	0.00164401809958	0.0332745213387	-0.0251361632939	2.22396013015e-14	2.3502464115e-05	100.0
7.01332098706e-05	0.000180816725996	-0.000173196513893	0.00846222718375	0.0220260029992	-0.0207918231446	2.22396013015e-14	2.3502464115e-05	100.0
5.85117883158e-05	-0.000258179593809	-0.000172119774342	0.00703546579325	-0.0314630274067	-0.0203624414162	2.22396013015e-14	2.3502464115e-05	100.0
9.56181851925e-06	-0.000302357017492	-0.000127447494579	0.00117269677479	-0.0367300112829	-0.0147056033211	2.22396013015e-14	2.3502464115e-05	100.0
-0.000108467562446	-0.000292431892288	5.64804708781e-05	-0.0127047231795	-0.0354796264151	0.00664555387376	2.2239254301e-14	2.350209741e-05	100.0
-5.02128512321e-05	0.00028561864697	-1.17836636107e-05	-0.00526226201343	0.0362044165156	-0.000976533654003	2.22389123296e-14	2.350173602e-05	100.0
5.7319256766e-05	-0.000113777123854	-6.57342704477e-05	0.00689928182425	-0.0141767530873	-0.007798635448	2.22389123296e-14	2.350173602e-05	100.0
-2.7194700917e-05	0.000300149589876	0.000137462448495	-0.00324336153025	0.0364089898023	0.0159535302475	2.22382233577e-14	2.3501007925e-05	100.0
-1.33526593932e-06	-1.97963521322e-05	0.000315840624535	-0.000164877897442	-0.0023813269691	0.0381040840804	2.22382233577e-14	2.3501007925e-05	100.0
-6.71213829717e-05	0.000173941810035	-3.11905488452e-06	-0.00801095630559	0.0217336438832	-0.000394005919012	2.22382233577e-14	2.3501007925e-05	100.0
-2.63730425483e-05	0.000357471335259	5.93598882741e-05	-0.00293951522356	0.0426131444135	0.00573412956454	2.22382233577e-14	2.3501007925e-05	100.0
-0.000101568227488	-0.000440222295851	0.000121075439044	-0.0122159567915	-0.0531512129242	0.014492230441	2.22382233577e-14	2.3501007925e-05	100.0
-0.000160323683531	-0.000289138013941	5.51080937417e-05	-0.019188624524	-0.0350047717909	0.00661061209297	2.22382233577e-14	2.3501007925e-05	100.0
-7.64980899558e-06	3.45183879359e-05	-0.00020837274371	-0.000943063534534	0.0041968197115	-0.025125923973	2.22382233577e-14	2.3501007925e-05	100.0
-6.10811167969e-05	0.000189711044991	-3.38121513176e-05	-0.0072556165867	0.0236441129922	-0.00380790420957	2.22382233577e-14	2.3501007925e-05	100.0
-8.82349147433e-06	0.000439040532025	-2.85579982343e-05	-0.00104984380222	0.0523488255297	-0.00323834053032	2.22382233577e-14	2.3501007925e-05	100.0
5.87657553571e-05	0.000210856454396	-0.00021010364586	0.0071042577015	0.0256292214685	-0.0252451124237	2.22382233577e-14	2.3501007925e-05	100.0
2.45474565341e-05	0.000232967108916	-0.000226146188236	0.00297399875356	0.02836026149	-0.027113797259	2.22382233577e-14	2.3501007925e-05	100.0
-0.000143025316255	-0.000201279242426	-0.000261296343859	-0.0173632955201	-0.0244380200846	-0.0314425673761	2.22382233577e-14	2.3501007925e-05	100.0
-7.45224210133e-05	6.40362162214e-05	-0.000123029188075	-0.00901174226746	0.00796266698404	-0.0146654335724	2.22382233577e-14	2.3501007925e-05	100.0
-7.79648200367e-05	0.000210817390304	-9.76913629627e-05	-0.00931315031061	0.0260648744905	-0.0114465349824	2.22382233577e-14	2.3501007925e-05	100.0
2.86812879269e-05	0.000331267857431	-0.000275216523653	0.00350302864125	0.0401302191986	-0.0330943033977	2.22382233577e-14	2.3501007925e-05	100.0
9.22796892255e-05	-6.69579515078e-05	3.00235602304e-05	0.0111244956587	-0.00843655665195	0.00361656285113	2.22382233577e-14	2.3501007925e-05	100.0
5.49912596911e-05	-1.46452129643e-06	2.47301071271e-05	0.00662668936365	-0.000351871270396	0.0029459416714	2.22382233577e-14	2.3501007925e-05	100.0
2.35491262818e-05	-0.000355918820655	7.67368698851e-05	0.0027291248616	-0.0426768987895	0.00806642429805	2.22382233577e-14	2.3501007925e-05	100.0
6.29686741958e-05	-0.000205354394479	2.16198054355e-05	0.00745082983626	-0.0256941334825	0.00258328327048	2.22382233577e-14	2.3501007925e-05	100.0
-1.48793183458e-06	0.000216772169966	0.000144635627966	-0.000218388018753	0.0264242545292	0.0171219269306	2.22382233577e-14	2.3501007925e-05	100.0
5.59816119542e-05	-0.000285810284277	-2.62049859531e-07	0.00587982303983	-0.0362091253564	8.99141649784e-05	2.22382233577e-14	2.3501007925e-05	100.0
9.29459320038e-05	-9.85850081421e-05	-2.56761950637e-05	0.0111786249508	-0.0123350695006	-0.00304096185639	2.22382233577e-14	2.3501007925e-05	100.0
7.82371285249e-05	-6.8897742473e-05	-0.000155539537676	0.00949050620627	-0.00857166528039	-0.0186312448659	2.22382233577e-14	2.3501007925e-05	100.0
-3.6521635706e-06	-0.000431422861007	1.75601831638e-05	-0.000365057633794	-0.0513391427118	0.00197726972604	2.22382233577e-14	2.3501007925e-05	100.0
5.22029835649e-05	-0.000278785190724	-2.96759010494e-05	0.00577660585012	-0.0350086704017	-0.00279724349696	2.22382233577e-14	2.3501007925e-05	100.0
7.30734968743e-05	-9.29909718628e-05	-0.000147743435201	0.00884173118091	-0.0115054246411	-0.0176399351234	2.22382233577e-14	2.3501007925e-05	100.0
0.000120828822258	4.54259566249e-06	-0.000220704991886	0.0146758989196	0.000430795136541	-0.0265421341433	2.22382233577e-14	2.3501007925e-05	100.0
6.41586050482e-05	-1.56099548996e-05	-0.000182847393817	0.00778987353185	-0.00194615852019	-0.0219255923541	2.22382233577e-14	2.3501007925e-05	100.0
-0.000144373255909	-0.000154651137705	-0.000139105031734	-0.0174770790093	-0.0187640096605	-0.0166711596433	2.22382233577e-14	2.3501007925e-05	100.0
4.83096314692e-07	-0.000428977347877	-2.44191549753e-05	0.000101274909124	-0.051033100554	-0.00272870932431	2.22382233577e-14	2.3501007925e-05	100.0
1.17239691701e-05	-0.000410520375816	-3.36305501112e-06	0.00138116306005	-0.0484047244698	-0.000371620009959	2.22382233577e-14	2.3501007925e-05	100.0
5.88434741284e-05	-0.000103170407037	-0.000128095669907	0.00711342974975	-0.0127248199361	-0.0152263380275	2.22382233577e-14	2.3501007925e-05	100.0
4.96194065662e-06	-0.000438080788251	-4.08185350836e-05	0.000589279235085	-0.0522709072579	-0.00465591601197	2.22382233577e-14	2.3501007925e-05	100.0
-3.84348641782e-05	0.000250834006416	0.000127694468575	-0.00460272869921	0.0306292494	0.0148361878302	2.22375394147e-14	2.3500285145e-05	100.0
-9.80305883659e-05	1.95186911641e-07	0.000277924713777	-0.0118868040791	0.000104794165309	0.0334761161046	2.22375394147e-14	2.3500285145e-05	100.0
-4.49510634378e-05	0.000110817214907	0.000103440922659	-0.00541970057682	0.0137740724328	0.0123352695176	2.22375394147e-14	2.3500285145e-05	100.0
-1.26682450681e-05	0.000378398083269	0.000147709192194	-0.00150031819862	0.0456568885251	0.0172725868977	2.22375394147e-14	2.3500285145e-05	100.0
8.19265514319e-05	0.000104264371672	0.000267672042741	0.00996561441824	0.0127143874736	0.0322252158515	2.22375394147e-14	2.3500285145e-05	100.0
-6.55915558449e-05	1.48137207738e-05	0.000173632543194	-0.00794450187848	0.00189393947788	0.0208005015013	2.22375394147e-14	2.3500285145e-05	100.0
-0.000123635872646	-0.00028771143867	0.00018228966406	-0.0149080352139	-0.0348403662771	0.0218525122817	2.22375394147e-14	2.3500285145e-05	100.0
-0.000159369165366	-0.000267809736793	0.00014067199671	-0.0192184665307	-0.0324347604708	0.0168538486298	2.22375394147e-14	2.3500285145e-05	100.0
-5.08017078588e-05	3.62627964169e-05	6.41657866471e-05	-0.00610561472047	0.0046329474607	0.0077135866107	2.22375394147e-14	2.3500285145e-05	100.0
-9.73989874777e-05	8.56056937046e-05	2.12902127196e-05	-0.0117280063002	0.0107120590749	0.00252802016718	2.22375394147e-14	2.3500285145e-05	100.0
7.13903628777e-05	-0.000129043206074	5.8182083972e-05	0.00859040460528	-0.0160547732025	0.00685040153718	2.22375394147e-14	2.3500285145e-05	100.0
0.000104481159296	-0.000119760657596	0.000129558549485	0.0126514025716	-0.0147864635986	0.0154561585982	2.22375394147e-14	2.3500285145e-05	100.0
2.49155335605e-05	-0.000223292830284	0.000145351293733	0.00300279457153	-0.0272522198847	0.0170823321923	2.22375394147e-14	2.3500285145e-05	100.0
6.36860065696e-05	-0.000267525516805	4.48600056525e-06	0.00711629126602	-0.0337268175283	0.000381349407726	2.22375394147e-14	2.3500285145e-05	100.0
6.87053153959e-05	-0.000206886286116	1.63927202194e-05	0.00811336615869	-0.0258603280934	0.00187721550326	2.22375394147e-14	2.3500285145e-05	100.0
8.56575411471e-05	-8.30235945932e-05	3.44067767356e-05	0.0103393538279	-0.0104007874086	0.0040825736593	2.22375394147e-14	2.3500285145e-05	100.0
0.000210004041916	0.00017848476979	0.000222826477222	0.0255047755305	0.0215696936202	0.0269437073182	2.22375394147e-14	2.3500285145e-05	100.0
2.88758958659e-05	0.000221304643924	0.000176746951633	0.00345943973399	0.0268359386067	0.0210449010482	2.22375394147e-14	2.3500285145e-05	100.0
1.70712867473e-05	0.00019195502427	0.000237982199382	0.0020736746887	0.0232729585753	0.0285348116834	2.22375394147e-14	2.3500285145e-05	100.0
7.70229522993e-06	-0.000298570885267	0.00028542747304	0.000914789581566	-0.0361795719299	0.0342556654627	2.22375394147e-14	2.3500285145e-05	100.0
2.6563474127e-05	-0.000347856957024	5.41197425553e-05	0.00287553394261	-0.0415903245997	0.00480971331477	2.22375394147e-14	2.3500285145e-05	100.0
-0.000112277326431	-3.7938218501e-05	1.86783834584e-05	-0.0135764796086	-0.00449361321062	0.00224706122984	2.22371974433e-14	2.3499923755e-05	100.0
9.01001866666e-06	-0.000226737605277	0.000225494505003	0.00107885222035	-0.027531025232	0.0269602470079	2.22371974433e-14	2.3499923755e-05	100.0
5.3419630837e-05	-0.000289622483076	-2.70255349109e-05	0.00568972846669	-0.036447568365	-0.00247890817971	2.22371974433e-14	2.3499923755e-05	100.0
-3.47227435444e-05	0.000341333183628	0.000128059085991	-0.00409788460881	0.0412548519159	0.0147236815824	2.22368554718e-14	2.3499562365e-05	100.0
7.93800563433e-05	-0.000222497577374	4.47823361887e-05	0.00938337095623	-0.0277377351555	0.00517994907577	2.22368554718e-14	2.3499562365e-05	100.0
4.85430384164e-05	0.000130906379432	0.000159427171285	0.00587173882062	0.0159329132777	0.0190929761799	2.22365135003e-14	2.3499200975e-05	100.0
-0.000120337014476	-0.000222271448473	-7.06645830154e-05	-0.0143690885682	-0.0269965254955	-0.008471690358	2.22365135003e-14	2.3499200975e-05	100.0
-0.000195630798968	-5.87222927706e-05	-5.48097239234e-05	-0.0237253858285	-0.00699794958739	-0.00654825186006	2.22365135003e-14	2.3499200975e-05	100.0
-7.29283983652e-05	0.000196598885568	-3.2535586305e-05	-0.00863814712453	0.02454026036	-0.00377017940981	2.22365135003e-14	2.3499200975e-05	100.0
2.85778003804e-06	0.00036421652198	-0.000209189634027	0.000351724506357	0.0440713398247	-0.0249032999028	2.22365135003e-14	2.3499200975e-05	100.0
0.00015065526938	0.00019337013254	-6.7800110814e-05	0.0181259572047	0.0234450283564	-0.00806429949463	2.22365135003e-14	2.3499200975e-05	100.0
0.000163352222372	0.00039687792085	-0.000120036916194	0.0197023404673	0.0479708971704	-0.0143790944069	2.22365135003e-14	2.3499200975e-05	100.0
-8.29874009564e-05	-0.000215956905455	0.000107953919621	-0.00990315898448	-0.0263008420264	0.0128333777612	2.22365135003e-14	2.3499200975e-05	100.0
2.69823237718e-05	-0.00041379520357	7.60341127369e-05	0.00316206928173	-0.0494822048868	0.00862284717118	2.22365135003e-14	2.3499200975e-05	100.0
5.4024832326e-05	-0.000242412433167	-0.000153321131475	0.00647605572445	-0.0296120597227	-0.0180510751418	2.22365135003e-14	2.3499200975e-05	100.0
-3.96679245963e-05	0.000295059851457	2.80254137588e-05	-0.00413239720181	0.037117657145	0.00205476282794	2.22361765579e-14	2.3498844899e-05	100.0
-4.11333302199e-05	0.000301538446122	1.7344817089e-05	-0.0039521359983	0.0383012800928	0.000895205008591	2.22361765579e-14	2.3498844899e-05	100.0
2.79795228028e-05	1.81335179278e-05	0.000276331780182	0.00339119977109	0.00220382645605	0.0333184243067	2.22361765579e-14	2.3498844899e-05	100.0
-9.49601201844e-05	-0.000184722137954	0.000174676464349	-0.0114870874824	-0.0223958816714	0.0209209950147	2.22361765579e-14	2.3498844899e-05	100.0
-4.8500860058e-05	-5.9281655789e-06	-8.5169707586e-06	-0.0058263754459	-0.000571562471327	-0.00101293264984	2.22361765579e-14	2.3498844899e-05	100.0
-7.68181767376e-05	0.000182234098483	-7.03259146789e-06	-0.00914890640538	0.0227519876696	-0.000796740400059	2.22361765579e-14	2.3498844899e-05	100.0
-2.38624174629e-06	0.000469421189295	3.65106633426e-05	-0.000263061703301	0.0562378942933	0.00426984004104	2.22361765579e-14	2.3498844899e-05	100.0
3.74469578189e-05	0.000364039370822	-7.16634433755e-05	0.00404147416666	0.0437065235725	-0.00791466269702	2.22361765579e-14	2.3498844899e-05	100.0
6.01629724132e-05	0.000393391885009	-9.73985793101e-05	0.00706219712181	0.0473658938004	-0.0113446080654	2.22361765579e-14	2.3498844899e-05	100.0
5.74612398698e-05	-0.000286958358198	3.73016385313e-05	0.00632709322619	-0.035869086104	0.00363389598894	2.22361765579e-14	2.3498844899e-05	100.0
4.2500375392e-05	-0.000282744404303	3.88579765681e-05	0.0047165076275	-0.0353705650099	0.0036213763338	2.22361765579e-14	2.3498844899e-05	100.0
7.37414615955e-05	-0.000256456773612	4.63935978709e-05	0.0085700299514	-0.0319387448073	0.00510433077274	2.22361765579e-14	2.3498844899e-05	100.0
-1.91668058963e-05	0.000322158583805	0.00016367791668	-0.0023167011796	0.0389478545121	0.0193171524111	2.22361765579e-14	2.3498844899e-05	100.0
1.44439177576e-05	0.00022361568278	0.00013820640274	0.00168400743283	0.0272135310841	0.0163110501398	2.22361765579e-14	2.3498844899e-05	100.0
0.000166839783329	0.000249950482891	7.0188610238e-05	0.0200457071072	0.0302708038119	0.00846544596578	2.22361765579e-14	2.3498844899e-05	100.0
1.37315430333e-05	-0.000367986755904	0.00016552336758	0.00164812149033	-0.0444725970723	0.0195039451944	2.22361765579e-14	2.3498844899e-05	100.0
1.36251455342e-05	-0.000375791156211	0.000111823226612	0.00163585829986	-0.0451848057088	0.0127840372001	2.22361765579e-14	2.3498844899e-05	100.0
5.84031086848e-05	-0.000286758657889	-3.00963855076e-05	0.00636000846426	-0.0359686290585	-0.00286307071011	2.22361765579e-14	2.3498844899e-05	100.0
8.66981192534e-05	-5.04844121795e-05	-0.00012941107258	0.010495779473	-0.00631111667475	-0.0154923442455	2.22361765579e-14	2.3498844899e-05	100.0
1.09289030489e-05	-0.000421947673083	1.28715879664e-05	0.00128719899144	-0.0500053179501	0.00138778072022	2.22361765579e-14	2.3498844899e-05	100.0
6.3353479457e-05	-0.000169034948811	-0.000110253007812	0.00761440941969	-0.0208536595902	-0.0130054185601	2.22361765579e-14	2.3498844899e-05	100.0
-2.84927827833e-05	0.000120682001338	0.000219727970166	-0.00345343155951	0.0147241919977	0.026314980083	2.22358345864e-14	2.3498483509e-05	100.0
-0.000101844233943	0.000129753082101	7.26358407252e-05	-0.0122585723129	0.0161502390779	0.0086842124174	2.22358345864e-14	2.3498483509e-05	100.0
-3.22053033787e-05	-0.000334080777916	-0.000128661999873	-0.0037010834409	-0.0404159590896	-0.0150631823008	2.22358345864e-14	2.3498483509e-05	100.0
-7.77585653296e-05	-0.000186370286619	-7.96861236475e-05	-0.00927847961476	-0.022683902227	-0.00937341355395	2.22358345864e-14	2.3498483509e-05	100.0
-3.2992171783e-05	0.000301673948766	-0.000185678313682	-0.00396837838858	0.036609118313	-0.0219675818168	2.22358345864e-14	2.3498483509e-05	100.0
-5.09537606968e-05	0.00026661132136	-5.60344994282e-05	-0.00586413375585	0.0330932818457	-0.00592606873336	2.22358345864e-14	2.3498483509e-05	100.0
0.000289879217024	2.3512417268e-05	0.000198750077711	0.0352464122422	0.00267254396364	0.0240495642695	2.22358345864e-14	2.3498483509e-05	100.0
4.15807481202e-05	-0.000350638796338	0.000107759808623	0.00487539684235	-0.0423197507749	0.0121456985327	2.22358345864e-14	2.3498483509e-05	100.0
1.5841994959e-06	0.000404217227652	-0.000144216056325	0.000181498057952	0.0487104606369	-0.0170463109619	2.22358345864e-14	2.3498483509e-05	100.0
-1.00945457702e-05	0.000213458590584	2.92763450416e-05	-0.0012744770563	0.0265777988925	0.00324605236049	2.22358345864e-14	2.3498483509e-05	100.0
3.82316274659e-05	-0.00022483806709	-0.000195359182335	0.00461146435961	-0.0274098554006	-0.0232310720859	2.22358345864e-14	2.3498483509e-05	100.0
-2.36695166818e-06	-0.000403608539316	-0.000189813839409	-0.000306432110696	-0.0487033826926	-0.0225854235622	2.22358345864e-14	2.3498483509e-05	100.0
-4.89380196085e-06	0.000328781284619	0.000296928829315	-0.000564640674656	0.039799088722	0.0356473971089	2.22354976439e-14	2.3498127433e-05	100.0
-0.000106011452795	-0.000233292362356	0.000238010453647	-0.0128406200237	-0.0282494488095	0.0286346799378	2.22354976439e-14	2.3498127433e-05	100.0
-0.0001989072096	-0.000260255478309	0.00012426612282	-0.0240401380323	-0.0314772758829	0.0149306659176	2.22354976439e-14	2.3498127433e-05	100.0
1.77665301422e-05	0.000407374381365	8.39183419073e-05	0.00201205242228	0.0488067613589	0.0096481655012	2.22354976439e-14	2.3498127433e-05	100.0
2.48585220084e-05	5.55358432899e-05	-4.54274731372e-05	0.00298426011168	0.00679346260276	-0.00544892095572	2.22354976439e-14	2.3498127433e-05	100.0
-7.32939092762e-05	-0.000213966231486	-0.000262846612228	-0.00888719071835	-0.0258738867091	-0.031612630162	2.22354976439e-14	2.3498127433e-05	100.0
-9.55660399116e-05	-0.000240153002793	-0.000138153786857	-0.0114688406408	-0.0291350212885	-0.0164099876628	2.22354976439e-14	2.3498127433e-05	100.0
-5.99563209946e-05	0.000199015508902	-3.50888897685e-05	-0.00713521833902	0.0247976872508	-0.00396130604292	2.22354976439e-14	2.3498127433e-05	100.0
-6.81328793873e-05	0.000235567094773	-2.41744451701e-05	-0.00795416258635	0.0294544640267	-0.00259038651744	2.22354976439e-14	2.3498127433e-05	100.0
-1.5094910145e-05	0.000396787242882	-2.78675220215e-05	-0.00175500483213	0.0466869042417	-0.00278295053368	2.22354976439e-14	2.3498127433e-05	100.0
3.44024206957e-05	0.000332474166285	-0.000209578430303	0.00414930951654	0.0402155532192	-0.0249981374684	2.22354976439e-14	2.3498127433e-05	100.0
1.75103585903e-05	0.00020537868034	-0.000252833335909	0.00212956371287	0.0249414729132	-0.0303183947062	2.22354976439e-14	2.3498127433e-05	100.0
-6.8303911708e-06	-8.42130559148e-06	-0.000253636729851	-0.00082396882771	-0.00101224413587	-0.0304648211735	2.22354976439e-14	2.3498127433e-05	100.0
6.23053212668e-05	-0.00027062385539	4.003855252e-06	0.00689088170152	-0.0340907080563	0.000352140228633	2.22354976439e-14	2.3498127433e-05	100.0
6.9712668925e-05	-0.000124578764442	1.43465148425e-05	0.00837245842358	-0.0155691850535	0.00167257777995	2.22354976439e-14	2.3498127433e-05	100.0
-1.71134456876e-05	0.000287103724605	0.000139973230622	-0.00206117546553	0.0348123423076	0.0163259188937	2.22354976439e-14	2.3498127433e-05	100.0
-2.77825496617e-06	0.0001916723751	0.000323385341734	-0.000319755865278	0.0232201152694	0.0389399367433	2.22354976439e-14	2.3498127433e-05	100.0
6.96959095755e-05	-0.00016694316716	-8.12497559633e-05	0.00836803798605	-0.0207229729272	-0.00958280011881	2.22354976439e-14	2.3498127433e-05	100.0
0.000138086404622	-8.48488870303e-05	-0.000160722216509	0.0167434623801	-0.01054451526	-0.0193101269897	2.22354976439e-14	2.3498127433e-05	100.0
0.000133137100293	0.000140120592559	-0.000235330665906	0.0161511676119	0.0168969785298	-0.0283420533841	2.22354976439e-14	2.3498127433e-05	100.0
0.000132661392586	0.000334680645204	-0.000183686478654	0.0160247895895	0.0405381029549	-0.0220373986558	2.22354976439e-14	2.3498127433e-05	100.0
-6.23297801277e-05	0.000219308095239	-3.77340081412e-05	-0.00745647106758	0.0272871224365	-0.00431110931019	2.22354976439e-14	2.3498127433e-05	100.0
-6.88478461545e-05	-0.000453840051702	-3.93546232065e-05	-0.00816953781946	-0.0545842386459	-0.00470516353899	2.22354976439e-14	2.3498127433e-05	100.0
-2.98604433826e-06	-0.000443319943925	1.99397782338e-05	-0.000320094502554	-0.0528838739284	0.00222462258443	2.22354976439e-14	2.3498127433e-05	100.0
8.1227594224e-05	-0.000224890778442	-0.000106611033662	0.00971742133251	-0.0276829836143	-0.0124252972032	2.22354976439e-14	2.3498127433e-05	100.0
7.2753671139e-05	-0.000173325559272	-0.000161948356368	0.00878653778613	-0.0212469043921	-0.0192521474225	2.22354976439e-14	2.3498127433e-05	100.0
6.32313452072e-05	-8.83495125041e-05	-0.000261739932465	0.00765972436909	-0.0107906044811	-0.0314484372763	2.22354976439e-14	2.3498127433e-05	100.0
5.71130665458e-06	-0.00030727587993	-0.00014217412801	0.000707039166986	-0.0372214262113	-0.0165644844208	2.22354976439e-14	2.3498127433e-05	100.0
1.6812542152e-05	-0.000377593581016	-3.37932857536e-05	0.00188951258937	-0.0441922467274	-0.00302129508601	2.22354976439e-14	2.3498127433e-05	100.0
-2.15124804681e-05	0.000364302374138	0.000143699068793	-0.00254849213325	0.043979872798	0.0167626838629	2.22351607014e-14	2.3497771358e-05	100.0
-0.000114057375838	-0.00022418116754	4.88799487191e-06	-0.0135211416909	-0.0272805499017	0.000521867039045	2.22351607014e-14	2.3497771358e-05	100.0
-5.83265063184e-05	0.00028034244696	1.61714041342e-06	-0.00628757885617	0.0354502893866	0.000199137903662	2.22351607014e-14	2.3497771358e-05	100.0
0.000129886951713	-2.51927432454e-05	-1.06798427887e-05	0.0156922065326	-0.00329791375149	-0.00126667531328	2.22351607014e-14	2.3497771358e-05	100.0
-2.66598474413e-05	0.000238772673226	0.000169481277878	-0.00323191766912	0.0290965592864	0.0201329807175	2.22351607014e-14	2.3497771358e-05	100.0
-4.59965276357e-05	0.000300661168074	0.000195123430858	-0.00551135466877	0.0364415833586	0.0231302577789	2.2234823759e-14	2.3497415282e-05	100.0
-5.21450055559e-05	-0.000150996305651	0.000272658658904	-0.00634431505517	-0.0182609303142	0.0328060139471	2.2234823759e-14	2.3497415282e-05	100.0
-7.8128793293e-05	1.28248438398e-05	5.61609332859e-05	-0.00943067202852	0.00174764977121	0.00669775811824	2.2234823759e-14	2.3497415282e-05	100.0
8.1549654189e-05	-0.000163918138676	4.53802829307e-05	0.00976920126198	-0.0204200597671	0.00534305909286	2.2234823759e-14	2.3497415282e-05	100.0
0.000149017594005	0.000116000388493	0.000193206910792	0.0180712372946	0.0139697204664	0.0232792571013	2.2234823759e-14	2.3497415282e-05	100.0
2.37052004865e-05	-0.000243376993661	0.000233159452697	0.00285442844757	-0.0295501896145	0.0278615287784	2.2234823759e-14	2.3497415282e-05	100.0
-6.67704085891e-05	0.000180421391098	0.000189173029299	-0.00805908984418	0.0220490616294	0.0225356020657	2.2234149874e-14	2.3496703131e-05	100.0
-3.23128426239e-05	3.7136831864e-05	0.000139376230734	-0.00389851421504	0.0046808037762	0.0166326076754	2.2234149874e-14	2.3496703131e-05	100.0
-9.30661088079e-05	0.000177457996018	8.44903679836e-05	-0.0111769548422	0.0219844848694	0.00997056250536	2.2234149874e-14	2.3496703131e-05	100.0
-3.81506242348e-05	-0.000385602728896	9.0514819226e-05	-0.00434844142471	-0.0462872107829	0.0104544174477	2.2234149874e-14	2.3496703131e-05	100.0
-4.34423002072e-06	0.000327834034445	0.000172823909164	-0.000514676415207	0.0396567599376	0.0204136425094	2.2234149874e-14	2.3496703131e-05	100.0
-7.60766658827e-05	0.000230875751048	-1.21968853832e-06	-0.00887753579846	0.0289113957648	-8.30808444362e-05	2.2234149874e-14	2.3496703131e-05	100.0
-4.52246969896e-05	3.99080864966e-06	-0.000178486787286	-0.00549587740717	0.000504661604855	-0.0214049804911	2.2234149874e-14	2.3496703131e-05	100.0
-0.000115236896336	0.000112871715232	-0.000120102017729	-0.0139307539411	0.0139882970121	-0.0143224165111	2.2234149874e-14	2.3496703131e-05	100.0
-4.11948780512e-05	-0.000124233857628	-0.000297893482591	-0.00502596092876	-0.0151269818143	-0.0359049145067	2.2234149874e-14	2.3496703131e-05	100.0
-9.13825128662e-05	0.000182665733477	-0.000113576962002	-0.0109902019966	0.0225249916836	-0.0133966997247	2.2234149874e-14	2.3496703131e-05	100.0
7.66656357295e-05	-0.000134588000062	8.90083081109e-05	0.00925465635576	-0.0166759552631	0.0105067812451	2.2234149874e-14	2.3496703131e-05	100.0
9.1525343208e-05	-0.000122349979838	0.000210438721345	0.0110859630435	-0.0149869337687	0.0252124573705	2.2234149874e-14	2.3496703131e-05	100.0
1.30522418552e-05	0.000205917746462	0.000164787347063	0.00154711358012	0.0250702955813	0.019603687771	2.2234149874e-14	2.3496703131e-05	100.0
0.000167612503191	2.52614044279e-05	-1.40403966612e-05	0.0202825133744	0.00287320921806	-0.00164120356023	2.2234149874e-14	2.3496703131e-05	100.0
9.46923035984e-05	-6.75919395355e-05	-0.000144687398061	0.0114944688035	-0.00838613540918	-0.0173135771476	2.2234149874e-14	2.3496703131e-05	100.0
8.97546778518e-05	-3.94553406982e-05	-0.000163597915141	0.0108840686896	-0.0048916584048	-0.0195540436791	2.2234149874e-14	2.3496703131e-05	100.0
-4.02830816007e-05	-0.000410317209441	-0.00015553400721	-0.00484448174052	-0.0494631009634	-0.0184815468161	2.2234149874e-14	2.3496703131e-05	100.0
1.89620047954e-05	-0.000330504245466	-0.000171256939715	0.0022637051945	-0.0399968464976	-0.020155103763	2.2234149874e-14	2.3496703131e-05	100.0
-2.55608356998e-05	0.000444703215432	0.00010241570691	-0.00301527184757	0.0534121400936	0.0119865982369	2.22334810181e-14	2.3495996295e-05	100.0
-8.7493523469e-06	-0.000326094131452	-0.000133803206044	-0.000977206208463	-0.0393804870434	-0.0155924223282	2.22334810181e-14	2.3495996295e-05	100.0
1.44850247377e-05	-0.0003174268176	-9.9941918946e-05	0.00177640016415	-0.0383639141657	-0.0111609327188	2.22334810181e-14	2.3495996295e-05	100.0
-6.02309695528e-05	0.000269461378784	-0.000178427777983	-0.00724604012549	0.0328202486378	-0.0211111476895	2.22334810181e-14	2.3495996295e-05	100.0
-5.50634422432e-05	0.000270522712587	-8.37553257568e-05	-0.00647493282173	0.0332465295465	-0.00929408749436	2.22334810181e-14	2.3495996295e-05	100.0
8.26768243433e-05	-0.000249078024752	-1.11662238151e-05	0.00957132236019	-0.0311620802705	-0.00116121484537	2.22334810181e-14	2.3495996295e-05	100.0
8.35407442668e-05	-0.00023402826269	-1.51829224325e-05	0.00978733730813	-0.0292478337044	-0.00164375902596	2.22334810181e-14	2.3495996295e-05	100.0
0.000167433787873	0.000372046009322	9.01586947788e-05	0.0201596834694	0.0449915018678	0.0108335434347	2.22334810181e-14	2.3495996295e-05	100.0
2.52131588214e-05	-0.00030172557565	-0.00015077122583	0.00302900207586	-0.0366042938301	-0.0176018759976	2.22334810181e-14	2.3495996295e-05	100.0
2.52043896264e-05	-0.000316756122024	-0.00016560781062	0.00301765164911	-0.0383467778534	-0.0194622434416	2.22334810181e-14	2.3495996295e-05	100.0
-5.43674760753e-05	3.89598627389e-05	0.000193301842517	-0.00658007215397	0.00488142246605	0.0231654383602	2.22331491046e-14	2.3495645534e-05	100.0
-4.80881387445e-05	0.000121623193137	9.24664096238e-05	-0.00581466584276	0.0150792041224	0.010938839822	2.22331491046e-14	2.3495645534e-05	100.0
3.72175592263e-05	-1.67675870062e-05	0.000262134331141	0.00450851955815	-0.00206478757888	0.0315072287457	2.22331491046e-14	2.3495645534e-05	100.0
-7.31881792352e-05	0.00018271944628	-5.11969224746e-06	-0.00871513736249	0.0228371850468	-0.000642462911323	2.22331491046e-14	2.3495645534e-05	100.0
-8.12802040972e-05	-0.00020840382938	0.00013400236428	-0.00977514121149	-0.0254069409266	0.0159324215921	2.22331491046e-14	2.3495645534e-05	100.0
-7.02364754113e-06	-0.000436930225839	-5.68257616457e-05	-0.000743793285955	-0.0523248119287	-0.00655314835191	2.22331491046e-14	2.3495645534e-05	100.0
-0.000121349374226	8.59708652457e-05	-8.62218355893e-06	-0.0146430845636	0.0107795652539	-0.000974315119648	2.22331491046e-14	2.3495645534e-05	100.0
3.72312828233e-05	0.000523538905651	1.09627008194e-05	0.00451553150268	0.0630396836924	0.00129706277355	2.22331491046e-14	2.3495645534e-05	100.0
-7.68263643742e-06	0.000453133811329	-3.53945931678e-05	-0.000905333100188	0.0541622477591	-0.0040792099609	2.22331491046e-14	2.3495645534e-05	100.0
-2.78033869375e-05	0.000372611200107	-8.2622263179e-05	-0.00321674894231	0.0446184493299	-0.00900901087465	2.22331491046e-14	2.3495645534e-05	100.0
-3.8079414268e-05	0.000307639421441	-8.64481866118e-05	-0.0044143944667	0.0375303974463	-0.00933423069082	2.22331491046e-14	2.3495645534e-05	100.0
-3.78603868544e-05	0.000303375122859	-3.98272578394e-05	-0.00395555579916	0.0376766506458	-0.00318568802803	2.22331491046e-14	2.3495645534e-05	100.0
8.70884738736e-05	-8.46945392719e-05	0.000127877344961	0.010538229107	-0.0104703799935	0.0151926682336	2.22331491046e-14	2.3495645534e-05	100.0
6.82954119881e-05	-7.70689537094e-05	0.000253183079477	0.00825958836261	-0.00943795199983	0.0303957765527	2.22331491046e-14	2.3495645534e-05	100.0
9.24949704047e-05	9.99738087248e-07	0.00012131415305	0.0111761553761	-9.53419920283e-05	0.0146894633253	2.22331491046e-14	2.3495645534e-05	100.0
0.000251308244316	0.000288153478123	-5.27259339648e-05	0.0304199241189	0.0348376361232	-0.00632156340845	2.22331491046e-14	2.3495645534e-05	100.0
3.23946498545e-05	0.000301465046374	0.000125814950172	0.00374865444927	0.0366052755575	0.0146717401515	2.22331491046e-14	2.3495645534e-05	100.0
-4.25790467264e-06	-0.000441376488837	0.000247239272303	-0.000551037725956	-0.0533223007348	0.0296777827254	2.22331491046e-14	2.3495645534e-05	100.0
7.19249648117e-05	-0.00023704109741	-6.80158338845e-05	0.00850142993416	-0.0294330514043	-0.00777927798126	2.22331491046e-14	2.3495645534e-05	100.0
1.87477487071e-05	-0.000312812083474	-0.000159706610751	0.00224794779714	-0.0379299013286	-0.0187038920399	2.22331491046e-14	2.3495645534e-05	100.0
2.14150325991e-05	-0.000344366114631	-0.000132776345726	0.00254110412748	-0.0415844894059	-0.015327433523	2.22331491046e-14	2.3495645534e-05	100.0
1.72027374558e-05	3.63382407595e-05	8.35991566623e-06	0.00214222662044	0.00456864945704	0.000994747039045	2.22328171911e-14	2.3495294773e-05	100.0
-8.12272406695e-05	0.000178549033312	-4.18674309834e-05	-0.00971302879042	0.0222334325832	-0.00484997704121	2.22328171911e-14	2.3495294773e-05	100.0
-1.6700931659e-05	0.000387223376549	-0.000199761234503	-0.0019964555324	0.0467879815346	-0.0237649337792	2.22328171911e-14	2.3495294773e-05	100.0
0.000120868508197	0.000292749286625	-0.000148967277901	0.0145271096243	0.0354382576263	-0.0177848329589	2.22328171911e-14	2.3495294773e-05	100.0
-7.13322782207e-05	-0.000396825723957	8.90183372376e-05	-0.00841301111897	-0.0477192726448	0.0103579694492	2.22328171911e-14	2.3495294773e-05	100.0
6.99446116715e-05	-0.000234116987502	-9.67772891703e-05	0.00833745585087	-0.0287966236597	-0.0111367985059	2.22328171911e-14	2.3495294773e-05	100.0
-4.45090366544e-05	0.000291206696433	3.07828499574e-05	-0.00469960894172	0.0364721244414	0.00248005117203	2.22321533641e-14	2.3494593251e-05	100.0
-4.74985079878e-05	0.000202548154364	0.000100062845139	-0.00568364608386	0.0249265486353	0.0116095695463	2.22321533641e-14	2.3494593251e-05	100.0
-7.02392435857e-05	0.000255990343083	5.14053229402e-05	-0.00818980875569	0.0318385705709	0.0056382793411	2.22321533641e-14	2.3494593251e-05	100.0
-7.13002313742e-05	0.000264961137632	4.08661784549e-05	-0.00819236779796	0.0330383079369	0.0043696921901	2.22321533641e-14	2.3494593251e-05	100.0
-4.80449991706e-05	0.000246998129767	0.000153518164186	-0.00576068808496	0.0301129883553	0.0180304938235	2.22321533641e-14	2.3494593251e-05	100.0
-7.22038918232e-05	0.00024570621563	3.40732567198e-05	-0.00840385411678	0.0306965390313	0.00373380733285	2.22321533641e-14	2.3494593251e-05	100.0
-8.0007560141e-05	-0.000393982861703	0.000130559663982	-0.00955975337072	-0.0475689204877	0.0155122993893	2.22321533641e-14	2.3494593251e-05	100.0
-0.000147529760997	-5.93200617307e-05	-5.09503767456e-05	-0.0178392941873	-0.0070558971502	-0.00610408686695	2.22321533641e-14	2.3494593251e-05	100.0
0.000117988215082	0.000483894763056	-5.8050897179e-05	0.0142334221353	0.0583590663832	-0.00689821095863	2.22321533641e-14	2.3494593251e-05	100.0
-3.51001403438e-05	-0.000123309203571	-0.000186159919989	-0.00424191836737	-0.0150024063878	-0.022265134434	2.22321533641e-14	2.3494593251e-05	100.0
-9.06299915404e-05	6.68023431352e-05	-0.000123437316959	-0.0109548159907	0.00831667623881	-0.0147133498039	2.22321533641e-14	2.3494593251e-05	100.0
-3.60305458753e-05	0.000338757324993	-0.000132091509515	-0.00427225442745	0.0409381348964	-0.0152393030986	2.22321533641e-14	2.3494593251e-05	100.0
7.76197331531e-05	-0.000260330268845	6.0251347639e-05	0.00907624762181	-0.0322784940355	0.00667971014877	2.22321533641e-14	2.3494593251e-05	100.0
5.41972163592e-05	-0.00022415665449	8.49370125761e-05	0.00645934370573	-0.0277233855932	0.00976019687446	2.22321533641e-14	2.3494593251e-05	100.0
7.06866969197e-05	-0.000156260847087	7.95410828264e-05	0.00849699798244	-0.0193897738404	0.00936618062508	2.22321533641e-14	2.3494593251e-05	100.0
1.7350008568e-06	-0.00020637226398	0.000208417123573	0.000214772972601	-0.0250260545262	0.024920512608	2.22321533641e-14	2.3494593251e-05	100.0
0.000109114856365	-0.000133348347798	-9.50585599879e-05	0.0131707298995	-0.0165022199179	-0.0112468084073	2.22321533641e-14	2.3494593251e-05	100.0
6.8657304024e-05	5.25443339208e-05	-0.000207676613181	0.00832863396031	0.00631068735368	-0.0249021585195	2.22321533641e-14	2.3494593251e-05	100.0
-7.4945970364e-06	-0.000270879141985	-0.000120486080542	-0.000805724586926	-0.0330148250279	-0.0139937735965	2.22321533641e-14	2.3494593251e-05	100.0
7.90803979806e-05	-0.00027940667332	-0.000126381673887	0.00941008390963	-0.0341020249608	-0.0146447615587	2.22321533641e-14	2.3494593251e-05	100.0
-9.85064659747e-05	-0.000294752765301	0.000121218362976	-0.0117517085109	-0.0357089480371	0.0142878932126	2.22318214507e-14	2.349424249e-05	100.0
-2.74228609164e-05	0.000386393451949	2.80521132244e-05	-0.00295999730639	0.045321423553	0.0026229745473	2.22318214507e-14	2.349424249e-05	100.0
3.9308254945e-05	0.000177526011572	0.000255859418934	0.00477181901079	0.0214717382242	0.0307254340028	2.22318214507e-14	2.349424249e-05	100.0
7.88161516058e-05	-0.000227182742775	-4.7475717259e-05	0.00929100690976	-0.0283136131293	-0.00544393365738	2.22318214507e-14	2.349424249e-05	100.0
-3.57788406048e-05	0.000176555619819	0.000278302006861	-0.00432804075647	0.0214785140691	0.033405791142	2.22314895372e-14	2.3493891729e-05	100.0
-7.98211070059e-05	2.90155841603e-05	0.000264887096338	-0.00967876568521	0.00360434756653	0.0318419048134	2.22314895372e-14	2.3493891729e-05	100.0
-8.09702152599e-05	0.00012791503636	0.000121126991174	-0.00976239157815	0.0158804341901	0.0144954106685	2.22314895372e-14	2.3493891729e-05	100.0
-0.000110401077039	0.000168262779217	5.93627256681e-05	-0.0132633457412	0.0209042251004	0.00701102346915	2.22314895372e-14	2.3493891729e-05	100.0
-6.09362161343e-05	0.000231579930529	0.000433363559445	-0.00736799240117	0.0280562900434	0.0522818371936	2.22314895372e-14	2.3493891729e-05	100.0
-7.97747777369e-05	-0.000293195246749	0.000316096255867	-0.00969335419475	-0.0354993766618	0.0381126685043	2.22314895372e-14	2.3493891729e-05	100.0
-0.000188879178793	-0.000212420211299	6.02220112241e-05	-0.02278633766	-0.0256851367355	0.00719341791767	2.22314895372e-14	2.3493891729e-05	100.0
-0.000101888362152	0.000154522621036	-1.41974171134e-05	-0.0122078183976	0.0192726231693	-0.00176454167727	2.22314895372e-14	2.3493891729e-05	100.0
-2.89757881688e-06	0.000447562187381	0.000101559566095	-0.000336713424315	0.0537900561899	0.0118970713539	2.22314895372e-14	2.3493891729e-05	100.0
-0.000115665081435	-0.00030890972509	-0.000160020977424	-0.0138961218031	-0.0373405212714	-0.0191735499091	2.22314895372e-14	2.3493891729e-05	100.0
-2.60344170641e-05	-0.000256279033222	-0.000139777190879	-0.00303123765908	-0.0310523817369	-0.0165071820681	2.22314895372e-14	2.3493891729e-05	100.0
-4.5076390868e-05	0.000258686344317	-0.000284997988925	-0.00544125601389	0.031423018337	-0.0341846469971	2.22314895372e-14	2.3493891729e-05	100.0
-5.60910160455e-05	0.000259362384461	-7.33708037864e-05	-0.00658480630809	0.0319928270697	-0.00809101412063	2.22314895372e-14	2.3493891729e-05	100.0
0.000149325010426	-3.76117862645e-05	0.00013494829033	0.0180981634572	-0.00480084670669	0.0162093162013	2.22314895372e-14	2.3493891729e-05	100.0
0.000110415792489	3.55856642296e-05	0.000168572417228	0.0133794645773	0.00417436447785	0.0202559545062	2.22314895372e-14	2.3493891729e-05	100.0
2.04237568971e-05	-0.000254117287607	0.000236525016729	0.00245780758649	-0.0308494806343	0.0282476419085	2.22314895372e-14	2.3493891729e-05	100.0
9.14209650378e-05	-5.45907290036e-05	5.66534986042e-05	0.0110496533301	-0.0069219501724	0.0068020414888	2.22314895372e-14	2.3493891729e-05	100.0
-2.02841864774e-07	0.000325476258948	0.000103274758429	-0.000138405456829	0.0392884015892	0.011605022671	2.22314895372e-14	2.3493891729e-05	100.0
1.28090858749e-05	0.000149752203646	0.000329468296556	0.00156436035328	0.0181499244135	0.0396593924613	2.22314895372e-14	2.3493891729e-05	100.0
7.11794662195e-05	-0.000263334513831	2.13501012284e-06	0.00802280436769	-0.0330889117324	0.000377488372829	2.22314895372e-14	2.3493891729e-05	100.0
0.000122565321934	-8.56053103769e-06	-6.25435229721e-05	0.0148031483634	-0.00124983562609	-0.00748676647784	2.22314895372e-14	2.3493891729e-05	100.0
-9.70903426234e-06	0.000163425599359	5.35034077881e-05	-0.00124951676368	0.0201859968578	0.00640276619508	2.22314895372e-14	2.3493891729e-05	100.0
2.47947160086e-05	-0.000287386222557	-0.000145486229431	0.00299081650672	-0.0349462386967	-0.0169545012011	2.22314895372e-14	2.3493891729e-05	100.0
2.04328987124e-05	-0.000373364424304	-0.000176071698566	0.00244413685839	-0.0450903652214	-0.0208182471993	2.22314895372e-14	2.3493891729e-05	100.0
-1.81173329448e-05	0.000202084001434	0.000389990734902	-0.00218194494354	0.0245073071908	0.0470047902285	2.22308307392e-14	2.3493195521e-05	100.0
-4.13686551676e-06	-0.000253402109145	0.000176486755757	-0.000480554259802	-0.0306867089968	0.0209545520659	2.22308307392e-14	2.3493195521e-05	100.0
-6.51759882749e-05	-0.000313911868339	0.000119371591617	-0.00766441949933	-0.0380318223909	0.0139580531947	2.22308307392e-14	2.3493195521e-05	100.0
-0.000115959327234	0.000162300999462	4.2812910045e-05	-0.0139229436689	0.0201963718649	0.00507969534866	2.22308307392e-14	2.3493195521e-05	100.0
-1.96064051505e-05	0.000394215045562	5.73960163893e-05	-0.00227197375148	0.0468168325743	0.00616371050223	2.22308307392e-14	2.3493195521e-05	100.0
-2.26331359521e-06	6.56406609516e-05	4.26846595197e-05	-0.000315470957824	0.00806058861175	0.00508301101657	2.22308307392e-14	2.3493195521e-05	100.0
-8.21066103182e-05	0.000173059453573	-3.45931426516e-05	-0.00980296203464	0.0215813386642	-0.00400352920409	2.22308307392e-14	2.3493195521e-05	100.0
-1.74042842336e-05	0.000401472477756	-0.000116345009862	-0.00207134764955	0.04824263721	-0.0134897712439	2.22308307392e-14	2.3493195521e-05	100.0
0.000262953161331	3.34158344555e-05	-2.12566356381e-05	0.0319314727669	0.00386608885832	-0.00269246590125	2.22308307392e-14	2.3493195521e-05	100.0
1.22258411149e-05	0.000318305499431	0.000217017596561	0.00147850323604	0.0384883059998	0.0259135922104	2.22308307392e-14	2.3493195521e-05	100.0
1.68690996482e-05	0.000144674056601	0.00031637161613	0.00205232238451	0.0175043461212	0.0380740703081	2.22308307392e-14	2.3493195521e-05	100.0
6.57226584395e-05	-0.00027111726736	-2.18547440248e-05	0.00735248792398	-0.0340534331354	-0.00223423129455	2.22308307392e-14	2.3493195521e-05	100.0
9.32440407055e-05	-0.000182424745361	-7.80011403665e-05	0.0111760216304	-0.0226487143321	-0.00922225940176	2.22308307392e-14	2.3493195521e-05	100.0
0.000174515932238	0.000182144294404	-0.000105922356587	0.0210863085198	0.0220259644705	-0.0126769336933	2.22308307392e-14	2.3493195521e-05	100.0
2.6552385778e-05	-0.000386243726128	4.94729162713e-05	0.00299427199729	-0.0457194987745	0.00509124258487	2.22308307392e-14	2.3493195521e-05	100.0
8.04080547585e-05	-0.000234040039669	-0.000105198050296	0.00959012662159	-0.0287894532991	-0.0121989450988	2.22308307392e-14	2.3493195521e-05	100.0
-6.87762436514e-05	2.7748434761e-06	0.000229419949852	-0.00833140945389	0.00045239801961	0.027532240498	2.22301769702e-14	2.3492504628e-05	100.0
-6.01730898433e-05	0.000126300904255	9.66752418556e-05	-0.00725124791062	0.0156601220292	0.0114611760642	2.22301769702e-14	2.3492504628e-05	100.0
-0.000119548746117	-0.000281733552442	0.000173737985055	-0.0144133811737	-0.0341446309975	0.0207807644129	2.22301769702e-14	2.3492504628e-05	100.0
-0.000111559732441	-0.000274123927621	-2.51357921741e-05	-0.0130559623429	-0.0332638027375	-0.00299046036395	2.22301769702e-14	2.3492504628e-05	100.0
-7.26861773642e-06	0.000171193155004	0.000260323440305	-0.000885446814381	0.020824599214	0.0312855931833	2.22301769702e-14	2.3492504628e-05	100.0
-8.14588569207e-05	0.000183253275148	-2.10039748861e-06	-0.00968130419425	0.0228894095167	-0.000233355884982	2.22301769702e-14	2.3492504628e-05	100.0
-4.88318598187e-06	-0.000334603282238	-0.000139956466459	-0.000503577166417	-0.0403647915896	-0.0164134625707	2.22301769702e-14	2.3492504628e-05	100.0
-9.92233774354e-05	-0.000187671521531	-0.000297593557272	-0.0120385055805	-0.0226634756132	-0.0358395565647	2.22301769702e-14	2.3492504628e-05	100.0
-2.75505968121e-05	-0.000264073292154	-0.000204224946886	-0.00331282539744	-0.0319447806261	-0.0243649032499	2.22301769702e-14	2.3492504628e-05	100.0
-6.91991654397e-05	3.78780717906e-05	-0.000244483776319	-0.00838819069473	0.00469861898225	-0.0293562097899	2.22301769702e-14	2.3492504628e-05	100.0
-3.27941438868e-05	-0.000135967816472	-0.000215038809292	-0.00395559226746	-0.0164795056265	-0.0257600495761	2.22301769702e-14	2.3492504628e-05	100.0
-3.13177231526e-05	0.00030625829925	-0.000196247972278	-0.00375397699386	0.0371599810547	-0.0232503325348	2.22301769702e-14	2.3492504628e-05	100.0
-5.19737556164e-05	0.000282352854852	-5.46088643968e-05	-0.00588446570659	0.0349264824942	-0.00554695845584	2.22301769702e-14	2.3492504628e-05	100.0
-4.22291112115e-05	0.000329573017492	-8.03046809743e-05	-0.00482528879913	0.0398983562572	-0.00848370035832	2.22301769702e-14	2.3492504628e-05	100.0
0.000150748285056	2.68858652278e-05	0.00017644542446	0.0183080563464	0.00315661176305	0.0211682429343	2.22301769702e-14	2.3492504628e-05	100.0
4.88217824741e-05	-0.000256386726586	0.000174847375799	0.00587818132426	-0.0312384670648	0.0206625207388	2.22301769702e-14	2.3492504628e-05	100.0
5.98131001192e-06	0.000411239858456	0.000113447815471	0.00067185652598	0.0493997147721	0.013292118437	2.22301769702e-14	2.3492504628e-05	100.0
4.88446664341e-06	0.00016908688078	0.000184681863991	0.000578183093809	0.0205728618311	0.0220327040919	2.22301769702e-14	2.3492504628e-05	100.0
4.90558178359e-05	-0.000302974158542	2.21492383427e-06	0.00453381382425	-0.0384759517207	0.000187682090677	2.22301769702e-14	2.3492504628e-05	100.0
0.000187012464249	0.000132798408514	-4.3245107222e-05	0.0226077170561	0.0159908113741	-0.00520889032127	2.22301769702e-14	2.3492504628e-05	100.0
3.3180771448e-05	0.00010170137951	0.000182913180328	0.00401457737204	0.0123563513646	0.0219303339258	2.22301769702e-14	2.3492504628e-05	100.0
7.06219731776e-05	7.72922558382e-05	9.14581287754e-05	0.00853872943221	0.00934115753458	0.0108930988162	2.22301769702e-14	2.3492504628e-05	100.0
3.38520262682e-05	0.000375919034434	-0.000212654207878	0.00410069242846	0.0454605653225	-0.0254374572101	2.22301769702e-14	2.3492504628e-05	100.0
2.22319320378e-05	0.000362154040385	-0.000183873201211	0.00267033329311	0.0438139177272	-0.0218511157667	2.22301769702e-14	2.3492504628e-05	100.0
4.13879515265e-05	0.000324387672952	-0.000270871207327	0.00503209430525	0.0392973098411	-0.0325346942254	2.22301769702e-14	2.3492504628e-05	100.0
5.43532358599e-05	9.94177132095e-05	-0.000309291934167	0.00661087670303	0.0120642040346	-0.0372854513634	2.22301769702e-14	2.3492504628e-05	100.0
2.9854223121e-05	-0.000296484754352	-0.000138783920606	0.00356402948712	-0.0360437558552	-0.016090202951	2.22301769702e-14	2.3492504628e-05	100.0
1.7723192653e-05	-0.000371345862505	-0.000143464711761	0.00210262893678	-0.0447636290605	-0.0167438076019	2.22301769702e-14	2.3492504628e-05	100.0
-4.28838835024e-05	0.00032903802838	5.08230187905e-05	-0.0044899144909	0.0398260382893	0.00444777606153	2.22295232013e-14	2.3491813736e-05	100.0
-4.7519970191e-05	-0.000211086551174	0.000162054348505	-0.00570268263328	-0.0256023927578	0.0192594120842	2.22295232013e-14	2.3491813736e-05	100.0
0.000112165056825	0.000359088627897	0.000168821272173	0.0135083779526	0.0434802292856	0.0202676834339	2.22295232013e-14	2.3491813736e-05	100.0
-0.000187310691368	-0.000134220703517	-0.000278334804995	-0.0227711572576	-0.0161909318954	-0.0336501779369	2.22295232013e-14	2.3491813736e-05	100.0
-8.78789884808e-05	-0.000151970955299	-0.000106332557433	-0.0105582546731	-0.0184356224263	-0.0126374582354	2.22295232013e-14	2.3491813736e-05	100.0
-7.48892544097e-05	0.000253140832719	-3.30605259537e-05	-0.00865994430948	0.0316311120521	-0.00360190193174	2.22295232013e-14	2.3491813736e-05	100.0
-2.98751083841e-06	0.000519398038277	-9.1336826601e-05	-0.000318999994084	0.0625787055423	-0.0108510072077	2.22295232013e-14	2.3491813736e-05	100.0
8.06809647525e-06	8.9897123255e-05	-0.000367492001195	0.000984376927156	0.0109093439118	-0.0442987482407	2.22295232013e-14	2.3491813736e-05	100.0
7.37000209656e-05	-0.00025023008272	3.29082735347e-05	0.0085415417399	-0.0312800119409	0.0036304281277	2.22295232013e-14	2.3491813736e-05	100.0
9.06558435527e-06	0.00016775365397	0.000255205928496	0.00110514598026	0.0202945411839	0.0306196916869	2.22295232013e-14	2.3491813736e-05	100.0
0.000122590485875	-5.58576836776e-05	-0.000141729611209	0.0148420916327	-0.00703151917777	-0.0170040637444	2.22295232013e-14	2.3491813736e-05	100.0
-3.74252446536e-05	-1.59742205408e-05	1.77013845966e-05	-0.00451739534743	-0.00193891166888	0.00220029659027	2.22295232013e-14	2.3491813736e-05	100.0
9.31544076583e-05	-0.000205983187821	-0.000109630232478	0.0111752819296	-0.0253773092392	-0.012857744572	2.22295232013e-14	2.3491813736e-05	100.0
6.6058619466e-05	-6.36190889527e-05	-0.000282385892228	0.00801075548483	-0.00780654744995	-0.033958238401	2.22295232013e-14	2.3491813736e-05	100.0
-4.26516196323e-07	-0.0004195084145	-0.000135096520622	-6.29335837321e-05	-0.0505048128282	-0.0159070940065	2.22295232013e-14	2.3491813736e-05	100.0
