# x[AU] y[AU] z[AU] vx[AU/yr/2pi] vy[AU/yr/2pi] vz[AU/yr/2pi] m[MSUN] m[mtot] wf[%]
-3.77959324963e-06	0.000281181616483	1.84047042709e-07	-0.000168520079123	0.0338428621311	5.90899088736e-05	6.6943095584e-08	0.904832844321	19.4204909712
1.69925948741e-05	-0.00284082222999	-1.05224786481e-06	-0.000369267469763	-0.342447379498	-0.000134362619449	5.91592043078e-09	0.0799622285702	14.8017189319
7.4993100561e-05	-0.00265970096677	3.21617092527e-06	0.00686363350457	-0.323639529237	0.000167507208177	1.15492479142e-11	0.00015610480437	14.3937037621
8.82714515134e-05	-0.00251320192253	9.95554760727e-05	0.00878270811403	-0.304275529506	0.0110572061704	9.8547043707e-12	0.00013320059534	0.0
9.22968526049e-05	-0.00257573486907	-2.59364390191e-05	0.00869451566862	-0.312585737819	-0.00260358316904	6.56450989957e-12	8.8728854146e-05	25.46327064
0.000104048259244	-0.00264737102699	5.42293188228e-05	0.00988073961348	-0.321504278527	0.00509884767112	6.56268437542e-12	8.8704179544e-05	25.470353689
7.61580105231e-05	-0.00269751700176	4.24189866387e-06	0.00592950277453	-0.329039740195	0.000518612984151	6.55530483236e-12	8.8604434337e-05	25.414324036
6.44928617517e-05	-0.00252176514849	1.30890435067e-06	0.00611231863601	-0.305761303629	-4.17525369457e-05	4.94878574985e-12	6.6890003323e-05	0.0
8.13897305759e-05	-0.00258671528558	-0.00011248791852	0.00788892082433	-0.313384637576	-0.0123323697902	4.94522924661e-12	6.6841932033e-05	0.0
6.95037065257e-05	-0.00254983927783	-3.17556272116e-05	0.0066820927691	-0.309382309339	-0.00349734350522	4.94166620568e-12	6.6793772377e-05	0.0
3.57681926278e-05	-0.00246303359804	-5.20002745226e-05	0.00268385899393	-0.298314558589	-0.00602430135925	4.94166620568e-12	6.6793772377e-05	0.0
6.6095073636e-05	-0.00258437523403	-2.77814986901e-05	0.00636447374085	-0.313597292414	-0.00266499525459	4.93988292506e-12	6.6769668758e-05	0.0
8.46133509439e-05	-0.00270926334121	-6.88498806888e-05	0.00746929648787	-0.329509496462	-0.00591924222478	4.93988292506e-12	6.6769668758e-05	0.0
-7.56180007313e-06	-0.00229081525162	2.53986308764e-05	-0.00257437127138	-0.276887176487	0.00300178160611	4.93809763285e-12	6.674553795e-05	0.0
0.000100051274089	-0.00249158244725	6.56207262585e-05	0.0101275047168	-0.302003082157	0.00745472868208	9.83474882699e-12	0.000132930867282	0.0
8.21014098164e-05	-0.00274190499718	4.23693903078e-05	0.0065918093447	-0.334226435032	0.00220269559297	4.93452302524e-12	6.6697221953e-05	0.0
6.4458915191e-05	-0.00264054091841	-2.11113627568e-05	0.00586757685299	-0.321036444679	-0.00173322367777	4.93452302524e-12	6.6697221953e-05	0.0
4.49785145879e-05	-0.00250168692809	-3.79904868044e-05	0.00387135293189	-0.303079310017	-0.00408910496043	4.93452302524e-12	6.6697221953e-05	0.0
6.89443017721e-05	-0.00268770910701	-0.000129337320702	0.00622337881743	-0.325964352884	-0.0133795595163	4.93452302524e-12	6.6697221953e-05	0.0
6.99377908993e-05	-0.00242949364279	9.78279486634e-05	0.00678561589519	-0.293905154062	0.0113948874953	4.93273320694e-12	6.6673029968e-05	0.0
8.69653278828e-05	-0.00259613389524	2.60099326969e-05	0.00847708091606	-0.315280577624	0.00241204949741	4.93094187994e-12	6.664881759e-05	0.0
4.14596533211e-05	-0.00231585603177	9.81146911338e-05	0.00337908615149	-0.280032411507	0.0117042404285	4.93094187994e-12	6.664881759e-05	0.0
8.34796972611e-05	-0.00262746592201	-2.71683396909e-06	0.00768532986457	-0.319404283423	-0.000111508266612	6.60133016842e-12	8.922653338e-05	25.3038137143
4.04156820709e-05	-0.00240635270078	-7.18223147945e-05	0.00327405820267	-0.291222220927	-0.00837459400964	4.93094187994e-12	6.664881759e-05	0.0
9.01347001124e-05	-0.00259463580814	-8.78109740502e-06	0.00893408913422	-0.314989049455	-0.000912030111317	4.93094187994e-12	6.664881759e-05	0.0
5.93741736586e-05	-0.00273828558216	-9.81968156315e-05	0.00494313098649	-0.332553210092	-0.00850419632545	4.93094187994e-12	6.664881759e-05	0.0
8.94877461581e-05	-0.00271851229304	9.06584099262e-05	0.00792032701009	-0.32994666967	0.00818621503275	4.92376249076e-12	6.6551777752e-05	0.0
8.51935455702e-05	-0.00252721944583	-0.000117582087012	0.00851734603463	-0.305906392658	-0.0131950357028	9.83670912812e-12	0.000132957363589	0.0
8.34252857785e-05	-0.00259151181267	6.02124714246e-05	0.00791767829945	-0.314449739964	0.006152882204	4.9183613532e-12	6.647877356e-05	0.0
7.89343423522e-05	-0.00241827522502	0.000183525882244	0.00773316954645	-0.292458256687	0.021359342788	4.9183613532e-12	6.647877356e-05	0.0
9.40797095249e-05	-0.00244154707899	-0.000121801438675	0.00957832831564	-0.295516112368	-0.0140495897269	4.9183613532e-12	6.647877356e-05	0.0
6.59759169814e-05	-0.00263054233198	-0.000170978284205	0.00613410212555	-0.318491418536	-0.0188859847524	4.9183613532e-12	6.647877356e-05	0.0
0.000122870420815	-0.00209743192942	5.19999762182e-05	0.0131531418384	-0.253218729128	0.00619947695605	4.91655795662e-12	6.6454398044e-05	0.0
2.03572537119e-05	-0.00280135138648	-0.000123338597459	0.00097133251068	-0.338765219755	-0.0102795537519	4.91655795662e-12	6.6454398044e-05	0.0
7.05975603234e-05	-0.00270800008426	6.14242216932e-06	0.00572138340533	-0.330326632909	-0.000227070807372	4.91475305134e-12	6.6430002137e-05	0.0
0.000102428136907	-0.00219217029685	0.000123505989133	0.010737349789	-0.264950666211	0.0145333218171	4.91475305134e-12	6.6430002137e-05	0.0
9.64780682269e-05	-0.00266151158327	9.58890117077e-05	0.00916769004827	-0.322929484999	0.00965830164396	4.91294663736e-12	6.6405585837e-05	0.0
8.82319959384e-05	-0.00265199906552	0.000255984372577	0.00863443466842	-0.320532220618	0.0291156920795	4.91294663736e-12	6.6405585837e-05	0.0
0.000126353829286	-0.00234118126041	0.000272746996987	0.0134305322135	-0.28278851774	0.0321312667089	4.91294663736e-12	6.6405585837e-05	0.0
9.6035742867e-05	-0.00251953068795	0.00031149635714	0.00976173805543	-0.304262785882	0.0364177229611	4.91294663736e-12	6.6405585837e-05	0.0
9.04449981988e-05	-0.00251627431539	-9.49999613664e-05	0.00884067530259	-0.304931276709	-0.0107452714331	4.91294663736e-12	6.6405585837e-05	0.0
0.000105395779734	-0.00239620498061	5.99408001413e-06	0.0107995123325	-0.290108192548	0.000727744845354	4.91113871469e-12	6.6381149145e-05	0.0
0.000159530350989	-0.00203306884862	4.33814420682e-05	0.0174354767658	-0.245360086283	0.00541326062204	4.90932928332e-12	6.635669206e-05	0.0
0.000162497792998	-0.0025477592267	0.000249099796124	0.0174700346564	-0.307994062658	0.0288432582371	4.90751784035e-12	6.6332207786e-05	0.0
4.40985515384e-05	-0.00275572170166	0.000161516291528	0.0033722356812	-0.333282761888	0.0163374059507	4.90751784035e-12	6.6332207786e-05	0.0
9.23339783138e-05	-0.00263740142379	-6.11285906117e-05	0.00864143322371	-0.320408625443	-0.00616188996091	4.90751784035e-12	6.6332207786e-05	0.0
6.77428277393e-05	-0.00232946381897	-0.00013789991819	0.00636967158804	-0.281658353218	-0.0159820303647	4.90751784035e-12	6.6332207786e-05	0.0
9.39868385105e-05	-0.00267214165958	-7.07871480661e-05	0.00878126658296	-0.324625210774	-0.00682142964341	9.79866329389e-12	0.000132443119064	0.0
9.51450058707e-05	-0.00254662868621	-1.03126099241e-05	0.00920363012134	-0.309134137887	-0.00136989669367	4.90570488868e-12	6.630770312e-05	0.0
0.000129845097481	-0.00201433981119	6.68275169788e-05	0.0139488989499	-0.243105837941	0.00803833758536	4.90570488868e-12	6.630770312e-05	0.0
7.79744400333e-05	-0.00212467399137	0.000153319586273	0.00767934983811	-0.256556613551	0.0179382733938	4.90207496216e-12	6.6258639408e-05	0.0
0.000153350872473	-0.00215383062915	4.4682722059e-05	0.0166267069461	-0.2601911835	0.00524363648982	4.89843799504e-12	6.6209480533e-05	0.0
0.000111822382937	-0.00220875915121	0.000118324835094	0.0116564092514	-0.266640278788	0.0138218684119	4.89843799504e-12	6.6209480533e-05	0.0
0.000153541169239	-0.00239237451366	0.000351679721187	0.0167383905548	-0.288873326786	0.0415548821519	4.89843799504e-12	6.6209480533e-05	0.0
0.000104971442745	-0.00242737765451	-6.58988603265e-05	0.0106934030547	-0.293971890661	-0.00762013350709	4.89843799504e-12	6.6209480533e-05	0.0
5.24987946777e-05	-0.00232981313276	0.000113369607646	0.00462399290017	-0.281359303806	0.0134312769208	4.89843799504e-12	6.6209480533e-05	0.0
8.13347280751e-05	-0.00272741069863	-5.1197930253e-05	0.00635691686538	-0.331996134961	-0.0035122869999	4.89843799504e-12	6.6209480533e-05	0.0
0.000140975672938	-0.00198888555838	6.88790723944e-05	0.0152438078906	-0.240094694564	0.00798577767723	4.89479499314e-12	6.6160240088e-05	0.0
5.35071910592e-05	-0.00230770018246	0.000116816879039	0.00470475839079	-0.278980654075	0.0135123083721	4.89479499314e-12	6.6160240088e-05	0.0
9.32986105463e-05	-0.00204946757334	-3.89185011141e-05	0.00954828422659	-0.247485538081	-0.00443433947619	4.89297097769e-12	6.6135585879e-05	0.0
0.000157920945321	-0.00191936703615	1.5623526576e-06	0.017291715053	-0.231604190936	0.000287253807507	4.89297097769e-12	6.6135585879e-05	0.0
0.000148820556735	-0.00257224736161	-0.000313068781306	0.0158875707434	-0.310819949937	-0.0364936140734	4.89297097769e-12	6.6135585879e-05	0.0
0.000116607619677	-0.00243972396955	0.000146416847162	0.0120372607454	-0.295153464056	0.0167431817182	4.89114545354e-12	6.6110911278e-05	0.0
0.000174461638604	-0.00241449621081	0.000325439756998	0.0190489069438	-0.291559046172	0.0383145394354	4.89114545354e-12	6.6110911278e-05	0.0
0.000108959375041	-0.00268646637656	0.000223917755148	0.0109788230426	-0.324619338272	0.0249955010234	4.89114545354e-12	6.6110911278e-05	0.0
0.000106936564559	-0.00250775360695	5.01686495936e-05	0.0106667332385	-0.303760531373	0.00562374607958	4.89114545354e-12	6.6110911278e-05	0.0
0.000148638933435	-0.00227792872289	0.000106890699628	0.0160011807416	-0.2753749277	0.0124435145061	4.89114545354e-12	6.6110911278e-05	0.0
9.30973795672e-05	-0.00255400136728	-2.77939685762e-05	0.00896922167462	-0.3100698995	-0.00256472350965	4.89114545354e-12	6.6110911278e-05	0.0
0.000149904521642	-0.00221556892079	-0.000165854383394	0.0162009547764	-0.267759152422	-0.0195567717203	4.89114545354e-12	6.6110911278e-05	0.0
0.000154722409515	-0.00199642102867	-7.2754532555e-06	0.0168456404676	-0.240988828427	-0.000417195056785	4.89114545354e-12	6.6110911278e-05	0.0
0.000251248180834	-0.00213323244239	-0.000215567170743	0.0284817970767	-0.25758000429	-0.0254315929626	4.89114545354e-12	6.6110911278e-05	0.0
0.000115825920703	-0.00248691643149	-0.000130675500029	0.0119520054424	-0.301018868292	-0.0148315599869	4.89114545354e-12	6.6110911278e-05	0.0
0.000119651414878	-0.00249786023097	-0.000164266644639	0.012332994965	-0.30224742814	-0.0186448248709	4.89114545354e-12	6.6110911278e-05	0.0
0.000116226618445	-0.00246701484722	-0.000223877804185	0.0121029044686	-0.298214703839	-0.0258509366875	4.89114545354e-12	6.6110911278e-05	0.0
0.000129843535193	-0.00188167058457	6.39083251096e-06	0.0139903288345	-0.227142246917	0.000809578033492	4.8893184207e-12	6.6086216284e-05	0.0
9.48974161836e-05	-0.00262523077516	1.96252620793e-05	0.00880527036622	-0.319096354196	0.00171180611558	4.88748937625e-12	6.6061494101e-05	0.0
9.2722353621e-05	-0.00196370563629	4.12073372038e-05	0.0095879046825	-0.237100763693	0.00475492872597	4.88748937625e-12	6.6061494101e-05	0.0
0.000135844840477	-0.00194908210562	3.25760125181e-05	0.0146039523621	-0.235299525699	0.00359820664586	4.88748937625e-12	6.6061494101e-05	0.0
0.000101209903972	-0.00265332490538	0.000197327803189	0.0101503091843	-0.320880649782	0.0220447426021	4.88748937625e-12	6.6061494101e-05	0.0
0.000101977459402	-0.00259154091904	1.99374779303e-05	0.00953170600891	-0.314812186972	0.00176018580002	3.336470251e-12	4.5097225351e-05	100.0
0.000131237599981	-0.00265192606943	8.11401397039e-06	0.0123424445287	-0.322263524456	0.000544222449069	3.3140731316e-12	4.479449586e-05	100.0
0.000170143682774	-0.000104933412605	4.14279552717e-05	0.0163426548013	-0.00700570569461	0.00457633386146	1.7084482039e-12	2.3092150643e-05	100.0
-2.86089400937e-06	-2.41839236051e-05	-0.000198865728287	-0.00303174237286	0.00321467850044	-0.019278061496	1.70741223151e-12	2.3078147977e-05	100.0
0.000111359192962	-0.000311568553048	-1.91266037993e-05	0.0109019415646	-0.0335675945669	-0.00208080630552	1.70689575402e-12	2.3071167036e-05	100.0
0.000170265543345	-0.000187280180272	0.000175012918523	0.017263976949	-0.0183185590174	0.0197906876999	1.70534933894e-12	2.3050264997e-05	100.0
1.58973733515e-05	-0.000174179161977	0.000153280949446	-0.000503853236483	-0.0156378573174	0.0170287902341	1.70534933894e-12	2.3050264997e-05	100.0
-0.000122716043097	-2.86353082972e-06	-0.000204445413139	-0.0155565937849	0.00584508168228	-0.0196265661806	1.70432241874e-12	2.3036384684e-05	100.0
-7.25002168029e-05	-0.000262158461284	-0.000103697723212	-0.0104735759836	-0.0268863501918	-0.011726479987	1.70227662474e-12	2.3008732817e-05	100.0
0.000326636832245	-3.76150741442e-05	0.000146710916601	0.0345100708442	-0.0010911642127	0.0159285563085	1.69620361383e-12	2.2926647283e-05	100.0
4.23657461269e-05	5.33606109021e-05	-0.000163438978453	0.00106322916721	0.0148983293342	-0.0145916358107	1.69620361383e-12	2.2926647283e-05	100.0
5.08980196962e-05	-6.77916750389e-05	-0.000238464704799	0.00329459431018	-0.00270498760877	-0.0253295141853	1.69220757668e-12	2.2872635056e-05	100.0
-1.07898490657e-05	-0.000190020015158	-8.98237610544e-05	-0.00336823621346	-0.017291576591	-0.00946402612104	1.69171071226e-12	2.2865919214e-05	100.0
0.000174931635307	-0.00037015896394	-0.00068549665607	0.0189722436663	-0.043391867752	-0.0810286390369	1.68973029515e-12	2.283915101e-05	100.0
0.000313892928564	-3.84315552019e-05	-0.000355246345762	0.0340783449409	-0.0025630279198	-0.0398948979995	1.68923644812e-12	2.2832475953e-05	100.0
0.00065640117012	-0.00055733363251	0.000413684638541	0.0770595694701	-0.0660968497975	0.0491822726906	1.6872681006e-12	2.2805870886e-05	100.0
0.00029221844074	-0.000508355956292	-0.000173961257712	0.032942361867	-0.0591685871173	-0.0203067959452	1.68628744713e-12	2.2792615935e-05	100.0
-0.000147573688139	-0.000125982988553	-0.000379101628283	-0.0190788469456	-0.0113464734002	-0.0428388710854	1.68628744713e-12	2.2792615935e-05	100.0
0.000440702221372	0.000113329575479	-0.000229416068707	0.0480689798685	0.0144866206518	-0.0253402955989	1.68628744713e-12	2.2792615935e-05	100.0
0.000348584667302	-0.000381865855073	0.000139141888247	0.0393566511576	-0.0435292798253	0.0160753610911	1.68433318079e-12	2.2766201197e-05	100.0
0.000668941691829	-0.000225819885283	0.000193648653938	0.077720546499	-0.0260409703898	0.0227660240468	1.68433318079e-12	2.2766201197e-05	100.0
-0.000285128466177	-0.00153654860898	-0.000232757062959	-0.0361361902266	-0.184677850846	-0.0279481718074	1.68433318079e-12	2.2766201197e-05	100.0
-0.000132145412542	-0.000349829693031	-0.000264305592305	-0.0173972869847	-0.0387358695792	-0.0305337139829	1.68433318079e-12	2.2766201197e-05	100.0
0.000240253661786	0.000382243398682	-0.000281823186732	0.0230801081092	0.0444090246886	-0.0289677846531	1.68433318079e-12	2.2766201197e-05	100.0
0.000108777291875	0.000162544647121	-0.000389568438824	0.00945271102649	0.0215651433594	-0.041082204295	1.68433318079e-12	2.2766201197e-05	100.0
2.13435218513e-05	0.00033102830475	0.000348826324378	-0.000581369226992	0.0386411015305	0.0340667222706	1.68335956791e-12	2.2753041409e-05	100.0
0.000819308473152	-0.00020671649878	-0.000268990795255	0.0960826458408	-0.0244503346687	-0.0318850577182	1.68238846953e-12	2.2739915609e-05	100.0
-0.000157256367821	0.000152565684299	0.000206247612707	-0.0175908021416	0.0237004054119	0.0160560156018	1.68141938274e-12	2.2726816998e-05	100.0
0.000389345032703	-0.000262968368105	0.000365985886168	0.0440732034603	-0.0300023507841	0.0423177855945	1.68141938274e-12	2.2726816998e-05	100.0
0.000493585356807	0.000236426903201	-0.000336386692194	0.0551625698755	0.0283639571629	-0.0379467616442	1.68141938274e-12	2.2726816998e-05	100.0
0.000204139318689	-0.00030470680946	0.000696404870755	0.0224373603942	-0.0354622193	0.0821709897181	1.68045230755e-12	2.2713745577e-05	100.0
0.000155679626535	-0.0010452285618	0.000371162088412	0.0171551153926	-0.124768135584	0.0444399897947	1.68045230755e-12	2.2713745577e-05	100.0
0.000290261564024	-0.000521352102193	0.000795509594376	0.0330824823299	-0.0619204818462	0.0945905004883	1.67948774686e-12	2.2700708143e-05	100.0
0.000398919871184	0.000322604204907	1.73036883867e-05	0.0407599385665	0.0372754797379	0.00163766178051	1.67948774686e-12	2.2700708143e-05	100.0
0.00019415052931	-0.001640848652	-0.00101546589018	0.0216584821363	-0.197623669154	-0.121870985031	1.67948774686e-12	2.2700708143e-05	100.0
-8.02234601525e-06	-0.000944354142335	-0.000875534061997	-0.00263294645049	-0.112929870778	-0.104738262039	1.67948774686e-12	2.2700708143e-05	100.0
0.00016956863612	0.000186597430721	0.000561609306756	0.0175978231814	0.0232012526034	0.0636307652782	1.67900647231e-12	2.2694203021e-05	100.0
-0.000313083732581	-0.00242961638551	7.93985626027e-05	-0.039276594479	-0.293314227818	0.00901146817571	1.67900647231e-12	2.2694203021e-05	100.0
-3.49364844649e-05	-0.00160924514041	0.000370095872468	-0.00583941783621	-0.193635733505	0.0445068527155	1.67900647231e-12	2.2694203021e-05	100.0
-5.14318670333e-05	0.000315720783652	0.000421649579669	-0.0081576719751	0.0373799608868	0.0440202870099	1.67852570066e-12	2.2687704696e-05	100.0
0.000534716454477	-0.000240507234954	-0.000860309812083	0.062371598883	-0.0283554503037	-0.102248214711	1.67852570066e-12	2.2687704696e-05	100.0
3.89688316352e-05	-0.000930551689731	-0.000613961137169	0.00297052716055	-0.110979004984	-0.0734846145115	1.67756516317e-12	2.2674721641e-05	100.0
-8.64835864606e-06	-0.00039286588051	-0.0003058622812	-0.00285738043154	-0.0443063425238	-0.0353711937679	1.67756516317e-12	2.2674721641e-05	100.0
2.95423842473e-05	-4.25640625118e-05	-0.000567105163162	0.00137858380061	-0.00346039041779	-0.0647289980849	1.67708590021e-12	2.2668243708e-05	100.0
-0.000148965833556	-0.000716637190144	-0.000787464102455	-0.0196470119101	-0.0852508024906	-0.093906279257	1.67660714016e-12	2.2661772573e-05	100.0
-0.000214783298396	-0.00079778282526	-0.000616296418917	-0.0275204123312	-0.0948641113413	-0.0734115985615	1.67660714016e-12	2.2661772573e-05	100.0
-0.000120324222389	0.000161772398843	0.000296989606537	-0.0150227729469	0.0227028463282	0.0275950349012	1.67565163166e-12	2.2648857493e-05	100.0
0.000459882929811	-0.00143718733973	0.000727524358407	0.0538391111511	-0.173081405979	0.0874023824222	1.67565163166e-12	2.2648857493e-05	100.0
-0.000133657676713	-0.000343643762103	-0.000147343399835	-0.0175232317527	-0.0373974409225	-0.0170314062712	1.67565163166e-12	2.2648857493e-05	100.0
0.000224079890203	-1.0211405259e-05	0.000190386991116	0.0219468229031	0.00277214892172	0.0197069493838	1.67565163166e-12	2.2648857493e-05	100.0
-0.00035507704622	-0.00240329999516	-7.10039459405e-05	-0.0443968741438	-0.290125320813	-0.00844222395033	1.67565163166e-12	2.2648857493e-05	100.0
-0.000382619101971	-0.00230228754379	-0.000508546980255	-0.0479682340852	-0.277665351122	-0.0612710723643	1.67565163166e-12	2.2648857493e-05	100.0
0.000185976377744	2.52068228402e-05	-0.000830786916876	0.0202651849308	0.00374837128208	-0.0976685381067	1.67565163166e-12	2.2648857493e-05	100.0
-4.90853314793e-05	-0.000177424687817	-0.000559649381707	-0.00780557362364	-0.0195553983461	-0.0644462646769	1.67565163166e-12	2.2648857493e-05	100.0
0.000383058700467	-0.00110215808633	0.000690352504195	0.0445830153593	-0.132224594701	0.0825363327337	1.67469763185e-12	2.2635962804e-05	100.0
0.000149323698736	-0.000924406738097	0.000725157968575	0.016397438173	-0.110430992648	0.0867829288395	1.67469763185e-12	2.2635962804e-05	100.0
-0.000298699386949	-0.00186977806944	0.000773732602332	-0.0378113588628	-0.225258430024	0.0929647955743	1.67469763185e-12	2.2635962804e-05	100.0
-9.00259767401e-05	-0.0011378677458	0.000218905493519	-0.0125085124363	-0.135961641362	0.0262848074199	1.67469763185e-12	2.2635962804e-05	100.0
0.000238237098431	3.6714488594e-05	9.62423913364e-05	0.0216488694975	0.00852190081791	0.00967533401731	1.67469763185e-12	2.2635962804e-05	100.0
0.000872571772841	-0.000522526302742	-0.000290484392763	0.103183113291	-0.0623604783938	-0.0348063626024	1.67469763185e-12	2.2635962804e-05	100.0
6.69421299457e-05	-0.000684302054909	-3.3529530414e-05	0.00619401656554	-0.0803366797495	-0.00402982079891	1.67422188919e-12	2.2629532453e-05	100.0
-7.54091256929e-05	-0.000585956950335	-0.000267604124147	-0.0107185118727	-0.0681900276971	-0.0314440725098	1.67422188919e-12	2.2629532453e-05	100.0
-0.000437123568685	-0.00251838605976	0.00054252101871	-0.0545150761478	-0.30369628248	0.0649125730161	1.67374614653e-12	2.2623102103e-05	100.0
-0.000157573471352	-0.00234093683835	0.000648022810581	-0.0207479837746	-0.282287196821	0.0778039274824	1.67374614653e-12	2.2623102103e-05	100.0
0.000394888742845	-0.00170005084551	-0.00110249395836	0.04595688266	-0.204850473116	-0.132262463723	1.67327090678e-12	2.2616678549e-05	100.0
0.000364109358423	-0.000331172953801	0.00115245341945	0.0420335148399	-0.0394746017252	0.137545205883	1.67279667282e-12	2.2610268591e-05	100.0
-0.000179007170922	-0.00282666117393	-0.000158125969075	-0.0219309478969	-0.340806538783	-0.0182965158083	1.67279667282e-12	2.2610268591e-05	100.0
-0.000192375054894	-0.00255808451564	5.92171351741e-05	-0.0243435430605	-0.309289026216	0.00694584585199	1.67279667282e-12	2.2610268591e-05	100.0
-6.01551797903e-05	-0.00199665117927	-7.51052462206e-05	-0.00880434431189	-0.240823012482	-0.00892860450268	1.67279667282e-12	2.2610268591e-05	100.0
0.000134678711119	-0.00179879064368	-0.000289222841646	0.014689115925	-0.216653643609	-0.0346501323856	1.67279667282e-12	2.2610268591e-05	100.0
0.00033132309297	-0.00100132310733	4.83957722207e-05	0.0381741320924	-0.119777060798	0.00582792990264	1.67271117995e-12	2.2609113031e-05	100.0
-0.000513390108125	-0.0019968692287	0.000442026086592	-0.0637414703825	-0.24065965097	0.0529894120014	1.67271117995e-12	2.2609113031e-05	100.0
-4.45317266932e-05	-0.00059331548834	0.000728919515229	-0.00710303975941	-0.0701156834739	0.0866331954021	1.6718492107e-12	2.2597462269e-05	100.0
-0.000194207061906	-0.000743366856691	0.000488087040921	-0.0250227027509	-0.0879927562428	0.0579848142964	1.6718492107e-12	2.2597462269e-05	100.0
0.00013461261328	-0.00118188264521	-0.00124936743174	0.0144393036015	-0.142071762249	-0.149883275223	1.6718492107e-12	2.2597462269e-05	100.0
-0.00011621381359	-0.000677309475702	-0.00110274864387	-0.0157574159901	-0.0807268002082	-0.131878888865	1.6718492107e-12	2.2597462269e-05	100.0
0.000111323623251	-0.00272415769478	0.000193886434922	0.0108710485434	-0.329395231028	0.0210439431194	1.67153892188e-12	2.2593268266e-05	100.0
0.000156610220041	-0.00222803650701	0.000273809543407	0.0169787832684	-0.26917477587	0.0323231482041	1.67153892188e-12	2.2593268266e-05	100.0
6.87311900289e-05	-0.00277832246612	0.000173324478615	0.00603463298702	-0.335538685705	0.0176482415547	1.67153892188e-12	2.2593268266e-05	100.0
0.000414256888745	-0.0019143967999	0.000170951763052	0.0483017798181	-0.231051202368	0.0203070964458	1.67153892188e-12	2.2593268266e-05	100.0
6.11553386274e-05	-0.00176132419577	0.000627324239823	0.00563616456894	-0.212153379938	0.0751735646473	1.67153892188e-12	2.2593268266e-05	100.0
0.000198114145431	-0.00196848184224	-0.000179602373137	0.0220945731268	-0.237619315334	-0.0212208276089	1.67153892188e-12	2.2593268266e-05	100.0
0.000201843840415	-0.00233293299455	-0.000324559002283	0.0224431399277	-0.281837757167	-0.0383364932809	1.67153892188e-12	2.2593268266e-05	100.0
-0.000158637119947	-5.27368130595e-05	-3.10414557298e-05	-0.0189215309998	0.00164968108044	-0.00265724320944	1.67137598254e-12	2.2591065905e-05	100.0
0.000635264869348	0.000519211580296	-8.38889868504e-05	0.0725418343918	0.0608934891002	-0.00915698346683	1.67137598254e-12	2.2591065905e-05	100.0
0.00050522036552	-0.000134338973964	-0.000779055952232	0.0585965455219	-0.0156332779079	-0.0920055572324	1.67137598254e-12	2.2591065905e-05	100.0
-6.04459433486e-05	-1.29853016999e-05	-0.00044238128134	-0.00911359347204	0.00114687994978	-0.0488382703102	1.67137598254e-12	2.2591065905e-05	100.0
-0.000242880899287	-0.00260900788536	0.000648819238495	-0.0310384524595	-0.314510879405	0.0775651679546	1.67090376018e-12	2.2584683136e-05	100.0
-0.000219679620179	-0.00195119323079	0.000285412791066	-0.0281400663453	-0.23508005497	0.0342452762398	1.67090376018e-12	2.2584683136e-05	100.0
0.000134243887249	-0.0017176057038	-0.000940877691115	0.0144959087312	-0.206855133213	-0.113162944378	1.67090376018e-12	2.2584683136e-05	100.0
-0.000105384300286	-0.00115414464793	-0.000398487605345	-0.0143997621582	-0.13816693716	-0.0472638452281	1.67090376018e-12	2.2584683136e-05	100.0
0.000173082031648	-0.00181258308298	8.93562013647e-06	0.0190936936541	-0.218796611419	0.00137562506494	1.67038828848e-12	2.257771579e-05	100.0
0.000151639674474	-0.00143515371526	-0.000219777087776	0.016523466818	-0.17280845357	-0.0264672253392	1.67038828848e-12	2.257771579e-05	100.0
-0.000552466505421	-0.00270456906684	0.00047151848176	-0.0683963911449	-0.326054603549	0.0565547480086	1.67038828848e-12	2.257771579e-05	100.0
0.000104672202891	-0.00238818623426	-0.000405908641292	0.0107837215682	-0.288378074984	-0.0480329894763	1.67038828848e-12	2.257771579e-05	100.0
0.000183842296019	-0.0020331190476	-0.000794245449377	0.0203835736817	-0.245009571505	-0.0951081029279	1.67038828848e-12	2.257771579e-05	100.0
-9.59385073186e-05	-0.00294588163453	-9.20571902231e-05	-0.0117162446637	-0.352980919685	-0.00935733008234	1.67038828848e-12	2.257771579e-05	100.0
0.000582581546456	0.000340881135777	2.5976983268e-05	0.0652839522537	0.0398892037082	0.00346606604092	1.66996032125e-12	2.2571931194e-05	100.0
-0.000131312500052	7.03730068666e-05	-0.000212065671968	-0.0157951523816	0.0148433153732	-0.0188634913137	1.66996032125e-12	2.2571931194e-05	100.0
0.000177938796177	-0.00260867359424	0.000205295166237	0.0190301950007	-0.315462301174	0.0232690152252	1.66982101817e-12	2.2570048311e-05	100.0
6.20704985482e-05	-0.00196983110121	0.000382481648384	0.00570278532125	-0.23777309034	0.0457444292835	1.66982101817e-12	2.2570048311e-05	100.0
-0.000375821655629	-0.00228577807184	0.000948278912368	-0.0472156863933	-0.275668185224	0.113928169851	1.66982101817e-12	2.2570048311e-05	100.0
0.000161632447273	1.98795382741e-06	-9.31674029636e-05	0.0136727483607	0.00673321190899	-0.00894991519179	1.66982101817e-12	2.2570048311e-05	100.0
0.000202274118605	-0.00117009275026	-0.000615538372553	0.0226543268129	-0.140336748584	-0.0735426478083	1.66982101817e-12	2.2570048311e-05	100.0
-0.000293048021258	-0.00294840158938	0.000333199857877	-0.0367719839924	-0.355355741791	0.0396695803102	1.66854918606e-12	2.2552857659e-05	100.0
-0.000377650476432	-0.00187930342861	0.000238216023071	-0.0473851320526	-0.226231456	0.0286846254885	1.66854918606e-12	2.2552857659e-05	100.0
0.000338283828481	0.000286757186678	-0.000172442086443	0.0335139901184	0.0334427166671	-0.0173698545223	1.66854918606e-12	2.2552857659e-05	100.0
0.000130135318457	-0.00271692380358	9.11436919336e-05	0.0122841289827	-0.329570627244	0.00878374561887	1.66814938118e-12	2.2547453717e-05	100.0
0.000142006112431	-0.00265253701529	0.000176169974082	0.0146558083686	-0.32096275736	0.0194136183306	1.66814938118e-12	2.2547453717e-05	100.0
0.000120034895156	-0.00274408923255	0.000181030258688	0.0118222660972	-0.331646990222	0.0192948412002	1.66814938118e-12	2.2547453717e-05	100.0
0.000529875838895	-0.000358784790558	-0.000245990687246	0.0611725814592	-0.0417167370432	-0.0289281057963	1.66814938118e-12	2.2547453717e-05	100.0
0.000445257560334	-0.00134399096798	-0.000863055543477	0.0519983149652	-0.161661527334	-0.103474434695	1.66814938118e-12	2.2547453717e-05	100.0
0.000457111116148	-0.00102947551686	-0.000214517357318	0.0533547105698	-0.123276446166	-0.0252754633996	1.66814938118e-12	2.2547453717e-05	100.0
0.000557480703654	0.000189439672005	0.000489084991234	0.0637872126382	0.0227336686471	0.0566269007505	1.66807998109e-12	2.2546515674e-05	100.0
0.00048467569151	0.00051218655032	2.27010926734e-05	0.0533909906799	0.0589662703641	0.0023580236234	1.66807998109e-12	2.2546515674e-05	100.0
3.80754106001e-05	-0.000363476568333	0.000407224644468	0.00256943525666	-0.0411818033196	0.0472908125521	1.66761077612e-12	2.254017369e-05	100.0
-0.000175436583871	-0.00150101595363	-5.92531203354e-05	-0.0227903368091	-0.180298749628	-0.00725866790372	1.66761077612e-12	2.254017369e-05	100.0
0.000153122034564	-0.000514296095299	-0.00105614376295	0.0166605667231	-0.0612251189177	-0.126038798348	1.66761077612e-12	2.254017369e-05	100.0
-7.15137233167e-05	-0.00106606909412	-0.00104632778433	-0.0103142467778	-0.127840921369	-0.125353061011	1.66761077612e-12	2.254017369e-05	100.0
-6.23840472276e-06	0.000286896797148	-0.00043091817845	-0.00322012330151	0.0341622550612	-0.0452868154238	1.66761077612e-12	2.254017369e-05	100.0
-9.38849153687e-05	0.000101717578839	0.000263466022762	-0.0123504699825	0.0171875454458	0.0241249853565	1.66714257696e-12	2.2533845301e-05	100.0
-5.75189438482e-05	-1.48859670588e-05	0.000594067572293	-0.00878544953944	-0.000395770453944	0.0678251219258	1.66714257696e-12	2.2533845301e-05	100.0
-0.000241601874805	-0.00104124080029	-0.000165586742118	-0.0307961418762	-0.124152810741	-0.0199867847972	1.66714257696e-12	2.2533845301e-05	100.0
-0.000437934490026	-0.00145352822839	-0.0003632964868	-0.0545909751564	-0.174486956562	-0.0435699172001	1.66714257696e-12	2.2533845301e-05	100.0
-0.000269817422923	-0.000126409120962	-6.77222690911e-05	-0.0323992626458	-0.00955444630461	-0.00685984295749	1.66714257696e-12	2.2533845301e-05	100.0
0.000738127326969	0.000302606565095	-0.000231322491658	0.0853416495656	0.0358950290832	-0.0265309199064	1.66714257696e-12	2.2533845301e-05	100.0
8.85621537593e-05	-0.00263723228863	1.52333260048e-05	0.00794631999449	-0.320465517947	0.00138739378143	1.66705909569e-12	2.253271693e-05	100.0
0.000169587350263	-0.00152800079981	-9.02439758188e-06	0.0187121665544	-0.18413018405	-0.00132754159869	1.66705909569e-12	2.253271693e-05	100.0
-0.000277071641187	-0.00286358088505	0.000936206133848	-0.0352159230666	-0.345177752904	0.112206658929	1.66705909569e-12	2.253271693e-05	100.0
0.000341576865673	-0.000372044105398	0.000764340263969	0.0390708813128	-0.0439407787055	0.090414852637	1.66667437779e-12	2.2527516911e-05	100.0
-0.000142950824092	-0.000314153153311	8.36590196735e-05	-0.0185059646128	-0.0334507110067	0.00945846978334	1.66667437779e-12	2.2527516911e-05	100.0
0.00032319235523	-0.00219527148825	0.000199186590475	0.0370580856053	-0.265271331808	0.0234893200403	1.66652049063e-12	2.2525436903e-05	100.0
0.000114449918698	-0.0022665590394	0.000601033200996	0.011951646163	-0.273598395387	0.0717393005184	1.66652049063e-12	2.2525436903e-05	100.0
7.16848752848e-05	-0.00184672864719	-0.000358779518738	0.00679245928729	-0.222793021732	-0.0427191295878	1.66652049063e-12	2.2525436903e-05	100.0
-0.000674675739486	-0.00336248804315	1.0862980904e-05	-0.0830420720769	-0.404845428468	0.00135523393049	1.66652049063e-12	2.2525436903e-05	100.0
4.25687531126e-05	0.000338672761249	0.000354051405934	0.00154971742582	0.039102067648	0.0350682588287	1.66620718442e-12	2.2521202116e-05	100.0
0.000324755813313	-1.06342687884e-05	0.000905051820433	0.0369969785856	-0.000863095658422	0.10696020476	1.66620718442e-12	2.2521202116e-05	100.0
-2.92748813944e-05	-0.000607449256589	0.000757643123994	-0.00532960165871	-0.0721287038719	0.0899160579433	1.66620718442e-12	2.2521202116e-05	100.0
-9.31078079041e-05	-0.000771446043717	0.000442434339455	-0.0128764749987	-0.0912081480782	0.052754097386	1.66620718442e-12	2.2521202116e-05	100.0
-8.57524174574e-05	-0.000221363592664	8.74485529091e-05	-0.0117656637378	-0.021258618295	0.00948484007925	1.66620718442e-12	2.2521202116e-05	100.0
0.000437510111111	0.000229120912835	0.000186958035506	0.0469158110227	0.0276474560956	0.0199826274519	1.66620718442e-12	2.2521202116e-05	100.0
0.000151985142948	0.000132799146439	0.00030178500788	0.0133571015112	0.018652908188	0.0303002088327	1.66620718442e-12	2.2521202116e-05	100.0
-0.000159975595388	-0.000228058479445	-3.79586291164e-05	-0.0202593691435	-0.0221453106867	-0.00428344796402	1.66620718442e-12	2.2521202116e-05	100.0
0.00020904213388	-0.000927134663421	-0.000331580312841	0.0234039404636	-0.110598228289	-0.0396075688279	1.66620718442e-12	2.2521202116e-05	100.0
-0.000173318741321	-0.000590999224617	-0.000372297176146	-0.0224867606192	-0.0690734457825	-0.0438012303304	1.66620718442e-12	2.2521202116e-05	100.0
0.00019209219163	-0.0020694051638	-4.14252369436e-05	0.0212764126636	-0.250002367598	-0.0048700083319	1.66598641166e-12	2.2518218053e-05	100.0
0.000225924604233	-0.00201195570533	2.66849029757e-05	0.0253884850338	-0.243156661906	0.00328782519828	1.66598641166e-12	2.2518218053e-05	100.0
0.00050714376087	-0.00115022947543	2.3337197514e-05	0.0592751124204	-0.138276655672	0.00275419470484	1.66598641166e-12	2.2518218053e-05	100.0
7.68779495269e-05	-0.00033891436418	0.00036780161379	0.0069967438803	-0.0380443376624	0.042759786163	1.66598641166e-12	2.2518218053e-05	100.0
0.00013063141021	-0.00265514442346	-0.000135676717717	0.0129985622179	-0.321642751815	-0.0144395348783	1.66598641166e-12	2.2518218053e-05	100.0
0.000194886556296	-0.00254983381712	-0.000303038096337	0.0212725431498	-0.308116149506	-0.0352611844634	1.66598641166e-12	2.2518218053e-05	100.0
9.05408117951e-05	-0.00264577350799	-0.000543447456355	0.00896125340738	-0.319176471353	-0.0643230680439	1.66598641166e-12	2.2518218053e-05	100.0
7.89784302859e-05	-0.0030242195625	-0.000149194877912	0.00735249980478	-0.362504477877	-0.016416461947	1.66598641166e-12	2.2518218053e-05	100.0
-0.000344918745618	-0.00299085947425	0.000783721959754	-0.0434268103352	-0.360605941234	0.0938623654188	1.66527380348e-12	2.2508586122e-05	100.0
-0.000202626501695	-0.00167887205503	0.000116984654822	-0.0261453580628	-0.201957977509	0.0138997332009	1.66527380348e-12	2.2508586122e-05	100.0
0.00015932523676	-0.00257068474003	0.000122411222789	0.0167489621158	-0.311336316586	0.0134686418072	1.66493132911e-12	2.2503957085e-05	100.0
0.000214087270194	-0.00248336943007	0.00020235986026	0.0236200151711	-0.300317154445	0.023330463597	1.66493132911e-12	2.2503957085e-05	100.0
0.000157889203158	-0.00280109683172	0.000246177997552	0.01650647988	-0.337874470733	0.0274482866132	1.66493132911e-12	2.2503957085e-05	100.0
0.0001495523108	-0.00245492784638	9.5078491809e-05	0.0157905582697	-0.297304891339	0.010729061197	1.66493132911e-12	2.2503957085e-05	100.0
0.000486382713748	-0.00182843080547	0.000251392929077	0.0569009605815	-0.220710211411	0.0298917410418	1.66493132911e-12	2.2503957085e-05	100.0
0.00067286151353	-0.00137813203133	0.00031186154915	0.0794030963575	-0.165941068334	0.0370362671562	1.66493132911e-12	2.2503957085e-05	100.0
0.000166412635337	-0.00222159465121	0.000630885245013	0.0181377226149	-0.26793371906	0.0750935386141	1.66493132911e-12	2.2503957085e-05	100.0
0.000171184250459	-0.00291870497659	0.000382692327258	0.0185140173211	-0.351562589661	0.0445404664738	1.66493132911e-12	2.2503957085e-05	100.0
0.000165611597813	-0.00166738035276	0.000380487532648	0.0181688805785	-0.201127252497	0.0456680075974	1.66493132911e-12	2.2503957085e-05	100.0
-0.000243593541101	-0.00270210400735	0.000870962866519	-0.0312181022586	-0.325882184731	0.104137624733	1.66493132911e-12	2.2503957085e-05	100.0
8.70170015461e-05	-0.00263292763812	-1.91883006989e-05	0.00767796318848	-0.32003402774	-0.00134660827347	1.66493132911e-12	2.2503957085e-05	100.0
0.000176882605596	-0.00180857171418	-0.000263819298579	0.0195179457546	-0.218289595558	-0.0314849278031	1.66493132911e-12	2.2503957085e-05	100.0
-0.000601616386636	-0.00340597074949	9.15504676832e-06	-0.0742314164078	-0.410061369313	0.000869563028284	1.66493132911e-12	2.2503957085e-05	100.0
0.000266654021667	-0.00225270991588	-0.000144981711889	0.0301508059924	-0.272289502729	-0.0169104852991	1.66493132911e-12	2.2503957085e-05	100.0
0.000490542619434	-0.00194222849778	-0.000184778212468	0.0575121050992	-0.234387958715	-0.021824620861	1.66493132911e-12	2.2503957085e-05	100.0
0.00067482698609	-0.000540669157078	-0.000327855009577	0.0791396061671	-0.0642010818944	-0.03871514108	1.66493132911e-12	2.2503957085e-05	100.0
0.000260091114071	-0.00208048659332	-0.000536362098214	0.0295222217354	-0.251157286018	-0.0641074742584	1.66493132911e-12	2.2503957085e-05	100.0
-0.000351128197903	-0.00320710943582	-8.21984266184e-05	-0.0438284177051	-0.385618839646	-0.00970344049441	1.66493132911e-12	2.2503957085e-05	100.0
0.000178621234146	-0.0011819405114	0.000938187713256	0.0198459334064	-0.141791367507	0.112501457671	1.66434193123e-12	2.2495990519e-05	100.0
0.000633510449397	0.000187269478529	0.000103447640335	0.0719472695767	0.0222805634801	0.0114746104838	1.66434193123e-12	2.2495990519e-05	100.0
-0.0004149562169	-0.00258278453959	1.7186747755e-05	-0.0514276371642	-0.31164726769	0.00239377023041	1.66434193123e-12	2.2495990519e-05	100.0
-0.000239099326171	-0.00288663583338	-0.000419114191316	-0.0303681247893	-0.348125024641	-0.049819514482	1.66434193123e-12	2.2495990519e-05	100.0
0.000483273501539	6.82776556725e-05	-0.000910776378116	0.0559560909405	0.00843926849353	-0.10782250031	1.66434193123e-12	2.2495990519e-05	100.0
-0.000103169187434	6.89915862419e-05	-0.000254359212507	-0.013326498696	0.0136207754585	-0.0237762641582	1.66434193123e-12	2.2495990519e-05	100.0
0.000230591216557	-0.00203064577483	2.27814008492e-05	0.0258739775932	-0.245314570752	0.00267183602182	1.66389284224e-12	2.2489920431e-05	100.0
0.000568899715489	-0.000268235931797	0.00043247009729	0.0658427792761	-0.031395056371	0.0510190758719	1.66389284224e-12	2.2489920431e-05	100.0
9.68642950879e-05	-0.0027492885865	-0.000131532100985	0.00859496167373	-0.333038574111	-0.0127110875598	1.66389284224e-12	2.2489920431e-05	100.0
8.53394373881e-05	-0.00288877650409	-0.000464654912759	0.00840820276221	-0.347826322801	-0.0545760619825	1.66389284224e-12	2.2489920431e-05	100.0
0.000398069870162	0.000392369324619	-9.68811850007e-05	0.0413000298571	0.044953192745	-0.0105197670713	1.66341257349e-12	2.2483428904e-05	100.0
0.000536963196115	9.50068651412e-05	-0.000186362869194	0.0602534444224	0.0124350065416	-0.0209106463506	1.66341257349e-12	2.2483428904e-05	100.0
0.000114494465502	-0.00259613015401	0.000473129886962	0.0118736453695	-0.313476192701	0.0559371207417	1.66337938214e-12	2.2482980275e-05	100.0
0.000334973269068	-0.00197515258224	-4.49465993101e-06	0.0385508981501	-0.238602098253	-0.000793934170754	1.66337938214e-12	2.2482980275e-05	100.0
0.000361490822977	-0.000180227814245	-0.000331456716957	0.0401533816543	-0.0198294060366	-0.0381698597305	1.66337938214e-12	2.2482980275e-05	100.0
0.000710052869155	-0.00125916868795	-0.000888906826666	0.0839177303039	-0.151636216928	-0.106504145624	1.66337938214e-12	2.2482980275e-05	100.0
-0.000162784134454	-0.00169104049213	-0.000749751880726	-0.021373146345	-0.203583504668	-0.0901484069542	1.66337938214e-12	2.2482980275e-05	100.0
-0.0001099743713	7.07500200135e-05	0.000335863126734	-0.0144366885742	0.0120519268381	0.034146209189	1.66294839751e-12	2.2477154894e-05	100.0
2.76399472763e-05	0.000232758593234	0.000315267901824	-0.000365885685059	0.0286185565009	0.0291416060895	1.66294839751e-12	2.2477154894e-05	100.0
-0.000211633603613	-0.00107817338506	0.000997576144311	-0.027259316738	-0.129228094927	0.119408067709	1.66294839751e-12	2.2477154894e-05	100.0
-2.49153373063e-06	-0.00112630275867	0.000676527929351	-0.00201172617644	-0.134845272997	0.0808569520628	1.66294839751e-12	2.2477154894e-05	100.0
0.000426686569403	0.000176615778101	0.000347689020817	0.0469293015823	0.0216904336532	0.0388628552912	1.66294839751e-12	2.2477154894e-05	100.0
-0.000147727696495	-4.84606933085e-05	-3.25994336168e-05	-0.0178490347737	0.00241235468249	-0.00312281697369	1.66294839751e-12	2.2477154894e-05	100.0
0.000688136982821	0.000529876896871	-5.84743000029e-05	0.0792074305507	0.0620211241274	-0.00668501380823	1.66294839751e-12	2.2477154894e-05	100.0
0.000184533819418	-0.0023163601733	-1.68073422004e-05	0.020229901078	-0.280286891061	-0.00189133657391	1.66286994523e-12	2.2476094498e-05	100.0
0.00048911492146	-0.00151210797936	5.99548937169e-05	0.0571865922803	-0.182359009768	0.00739981743424	1.66286994523e-12	2.2476094498e-05	100.0
-0.000471975333998	-0.00309095742477	0.000410893032196	-0.0585463966492	-0.371994271161	0.0487876613469	1.66286994523e-12	2.2476094498e-05	100.0
0.000388474839181	-0.00243196343476	-0.000497431817912	0.0448480367961	-0.293542122408	-0.0590102556388	1.66286994523e-12	2.2476094498e-05	100.0
-1.85837340237e-05	-0.000656583284845	-0.000571671507942	-0.00401378891653	-0.077655719678	-0.0677789657825	1.66248472444e-12	2.2470887681e-05	100.0
-2.16275399433e-05	-0.00127438992907	-0.000850827971845	-0.00424067187617	-0.152965270927	-0.101975490608	1.66248472444e-12	2.2470887681e-05	100.0
0.000172118700918	-0.00211645399208	7.12576236822e-05	0.0187960534521	-0.255805725512	0.00846511272282	1.66236453152e-12	2.24692631e-05	100.0
0.000425078877008	-0.00130781481865	0.000217338802236	0.0494706621403	-0.157436287626	0.0260705131911	1.66236453152e-12	2.24692631e-05	100.0
0.000823630218622	-1.1991434217e-05	0.000379411660323	0.0964523324669	-0.00127939218702	0.0448772270268	1.66236453152e-12	2.24692631e-05	100.0
0.000402876480815	-0.000169909504247	0.000492453920382	0.0456289407628	-0.0192882033549	0.0575168428295	1.66236453152e-12	2.24692631e-05	100.0
-4.73686873145e-05	-0.00308964652329	0.000428713477651	-0.00750938372927	-0.371730584418	0.0505245674964	1.66236453152e-12	2.24692631e-05	100.0
0.000340272133666	-0.00123065147698	-0.000264470848809	0.0392240238369	-0.147991553058	-0.0316598551335	1.66236453152e-12	2.24692631e-05	100.0
-0.000815373509591	-0.00323540298752	0.000555887587817	-0.100276281086	-0.39001598751	0.0668597107635	1.66236453152e-12	2.24692631e-05	100.0
0.000438639212396	-0.00205360184348	-0.000683300335437	0.0510924677485	-0.247780904554	-0.081699127953	1.66236453152e-12	2.24692631e-05	100.0
-0.000600448708699	-0.00333943939611	-0.000172082450716	-0.0740785537446	-0.401940898379	-0.02037370167	1.66236453152e-12	2.24692631e-05	100.0
0.000168332538045	-0.0026346109937	-0.000278970565735	0.0179973502708	-0.318248163843	-0.0319879107104	1.66236453152e-12	2.24692631e-05	100.0
4.69632517189e-05	-0.00292888563734	-0.000676186268739	0.00381861505209	-0.352900772342	-0.0804021428789	1.66236453152e-12	2.24692631e-05	100.0
0.000117326853998	-0.00305194630862	-0.000536363530621	0.0122239700928	-0.367308935671	-0.0635583501669	1.66236453152e-12	2.24692631e-05	100.0
-7.90310835621e-05	-0.00203235059562	-0.00141181333231	-0.0113372475381	-0.244822593473	-0.170057767233	1.66202155426e-12	2.2464627266e-05	100.0
0.000132537869879	-0.00262210922338	6.9478420377e-05	0.0130984390753	-0.318091272363	0.00693726682494	1.66186263811e-12	2.2462479284e-05	100.0
0.00029425645817	-0.00203944800151	0.000462604680322	0.0335723917137	-0.246184841515	0.0550651025431	1.66186263811e-12	2.2462479284e-05	100.0
0.000353515810148	-0.00248616539059	0.000883446649886	0.0407735717273	-0.299868943078	0.105664040337	1.66186263811e-12	2.2462479284e-05	100.0
0.000225185673034	-0.00225533773002	4.15409057062e-05	0.0251416078135	-0.272775434953	0.00473077457613	1.66186263811e-12	2.2462479284e-05	100.0
0.000492992701754	-0.00134384554552	0.000190609613075	0.0577072483125	-0.161812314231	0.0227518418447	1.66186263811e-12	2.2462479284e-05	100.0
7.34607608222e-05	-0.00310397722332	0.000641532077983	0.00697764991102	-0.373716003443	0.0763276887885	1.66186263811e-12	2.2462479284e-05	100.0
0.000175855488236	-0.00251016295481	-6.86849821185e-05	0.018750906671	-0.304125371267	-0.00754875450367	1.66186263811e-12	2.2462479284e-05	100.0
0.00053605210558	-0.00165532748629	-0.000238254124134	0.0629022337387	-0.199594867404	-0.028159380189	1.66186263811e-12	2.2462479284e-05	100.0
0.000635452334369	-0.000486652999868	-0.000538361053183	0.0743546329697	-0.0579120838779	-0.0639446788339	1.66186263811e-12	2.2462479284e-05	100.0
-5.40362449805e-05	-0.00302902475162	1.49864677706e-05	-0.00756035735685	-0.362221605288	0.00144236067575	1.66186263811e-12	2.2462479284e-05	100.0
0.000126971582424	-0.00280538904081	-0.000132853687295	0.0117741987306	-0.338872551937	-0.0126844449891	1.66186263811e-12	2.2462479284e-05	100.0
0.000386730524314	-0.000350641453936	0.00128339407494	0.0447527102274	-0.0420269404465	0.153264977731	1.66155888698e-12	2.2458373648e-05	100.0
-0.000116580060969	-0.000113143316043	0.000109748701637	-0.0149702410796	-0.00695887229078	0.0111925047812	1.66155888698e-12	2.2458373648e-05	100.0
0.00034150815041	-0.000335412763372	0.000695265189627	0.0389705522977	-0.0391165333748	0.0823920308355	1.66155888698e-12	2.2458373648e-05	100.0
-0.000541387073078	-0.00280607658923	0.000309734490359	-0.06693885743	-0.338538662098	0.0371583782307	1.66155888698e-12	2.2458373648e-05	100.0
-0.000551299430347	-0.00182119032427	-8.88630642722e-05	-0.0682905041177	-0.219183588783	-0.010604162212	1.66155888698e-12	2.2458373648e-05	100.0
-0.000184466034496	-0.000485685209495	-6.6095739717e-05	-0.0236294822693	-0.0552976628925	-0.00764333652762	1.66155888698e-12	2.2458373648e-05	100.0
0.00058452351274	-0.000202836961074	0.000157364284871	0.067349502234	-0.0227708979712	0.0184676116997	1.66155888698e-12	2.2458373648e-05	100.0
3.49473252235e-05	-0.00139654980049	-0.000575816065964	0.00251899000901	-0.167698926532	-0.0692166188533	1.66155888698e-12	2.2458373648e-05	100.0
-3.96536351015e-05	-0.00198357464957	-0.00028558221464	-0.0064366997507	-0.238929753709	-0.0339275276471	1.66155888698e-12	2.2458373648e-05	100.0
-0.000273333738025	-0.000798722280143	-0.000259977948924	-0.0344813933299	-0.0944446168265	-0.0307143871466	1.66155888698e-12	2.2458373648e-05	100.0
-0.000521739517373	-0.00266841552398	-0.000560419544421	-0.0646060560055	-0.321546771976	-0.0666452841089	1.66136426499e-12	2.245574305e-05	100.0
-0.000274668201685	-4.22754976097e-05	-0.00017000873729	-0.0325266453212	0.000425941994985	-0.0174137444764	1.66109672261e-12	2.2452126827e-05	100.0
0.00025038824096	-0.00214784560433	-2.17285427004e-05	0.0282745348567	-0.259625572065	-0.00234853023226	1.66086941216e-12	2.2449054397e-05	100.0
0.000509662613547	-0.0016813484874	-0.000142802510805	0.0597480113754	-0.202868759224	-0.0169500228942	1.66086941216e-12	2.2449054397e-05	100.0
0.000306474081593	7.15164815912e-05	-3.28765410944e-05	0.0296007413638	0.0118356338489	-0.00348999102636	1.66086941216e-12	2.2449054397e-05	100.0
0.00021509681205	-0.00256313502449	-0.000208486477475	0.0235545823235	-0.310072872205	-0.0239309263319	1.66086941216e-12	2.2449054397e-05	100.0
0.000324408291976	-0.00234439309911	-0.000329850787829	0.0371205626808	-0.2832192405	-0.0389141624616	1.66086941216e-12	2.2449054397e-05	100.0
0.000608055309527	-0.00161312923079	-0.00137940722702	0.0715898844228	-0.194395448308	-0.165693910312	1.66086941216e-12	2.2449054397e-05	100.0
0.000456722949807	-0.000775305497513	-0.00107042255255	0.0534225994	-0.0928382596159	-0.128281123098	1.66086941216e-12	2.2449054397e-05	100.0
-0.000196959809141	-0.00186159360074	-0.000936599570799	-0.0255166682534	-0.224117513386	-0.112614104176	1.66063506113e-12	2.2445886804e-05	100.0
-0.000172732963117	-0.00227791557196	-0.000822991677849	-0.0226339392771	-0.274604252595	-0.0986260526814	1.66063506113e-12	2.2445886804e-05	100.0
0.000374738946863	-0.000548352097394	-0.000816595153383	0.0432182511815	-0.0654081445905	-0.0971926309296	1.66063506113e-12	2.2445886804e-05	100.0
-0.000252869366262	-0.00118306578584	-0.000861785229006	-0.0322135980217	-0.141937606562	-0.103094014021	1.66063506113e-12	2.2445886804e-05	100.0
0.000138048587031	-0.00250075143543	6.12625392575e-05	0.0141137334211	-0.303069652426	0.00665044477604	1.66037807963e-12	2.2442413327e-05	100.0
0.000704972363286	-0.00119657292803	0.000449421349297	0.0831609294404	-0.144071547494	0.0535864549986	1.66037807963e-12	2.2442413327e-05	100.0
-7.92369317527e-05	-0.00253695698077	0.00119117810358	-0.0113872759117	-0.305867984963	0.142777940602	1.66037807963e-12	2.2442413327e-05	100.0
-0.000246677687098	-0.000597085201521	0.000851959080658	-0.0314110717181	-0.0707815642245	0.10143977642	1.66017390255e-12	2.2439653578e-05	100.0
-8.46127624796e-05	-0.00254065274881	-0.00121407265491	-0.0120033981701	-0.306323972796	-0.145707227401	1.65989026739e-12	2.2435819838e-05	100.0
-0.000579016212702	-0.00288948826295	-0.000686432435432	-0.0715404706874	-0.347976461998	-0.0819455206516	1.65989026739e-12	2.2435819838e-05	100.0
0.000375008617933	-0.00202715996385	0.000253099570287	0.0433023546923	-0.244778016515	0.029797183226	1.658924198e-12	2.2422762012e-05	100.0
0.000118008660881	-0.0028131424287	0.000327686106063	0.0120328491973	-0.339061414803	0.0375141665601	1.658924198e-12	2.2422762012e-05	100.0
0.000698810025844	-0.000552289653024	0.000759031677648	0.0822820019983	-0.0662754792321	0.0904995073689	1.658924198e-12	2.2422762012e-05	100.0
0.000494025083747	-0.00189429656448	-0.000217360605688	0.0578152116734	-0.228749477236	-0.0257837635943	1.658924198e-12	2.2422762012e-05	100.0
0.000570135179224	-0.00196221045297	-0.000295313942433	0.0669513473371	-0.236833660104	-0.0349859564373	1.658924198e-12	2.2422762012e-05	100.0
0.000105302271298	-0.00287186843081	-0.000440273339038	0.0106856678886	-0.345860136623	-0.0515502624423	1.658924198e-12	2.2422762012e-05	100.0
8.614824636e-05	-0.00291546864016	-0.000256589059426	0.00822524644921	-0.350553514316	-0.0287067649237	1.658924198e-12	2.2422762012e-05	100.0
-0.000110531523922	-0.000696322213228	0.000968473744526	-0.0150384924291	-0.0830110412685	0.115525094511	1.65879294131e-12	2.2420987888e-05	100.0
-0.000329514188179	-0.000834848050949	0.00073489503738	-0.0414236599037	-0.099556045686	0.0876083970704	1.65879294131e-12	2.2420987888e-05	100.0
7.71991794132e-05	-0.00112340783818	0.0013491315723	0.00757545662441	-0.135032578849	0.161835540119	1.65879294131e-12	2.2420987888e-05	100.0
-0.000405519822322	-0.00110286332204	0.000757211138434	-0.0506367511174	-0.131986830414	0.0906878816939	1.65879294131e-12	2.2420987888e-05	100.0
8.53042310047e-05	-0.000401545062172	6.37315023763e-05	0.00807118355367	-0.0448842590164	0.007291639584	1.65879294131e-12	2.2420987888e-05	100.0
-0.000254879993797	-0.00172787123326	-0.000643093264923	-0.032431843582	-0.207926438211	-0.0774427681223	1.65879294131e-12	2.2420987888e-05	100.0
0.000593931232371	0.000257007664328	-0.00062342826663	0.0687714219466	0.0309837970017	-0.0730858625831	1.65879294131e-12	2.2420987888e-05	100.0
-0.000254826652971	-0.000123856459863	-0.000428626030751	-0.0315900216614	-0.0119181099397	-0.0485122243425	1.65879294131e-12	2.2420987888e-05	100.0
0.000317675473973	0.000334995625088	-0.000306104959621	0.0327952721875	0.0392216358654	-0.0326525756098	1.65879294131e-12	2.2420987888e-05	100.0
0.000173410823668	-0.00235785123337	9.80450736389e-06	0.0187972792925	-0.285466739976	0.00107090570696	1.65797120399e-12	2.2409880918e-05	100.0
0.000604578863561	-0.00115621730123	5.06546407869e-05	0.0710133525567	-0.139223511033	0.00597014051394	1.65797120399e-12	2.2409880918e-05	100.0
0.000668174076264	-0.00124800656752	0.000998689420183	0.078864684538	-0.150292884281	0.119713421862	1.65797120399e-12	2.2409880918e-05	100.0
-0.000630621838757	-0.00286638610258	0.000744151510239	-0.0777804638873	-0.345256461006	0.088899909297	1.65797120399e-12	2.2409880918e-05	100.0
0.000188523638712	-0.00229391672645	-5.69161588454e-06	0.0206751647358	-0.277636532601	-0.00044653982794	1.65797120399e-12	2.2409880918e-05	100.0
0.000676224981657	-0.00120660048379	-0.000196381518878	0.0797400999754	-0.145320908476	-0.0234005892869	1.65797120399e-12	2.2409880918e-05	100.0
0.000403397665833	0.000116327381236	-0.000105895021238	0.0422548448963	0.0153828307366	-0.011426143864	1.65797120399e-12	2.2409880918e-05	100.0
0.000257038215618	-0.000121891138755	-1.28809060656e-05	0.0263182399177	-0.0107724419166	-0.00123728372684	1.65797120399e-12	2.2409880918e-05	100.0
-0.000499143658547	-0.00336021035686	0.000408028545636	-0.0619006848794	-0.404374428833	0.0486468487983	1.65797120399e-12	2.2409880918e-05	100.0
0.000146749222514	-0.0025939261711	-0.000124974195786	0.0150476433539	-0.314287347516	-0.0136681034305	1.65797120399e-12	2.2409880918e-05	100.0
0.000659798055247	-0.00185233082726	-0.00041396211759	0.0777849677785	-0.223445354913	-0.0491602223429	1.65797120399e-12	2.2409880918e-05	100.0
0.000312938483422	-0.00107443988412	-0.00103186907152	0.0359090463154	-0.129114154265	-0.123474761931	1.65797120399e-12	2.2409880918e-05	100.0
-0.00054549732775	-0.0025274697593	-0.00110291016054	-0.0677346899303	-0.304760505616	-0.132401602827	1.65797120399e-12	2.2409880918e-05	100.0
0.000395710310555	-0.00251413056924	-0.000484031417113	0.0456521145427	-0.303344421557	-0.0572317071244	1.65797120399e-12	2.2409880918e-05	100.0
0.000269789405793	-0.00279280557066	-0.000915953664373	0.0306679601281	-0.33668502457	-0.109442388408	1.65797120399e-12	2.2409880918e-05	100.0
0.000166738624984	-0.00314248586461	-0.00018160820541	0.017910304485	-0.377441835757	-0.0208216370084	1.65797120399e-12	2.2409880918e-05	100.0
0.000297881057695	-0.000673538428044	0.00106164855032	0.0341156203755	-0.080628536018	0.126875454251	1.65787414444e-12	2.2408569018e-05	100.0
-0.000451652120006	-0.00109142938443	0.000265414403355	-0.056102066035	-0.130338139826	0.031620259965	1.65787414444e-12	2.2408569018e-05	100.0
0.000337727929874	-0.000879251595056	0.000698174520341	0.038936686591	-0.105250194357	0.0833587859909	1.65787414444e-12	2.2408569018e-05	100.0
-0.000529227239462	-0.0015580844889	-2.76453674384e-05	-0.0655863700381	-0.187236399731	-0.00335398813864	1.65787414444e-12	2.2408569018e-05	100.0
0.000332063789268	-0.00228088218778	0.00018355533523	0.03802315573	-0.275669736503	0.0214356729383	1.65749948453e-12	2.2403504947e-05	100.0
0.000707760634991	-0.00146362701511	0.0005089656562	0.083579811695	-0.176428667615	0.0607610619047	1.65749948453e-12	2.2403504947e-05	100.0
0.000345134394623	-0.00269829890954	0.000871200730733	0.0397102415352	-0.325294835472	0.103996654073	1.65749948453e-12	2.2403504947e-05	100.0
0.000190670819922	-0.0024040212323	3.06665332122e-05	0.0207186006121	-0.291126029858	0.00337227263463	1.65749948453e-12	2.2403504947e-05	100.0
0.000736167843865	-0.000999002983403	0.000173430813952	0.0868061650315	-0.120258221779	0.0206350243296	1.65749948453e-12	2.2403504947e-05	100.0
-0.000354336517973	-0.00286339667153	0.00116504276555	-0.0445625872744	-0.345150834868	0.139727457237	1.65749948453e-12	2.2403504947e-05	100.0
0.000306699191782	-0.00218010617266	-9.07618118725e-05	0.0350085387655	-0.263541624287	-0.0105226968045	1.65749948453e-12	2.2403504947e-05	100.0
0.000585351773794	-0.00157397190614	-0.000241286934641	0.068800334042	-0.189885072606	-0.0286435747072	1.65749948453e-12	2.2403504947e-05	100.0
2.95701569254e-05	-0.00312057270579	0.000157742062815	0.001691620517	-0.374341371999	0.0181972507179	1.65749948453e-12	2.2403504947e-05	100.0
0.000266030119953	-0.00232147665341	-0.000139011137349	0.0299473703034	-0.280697114538	-0.0160310108523	1.65749948453e-12	2.2403504947e-05	100.0
0.000466459606962	-0.00175786404726	-0.000455334454289	0.054447722981	-0.212064639369	-0.0543485035256	1.65749948453e-12	2.2403504947e-05	100.0
0.000227678297964	-0.00283906742364	-0.000378509705794	0.0252166595532	-0.342364892635	-0.0440428860507	1.65749948453e-12	2.2403504947e-05	100.0
0.000136636900274	-0.00250965994672	-1.38995075951e-06	0.0139919288202	-0.304392985474	-7.68794126937e-05	1.65703027956e-12	2.2397162963e-05	100.0
0.000827539202134	-0.00048590685269	5.79923175123e-05	0.097320081879	-0.0582002773286	0.00698906849325	1.65703027956e-12	2.2397162963e-05	100.0
-0.000262940854953	-0.00201390234514	0.00108977687354	-0.0335708458483	-0.242690871269	0.130766619687	1.65703027956e-12	2.2397162963e-05	100.0
0.00109852160082	-0.00177960609054	-0.000992593812299	0.130805322859	-0.214596771607	-0.11890266523	1.65703027956e-12	2.2397162963e-05	100.0
1.22384525731e-05	-0.00307379851624	-0.000218279723496	-0.000321830413721	-0.368881631494	-0.025144331176	1.65703027956e-12	2.2397162963e-05	100.0
0.000330911070855	-0.00114883949802	0.00108833985964	0.0382324937631	-0.138125670399	0.130565267982	1.65695786207e-12	2.2396184135e-05	100.0
-3.1586972539e-05	-0.00143635974165	6.5640025615e-05	-0.00538770382975	-0.172347602178	0.00778504441525	1.65695786207e-12	2.2396184135e-05	100.0
0.000176087690592	-0.00269162204406	0.00022588957705	0.0186084618295	-0.32529548289	0.0253247712334	1.65656459489e-12	2.239086856e-05	100.0
-0.000100982170637	0.000135172768478	0.000209150947902	-0.0122620331245	0.0222633140176	0.015824793	1.65650022379e-12	2.2389998491e-05	100.0
-0.000647634560336	-0.00188691161231	-0.000587477278519	-0.0799950583206	-0.227243931461	-0.070454332493	1.65650022379e-12	2.2389998491e-05	100.0
-0.000342934729632	-0.00229638288642	-0.000680118849178	-0.043079099085	-0.276794697816	-0.0814818307019	1.65650022379e-12	2.2389998491e-05	100.0
-0.0002211622805	6.5674864413e-05	-0.000126598312813	-0.0245480765155	0.0156317253681	-0.011241298911	1.65650022379e-12	2.2389998491e-05	100.0
0.000121285897754	-0.00268680930035	3.85924290699e-05	0.0110226175101	-0.326496669873	0.00310928684097	1.65610192761e-12	2.2384614942e-05	100.0
0.000876109249862	-0.00108892107018	0.000915776036978	0.103935749068	-0.131104742856	0.109629452105	1.65610192761e-12	2.2384614942e-05	100.0
0.000889521515629	-0.00138753141531	0.00165702806497	0.105595839889	-0.167363467546	0.199118264793	1.65610192761e-12	2.2384614942e-05	100.0
9.81556831811e-05	-0.00270059587105	1.44047935557e-05	0.00793926974757	-0.328842792767	0.000557904365324	1.65610192761e-12	2.2384614942e-05	100.0
0.000398267810954	-0.00193408999089	1.83689670718e-05	0.0461922915316	-0.233583170729	0.00178296196245	1.65610192761e-12	2.2384614942e-05	100.0
0.000609207478987	-0.00163136598147	6.77099761621e-05	0.0717502457667	-0.196805734513	0.00773304061181	1.65610192761e-12	2.2384614942e-05	100.0
0.000490546097672	-0.00021270687207	0.000713732240976	0.0567673059044	-0.0251081058606	0.0844203410425	1.65610192761e-12	2.2384614942e-05	100.0
0.000605318541964	-0.00030984236293	0.00099481506183	0.0709604486223	-0.0370239550683	0.118629779419	1.65610192761e-12	2.2384614942e-05	100.0
8.28660541423e-05	-0.00284325036526	0.000102523578078	0.00631715227332	-0.34198173745	0.00753135380764	1.65610192761e-12	2.2384614942e-05	100.0
0.000204767924133	-0.00285814956008	0.000617810325351	0.0227259684053	-0.344234355119	0.0732758672284	1.65610192761e-12	2.2384614942e-05	100.0
0.000438287612873	6.66161759273e-05	0.000232561529307	0.0479291866759	0.00893125349667	0.0257507538198	1.65610192761e-12	2.2384614942e-05	100.0
0.000669656645186	-0.000821831598369	0.000581125108227	0.0788071519083	-0.0986364419882	0.0690674982535	1.65610192761e-12	2.2384614942e-05	100.0
0.00012609863306	-0.00267864461262	-1.28930261933e-05	0.0115168457369	-0.325712064594	-0.000950393456925	1.65610192761e-12	2.2384614942e-05	100.0
0.000618051119293	-0.000228379268115	-0.000444303307661	0.0717231039203	-0.0268760419926	-0.0522430467653	1.65610192761e-12	2.2384614942e-05	100.0
8.81509583077e-05	-0.000671435052317	0.000265019521765	0.00875484645372	-0.0790147519291	0.0313448913004	1.65610192761e-12	2.2384614942e-05	100.0
0.000169322004628	-0.00257749551572	-4.27157400764e-05	0.0175636596191	-0.312591807208	-0.0044039346392	1.65610192761e-12	2.2384614942e-05	100.0
0.000946104677077	-0.000560176785371	-0.000515439240727	0.112022881453	-0.0672198176278	-0.0613311452928	1.65610192761e-12	2.2384614942e-05	100.0
0.000524340675017	-0.000152530192771	-0.000716124138724	0.0608650897312	-0.0178306831565	-0.0847393172544	1.65610192761e-12	2.2384614942e-05	100.0
0.000378683832136	-0.000531994019304	-0.000385759142339	0.0434089907559	-0.062572515489	-0.045541654427	1.65610192761e-12	2.2384614942e-05	100.0
-0.000740412365776	-0.00343686262989	0.000102816777512	-0.0909729648506	-0.413642558225	0.0123283856741	1.65610192761e-12	2.2384614942e-05	100.0
0.000843501994243	-0.000428310846593	-0.00091547619755	0.0998079224521	-0.0513763862521	-0.109336661521	1.65610192761e-12	2.2384614942e-05	100.0
-0.000891858826972	-0.00327233710734	-0.000355810531593	-0.109358992505	-0.394088039438	-0.0425844292604	1.65610192761e-12	2.2384614942e-05	100.0
0.000156436328174	-0.00275700267751	-0.000545088541792	0.016893728066	-0.332243185411	-0.0643534504038	1.65610192761e-12	2.2384614942e-05	100.0
7.30404580484e-05	-0.00289821445326	-0.000144601399611	0.0061934062049	-0.347533033628	-0.014012852333	1.65610192761e-12	2.2384614942e-05	100.0
-7.01225305876e-05	-6.14838016501e-05	0.000730172682465	-0.0102341949827	-0.00635016364087	0.0849689632752	1.65604258551e-12	2.2383812848e-05	100.0
3.07889618478e-05	0.000272030473981	0.000824645133134	0.00170320666008	0.032736636588	0.0962844666407	1.65604258551e-12	2.2383812848e-05	100.0
-0.000203341757765	2.77134373919e-05	0.000116631126368	-0.0230302329432	0.0110879205921	0.0104090180546	1.65604258551e-12	2.2383812848e-05	100.0
0.000680392330544	0.000562850261638	0.000292422982843	0.0786477785732	0.0664678028128	0.033845556903	1.65604258551e-12	2.2383812848e-05	100.0
0.000346002872159	0.000118120069559	0.00050688761054	0.0382919026149	0.0146542240014	0.0581053232084	1.65604258551e-12	2.2383812848e-05	100.0
0.000251483978448	-0.000218539888737	0.000292716752953	0.0271208869212	-0.0235891014394	0.0333088957329	1.65604258551e-12	2.2383812848e-05	100.0
-0.000247246137735	-0.000480254419209	-0.000166573928803	-0.0310885497318	-0.0548069069746	-0.0193598040665	1.65604258551e-12	2.2383812848e-05	100.0
9.11493221541e-05	-0.000892629915554	-0.000214487481024	0.00927302109729	-0.106051120588	-0.0255172851191	1.65604258551e-12	2.2383812848e-05	100.0
-0.000354992060077	-0.0021194696695	-0.000505615231153	-0.0445455851902	-0.255378815373	-0.0605503532282	1.65604258551e-12	2.2383812848e-05	100.0
9.62794126053e-05	-0.00265310510359	8.1206813701e-06	0.00817981588122	-0.322678011653	0.000812181656769	1.65564177483e-12	2.2378395311e-05	100.0
0.000555096859831	-0.000595110842109	9.2817438818e-05	0.0645342972256	-0.070663757413	0.0105731811302	1.65564177483e-12	2.2378395311e-05	100.0
0.000319779854286	-0.0020258309702	-0.00141497321867	0.0367522955233	-0.244271355033	-0.169842386122	1.65564177483e-12	2.2378395311e-05	100.0
-0.000410431363005	-0.00363719893521	-0.000707097840932	-0.0512924017844	-0.437981864236	-0.0846295944515	1.65564177483e-12	2.2378395311e-05	100.0
0.000834489040023	0.000353982488021	-7.84884886868e-05	0.0971514432367	0.0415896506492	-0.0094351484661	1.65558595302e-12	2.2377640799e-05	100.0
0.000140315436335	-0.00271987782952	0.000108615894651	0.0134867368802	-0.329472790945	0.0106508979319	1.65518413655e-12	2.2372209667e-05	100.0
0.000191459865612	-0.00258607558089	0.000202138768523	0.0205925578705	-0.312799077777	0.0229055693594	1.65518413655e-12	2.2372209667e-05	100.0
0.00033658719595	-0.00243225210812	0.000345927416252	0.0384853678579	-0.293695477583	0.0406034437007	1.65518413655e-12	2.2372209667e-05	100.0
0.000100206843051	-0.00280082361219	0.000118546688947	0.0085621113406	-0.338590108915	0.0104137470287	1.65518413655e-12	2.2372209667e-05	100.0
0.000340867868222	-0.00261103885424	0.000487305375878	0.0389952504851	-0.315102165682	0.057574672674	1.65518413655e-12	2.2372209667e-05	100.0
-0.000111842511693	-0.00067936398195	0.00109175828343	-0.0152372495568	-0.0811764776628	0.130322439376	1.65467369385e-12	2.2365310295e-05	100.0
-0.000276776991806	-0.000713714623881	0.000581086544255	-0.0349926786794	-0.0844750495979	0.0689889686919	1.65467369385e-12	2.2365310295e-05	100.0
0.000620563918321	0.000290087878276	-0.000630373816216	0.0718809291419	0.0347702886772	-0.0738742663351	1.65467369385e-12	2.2365310295e-05	100.0
-0.000124921258715	3.22838403996e-05	-0.000262592773882	-0.0157489735889	0.00910167881895	-0.0257403694523	1.65467369385e-12	2.2365310295e-05	100.0
0.000220277548676	-0.00244851825642	0.000115478401472	0.0241752493761	-0.296376163306	0.0131118080524	1.65338174576e-12	2.2347847747e-05	100.0
0.000820655476415	-0.00100750505361	0.000349758090173	0.0969869838988	-0.121271242609	0.0413377019631	1.65338174576e-12	2.2347847747e-05	100.0
0.000151384946811	-0.00217874201628	0.00130528987723	0.0164544707999	-0.262632797805	0.156471047034	1.65338174576e-12	2.2347847747e-05	100.0
0.000165069152906	-0.00253395730772	4.43752875194e-05	0.0171762509939	-0.307177488793	0.00468485578328	1.65338174576e-12	2.2347847747e-05	100.0
0.000331543460371	-0.0022435903443	3.06746977696e-05	0.0379021413602	-0.271340079055	0.00329346821601	1.65338174576e-12	2.2347847747e-05	100.0
0.000949578098641	-0.000888844810343	0.000369250316963	0.112621173744	-0.107023465072	0.0440471622265	1.65338174576e-12	2.2347847747e-05	100.0
0.000568967956246	-8.12036432682e-05	0.000389594805162	0.0652954179133	-0.00899724300663	0.0453018489467	1.65338174576e-12	2.2347847747e-05	100.0
0.000497147901772	-0.00133833283257	0.00101478202437	0.0580773301596	-0.161250016582	0.121455600587	1.65338174576e-12	2.2347847747e-05	100.0
0.000191447607603	-0.00270063990349	0.00124239565731	0.0212450269003	-0.325443288047	0.148824153282	1.65338174576e-12	2.2347847747e-05	100.0
0.000215613774207	-0.00238900434323	-6.35003174093e-05	0.0237357604579	-0.289232966916	-0.00718410589834	1.65338174576e-12	2.2347847747e-05	100.0
0.000844220052592	-0.00084017044395	-0.000187839353592	0.0997723235374	-0.101034726686	-0.022053762404	1.65338174576e-12	2.2347847747e-05	100.0
0.000405824496304	0.000252782156458	-0.000145414270465	0.0422795058278	0.0303595633085	-0.0154333770078	1.65338174576e-12	2.2347847747e-05	100.0
0.000333189257259	-9.78802296014e-05	-0.00014171788766	0.0356618848562	-0.00880941638568	-0.0158339027134	1.65338174576e-12	2.2347847747e-05	100.0
-0.000746530817968	-0.00344736475016	0.000276397598739	-0.0917266385095	-0.41492395733	0.03303407626	1.65338174576e-12	2.2347847747e-05	100.0
0.000225766733296	-0.00246439503594	-7.5486751009e-05	0.0247744811496	-0.298363998994	-0.00833039920259	1.65338174576e-12	2.2347847747e-05	100.0
0.000872667307356	-0.00136423245274	-0.000476573102761	0.103446724787	-0.164571133207	-0.0567006112815	1.65338174576e-12	2.2347847747e-05	100.0
0.000917446931616	-0.000773233688078	-0.000714616286714	0.108880813908	-0.0929263631983	-0.0854117139713	1.65338174576e-12	2.2347847747e-05	100.0
0.00060967161935	-0.000787443141662	-0.000829355195361	0.0717179964744	-0.0944028680487	-0.0992169044166	1.65338174576e-12	2.2347847747e-05	100.0
-0.000300612483196	-0.00348272123354	1.98034752068e-05	-0.0380060898639	-0.418858599722	0.00240862661177	1.65338174576e-12	2.2347847747e-05	100.0
0.000119099973172	-0.00283150959701	-0.000158899853659	0.0112628298008	-0.341100529496	-0.0158111879831	1.65338174576e-12	2.2347847747e-05	100.0
0.000427719982361	0.000431279106468	0.000172120931705	0.0459912424433	0.049558167439	0.0187943641314	1.65330882538e-12	2.2346862122e-05	100.0
-0.000104065051649	-0.000856468565966	-0.00143579293873	-0.0142769804438	-0.102796232248	-0.172115631809	1.65330882538e-12	2.2346862122e-05	100.0
3.40378886442e-05	-0.0001865518554	-0.00096685269886	0.00220691956487	-0.0218827074626	-0.11443334547	1.65330882538e-12	2.2346862122e-05	100.0
0.000169506387546	-0.00264446284662	0.000108446167162	0.0174354038641	-0.320347745961	0.0114103400328	1.65249614025e-12	2.2335877506e-05	100.0
0.000453066143782	-0.00229134279242	0.000418242452003	0.0526603942282	-0.276720571574	0.0495913487908	1.65249614025e-12	2.2335877506e-05	100.0
0.000534054180091	-0.00233558489486	0.000835745075013	0.0625680924113	-0.281773514348	0.0999039165186	1.65249614025e-12	2.2335877506e-05	100.0
0.000204883610787	-0.00274601115676	0.000391679763387	0.0224845711502	-0.331244155898	0.0456031264387	1.65249614025e-12	2.2335877506e-05	100.0
0.000114665690746	-0.00263581796636	-1.14470545135e-05	0.0104842770016	-0.32038648887	-0.00100032592908	1.65249614025e-12	2.2335877506e-05	100.0
0.000179706378528	-0.00241255733729	-1.02630713206e-05	0.0193656188126	-0.292231005826	-0.000965452994768	1.65249614025e-12	2.2335877506e-05	100.0
0.000736228405222	-0.00077507333719	-0.000367565455315	0.0866404057682	-0.0932745223657	-0.0438131835064	1.65249614025e-12	2.2335877506e-05	100.0
-0.000641264290702	-0.0032551181684	0.000250544207512	-0.0789481874485	-0.392169038895	0.0296869872602	1.65249614025e-12	2.2335877506e-05	100.0
0.000136182777995	-0.00264961342722	-7.00070857158e-05	0.0131936553873	-0.321573712509	-0.00698580028375	1.65249614025e-12	2.2335877506e-05	100.0
0.000744664686327	-0.00107880631071	-0.000660688535896	0.0878763602581	-0.129888437635	-0.0787636572856	1.65249614025e-12	2.2335877506e-05	100.0
0.000706169514885	-0.0010983637352	-0.00119263131631	0.0834014244457	-0.132300829128	-0.143006434923	1.65249614025e-12	2.2335877506e-05	100.0
-0.000645397952172	-0.00312633129644	-0.000478300500115	-0.0794964050027	-0.376411422036	-0.0569898638184	1.65249614025e-12	2.2335877506e-05	100.0
-0.000298784137527	-0.00356313037716	-0.000233552894012	-0.0378372864521	-0.428669899556	-0.0278914751348	1.65249614025e-12	2.2335877506e-05	100.0
-9.00864197528e-05	0.000114313318465	0.000290046732029	-0.0119714255415	0.0176933040713	0.0271520514363	1.6524010923e-12	2.2334592795e-05	100.0
0.000309955461759	-0.00017141012612	-4.72558766714e-05	0.0333601327066	-0.0173050505108	-0.0053206700349	1.6524010923e-12	2.2334592795e-05	100.0
-0.000268942434393	-0.000591739287256	-0.000344584897845	-0.0338550203948	-0.0690553850385	-0.0404878116153	1.6524010923e-12	2.2334592795e-05	100.0
0.0001442284559	-0.000614068249743	0.00150183338011	0.0156462252135	-0.0736162705326	0.180026719488	1.65194747721e-12	2.2328461531e-05	100.0
-0.00048264802134	-0.00104847857109	0.00044102095141	-0.0598272281154	-0.125162028912	0.0526076304543	1.65194747721e-12	2.2328461531e-05	100.0
0.000326600621275	-0.000922938539258	0.000401724504118	0.0376164239564	-0.110113956745	0.0478064639489	1.65194747721e-12	2.2328461531e-05	100.0
-0.000435939415607	-0.00162456908773	-0.000348432386912	-0.0543103174107	-0.195240623695	-0.0419316145493	1.65194747721e-12	2.2328461531e-05	100.0
0.000287354328981	-0.000509082430202	-0.00138541871091	0.0328557647944	-0.0609285918131	-0.165840424176	1.65194747721e-12	2.2328461531e-05	100.0
-0.000124208468537	-0.00117585396381	-0.00129869778534	-0.0167100023055	-0.141326630333	-0.155686799619	1.65194747721e-12	2.2328461531e-05	100.0
0.000171005430688	-0.000158937929355	-0.00121682942015	0.0187201838852	-0.0189214402386	-0.14498113441	1.65194747721e-12	2.2328461531e-05	100.0
-0.000120977677986	-5.38568064759e-05	-0.00079528293393	-0.0162902824234	-0.00553376764614	-0.0930768654937	1.65194747721e-12	2.2328461531e-05	100.0
0.000803221110954	-0.00142700958718	-0.000123785598728	0.0952210848403	-0.172094045605	-0.0148435784134	1.65162008982e-12	2.2324036416e-05	100.0
8.60298044937e-05	-0.00293669768724	0.000130530382061	0.00768933404136	-0.351593189275	0.013031432261	1.65162008982e-12	2.2324036416e-05	100.0
0.000475176858416	-0.00241039810127	-0.000359066312326	0.0552210806067	-0.291119310127	-0.0423571470487	1.65162008982e-12	2.2324036416e-05	100.0
0.000625644439878	0.000233901512664	0.000697394129354	0.0727699995021	0.0281954794412	0.0820798917255	1.65149486791e-12	2.2322343861e-05	100.0
-0.000218893288599	-0.000327419437368	7.49971248889e-05	-0.0273593055777	-0.0352252946323	0.00858998976759	1.65149486791e-12	2.2322343861e-05	100.0
0.000364712831571	-0.000643783606721	-0.000794857910367	0.0421700682173	-0.076654931025	-0.0949538723374	1.65149486791e-12	2.2322343861e-05	100.0
-0.000338404257448	-0.00113947879092	-0.000522532533459	-0.0424631171018	-0.136345639024	-0.0622414298155	1.65149486791e-12	2.2322343861e-05	100.0
0.000128426675227	-0.00276211880401	4.1701130571e-05	0.010595233827	-0.335369653111	0.00250932599444	1.6511855849e-12	2.2318163453e-05	100.0
0.000335566177668	-0.00239371421962	0.000161448193941	0.038190743357	-0.289371009342	0.0185310757538	1.6511855849e-12	2.2318163453e-05	100.0
0.000721794747109	-0.00171836943004	0.000476272462754	0.0852063642527	-0.207234404224	0.0566056306454	1.6511855849e-12	2.2318163453e-05	100.0
0.000154195821719	-0.00284153920414	0.000140586342711	0.0150713079061	-0.342552549224	0.0139446507155	1.6511855849e-12	2.2318163453e-05	100.0
0.000283981702167	-0.00236317692147	0.000824442881191	0.0323560509285	-0.285036771325	0.098432058644	1.6511855849e-12	2.2318163453e-05	100.0
0.000161379437615	-0.00245319894657	1.16965914923e-05	0.0170669777047	-0.29729635857	0.00130442382923	1.6511855849e-12	2.2318163453e-05	100.0
0.000425186985245	0.000252611844929	0.000109850729165	0.0445765899191	0.0305132412785	0.0119448108478	1.6511855849e-12	2.2318163453e-05	100.0
0.000431108495697	-0.00175312447138	0.00115266555041	0.0502320417762	-0.211389046116	0.138311967695	1.6511855849e-12	2.2318163453e-05	100.0
0.000427197668275	-0.00255358333807	-0.00103250820642	0.0496751103172	-0.307971109217	-0.123534685946	1.6511855849e-12	2.2318163453e-05	100.0
3.18282829416e-06	-0.00297645195534	-0.000136414453398	-0.00112489668344	-0.356317914522	-0.0142839968925	1.6511855849e-12	2.2318163453e-05	100.0
