# x[AU] y[AU] z[AU] vx[AU/yr/2pi] vy[AU/yr/2pi] vz[AU/yr/2pi] m[MSUN] m[mtot] wf[%]
3.24300311725e-06	0.00100875206935	-1.72122353622e-07	0.00134184153755	0.122001765181	-1.85929725161e-05	4.88613157362e-08	0.660072784042	9.05066696942
-9.82597386797e-06	-0.0020241016415	4.1095021932e-08	-0.00306946471977	-0.244781655188	9.15635919063e-06	2.39879337601e-08	0.324055584302	8.86471694132
7.31464511146e-05	-0.00183108815773	-2.78578074434e-05	0.00689245844231	-0.228411742745	-0.00215712493511	8.60156451945e-12	0.00011619946278	0.0
7.06978445115e-05	-0.00184682132799	2.96572245871e-05	0.00663031123484	-0.231091447661	0.00238694377423	4.31712472403e-12	5.8320503505e-05	0.0
8.14487460415e-05	-0.00182407086955	-0.000115570386578	0.00828526482104	-0.22523891317	-0.0104201001208	4.31712472403e-12	5.8320503505e-05	0.0
4.40819499525e-05	-0.00172284234892	-3.50414122505e-05	0.0047545349026	-0.212936598932	-0.00381886100935	4.30862220702e-12	5.8205642085e-05	0.0
6.94178060102e-05	-0.00179253523518	6.23503397103e-05	0.00688903385736	-0.222518465482	0.00586311292753	8.60443607397e-12	0.000116238254923	0.0
5.17839255059e-05	-0.00169526160565	-2.59192506285e-05	0.00545103808944	-0.20934894191	-0.00264647720261	8.57432900672e-12	0.000115831535305	0.0
-4.34669625428e-05	-6.64190788205e-07	0.000161728876265	-0.00591164355767	0.00136109096195	0.0194202939153	4.29396923263e-12	5.8007693474e-05	0.0
6.37570162127e-05	-0.00177246089018	8.22675315726e-05	0.00652527444889	-0.219337947887	0.00749946710874	4.29293124865e-12	5.7993671236e-05	0.0
5.35004448015e-06	-0.00147062917968	0.000164068035669	0.000174759491036	-0.179578532462	0.0188408318779	4.29149798589e-12	5.7974309135e-05	0.0
-0.000110130646819	0.000509409408405	0.000237430567874	-0.0137928591335	0.0648794299542	0.0267927813202	4.29104738819e-12	5.7968221962e-05	0.0
4.04657113024e-06	0.000392839264443	0.000177742426417	-0.000391905140474	0.0504470447882	0.0204112965856	4.29104738819e-12	5.7968221962e-05	0.0
8.74277852673e-05	-0.00173616022765	-6.10754773176e-05	0.00924144458477	-0.214603690949	-0.00604615516502	4.28575487687e-12	5.7896724856e-05	0.0
0.000112155394021	-0.000660672684581	0.000135335891188	0.012916307107	-0.0798212620676	0.0160819858802	4.28518861235e-12	5.7889075128e-05	0.0
4.68880455088e-05	-0.000408225856446	0.000188396201691	0.00496553847971	-0.0488725934083	0.0225403190288	4.28518861235e-12	5.7889075128e-05	0.0
-8.22514026398e-05	0.000745084677799	-0.000108031922616	-0.00975225698679	0.097542825099	-0.00977169560309	4.28372115244e-12	5.7869251054e-05	0.0
9.89816343355e-05	-0.00126053276766	9.28349986468e-05	0.0112172183323	-0.153768841312	0.010923809284	4.28287628176e-12	5.7857837604e-05	0.0
8.46839041674e-05	-0.00128209671142	0.000178110999978	0.0095157277006	-0.156353885871	0.0210380584733	4.28287628176e-12	5.7857837604e-05	0.0
0.00011705768766	-0.00141123870174	0.000109069544664	0.0133194749818	-0.172513403578	0.0129795659107	4.28287628176e-12	5.7857837604e-05	0.0
8.402297595e-05	-0.00166294992814	-0.000183494141304	0.00925265251038	-0.203780711981	-0.0200898841055	4.28287628176e-12	5.7857837604e-05	0.0
-5.58856912848e-05	0.0004306892831	0.00020404629675	-0.00742226590226	0.0552081716082	0.0235357687291	4.28225218384e-12	5.7849406598e-05	0.0
-9.53569325302e-05	0.000239342637061	6.85276899733e-05	-0.0121212407301	0.0313611292322	0.0083008000625	4.28078220944e-12	5.7829548555e-05	0.0
2.3136011099e-05	-0.00159636833267	0.000295312681747	0.00216954113177	-0.194829136985	0.0339116562402	4.27999316057e-12	5.7818889209e-05	0.0
6.25182439071e-05	-0.00182463485986	-5.56988945625e-05	0.00600664894517	-0.227179163812	-0.00416726914478	4.27999316057e-12	5.7818889209e-05	0.0
7.23332291253e-05	-0.00124732575956	0.000241953970398	0.00804162443457	-0.152057488356	0.0286509010448	4.27854983983e-12	5.7799391234e-05	0.0
0.000111137173585	-0.000974766641849	0.000139576651367	0.0127235644769	-0.118490912377	0.0167189157945	4.27854983983e-12	5.7799391234e-05	0.0
0.00018095375677	-0.00133509728665	-0.000386045312468	0.0211196431417	-0.162451859067	-0.0457002380083	4.27854983983e-12	5.7799391234e-05	0.0
0.000107461836587	3.16086888695e-05	0.00031562884737	0.0122153426156	0.00506154982185	0.0375642188601	4.27636474274e-12	5.7769872521e-05	0.0
6.58216487208e-05	-4.8263009176e-05	0.000143082057591	0.00721553314912	-0.00453393719719	0.0171338686965	4.27636474274e-12	5.7769872521e-05	0.0
0.000214893825337	-0.00048455209574	-4.47482259492e-05	0.0253146857086	-0.0582288173549	-0.00527789480518	4.27636474274e-12	5.7769872521e-05	0.0
0.000151583850625	-0.00149918934782	0.000216501169605	0.0173738131163	-0.183240676576	0.0250041308728	4.27421283701e-12	5.7740802195e-05	0.0
5.83246008073e-05	-0.00177156273669	-1.43973599405e-05	0.00569610722432	-0.220008191539	-0.00153209682475	4.27421283701e-12	5.7740802195e-05	0.0
8.42873297461e-05	-0.00177292997527	-0.000149347244386	0.00884388800455	-0.218314705104	-0.0150804480651	4.27421283701e-12	5.7740802195e-05	0.0
-1.77536067664e-05	0.000315876773459	-0.000268945735295	-0.00301322552288	0.0403268578293	-0.0312753003048	4.27341373015e-12	5.7730006974e-05	0.0
-0.000136169876982	0.000487740978261	-0.000204832728812	-0.0169860141728	0.062385206723	-0.0233724430524	4.27341373015e-12	5.7730006974e-05	0.0
8.76023291754e-05	-0.000213150004187	2.18081949892e-05	0.00993017215544	-0.02484528598	0.00277633791915	4.27193671516e-12	5.7710053819e-05	0.0
0.000300634763373	-0.000840365494788	-0.000143113620567	0.0356323526076	-0.102068692531	-0.0171085044721	4.27131563463e-12	5.7701663575e-05	0.0
0.000264565318556	-0.00101616327504	-0.000154177001993	0.0312082185056	-0.123613136427	-0.018494543198	4.27131563463e-12	5.7701663575e-05	0.0
0.000119722756943	-0.00109889222842	-0.000486150181842	0.0137915564811	-0.133552564676	-0.0581119355862	4.27131563463e-12	5.7701663575e-05	0.0
5.09703584919e-05	-0.00162146917088	-0.000240712565202	0.00536759050015	-0.198369388601	-0.0271941859742	4.2698657762e-12	5.7682077282e-05	0.0
7.82568089788e-05	-0.00180741987138	-0.000113399857315	0.00792973468453	-0.223396245295	-0.0103357893057	4.2698657762e-12	5.7682077282e-05	0.0
7.41622562479e-05	-0.00166411781615	0.000187950835586	0.00799925028736	-0.20397740264	0.0206224817982	4.26841390617e-12	5.7662463813e-05	0.0
-3.52293774546e-05	0.00045494355428	0.000261020299061	-0.00507780267883	0.0579262300437	0.0297080260613	4.26601507692e-12	5.763005777e-05	0.0
4.80914061794e-05	-0.00136224828413	0.000302559296521	0.00517204962103	-0.16585660385	0.0355415870075	4.26550765161e-12	5.7623202906e-05	0.0
7.25271693523e-06	-0.0015173647888	0.000201312606644	0.000374828292238	-0.185205885227	0.0229593526129	4.26550765161e-12	5.7623202906e-05	0.0
-6.12910738709e-05	0.000468498682976	7.30593663523e-05	-0.00810097014374	0.0604829779905	0.00818852709579	4.26453152424e-12	5.7610016296e-05	0.0
-8.72163915165e-05	0.000761683093996	-0.000130013627694	-0.0103218732944	0.0992534335039	-0.0117682760665	4.26453152424e-12	5.7610016296e-05	0.0
-0.000152459228338	0.000494772510602	-0.000222651406341	-0.0185872739778	0.0632760069608	-0.0254763893641	4.26453152424e-12	5.7610016296e-05	0.0
7.75363387642e-05	-0.00188409437722	0.000102735035239	0.00657983154119	-0.233089225084	0.00669299810488	4.26259687096e-12	5.7583880857e-05	0.0
7.4848149727e-05	-0.0012935142367	0.000232583532541	0.00822510017648	-0.157688485762	0.0273150596064	4.26259687096e-12	5.7583880857e-05	0.0
0.000110168493735	-0.00145813539504	0.000279306610231	0.0124884106756	-0.177896336298	0.0324897834401	4.26259687096e-12	5.7583880857e-05	0.0
-0.000132454377407	0.000618121564373	0.000172880659972	-0.0160400864303	0.0791393445363	0.0183324720478	4.26156089858e-12	5.7569885794e-05	0.0
-0.000101149893299	0.000568676526437	0.000174823276706	-0.0126093866933	0.0729813693378	0.0191782541783	4.26156089858e-12	5.7569885794e-05	0.0
0.00013319203675	-0.00120623512364	5.41224638072e-05	0.0152633972119	-0.147186608373	0.00654574713886	4.26113946904e-12	5.7564192657e-05	0.0
8.88809532701e-05	-0.00182457456549	0.000111962025861	0.00863750551988	-0.225657312904	0.0101266072771	4.25968106132e-12	5.754449087e-05	0.0
7.23752090276e-05	-0.00183289665887	-4.41383413039e-05	0.00632573928604	-0.228546371068	-0.00343558527294	4.2582211449e-12	5.7524768701e-05	0.0
4.4395220035e-05	-0.00144147445369	7.96212647297e-05	0.00473911313779	-0.176225864353	0.00936264128061	4.2582211449e-12	5.7524768701e-05	0.0
0.000162972713267	-0.00129676744189	-0.000317222762563	0.0189004977677	-0.158014023801	-0.037610526102	4.2582211449e-12	5.7524768701e-05	0.0
0.000145532538171	-0.00110076140375	-0.000456268885183	0.0168278748032	-0.133701879267	-0.0545879933327	4.2582211449e-12	5.7524768701e-05	0.0
9.35108686878e-05	-0.00131863913548	0.000146358357205	0.010444992407	-0.160962779834	0.0172731936271	4.25676022268e-12	5.7505032946e-05	0.0
0.000114065620354	-0.00125879275513	4.48142467298e-05	0.0129524957389	-0.153612964924	0.00532710466937	4.25676022268e-12	5.7505032946e-05	0.0
3.469987141e-05	-0.000625271674565	0.000343203867587	0.00343413116246	-0.0755732435791	0.0409725331308	4.25676022268e-12	5.7505032946e-05	0.0
2.13261849462e-05	-0.00135935018252	0.000177595286742	0.00197611272785	-0.165770347127	0.0208589339384	4.25676022268e-12	5.7505032946e-05	0.0
5.4739907159e-05	-0.0018008193003	0.0001191388864	0.00565974238939	-0.222441494316	0.0111773194034	4.25676022268e-12	5.7505032946e-05	0.0
0.000110387316743	-0.00164170940509	-0.000203245264714	0.0121700221193	-0.201209959724	-0.0228034051762	4.25676022268e-12	5.7505032946e-05	0.0
0.000189363133221	-0.000578378789766	-0.000168918181527	0.0221348365947	-0.0699353858957	-0.020025016245	4.25529829467e-12	5.7485283602e-05	0.0
0.000213208216599	-0.000706061271031	0.000103595689708	0.0250569452574	-0.0856429936361	0.0123066068841	4.25237041545e-12	5.7445730566e-05	0.0
0.000115584722671	-0.00154879341528	0.000212566992105	0.0129972906295	-0.189143133093	0.0239565510934	4.25090446424e-12	5.7425926873e-05	0.0
0.000147862344875	-0.00191462415086	0.000306120309933	0.0161410985835	-0.232625583311	0.0329480308158	4.25090446424e-12	5.7425926873e-05	0.0
0.000107947797214	-0.00164347779671	-9.0111237713e-05	0.0118128172015	-0.202135304736	-0.00983283875001	4.25090446424e-12	5.7425926873e-05	0.0
0.000226354751532	-0.000510317034045	-0.000397523100862	0.0266478234082	-0.0616757444898	-0.0477955820058	4.25090446424e-12	5.7425926873e-05	0.0
0.000116747822381	-0.0010669505306	0.000226858046376	0.0133828588197	-0.12985768333	0.0269783056519	4.24796954442e-12	5.7386278725e-05	0.0
2.28227939744e-05	-0.00128273584772	0.000280039042601	0.00215937408318	-0.156121177865	0.0328191399626	4.24796954442e-12	5.7386278725e-05	0.0
0.000411888573157	-0.000178687445416	0.00015690638794	0.0490235064824	-0.0210899528819	0.0189203166785	4.24796954442e-12	5.7386278725e-05	0.0
0.000199724177431	-1.06021713215e-05	0.000518841719403	0.0233090737644	-0.000482837036641	0.062330356399	4.24796954442e-12	5.7386278725e-05	0.0
-6.59438467175e-06	-0.00137458015704	0.000297882294985	-0.00131044888887	-0.167256228243	0.0349808653616	4.24796954442e-12	5.7386278725e-05	0.0
0.000170855720903	-0.00113620917293	-0.000220983501652	0.0198397206322	-0.138419027477	-0.0264007640159	4.24502959562e-12	5.7346562639e-05	0.0
-0.000107831375677	0.000466913351214	7.44065874529e-05	-0.0134065350244	0.0603173677711	0.00829035680595	2.92794761802e-12	3.9553960155e-05	100.0
9.55888967409e-05	-0.000908886257162	0.000596434459264	0.0109902482491	-0.110158048017	0.0715495984227	1.47243207089e-12	1.9891243649e-05	100.0
-6.4374870085e-05	-0.00027271950945	0.000136777912582	-0.00848198018373	-0.032201045133	0.0166146429229	1.47243207089e-12	1.9891243649e-05	100.0
-4.63765677388e-05	-0.000103968552929	-0.000159379875204	-0.00623195999214	-0.0114393717078	-0.0192141972595	1.47243207089e-12	1.9891243649e-05	100.0
-0.000112582150248	-0.0015279631567	9.08146317486e-05	-0.0135994663886	-0.186686661727	0.0107935449754	1.47243207089e-12	1.9891243649e-05	100.0
0.000132933078539	-0.000283190097137	-0.000167634438717	0.0154221905779	-0.033456586153	-0.0199930697758	1.47243207089e-12	1.9891243649e-05	100.0
-6.98078018232e-06	0.000517842292591	-0.000306879204037	-0.00166891924583	0.0657326766791	-0.0350717261377	1.47243207089e-12	1.9891243649e-05	100.0
6.78613774548e-05	0.000671301731636	-0.00023040216051	0.00653557279308	0.0853116547183	-0.024300505275	1.47243207089e-12	1.9891243649e-05	100.0
-3.99188976886e-05	0.00077495515262	-0.000585709512595	-0.00555254663548	0.0950708412112	-0.0676375914977	1.47243207089e-12	1.9891243649e-05	100.0
-0.000106351772158	0.000209542031356	0.000293421365168	-0.0135406454146	0.0271302933706	0.0342401742529	1.47147706528e-12	1.9878342376e-05	100.0
5.70998985288e-05	0.00019856933568	-0.000468021232812	0.0061434619444	0.0255275836426	-0.0555384971259	1.47147706528e-12	1.9878342376e-05	100.0
-0.00018007147214	-0.000779201326694	-0.000266370675562	-0.0224894459371	-0.094390029634	-0.0316516748099	1.47052608287e-12	1.9865495452e-05	100.0
-0.000135427914663	3.56882188611e-06	0.000542800218306	-0.0170141618369	0.00142141569227	0.0646352952292	1.47005184891e-12	1.9859088974e-05	100.0
1.94364416899e-05	0.000424419503726	0.00015397499494	0.00136359649961	0.0544112561278	0.0172616759579	1.47005184891e-12	1.9859088974e-05	100.0
0.000482258566271	0.000569450703612	0.000352749304466	0.0566638334453	0.070279562268	0.0409935534496	1.46957862075e-12	1.9852696084e-05	100.0
5.60984928892e-05	0.000519801746998	-0.000213198997711	0.00535324021636	0.0660388075166	-0.0237048075388	1.46957862075e-12	1.9852696084e-05	100.0
0.000166582429846	0.000218244789423	-0.000490119713295	0.0194678346076	0.0276482733047	-0.0578557836984	1.46957862075e-12	1.9852696084e-05	100.0
0.000200979228603	0.000793146296233	-0.000159668475382	0.0199092677201	0.0994992144123	-0.0154113319757	1.46957862075e-12	1.9852696084e-05	100.0
2.96739902301e-05	0.000473176733317	-0.000764824418587	0.00290067793196	0.0581998852701	-0.0906880292807	1.46957862075e-12	1.9852696084e-05	100.0
0.000252994512374	0.000139764939301	0.000699652197991	0.0299218812613	0.0178222612607	0.0836243592902	1.46910589549e-12	1.9846309987e-05	100.0
-0.000127045259061	0.00029561039448	0.000202081405701	-0.0158605146554	0.0382031937185	0.0234653364385	1.46910589549e-12	1.9846309987e-05	100.0
1.89970620785e-05	0.000226495541136	-7.9565758572e-05	0.00141114307753	0.0295984143924	-0.0092113836619	1.46863417602e-12	1.9839937478e-05	100.0
7.38314920615e-05	0.000180472752377	-0.000295871335019	0.00817702843767	0.0237694576742	-0.0351521291416	1.46863417602e-12	1.9839937478e-05	100.0
0.000421798512116	0.00101171061882	0.000427926110087	0.0486013184887	0.121892809809	0.0490426187419	1.46675685326e-12	1.9814576522e-05	100.0
0.000200423094398	0.000782422632236	0.000156088573171	0.0196759944611	0.0981917141731	0.0155681091932	1.46675685326e-12	1.9814576522e-05	100.0
0.000282305332839	-4.1846255047e-05	0.000870111194303	0.0335700312263	-0.00458586370189	0.104191261129	1.46582347232e-12	1.9801967379e-05	100.0
-5.58234698631e-05	0.000531323690458	0.000160171042521	-0.00737641901466	0.0682966267129	0.0176095402908	1.46582347232e-12	1.9801967379e-05	100.0
-2.62901077428e-05	0.000523919185168	0.000287936895809	-0.0040976641378	0.0661119993755	0.0323009786952	1.46582347232e-12	1.9801967379e-05	100.0
-0.000418835633828	-0.00143162754194	-5.55165185596e-05	-0.0509003206408	-0.174052379767	-0.00686302883229	1.46535829054e-12	1.9795683188e-05	100.0
-0.000100730145399	-0.000148789991294	-0.000128783842944	-0.0128528515939	-0.0168393785929	-0.0152578497314	1.46535829054e-12	1.9795683188e-05	100.0
0.000378815946596	0.000552169426961	-0.000366565083449	0.0441794307563	0.0683253458914	-0.0425982414894	1.46535829054e-12	1.9795683188e-05	100.0
0.000400581243387	0.0010032756745	-0.000276607875075	0.044930783049	0.120870258095	-0.0306149726763	1.46535829054e-12	1.9795683188e-05	100.0
-4.67616082874e-05	7.88500172282e-05	-0.000444880896871	-0.00630395012166	0.0109290855839	-0.0529782694649	1.46489361167e-12	1.9789405791e-05	100.0
-3.42932058952e-05	-0.00113735588277	-0.000155633819867	-0.00467037137278	-0.13825402851	-0.0180752618779	1.46489361167e-12	1.9789405791e-05	100.0
6.61184698667e-05	0.000772272559559	-0.000460429855523	0.00669313014301	0.0951166600503	-0.0524797594163	1.4644299386e-12	1.9783141981e-05	100.0
0.000554053012026	0.000712006082517	0.000692021169991	0.0658301275943	0.0868130809459	0.0825657298007	1.46396727132e-12	1.9776891759e-05	100.0
-0.000234265650821	-9.70383761685e-05	-5.71704074963e-07	-0.0289492944709	-0.0104477831736	-0.000148627585387	1.46396727132e-12	1.9776891759e-05	100.0
-2.36280849123e-05	0.000776266545952	-7.71387945831e-05	-0.00405299395259	0.102462828075	-0.00477377809937	1.46396727132e-12	1.9776891759e-05	100.0
-0.000173079258253	0.00043214714139	-0.000415919636589	-0.0212570151967	0.0544160869392	-0.0483268638462	1.46396727132e-12	1.9776891759e-05	100.0
0.000462246287046	0.00142966176035	-0.000210947852749	0.0537188139806	0.170698244659	-0.0245171607771	1.46396727132e-12	1.9776891759e-05	100.0
0.000233919704808	0.00100704476451	-0.000592772125466	0.0267329914192	0.122195886607	-0.0686846243762	1.46396727132e-12	1.9776891759e-05	100.0
7.62000139819e-05	0.000777533540188	-0.000466646563192	0.0079455258947	0.095955126661	-0.0526839335438	1.46396727132e-12	1.9776891759e-05	100.0
-0.000205256059009	0.000548942078512	-0.000615618368584	-0.025160790783	0.0677925287187	-0.072184712141	1.46396727132e-12	1.9776891759e-05	100.0
7.33001864511e-05	0.00101893515607	0.00045258989588	0.00742106821877	0.123263247083	0.0497957245576	1.46304394836e-12	1.976441849e-05	100.0
0.000377807398451	0.00124654036082	0.000290139691915	0.0429103799044	0.148880694338	0.0326686464362	1.46258329268e-12	1.9758195442e-05	100.0
-0.000194443382863	-0.00145176711242	0.000273931138694	-0.0238482249107	-0.17680703422	0.032425818243	1.46258329268e-12	1.9758195442e-05	100.0
-1.61417230199e-05	0.000363464921516	-0.000162209193476	-0.00258398343683	0.0469513242356	-0.0190151556418	1.46258329268e-12	1.9758195442e-05	100.0
-3.04414264079e-05	0.000815751607352	-0.000244491771359	-0.00473837636552	0.102808021524	-0.0231628676792	1.46258329268e-12	1.9758195442e-05	100.0
9.1806671497e-05	0.000541550254298	-0.000592378212947	0.0102915773496	0.0670228575763	-0.069467847369	1.46258329268e-12	1.9758195442e-05	100.0
0.000203513428764	0.000580291260269	0.00082749303149	0.0238008666066	0.0711670340277	0.0983537131462	1.4621241457e-12	1.9751992776e-05	100.0
-0.000145442804147	-0.00176693124269	-0.000324028055828	-0.0173283614869	-0.215183599705	-0.0369852584764	1.4621241457e-12	1.9751992776e-05	100.0
-8.64670600021e-05	-0.00106343738915	-0.000561406123704	-0.0110973241985	-0.128903848088	-0.0672795083987	1.4621241457e-12	1.9751992776e-05	100.0
0.000511153006231	0.000587025948746	0.000276321632137	0.0599460498781	0.0724575792151	0.03234557111	1.46120736043e-12	1.9739607825e-05	100.0
0.000236847560224	0.00113367139637	9.52303411696e-05	0.0219310494286	0.133098348968	0.00864156874235	1.46029409546e-12	1.972727043e-05	100.0
-0.000270858832104	0.000233770305736	-0.000198958635612	-0.0331913371966	0.030410164172	-0.0233128152111	1.46029409546e-12	1.972727043e-05	100.0
-0.000297522592065	-0.000773862135526	2.93639008874e-05	-0.0366891744074	-0.0934394195757	0.00393118595205	1.46029409546e-12	1.972727043e-05	100.0
-0.000265178838932	-0.000484847399616	-0.000792388183236	-0.0327497202096	-0.0582514182422	-0.0951028690227	1.46029409546e-12	1.972727043e-05	100.0
0.000161827622584	0.00108207459827	-0.00032698570443	0.0164463881163	0.129277918847	-0.0341145033457	1.46029409546e-12	1.972727043e-05	100.0
0.000221558043105	0.00114925369897	-7.6946234202e-05	0.0199281984445	0.134101580337	-0.00715765114928	1.45983846877e-12	1.972111532e-05	100.0
0.000410541699167	0.0008909903856	-6.99443921363e-05	0.0449490300189	0.109010041166	-0.00779907671836	1.45938384788e-12	1.9714973798e-05	100.0
1.49914670029e-05	0.000677610808534	0.000661807236024	0.0011100759357	0.0830753990179	0.077394020619	1.45893023279e-12	1.9708845862e-05	100.0
-0.000228886886657	0.000578220063021	0.00018870028233	-0.0273442594064	0.0738565786271	0.0210062450111	1.45893023279e-12	1.9708845862e-05	100.0
-0.000138199511044	-7.32599890875e-05	0.000404347275974	-0.0173761127006	-0.00765762348675	0.0483896193223	1.45893023279e-12	1.9708845862e-05	100.0
-0.000139908640872	-0.000692288585027	-0.00119346881065	-0.0176052363847	-0.0836298307645	-0.143829603298	1.45893023279e-12	1.9708845862e-05	100.0
-0.000164655731828	-0.000607728235479	-0.000405675924062	-0.0206256319302	-0.0731290589703	-0.0482077843505	1.45893023279e-12	1.9708845862e-05	100.0
6.22974320944e-05	0.000888652773518	-0.000605435535614	0.00652827346493	0.10790923053	-0.0696464252254	1.45893023279e-12	1.9708845862e-05	100.0
-1.82824907688e-06	0.000743383754793	-0.000787006446476	-0.000848043931061	0.0905920474012	-0.0927543601247	1.45893023279e-12	1.9708845862e-05	100.0
-1.00057301711e-05	-9.06016260899e-07	0.00066114987511	-0.00179973107664	0.000719456573691	0.0787611371373	1.4584771206e-12	1.9702724721e-05	100.0
-8.47648994779e-05	0.00065608051321	0.000277860226135	-0.0104677662753	0.0832931079609	0.0303157220258	1.4584771206e-12	1.9702724721e-05	100.0
-0.000937028662401	-0.000792948824572	4.81056604718e-05	-0.114191568592	-0.0955649132791	0.00584738324908	1.4584771206e-12	1.9702724721e-05	100.0
-3.82137469788e-05	-0.000650539087887	9.11456408116e-05	-0.00524096348646	-0.0785208278073	0.0110538485091	1.4584771206e-12	1.9702724721e-05	100.0
0.000714872789496	0.000408595530117	0.000531758541661	0.0853745820914	0.0497841943204	0.0632454404263	1.4584771206e-12	1.9702724721e-05	100.0
0.000266856425684	0.000633949161263	-0.000824755450413	0.0313877031079	0.0772734643088	-0.0978772064665	1.4584771206e-12	1.9702724721e-05	100.0
-0.000138839381642	0.000303934185174	-0.000684085429834	-0.01741180316	0.0378110774508	-0.0811767340092	1.4584771206e-12	1.9702724721e-05	100.0
-0.000316439117833	-0.000941270404927	-5.39892127335e-05	-0.038806826274	-0.11382594312	-0.00630733461315	1.45802451131e-12	1.9696610373e-05	100.0
-0.00010268490383	-0.000743110546626	0.000312808821235	-0.0130055061459	-0.0898205236855	0.0374041498461	1.45757290781e-12	1.9690509613e-05	100.0
-0.000257158806586	-0.00028330693124	0.000278434182125	-0.031728455946	-0.033406362655	0.0333766955176	1.45757290781e-12	1.9690509613e-05	100.0
0.000210010131869	0.000145844657901	0.000581533115805	0.02452457383	0.0186217919438	0.0693272544414	1.45748037436e-12	1.9689259568e-05	100.0
-0.00011309614473	-0.00175430763741	0.000485619640668	-0.014024659701	-0.213132725787	0.0566007752351	1.45748037436e-12	1.9689259568e-05	100.0
0.00036075713454	-1.52176155807e-05	-0.000760417062407	0.0428979219655	-0.00137818784918	-0.0912287237063	1.45748037436e-12	1.9689259568e-05	100.0
-7.25892072206e-06	-0.00113823515437	-0.00110569932216	-0.00162998575668	-0.137829928053	-0.132963108479	1.45748037436e-12	1.9689259568e-05	100.0
-0.000426547282421	-0.00219622443737	-0.000317941039865	-0.0511471865269	-0.264583664281	-0.0371875111993	1.45748037436e-12	1.9689259568e-05	100.0
0.000123754524943	-0.00148843852087	0.000235707977841	0.0140491737319	-0.181869724259	0.0271955350027	1.4570061404e-12	1.9682853091e-05	100.0
-0.000212258806903	-0.000554505612572	-0.000495155915284	-0.0261855385888	-0.0665119530954	-0.0592795249696	1.45667221532e-12	1.9678342061e-05	100.0
7.10976025276e-05	-0.00184769317542	4.12459150697e-05	0.00568202774078	-0.230806701543	0.00251917349	1.45653341514e-12	1.9676466994e-05	100.0
2.38551744928e-05	-0.00075902000783	0.00123872953775	0.00223238003902	-0.091770180094	0.149098119999	1.45653341514e-12	1.9676466994e-05	100.0
0.000378799496556	-0.000793035285227	0.000207623292361	0.0452176837792	-0.0962287648223	0.0247596832538	1.45606169568e-12	1.9670094485e-05	100.0
0.000105025867557	-0.00095719302855	-4.6573225715e-06	0.0119100731894	-0.116508015958	-0.000658130444415	1.45606169568e-12	1.9670094485e-05	100.0
1.29215002971e-05	0.000608520367001	0.000364963436482	0.000329509981484	0.076479128552	0.0419881294514	1.45606169568e-12	1.9670094485e-05	100.0
-0.000334290179513	-0.00167817521202	0.00110045706266	-0.0411774232556	-0.203022465667	0.132128712356	1.45606169568e-12	1.9670094485e-05	100.0
0.000537329723083	-0.000448651816192	-0.000176046184386	0.064304714876	-0.0542440692983	-0.0213488887192	1.45606169568e-12	1.9670094485e-05	100.0
0.000631023491306	-0.000530710713552	-0.000799602578033	0.0756648321601	-0.0642523938858	-0.0961200196375	1.45606169568e-12	1.9670094485e-05	100.0
-0.000600526142856	-0.00239205457956	2.99760828327e-05	-0.0724738491701	-0.287819086859	0.00347308157339	1.45606169568e-12	1.9670094485e-05	100.0
0.000255191032669	-0.00118087406334	-0.000388360723446	0.0300686243617	-0.14359266976	-0.0460234403119	1.45606169568e-12	1.9670094485e-05	100.0
0.000104946741224	-0.000952569033524	-0.000626269698998	0.0120124829918	-0.115447367665	-0.0749702492458	1.45606169568e-12	1.9670094485e-05	100.0
-0.000102621192636	-0.00134590795589	-0.00057431180839	-0.0130720653445	-0.163393306616	-0.0682319438764	1.45606169568e-12	1.9670094485e-05	100.0
-0.000436213779539	-0.00096106601536	-0.000487175995153	-0.0534691290124	-0.116080409935	-0.0582620219695	1.45606169568e-12	1.9670094485e-05	100.0
-0.000598518773075	-0.00231289006074	-4.82607990396e-05	-0.0720633335113	-0.278454480282	-0.00564227347073	1.45606169568e-12	1.9670094485e-05	100.0
7.64837597652e-05	-0.00137675196663	-0.000655518660347	0.00844732293822	-0.167240277204	-0.0780905079399	1.45606169568e-12	1.9670094485e-05	100.0
3.71196859622e-05	0.000725864900295	0.000503976221936	0.00350393935139	0.0890820472581	0.0573284123134	1.45577454022e-12	1.9666215271e-05	100.0
-1.52398194896e-05	0.000176980702854	0.000940696917486	-0.00244789620727	0.0220445834051	0.112448864988	1.45577454022e-12	1.9666215271e-05	100.0
-0.00019308755908	0.000634588486486	0.000175442134251	-0.0227764515654	0.0811779079889	0.0187476102307	1.45577454022e-12	1.9666215271e-05	100.0
-4.18118018975e-05	-0.000547261816869	-0.000185042306401	-0.00565411901755	-0.0657959858708	-0.0222474584356	1.45577454022e-12	1.9666215271e-05	100.0
-9.62350105963e-05	-0.00158791968715	0.000226307865778	-0.0116400756793	-0.193751805595	0.0262946485915	1.45577454022e-12	1.9666215271e-05	100.0
-0.000247879710216	-6.05496785497e-05	-5.50342917448e-05	-0.0305469158495	-0.00593539252338	-0.00627975678042	1.45577454022e-12	1.9666215271e-05	100.0
0.00024261144872	-0.000310232365192	-0.00095645493636	0.0287334981488	-0.037112075548	-0.114903155695	1.45577454022e-12	1.9666215271e-05	100.0
-0.000157095826846	0.000418070215146	-0.000179523197939	-0.019235742768	0.0535174699672	-0.0200073206765	1.45577454022e-12	1.9666215271e-05	100.0
0.000343137089431	0.000737103297754	-0.000874393599641	0.0405623519762	0.0895160418986	-0.103864839107	1.45577454022e-12	1.9666215271e-05	100.0
-0.000271983204016	0.000558044555263	-0.000448870104413	-0.032914436696	0.0694508074615	-0.0517988939847	1.45577454022e-12	1.9666215271e-05	100.0
0.000119658658985	-0.00117780731514	0.000576772244058	0.0136402956642	-0.143080876683	0.0687383556224	1.45559198781e-12	1.9663749151e-05	100.0
0.000130348836984	-0.00157125478378	0.000282920116717	0.0146840213858	-0.19180600107	0.0323594334697	1.45512378864e-12	1.9657424198e-05	100.0
0.000125488549624	-0.00148690034757	0.000141436950125	0.0141374794824	-0.181995878529	0.0163118122698	1.45512378864e-12	1.9657424198e-05	100.0
0.000384576183958	-0.000588256885263	0.000458758328677	0.045851310591	-0.07117990667	0.0550590195539	1.45512378864e-12	1.9657424198e-05	100.0
-8.91126056315e-05	-0.000999378635608	0.000492027467989	-0.0113854615861	-0.12112521548	0.0586100167233	1.45512378864e-12	1.9657424198e-05	100.0
0.000124167378794	-0.00106026086219	0.00113890696774	0.0142897436719	-0.128244953285	0.136865120072	1.45512378864e-12	1.9657424198e-05	100.0
0.000551812127109	-0.000104450861185	-5.72924362786e-05	0.0658496448345	-0.012216979399	-0.00676059498459	1.45512378864e-12	1.9657424198e-05	100.0
-0.000320177750986	-0.00254129518369	0.000281419645801	-0.0388598082286	-0.30575107232	0.0330346252305	1.45512378864e-12	1.9657424198e-05	100.0
0.000122936872523	0.000876114673469	0.000889114347735	0.014024439374	0.105939431997	0.105229360784	1.45488038542e-12	1.9654136038e-05	100.0
0.000101272491554	0.000743643898536	0.000299160200975	0.0102104244188	0.0930510282257	0.0318501541549	1.45488038542e-12	1.9654136038e-05	100.0
-0.00016574829405	0.000361659677192	8.60151875344e-05	-0.0203349186619	0.0468290564022	0.0100133716102	1.45488038542e-12	1.9654136038e-05	100.0
-0.00042412056157	-0.00154540015047	-0.000878580712713	-0.0519216983209	-0.18694319301	-0.10540744304	1.45488038542e-12	1.9654136038e-05	100.0
-0.000159690994278	-0.000999352543124	-0.000621484422097	-0.0200039312642	-0.12101731155	-0.0744315287632	1.45488038542e-12	1.9654136038e-05	100.0
0.000228962722923	0.000830263349397	-0.00105781247741	0.0268594848621	0.100450354326	-0.126017663089	1.45488038542e-12	1.9654136038e-05	100.0
-8.82915854497e-05	0.000469047288358	-0.00078984206451	-0.0112621087072	0.0575904570867	-0.0935806799474	1.45488038542e-12	1.9654136038e-05	100.0
0.000668274263819	-0.000196769842634	0.000932482608457	0.0802056066928	-0.0236537986408	0.111951275675	1.45443381092e-12	1.9648103214e-05	100.0
-0.000434428425498	-0.00168793018456	0.000118864342245	-0.0520697200706	-0.204910080609	0.0139626780863	1.45443381092e-12	1.9648103214e-05	100.0
0.000373645991674	-0.000999036597384	-0.000304766549261	0.0444238509858	-0.121578543999	-0.0363599943626	1.4541914135e-12	1.9644828641e-05	100.0
-7.48122035603e-05	-0.00202659629727	-0.000215393555104	-0.00769726637914	-0.244713544027	-0.0197269701031	1.4541914135e-12	1.9644828641e-05	100.0
-0.000262126902044	-0.00219352532937	-0.000335781446139	-0.0311911020347	-0.263883673483	-0.0381774824533	1.4541914135e-12	1.9644828641e-05	100.0
0.00014172159558	0.000499162926154	0.0013506062104	0.0164212701792	0.060412200797	0.161881691985	1.45398874512e-12	1.9642090772e-05	100.0
-0.000203251070284	-0.00204575775155	0.000413003299024	-0.0242588226159	-0.24740549325	0.0474805491239	1.45354418221e-12	1.9636085124e-05	100.0
-0.000103815678026	-0.000313877808048	0.000157981251086	-0.0131892229666	-0.0371065856321	0.0190135790615	1.45354418221e-12	1.9636085124e-05	100.0
-0.000196159939301	-0.000918840723246	-6.53529215279e-05	-0.024252174602	-0.111313121672	-0.00784972212853	1.45354418221e-12	1.9636085124e-05	100.0
0.000659812930232	-0.000137275411073	0.000265485712217	0.0792237274144	-0.0162458638397	0.0315415466484	1.45326507315e-12	1.963231461e-05	100.0
-0.000238705725408	-0.00148198797144	0.00134396447489	-0.029604900938	-0.179302489533	0.161619158057	1.45326507315e-12	1.963231461e-05	100.0
0.000368905112805	0.000505210537532	0.000177595047461	0.0425977994206	0.0630236391497	0.0208999470293	1.45326507315e-12	1.963231461e-05	100.0
0.000227899376752	0.000318971380466	0.000633121917376	0.0266836018996	0.0396829539217	0.0751158217064	1.45326507315e-12	1.963231461e-05	100.0
0.000401668076035	-0.00107206694513	-0.00037490423098	0.0478824855426	-0.130375946328	-0.0446856566423	1.45326507315e-12	1.963231461e-05	100.0
0.000129732135158	-0.00175653828133	-0.000119484124583	0.0136535653643	-0.21636163362	-0.0120336333266	1.45326507315e-12	1.963231461e-05	100.0
0.000276805829249	-0.000130838494923	-0.00103545092076	0.0327722290522	-0.0154364372002	-0.124364230983	1.45326507315e-12	1.963231461e-05	100.0
-0.000182358889597	-0.0013616027496	-0.000357365458297	-0.0224479067218	-0.165520100842	-0.0425969675496	1.45326507315e-12	1.963231461e-05	100.0
0.000215871112763	-0.00134466173247	-0.000430121773164	0.0251529347569	-0.163559828972	-0.0507264255187	1.45326507315e-12	1.963231461e-05	100.0
-0.000348758664417	-0.00109978819866	0.000520222885646	-0.0429077291203	-0.133303338546	0.0620218084285	1.4531001222e-12	1.963008627e-05	100.0
-0.000172893473991	0.000195225045981	5.57673668546e-05	-0.0213237416908	0.0258941768491	0.00670572938052	1.4531001222e-12	1.963008627e-05	100.0
-0.000144615222408	-0.000705381396983	0.00128560072286	-0.0182203533002	-0.0852316588102	0.154635148547	1.452657068e-12	1.9624101003e-05	100.0
-0.000153259014154	0.000591990617544	5.43275400149e-05	-0.0182922815182	0.0766945830096	0.00565507878249	1.452657068e-12	1.9624101003e-05	100.0
0.000469154752	0.00104735715266	0.000140327682893	0.0528540667104	0.125728606118	0.0155439465797	1.452657068e-12	1.9624101003e-05	100.0
-3.31300433449e-05	-0.00186723678996	0.000328823207288	-0.00439780560437	-0.227248930137	0.0359886712187	1.45234426469e-12	1.9619875309e-05	100.0
9.53795690623e-05	-0.00160427524982	-8.59814461517e-05	0.0103828365006	-0.197193894928	-0.00933652778972	1.45234426469e-12	1.9619875309e-05	100.0
0.000215096211306	-0.00076859705457	-0.000428542826038	0.025235209033	-0.0933264970707	-0.0513502434198	1.45234426469e-12	1.9619875309e-05	100.0
0.000281761126698	-0.000380707326765	-0.000383822575457	0.0333120478098	-0.0458954323399	-0.0457453416659	1.45234426469e-12	1.9619875309e-05	100.0
0.000312091449534	0.000957373151101	-0.000151326169598	0.0320821993939	0.117122049725	-0.016040453364	1.45234426469e-12	1.9619875309e-05	100.0
-0.000349417798137	-0.00215138733261	-7.6076519029e-05	-0.0402516175055	-0.258340685554	-0.00873711776421	1.45234426469e-12	1.9619875309e-05	100.0
4.31495131842e-05	-0.00160546855631	-0.00042127785498	0.00432108919092	-0.195403080452	-0.0488915117	1.45234426469e-12	1.9619875309e-05	100.0
9.92112536064e-05	-0.00160184178631	-0.000790899634108	0.0112302833417	-0.194175701976	-0.0942133993859	1.45234426469e-12	1.9619875309e-05	100.0
-0.000656991118912	-0.00177028180255	-0.000783591763382	-0.0800348889067	-0.214043808664	-0.0935702683381	1.45234426469e-12	1.9619875309e-05	100.0
-0.000441247767887	-0.00215738799977	-0.00101011803626	-0.0539134160279	-0.260595163209	-0.121021017069	1.45234426469e-12	1.9619875309e-05	100.0
-0.000329930290478	4.48068343001e-05	-0.000944014329811	-0.0405787084387	0.00602247285979	-0.112859780353	1.45177246828e-12	1.961215085e-05	100.0
-0.000216080938804	0.000273628773341	-0.000662926586615	-0.0266792089892	0.0342691287409	-0.0786701418813	1.45177246828e-12	1.961215085e-05	100.0
0.00010525815684	-0.00173902812381	6.18937933433e-05	0.0108365611728	-0.21490619886	0.00590180874474	1.45142949102e-12	1.9607517533e-05	100.0
-0.000768694534634	-0.00163634293947	0.000391167006203	-0.0933304424454	-0.197927658459	0.0465191587848	1.45133142567e-12	1.9606192757e-05	100.0
-0.000480359710989	-0.000984748946029	0.000498595065932	-0.0586992851468	-0.118935038702	0.0598028669133	1.45133142567e-12	1.9606192757e-05	100.0
9.3496219609e-05	-0.00181157160013	0.000109946997648	0.00893911705652	-0.224178261339	0.0101396803817	1.45097386433e-12	1.9601362423e-05	100.0
-6.72452271274e-06	-0.00171313924931	0.000304743071193	-0.00141476983722	-0.209145246421	0.0341517054972	1.45097386433e-12	1.9601362423e-05	100.0
0.000155994765352	-0.00185051884011	0.000442028505965	0.0176616528291	-0.224593874013	0.0505732376174	1.45097386433e-12	1.9601362423e-05	100.0
0.000149260811725	-0.00106921902011	0.000314142870631	0.017265982385	-0.130183550576	0.0375424095161	1.45097386433e-12	1.9601362423e-05	100.0
0.000558856407393	-0.000182633306618	0.000666916305601	0.0668845181873	-0.0218752149881	0.0800354395638	1.45097386433e-12	1.9601362423e-05	100.0
9.56345576983e-05	-0.00166989845458	0.00114901771533	0.0108545442356	-0.202078507639	0.137673225541	1.45097386433e-12	1.9601362423e-05	100.0
0.00058295413809	-0.000525726946801	-0.000242091746337	0.0698625975	-0.0636920881352	-0.029060931033	1.45097386433e-12	1.9601362423e-05	100.0
0.000741055312026	0.000277801610515	4.92860209687e-05	0.088494185055	0.0341525056754	0.00595516488825	1.45097386433e-12	1.9601362423e-05	100.0
-0.000347651676616	-0.000464212420999	0.000873603735524	-0.0427957656743	-0.0557326796419	0.104872257623	1.45097386433e-12	1.9601362423e-05	100.0
9.8771129461e-05	-0.00198324497329	-0.000216316430258	0.00963474763884	-0.240512500859	-0.019894165714	1.45097386433e-12	1.9601362423e-05	100.0
8.24092253607e-05	0.00075323037997	-0.000211362088384	0.00708879731267	0.095413746165	-0.0211715841875	1.45052024924e-12	1.9595234488e-05	100.0
-0.000492103039693	-0.00182839696976	-5.18786803341e-05	-0.0587445546247	-0.221616910189	-0.00599443492158	1.45052024924e-12	1.9595234488e-05	100.0
0.000108091348703	-0.000951254203179	-0.000887883780621	0.0122659017718	-0.115295408864	-0.106404208519	1.45052024924e-12	1.9595234488e-05	100.0
-0.000667268466549	-0.00211156084269	0.000194001851625	-0.0803904343055	-0.254452729503	0.0235460061887	1.45052024924e-12	1.9595234488e-05	100.0
-0.000220169369503	0.000266346772916	0.000678661234047	-0.0270993032993	0.0333566474696	0.0805064868353	1.45045185494e-12	1.9594310542e-05	100.0
-0.000169283926359	0.00045234631998	0.000436028411372	-0.0207800636282	0.0567989174144	0.0505874731478	1.45045185494e-12	1.9594310542e-05	100.0
-7.36708626562e-05	0.000291474913152	0.00121882626936	-0.00954316770219	0.0357979952786	0.146255212566	1.45045185494e-12	1.9594310542e-05	100.0
-0.000231375579686	0.000392633838377	0.00015458805769	-0.0281372506185	0.0503200590191	0.0173752014019	1.45045185494e-12	1.9594310542e-05	100.0
-0.000617315035273	-0.00117462443341	0.000280096370242	-0.0751677762374	-0.142066427796	0.0338339149248	1.45045185494e-12	1.9594310542e-05	100.0
0.000453181410048	0.00127307799208	0.00022031509516	0.0519426523062	0.15176677089	0.0248377936778	1.45045185494e-12	1.9594310542e-05	100.0
0.000189062840565	0.000765455379907	0.000430628874419	0.0208383493104	0.0942852992863	0.0488717367738	1.45045185494e-12	1.9594310542e-05	100.0
-0.000779961476484	-0.00190912639862	0.000328607071317	-0.0946469651014	-0.230915895545	0.0391358616327	1.45045185494e-12	1.9594310542e-05	100.0
-0.000484409107161	-0.000494988169487	-0.000138320031236	-0.0593166628558	-0.0592749326405	-0.0165835693989	1.45045185494e-12	1.9594310542e-05	100.0
-0.000303321002095	0.000252346168681	-0.000195933147811	-0.0370159320785	0.0327586303937	-0.023283600595	1.45045185494e-12	1.9594310542e-05	100.0
-0.000628199634408	-0.0020047847179	3.07973902111e-05	-0.0755241029464	-0.242308995549	0.00382330390418	1.45045185494e-12	1.9594310542e-05	100.0
-0.000773061018174	-0.00148844474783	-0.000140748996175	-0.093908832374	-0.180304868739	-0.0166940258645	1.45045185494e-12	1.9594310542e-05	100.0
0.000249860763647	-0.000728632224309	-0.000460201283747	0.0295045067655	-0.0883409455721	-0.0548666771724	1.45045185494e-12	1.9594310542e-05	100.0
0.000788353340847	0.00105985238492	-0.000107166853886	0.0932065689074	0.12724929813	-0.0123055478331	1.45045185494e-12	1.9594310542e-05	100.0
0.000438462643199	0.000703490755835	-0.000459775157502	0.0511555398949	0.0857738255851	-0.0534003476683	1.45045185494e-12	1.9594310542e-05	100.0
0.000600526437693	0.00134624476236	-0.00040860040897	0.0708346363595	0.16165438077	-0.0477988029999	1.45045185494e-12	1.9594310542e-05	100.0
0.000117710012172	-0.00141445888561	0.000228048164926	0.013238100078	-0.17279457448	0.0266031664353	1.45006713705e-12	1.9589113346e-05	100.0
9.67551078586e-05	0.00064071104361	-0.000162883397792	0.00935630686783	0.0819936838475	-0.0182939459029	1.45006713705e-12	1.9589113346e-05	100.0
-0.000114627176047	-0.00198562737117	-0.000954129592167	-0.0145278242744	-0.240095665528	-0.113844526965	1.45006713705e-12	1.9589113346e-05	100.0
-0.000133202407078	-0.00224276556785	-0.000156303449445	-0.0149682368511	-0.267749599055	-0.0159902907483	1.45006713705e-12	1.9589113346e-05	100.0
0.000144093276169	-0.00131329639667	-9.80731358966e-05	0.0165141713361	-0.16036026781	-0.0111470774527	1.44961603645e-12	1.9583019379e-05	100.0
-0.000259179524739	-0.00155357450178	-0.000858017080319	-0.0319961516321	-0.187984328165	-0.102306290206	1.44961603645e-12	1.9583019379e-05	100.0
-0.000671931318137	-0.00215410599758	-0.000296169908346	-0.0811566444036	-0.259874203107	-0.0346977669684	1.44961603645e-12	1.9583019379e-05	100.0
0.000235084645974	0.00116700805274	0.00106078601793	0.0276120105064	0.140929800893	0.126440605856	1.44957479871e-12	1.9582462294e-05	100.0
-0.000364123156199	0.0006464536206	0.00128698854869	-0.0446407793773	0.0785568206201	0.154175216259	1.44957479871e-12	1.9582462294e-05	100.0
-9.82320966618e-05	-0.000254355671127	0.000780022117454	-0.0125247196629	-0.0300900791416	0.0937022245653	1.44957479871e-12	1.9582462294e-05	100.0
5.67382759626e-05	8.93619159781e-05	0.000298801835673	0.00618155331769	0.0123121574718	0.0350465025199	1.44957479871e-12	1.9582462294e-05	100.0
-0.000245065167074	0.000538905445317	5.53800869139e-05	-0.0292323825095	0.0692731747111	0.00574331431579	1.44957479871e-12	1.9582462294e-05	100.0
-0.000182049109152	-0.0018388226132	-0.000244993874081	-0.0208828237743	-0.223967340612	-0.0270373303524	1.44957479871e-12	1.9582462294e-05	100.0
-0.000309015125347	8.5027965749e-05	-0.000323190783998	-0.0378645699597	0.0118788859131	-0.0384647552324	1.44957479871e-12	1.9582462294e-05	100.0
-0.000221155953405	0.000955519345103	-0.00062483867639	-0.0268480497462	0.115703797245	-0.0720571476814	1.44957479871e-12	1.9582462294e-05	100.0
0.000649995425817	-0.000572267936264	0.000550856117159	0.077892881616	-0.0692953917921	0.0658732000804	1.44871735555e-12	1.9570879002e-05	100.0
8.3209291628e-05	-0.00203268781305	0.000323717440906	0.00877584807779	-0.245317383103	0.0345457965203	1.44871735555e-12	1.9570879002e-05	100.0
0.000483963251397	6.26204844605e-07	-0.000541044376663	0.0577641611248	0.000583434676223	-0.0651488381629	1.44871735555e-12	1.9570879002e-05	100.0
-0.000687355410467	-0.00207073853171	0.000142845715818	-0.0827902194565	-0.24965564725	0.0165460348058	1.44871735555e-12	1.9570879002e-05	100.0
-8.97673779925e-05	-0.00193802192487	-0.000386854711442	-0.0110185390562	-0.23506372216	-0.0432862866518	1.44871735555e-12	1.9570879002e-05	100.0
-0.000171577302804	-0.00208568712984	0.00053431622741	-0.0209473251627	-0.25180315746	0.0625096888248	1.44870075988e-12	1.957065481e-05	100.0
-0.000427711693961	-0.000752306145224	0.000647349486766	-0.0524245319168	-0.0907448701495	0.077970540231	1.44870075988e-12	1.957065481e-05	100.0
-0.00071689048272	-0.000898095531784	-0.000545268044527	-0.0874664219066	-0.108416417334	-0.0655520999081	1.44870075988e-12	1.957065481e-05	100.0
-0.000555519753377	-0.000659859070494	-0.000516286830104	-0.0678922309298	-0.0794522941885	-0.0618756354348	1.44870075988e-12	1.957065481e-05	100.0
-2.58084673895e-05	0.00101531767069	-0.000559277162653	-0.00398765838837	0.122155066683	-0.0635714353497	1.44870075988e-12	1.957065481e-05	100.0
-0.000195703166516	-0.00223842063469	-0.000123581930134	-0.0219081605832	-0.267939499275	-0.0128334729396	1.44826474626e-12	1.9564764655e-05	100.0
-0.000340985257158	-0.00122826539308	-0.000247418366691	-0.041641690704	-0.148881030299	-0.0292740837275	1.44826474626e-12	1.9564764655e-05	100.0
0.000677377436095	0.00136679613108	0.000104497231631	0.0798413170662	0.163404992004	0.0122631653246	1.44826474626e-12	1.9564764655e-05	100.0
-0.000463386458642	-0.00162418243129	-0.000619617058761	-0.0564865957648	-0.196755031583	-0.0739882211485	1.44826474626e-12	1.9564764655e-05	100.0
-0.000284574919962	-0.000780207822704	-0.000728979393822	-0.0349925476172	-0.094097261903	-0.0874872219935	1.44826474626e-12	1.9564764655e-05	100.0
0.000568327078836	0.000666128274471	-0.00148300684256	0.0679894139294	0.0804406566425	-0.177989453369	1.44826474626e-12	1.9564764655e-05	100.0
-0.000151082111812	0.000554080316004	-0.000597728778455	-0.0186787960414	0.0684289774998	-0.0698269288644	1.44826474626e-12	1.9564764655e-05	100.0
-0.000191098146105	0.000988813348464	-0.000579615006171	-0.0232385709933	0.119440908486	-0.0662341358479	1.44826474626e-12	1.9564764655e-05	100.0
-0.000226703735857	0.000862007192259	-0.00055764570016	-0.0273835766451	0.10495881517	-0.0637374069518	1.44826474626e-12	1.9564764655e-05	100.0
-0.000266494495827	0.000505875775136	0.000921855759742	-0.0327641413888	0.0620372477312	0.109827333325	1.44782923554e-12	1.9558881293e-05	100.0
-0.00034191898605	0.000202281604747	0.000497562782075	-0.0417730171863	0.0258772313173	0.0588393988203	1.44782923554e-12	1.9558881293e-05	100.0
0.000758459143831	0.00104643169216	0.000767832209393	0.0904607850366	0.125995300197	0.0912865291735	1.44782923554e-12	1.9558881293e-05	100.0
0.000793377959757	0.000976559771315	0.000228503293496	0.093851385033	0.117368459156	0.0265324582692	1.44782923554e-12	1.9558881293e-05	100.0
-0.000211158877303	-0.00140291428025	-0.000377498674893	-0.0258983016323	-0.170380173971	-0.0450522059112	1.44782923554e-12	1.9558881293e-05	100.0
0.000799467763146	0.00103486634686	-0.000195408349084	0.0945540078881	0.124171280095	-0.0226696039282	1.44782923554e-12	1.9558881293e-05	100.0
0.00010198228905	-0.00186746470704	0.0001268754106	0.00945268662565	-0.230483968438	0.0106859239617	1.44782370365e-12	1.9558806562e-05	100.0
0.00013523435979	-0.0017569367866	0.000338387557451	0.0150394452814	-0.213936983394	0.0379545615014	1.44782370365e-12	1.9558806562e-05	100.0
0.000357251587445	-0.00075006929253	0.000163081612952	0.0424710577069	-0.0911632959997	0.019424718491	1.44782370365e-12	1.9558806562e-05	100.0
0.000550004915304	-0.000468417044187	0.000369426609252	0.0658765164218	-0.0567352613703	0.0446544541988	1.44782370365e-12	1.9558806562e-05	100.0
0.000509796565447	-0.000104957658391	0.000229501051755	0.0608158488765	-0.0123446232221	0.0274917389295	1.44782370365e-12	1.9558806562e-05	100.0
-0.000291360318466	-0.00192722929839	0.00101010475579	-0.0358763823532	-0.233058369536	0.120851170112	1.44782370365e-12	1.9558806562e-05	100.0
0.0001814041154	-0.00142845008335	2.63581117241e-05	0.0207659406022	-0.174833888372	0.00328926191339	1.44782370365e-12	1.9558806562e-05	100.0
0.000237922299625	-0.00105269946359	1.62850623528e-06	0.0279360335626	-0.128251713575	0.00027724772786	1.44782370365e-12	1.9558806562e-05	100.0
0.000106355487665	-0.00174386929452	-5.85211880205e-05	0.0108108164578	-0.215464284581	-0.00540004971589	1.44782370365e-12	1.9558806562e-05	100.0
0.0002402686849	-0.00148927813282	-0.000114148032275	0.0277566819103	-0.182061081723	-0.0125776621284	1.44782370365e-12	1.9558806562e-05	100.0
0.000878618891866	-0.00039691475709	-0.000878697195454	0.1056686688	-0.0481291919604	-0.105466335482	1.44782370365e-12	1.9558806562e-05	100.0
-0.000500804327785	-0.00178457343003	-0.000430391166082	-0.0606102651207	-0.216081766377	-0.0508811154983	1.44782370365e-12	1.9558806562e-05	100.0
2.54726879558e-06	0.00119882092927	0.000700441603211	-0.00051716369911	0.143815925961	0.0817651430825	1.44739473062e-12	1.9553011519e-05	100.0
-0.000697661389775	-0.000636265171373	0.000536568534261	-0.0850432712473	-0.0765655822076	0.0640329375637	1.4469607286e-12	1.9547148539e-05	100.0
-0.000545325403485	-9.52635931736e-05	0.000466639481373	-0.0666045145069	-0.0103936626192	0.0557905098659	1.4469607286e-12	1.9547148539e-05	100.0
0.00017907807123	0.00120715499302	0.000481352353687	0.0198503713479	0.144164225024	0.0547174844915	1.4469607286e-12	1.9547148539e-05	100.0
-0.000175698929744	-0.00212569405141	0.000349573926536	-0.0206844804908	-0.256548059051	0.0392466365956	1.4469607286e-12	1.9547148539e-05	100.0
-0.00043936984809	-0.000337694028555	4.13874698766e-05	-0.0538288160199	-0.0400125759916	0.00481003120077	1.4469607286e-12	1.9547148539e-05	100.0
0.000271369568203	0.00046431247102	-0.000281845051141	0.0312366780784	0.05815903046	-0.0326665077446	1.4469607286e-12	1.9547148539e-05	100.0
0.000531437432632	0.00140361591992	-0.000334111349454	0.0623265070397	0.16784134831	-0.0389365087449	1.4469607286e-12	1.9547148539e-05	100.0
0.000649259254169	0.00122537519439	-0.000606206858016	0.0769879398354	0.14725941325	-0.0715844264314	1.4469607286e-12	1.9547148539e-05	100.0
0.000207891545471	-0.00146292945692	0.000206594886875	0.023945279507	-0.178676749344	0.0236754522002	1.44693558364e-12	1.9546808853e-05	100.0
0.000126865390431	-0.00149185555761	0.000632683141973	0.0145020753258	-0.181324785219	0.0751501119466	1.44693558364e-12	1.9546808853e-05	100.0
0.000177665703988	-0.00195600732765	0.000581803980496	0.0203819168704	-0.236598423411	0.0678384821686	1.44693558364e-12	1.9546808853e-05	100.0
-0.000163923656261	0.0008607103984	0.000602139058527	-0.0200820441652	0.104623264993	0.0692305229849	1.44652722948e-12	1.9541292353e-05	100.0
0.000134634308027	-0.00189827179405	0.000187907658347	0.0136107610111	-0.232323344635	0.0178317095708	1.44649353523e-12	1.9540837174e-05	100.0
0.000102295062954	-0.00193210284603	0.000349736497359	0.0109908681243	-0.234430517935	0.038274956084	1.44649353523e-12	1.9540837174e-05	100.0
0.00015661113113	-0.00139433465305	0.000100931794218	0.0178450716738	-0.170546226742	0.0118806774179	1.44649353523e-12	1.9540837174e-05	100.0
0.000752749458352	2.6664098943e-05	0.000229188631988	0.0901457984552	0.00344101835218	0.0271378617794	1.44649353523e-12	1.9540837174e-05	100.0
-0.000285307670646	-0.00162183006359	0.0013737894496	-0.0352253878309	-0.196000150992	0.165000950168	1.44649353523e-12	1.9540837174e-05	100.0
0.000511711961252	6.50665300018e-05	0.000124134806713	0.0609155188744	0.00867476113738	0.0150173080794	1.44649353523e-12	1.9540837174e-05	100.0
-0.000484475035285	-0.00211886679367	0.000299357478589	-0.0580645039956	-0.255195138494	0.034679967261	1.44649353523e-12	1.9540837174e-05	100.0
0.000204919400387	-0.00147881882887	-0.000140458123312	0.0235929803536	-0.180838564016	-0.015905008554	1.44649353523e-12	1.9540837174e-05	100.0
0.00020238226979	-0.00174765490489	-0.000165568153652	0.022286746738	-0.214317757114	-0.0176397063874	1.44649353523e-12	1.9540837174e-05	100.0
0.000289869245111	-0.0012010879467	0.000326555231638	0.0341674310363	-0.146307627302	0.0387323778795	1.44605249262e-12	1.9534879082e-05	100.0
0.000368639213927	-0.000746302637114	0.00058974331761	0.0437594542141	-0.0904702441808	0.0702302816159	1.44605249262e-12	1.9534879082e-05	100.0
0.000305274239956	-0.000635829901027	0.00144262082936	0.0361488420965	-0.0770198217354	0.173517672929	1.44605249262e-12	1.9534879082e-05	100.0
0.000705677975937	-0.000477226494588	-3.30299014744e-05	0.0846246207905	-0.0579280731595	-0.00348906135757	1.44605249262e-12	1.9534879082e-05	100.0
0.000277120884475	-0.00174846139498	-0.000522368838857	0.0323532415017	-0.212397380875	-0.0611553931424	1.44605249262e-12	1.9534879082e-05	100.0
0.000176654424928	-0.000816959148938	0.000744503823676	0.0206176333906	-0.0991204339295	0.0893522920582	1.4452317611e-12	1.9523791731e-05	100.0
-0.000285491871169	0.000470803795137	-9.14418113974e-05	-0.0342765582076	0.0604246395322	-0.0103228279999	1.4452317611e-12	1.9523791731e-05	100.0
0.000607833795699	0.00143540518401	-4.29175562263e-06	0.0714480160379	0.171334827635	-0.000572065135779	1.4452317611e-12	1.9523791731e-05	100.0
4.82404208772e-05	-5.57973785505e-05	-0.00104087259158	0.0051746035864	-0.00616882237946	-0.125246971768	1.4452317611e-12	1.9523791731e-05	100.0
-0.000314106841555	0.000243913209789	-0.000437291483909	-0.0383390968614	0.0311401155003	-0.0514747492912	1.4452317611e-12	1.9523791731e-05	100.0
0.000696220123673	0.000442877353488	-0.00143742755992	0.083535572303	0.0536332335848	-0.172718073162	1.4452317611e-12	1.9523791731e-05	100.0
-0.000273879847369	0.000518507025548	-0.000487104189331	-0.033233791703	0.0646055291952	-0.0566329948959	1.4452317611e-12	1.9523791731e-05	100.0
0.000100568738917	-0.00176500949301	3.68800663244e-05	0.0100656468481	-0.218776912734	0.00368614074794	1.44517443059e-12	1.9523017247e-05	100.0
0.000280815174992	-0.00116108048321	8.09772733149e-05	0.0330704193645	-0.14159243268	0.00956405995627	1.44517443059e-12	1.9523017247e-05	100.0
0.000241038372059	-0.0012281683778	8.39674531745e-07	0.02818778469	-0.149903990166	4.26161914829e-05	1.44517443059e-12	1.9523017247e-05	100.0
0.000433006223276	0.00105337511191	0.000256298829907	0.0488817763611	0.126969587307	0.0288285198742	1.44517443059e-12	1.9523017247e-05	100.0
0.000314417058297	-0.000971019950754	-5.79499498284e-05	0.0372310220075	-0.118245591949	-0.00689911526002	1.44517443059e-12	1.9523017247e-05	100.0
0.000862084991093	0.000402806912271	1.59104592636e-05	0.102985593531	0.0489439887977	0.00192904230674	1.44517443059e-12	1.9523017247e-05	100.0
-0.00055715898092	-0.00123081563346	0.00115689154759	-0.0681698926135	-0.148834358656	0.139026760339	1.44517443059e-12	1.9523017247e-05	100.0
9.10561576195e-05	-0.00199647714665	-0.000271614992525	0.00930489029392	-0.24167903879	-0.0274437861941	1.44517443059e-12	1.9523017247e-05	100.0
0.000464490180655	0.00135901112248	0.000254331020268	0.0538441196777	0.161925919395	0.0293214914191	1.44437130055e-12	1.9512167677e-05	100.0
-0.000252441908072	-0.00222358449979	-4.70798269597e-05	-0.0283489250937	-0.266279720418	-0.00467168525669	1.44437130055e-12	1.9512167677e-05	100.0
-0.000780441284583	-0.00107796547849	-0.000675767866728	-0.0951610438228	-0.130193227696	-0.0813288682699	1.44437130055e-12	1.9512167677e-05	100.0
-0.000186907609454	0.00100385543115	-0.000797989207677	-0.0229748763281	0.121048228325	-0.0936506672663	1.44437130055e-12	1.9512167677e-05	100.0
-0.00020602701065	0.000910971189244	-0.000497145827925	-0.0247627560129	0.111003792358	-0.055891050431	1.44437130055e-12	1.9512167677e-05	100.0
0.00044848975682	-0.000825203948641	0.000223477380684	0.0535503713977	-0.100335552624	0.0265518565728	1.44430089466e-12	1.9511216556e-05	100.0
0.000656403601886	-0.000144567229345	0.00057481905444	0.0784825254426	-0.0175657564072	0.0689188166606	1.44430089466e-12	1.9511216556e-05	100.0
-0.000218026977405	-0.00206934547759	0.00127134449909	-0.0270457047754	-0.250111772827	0.152482001537	1.44430089466e-12	1.9511216556e-05	100.0
0.000620174553601	-0.000736700875716	-0.000299793858403	0.0742580873564	-0.0895119842224	-0.035690231801	1.44430089466e-12	1.9511216556e-05	100.0
0.000348758245768	9.05969823874e-05	-0.000423829015522	0.0413196452814	0.0119266897732	-0.050957494315	1.44430089466e-12	1.9511216556e-05	100.0
0.000297301893134	-0.00161914061695	-0.000416924860883	0.0347046692589	-0.197121150449	-0.0486844982258	1.44430089466e-12	1.9511216556e-05	100.0
0.00012414578582	-0.00125823514017	-0.00129239082091	0.0143346781532	-0.152261758724	-0.155204851866	1.44430089466e-12	1.9511216556e-05	100.0
-0.000554542165004	-0.00224656325386	-5.43957137473e-06	-0.0664411230043	-0.270598292534	9.32557514661e-05	1.44430089466e-12	1.9511216556e-05	100.0
5.84342158254e-05	0.000888688581381	0.00120920288707	0.00635490836107	0.10742856101	0.144415275224	1.44394182462e-12	1.950636584e-05	100.0
-0.000533794310376	-0.002378325229	0.000568719771852	-0.0649963675783	-0.287209586188	0.067845882729	1.44394182462e-12	1.950636584e-05	100.0
-0.000452787120505	-0.00138198003269	-9.43617153971e-05	-0.0549377789729	-0.167662075406	-0.011322384215	1.44394182462e-12	1.950636584e-05	100.0
-0.000585517936573	-0.000380924855731	0.000150008475909	-0.0715657057133	-0.0452180519135	0.0177537287701	1.44394182462e-12	1.950636584e-05	100.0
-0.000341044053711	2.05549584978e-05	-0.000153383259706	-0.0417363895119	0.00409099764571	-0.0181113861185	1.44394182462e-12	1.950636584e-05	100.0
-0.0001166520147	-0.00143520335173	-0.000322496639954	-0.0145423971745	-0.174442291851	-0.0374593672872	1.44394182462e-12	1.950636584e-05	100.0
-0.000281199713593	-0.000334668993815	-0.00141499310692	-0.0346372279396	-0.0402735999686	-0.170010228302	1.44394182462e-12	1.950636584e-05	100.0
0.000136619406348	-0.00159834190969	2.0006445557e-05	0.0150839818233	-0.196496144458	0.00228444919551	1.44386638974e-12	1.9505346782e-05	100.0
0.000420084444778	-0.000983339595689	6.40725409864e-06	0.0500395284847	-0.119728172704	0.000695352233553	1.44386638974e-12	1.9505346782e-05	100.0
0.000345593052756	0.000384241513138	0.000808084479574	0.040870672285	0.0467927522101	0.0963970048964	1.44386638974e-12	1.9505346782e-05	100.0
0.000576815259343	0.000192522051318	-0.000831255637852	0.0688632630568	0.0235097337436	-0.0994689119393	1.44386638974e-12	1.9505346782e-05	100.0
-0.000824013111171	-0.0024968704727	-0.000103703415773	-0.0998820128546	-0.300679082455	-0.0123949211571	1.44386638974e-12	1.9505346782e-05	100.0
-0.000485634544677	-0.0020213058693	0.000888169081741	-0.0593573150497	-0.244222377904	0.106359273965	1.44351335449e-12	1.9500577591e-05	100.0
-0.000493280216307	-0.00131529009891	0.000270420975818	-0.0600333879599	-0.159503996452	0.0322992392853	1.44351335449e-12	1.9500577591e-05	100.0
-1.44122361095e-05	-0.00154820803108	-8.16523401292e-05	-0.00193781233405	-0.189469970712	-0.0092144986494	1.44351335449e-12	1.9500577591e-05	100.0
-0.000295457681812	0.000500889131151	-0.000230797239496	-0.0354849651083	0.0637163136655	-0.0263649086636	1.44351335449e-12	1.9500577591e-05	100.0
0.000889653097449	4.74183365024e-05	0.000769031935092	0.106761088716	0.00576740696834	0.0920526394156	1.44343238772e-12	1.9499483802e-05	100.0
-5.08954723979e-05	-0.00104828451412	0.00123047963316	-0.00689149392579	-0.126644778043	0.147662865045	1.44343238772e-12	1.9499483802e-05	100.0
0.000381286254444	0.000726740084343	0.000229608225473	0.0431029528383	0.0897071832205	0.0261273302351	1.44343238772e-12	1.9499483802e-05	100.0
-0.000110569216818	-0.0016250042702	-0.00120169634721	-0.0140841838794	-0.196568463725	-0.143982548577	1.44343238772e-12	1.9499483802e-05	100.0
-0.00014302263847	-0.00225273866134	-0.000168868327108	-0.0163401743362	-0.268752898698	-0.0178349610308	1.44343238772e-12	1.9499483802e-05	100.0
-0.000192343095676	0.000845340917276	0.00028767769595	-0.0220467127593	0.104690858173	0.0290143232043	1.44265792293e-12	1.9489021473e-05	100.0
-0.000273376910718	0.000788280790884	0.000174350074971	-0.0308414947584	0.0996703846614	0.0173179668269	1.44265792293e-12	1.9489021473e-05	100.0
-0.000201957531906	-7.48497036262e-05	0.0011870931705	-0.0250219888498	-0.00870801157974	0.142265585484	1.44265792293e-12	1.9489021473e-05	100.0
-0.000267765519011	0.000313220141101	0.000311999599804	-0.0326329345965	0.0400422048565	0.0362482608141	1.44265792293e-12	1.9489021473e-05	100.0
9.34625613959e-05	-0.00010526099932	0.00161743214431	0.0106816515122	-0.0125565278276	0.194519817662	1.44265792293e-12	1.9489021473e-05	100.0
-0.00025007480821	0.000366270474524	0.000148536028488	-0.0303436079634	0.0471617121996	0.0168504452176	1.44265792293e-12	1.9489021473e-05	100.0
0.000688744692273	0.00122049523369	0.000469287873327	0.08155455405	0.14667743937	0.0551938238434	1.44265792293e-12	1.9489021473e-05	100.0
-0.000550340317845	-0.00160705015469	0.000321595207725	-0.0667780785558	-0.194767985118	0.0383142052232	1.44265792293e-12	1.9489021473e-05	100.0
-0.000627488234844	-0.000692820558174	7.22232294313e-05	-0.0766284089389	-0.0832672008747	0.00893820002057	1.44265792293e-12	1.9489021473e-05	100.0
-0.000400728988745	-0.00210197767695	9.61305813894e-05	-0.0468025159719	-0.253416022807	0.0107915198763	1.44265792293e-12	1.9489021473e-05	100.0
-2.59853664735e-05	-0.00179743907792	-0.000182064428388	-0.00298698508161	-0.220876762576	-0.0188562863448	1.44265792293e-12	1.9489021473e-05	100.0
-0.000468842151722	-0.0010000931653	-0.000794848732295	-0.0574388231674	-0.120872375892	-0.0952538512638	1.44265792293e-12	1.9489021473e-05	100.0
-0.000204530283238	-0.00121937027851	-0.000912845668197	-0.0254846795111	-0.14749156825	-0.109433061535	1.44265792293e-12	1.9489021473e-05	100.0
0.000710321925859	0.00130830525424	-2.69050065189e-05	0.0837225398635	0.156483802923	-0.00287847401325	1.44265792293e-12	1.9489021473e-05	100.0
0.000250026971681	-0.000438279797321	-0.00192595042818	0.0295420659417	-0.0529081267871	-0.232240406103	1.44265792293e-12	1.9489021473e-05	100.0
-0.000263763161082	0.00030973871695	-0.000582678969467	-0.0323488343127	0.038924638484	-0.0688863961126	1.44265792293e-12	1.9489021473e-05	100.0
-5.00246299595e-05	-5.32247563942e-05	-0.00190309033984	-0.00664783283453	-0.00623034142178	-0.22923818521	1.44265792293e-12	1.9489021473e-05	100.0
-0.000356673028542	0.000155927678929	-0.00118297357885	-0.0437146763621	0.0194169294232	-0.141761870607	1.44265792293e-12	1.9489021473e-05	100.0
0.000198379988787	-0.00165691532346	0.000473961109648	0.0229292959605	-0.201575106053	0.0553804941219	1.44256890976e-12	1.9487818985e-05	100.0
0.000513719158424	-0.000963297144242	-0.000285352226106	0.0613007155548	-0.117170040181	-0.0338308055474	1.44256890976e-12	1.9487818985e-05	100.0
0.000587479720164	0.000157910569458	-0.000365799729996	0.0699539450002	0.0195853847393	-0.0432113733187	1.44256890976e-12	1.9487818985e-05	100.0
-0.000608148859621	-0.00256998510688	3.70996096885e-05	-0.0737060010578	-0.309203504499	0.00434195544373	1.44256890976e-12	1.9487818985e-05	100.0
0.000443566131266	-0.00133510065501	-0.000415857895055	0.0527045450178	-0.162395542823	-0.0491042388237	1.44256890976e-12	1.9487818985e-05	100.0
0.000518503028118	-0.000828791625107	-0.000883674161814	0.061954134482	-0.100534067648	-0.105927343683	1.44256890976e-12	1.9487818985e-05	100.0
-8.18740664201e-05	-0.00226967223037	4.54273920705e-05	-0.00912323632849	-0.268849187518	0.00493993741777	1.44256890976e-12	1.9487818985e-05	100.0
-0.000577410337927	-0.000374733096806	0.00121143824101	-0.0705318243477	-0.0448920165716	0.145596359498	1.44180550876e-12	1.9477506119e-05	100.0
-0.000382150707784	-0.000453729552228	0.000545442111249	-0.046858259122	-0.0542758966455	0.0654870339167	1.44180550876e-12	1.9477506119e-05	100.0
0.00042841050001	0.000110711359624	0.00111086808651	0.0511638590252	0.0136744547822	0.133294251965	1.44180550876e-12	1.9477506119e-05	100.0
-0.000299021251417	0.000192444511063	3.32785680906e-05	-0.0364632802466	0.0255250508205	0.00389068953638	1.44180550876e-12	1.9477506119e-05	100.0
0.000288032958219	-0.00134693537867	-0.000113111939206	0.0337080417674	-0.164525287687	-0.0133340132783	1.44170995791e-12	1.9476215312e-05	100.0
0.000336126343575	-0.000989989300229	-0.000155556495785	0.0397844562215	-0.120522032937	-0.0185533086897	1.44170995791e-12	1.9476215312e-05	100.0
0.000733879628475	5.32126068389e-05	8.24171796584e-06	0.0877914318494	0.00685127548256	0.00124390476948	1.44170995791e-12	1.9476215312e-05	100.0
0.000640472092007	0.000600144475118	-0.000288872794451	0.0755529838257	0.0729305590139	-0.0341916171587	1.44170995791e-12	1.9476215312e-05	100.0
-0.000441837402142	-0.00191138603519	0.000318732025449	-0.052952155549	-0.231225624176	0.0370491225555	1.44170995791e-12	1.9476215312e-05	100.0
-0.000526041017782	-0.00255226677294	0.00030823535009	-0.0638371810629	-0.307251006558	0.036327370463	1.44170995791e-12	1.9476215312e-05	100.0
0.000161452853266	-0.00191045762498	-0.000480536189804	0.0183208737757	-0.23173022321	-0.0552919578913	1.44170995791e-12	1.9476215312e-05	100.0
0.000231607998074	-0.00171987575763	-0.000673577352395	0.0270138041595	-0.208355469397	-0.0794965652431	1.44170995791e-12	1.9476215312e-05	100.0
-4.26646528425e-05	-0.00223455414309	-0.000779393423546	-0.00581224917976	-0.269530635565	-0.0924486099845	1.44170995791e-12	1.9476215312e-05	100.0
-0.000218405137286	-0.00210423818786	-0.000598985855392	-0.0266839360585	-0.253686278787	-0.0703803676601	1.44170995791e-12	1.9476215312e-05	100.0
0.000640451859954	-0.000823983159875	9.986266235e-05	0.076807300189	-0.10026765722	0.0119012203032	1.44128199068e-12	1.9470433856e-05	100.0
0.00062715490766	0.000920665959987	0.000313686001428	0.0735056910684	0.11134368357	0.0368505798103	1.44128199068e-12	1.9470433856e-05	100.0
0.000467901728062	0.000968476530729	-0.000760219633795	0.0552541773077	0.116901409214	-0.0901921084199	1.44128199068e-12	1.9470433856e-05	100.0
-0.000684111381607	-0.00208583354201	-0.000106339274821	-0.0825144931336	-0.251717052976	-0.0125337217584	1.44128199068e-12	1.9470433856e-05	100.0
0.000773604655992	0.000328771500669	-0.000988054070211	0.09267920653	0.0398044744543	-0.118251024676	1.44128199068e-12	1.9470433856e-05	100.0
-0.000633614624128	-0.00228044464365	-0.000266379344068	-0.0764885162159	-0.274511048284	-0.0315430793119	1.44128199068e-12	1.9470433856e-05	100.0
0.000137268816741	8.90796231701e-05	0.00135047448159	0.0159548989124	0.0109828519025	0.162204851043	1.44095510619e-12	1.9466017938e-05	100.0
-0.000402296814242	0.000192902722732	6.49418557272e-05	-0.0489209581126	0.0254444453957	0.00746294587009	1.44095510619e-12	1.9466017938e-05	100.0
0.000198262781611	-0.00146443597736	-0.000126642221459	0.0228002639709	-0.179256695662	-0.0146422042679	1.44085553214e-12	1.9464672782e-05	100.0
0.000792604416729	-0.00104647559713	0.000747617016918	0.0952083182146	-0.127173926133	0.0897240526142	1.44043007941e-12	1.9458925295e-05	100.0
9.16247649439e-05	-0.00204421230195	0.000443948342983	0.00999944488939	-0.246842895389	0.050249072159	1.44043007941e-12	1.9458925295e-05	100.0
0.00105060565451	0.000240981398394	-0.000673990248646	0.126286954279	0.0290232642873	-0.0808392006971	1.44043007941e-12	1.9458925295e-05	100.0
-0.000874553680128	-0.00227809625515	0.000335611913506	-0.106015184128	-0.274595730778	0.0401985867828	1.44043007941e-12	1.9458925295e-05	100.0
0.000631373998233	-0.000822679224605	-0.000985478986567	0.0755901970093	-0.0996650885287	-0.118124094598	1.44043007941e-12	1.9458925295e-05	100.0
-0.000451324163546	-0.000885517816598	0.00123306230207	-0.0553289829656	-0.106982305715	0.148477145705	1.44010772101e-12	1.9454570521e-05	100.0
-0.000300059309781	0.000183161770778	-0.000107238708472	-0.0366481314006	0.0243369670264	-0.0128736886731	1.44010772101e-12	1.9454570521e-05	100.0
0.00018039503579	-0.00167879657334	0.000204544204706	0.0201562230718	-0.205566462378	0.0225691792019	1.44000563247e-12	1.9453191396e-05	100.0
0.000772963073063	0.00106546616281	0.000702464081596	0.0923075913416	0.128628502268	0.0838262396318	1.44000563247e-12	1.9453191396e-05	100.0
0.000636100983348	0.00082043785293	0.000730237981255	0.0757405369424	0.0992892701252	0.0867628638261	1.44000563247e-12	1.9453191396e-05	100.0
0.000703541748339	-0.000492698920808	0.000139284482048	0.0844905045556	-0.0597317779377	0.0168617013272	1.44000563247e-12	1.9453191396e-05	100.0
0.000761852839527	0.000844931641798	0.000505400239905	0.0905842727204	0.102004870653	0.0601284010611	1.44000563247e-12	1.9453191396e-05	100.0
5.66870913618e-05	0.000611076470763	0.00097595906584	0.00601999999228	0.0743824805166	0.116433417825	1.44000563247e-12	1.9453191396e-05	100.0
0.000812707790566	-0.000504914865235	0.000127014906857	0.0977050936194	-0.0613114695681	0.0155100996977	1.44000563247e-12	1.9453191396e-05	100.0
0.000564546401067	0.000318782144337	-0.000762753964385	0.0673139753032	0.0387411266297	-0.0913316591758	1.44000563247e-12	1.9453191396e-05	100.0
0.000351927389472	0.0010370186527	-0.000159171605228	0.0374389673532	0.124944619249	-0.0167537225435	1.44000563247e-12	1.9453191396e-05	100.0
0.000722683270184	-0.000474551798009	-0.000384958956912	0.0866281679471	-0.057530447094	-0.0456689608583	1.44000563247e-12	1.9453191396e-05	100.0
0.000613458016425	0.00040469579296	-0.00120196472562	0.0735127586622	0.048837705962	-0.144258349261	1.44000563247e-12	1.9453191396e-05	100.0
-0.000677627313582	-0.00203440647087	-0.000253599573567	-0.0818980006902	-0.245754947134	-0.0299977352923	1.44000563247e-12	1.9453191396e-05	100.0
0.000203213958105	-2.27907952062e-05	-0.00136350789537	0.023896841147	-0.0025514985706	-0.163957828446	1.44000563247e-12	1.9453191396e-05	100.0
0.000415519255415	-9.72541354427e-05	-0.00109333761119	0.0495868862145	-0.0116321037876	-0.131270531381	1.44000563247e-12	1.9453191396e-05	100.0
0.000114273461247	-0.0020526803573	-0.00029801323963	0.0121423978095	-0.247259528513	-0.0312804550977	1.44000563247e-12	1.9453191396e-05	100.0
0.000857426178794	-0.000276430901426	0.000408653350358	0.103058692769	-0.0334351213015	0.0487365296221	1.43958219133e-12	1.9447471084e-05	100.0
9.11838241425e-05	-0.00201624705277	0.000357980306166	0.00974481824487	-0.24335980254	0.039063898098	1.43958219133e-12	1.9447471084e-05	100.0
0.00011694686891	-0.00173126933049	-5.78461992541e-05	0.0120103648049	-0.21394379589	-0.00588009684856	1.43958219133e-12	1.9447471084e-05	100.0
0.000442176233482	-0.00104374440003	-0.000128530626606	0.0526201132271	-0.1270852653	-0.0150257057013	1.43958219133e-12	1.9447471084e-05	100.0
0.000353993634149	0.00119203275886	1.54961833551e-06	0.0380517893947	0.141072321826	0.000189005384135	1.43926285033e-12	1.9443157072e-05	100.0
-0.000177332894752	-0.000393936684675	-0.000549860913074	-0.0221365624257	-0.0470208033369	-0.0659892615944	1.43926285033e-12	1.9443157072e-05	100.0
-0.000618739895928	-0.000805440609791	-0.000489785003865	-0.0755424591191	-0.0971313221128	-0.0584702648792	1.43926285033e-12	1.9443157072e-05	100.0
0.000235877002546	0.00128365692848	-0.000230825815832	0.0255413212385	0.151257351637	-0.025295503797	1.43926285033e-12	1.9443157072e-05	100.0
0.000738095274039	0.00107160243197	-0.00144139700519	0.0884603192644	0.129264789852	-0.172966372628	1.43926285033e-12	1.9443157072e-05	100.0
-0.000205129252057	0.00055029698406	-0.000459326912699	-0.0249585901717	0.068567961285	-0.0529135913353	1.43926285033e-12	1.9443157072e-05	100.0
0.000130552886091	-0.0017430564889	0.000114418779311	0.013717448577	-0.21481150765	0.0117425264733	1.43916025889e-12	1.9441771153e-05	100.0
0.00015395503386	-0.00150871891086	0.00020830469214	0.0172524640962	-0.184284828628	0.0241326269087	1.43916025889e-12	1.9441771153e-05	100.0
0.000629202579526	-0.000281026377657	0.000993772392644	0.0753131169135	-0.0339277733576	0.119019756571	1.43916025889e-12	1.9441771153e-05	100.0
0.000372122801351	-0.00141332783141	0.0015372303382	0.0442701153145	-0.171122299196	0.184863076752	1.43916025889e-12	1.9441771153e-05	100.0
0.000149394343525	-0.00152323046427	7.44186466552e-05	0.0167912470247	-0.186772906633	0.00843930206248	1.43916025889e-12	1.9441771153e-05	100.0
0.000231415492567	-0.00131596798115	0.000103275627639	0.0269546886159	-0.160744959143	0.0120401819605	1.43916025889e-12	1.9441771153e-05	100.0
0.000713489469807	0.000497149598808	0.00120115213605	0.085498553978	0.0599078170565	0.144153569343	1.43916025889e-12	1.9441771153e-05	100.0
0.000119656232554	0.00101966963611	0.000626991176045	0.0131726591245	0.123199737045	0.0725601048493	1.43916025889e-12	1.9441771153e-05	100.0
0.000112438738408	-0.00184339690892	-1.18023989923e-05	0.00989044874835	-0.229610523096	-0.000696868270556	1.43916025889e-12	1.9441771153e-05	100.0
0.000463338478861	-0.000961143650155	-6.95580440304e-05	0.0552378786209	-0.117061274252	-0.00814309410551	1.43916025889e-12	1.9441771153e-05	100.0
-4.50218443263e-05	-0.00199183440831	-0.00117191633945	-0.00613385973105	-0.240595422356	-0.140271342864	1.43916025889e-12	1.9441771153e-05	100.0
-0.00042206467039	-0.00241474906421	-0.000609003689756	-0.0514050891544	-0.291013168506	-0.072275759002	1.43916025889e-12	1.9441771153e-05	100.0
-0.000799047992198	-0.00100578433059	0.000635529000534	-0.0972927609544	-0.121392873208	0.076071213771	1.43884142079e-12	1.9437463934e-05	100.0
0.000914299810485	0.00064864685945	0.000736849983721	0.109542389466	0.078244580395	0.0880131384872	1.43884142079e-12	1.9437463934e-05	100.0
-0.000710822967816	-0.000663023258038	-0.00105616756262	-0.0867844776076	-0.0799091676937	-0.127008838776	1.43884142079e-12	1.9437463934e-05	100.0
-0.000527865707028	-0.00119111906564	-0.00099975861488	-0.0645504209267	-0.144024415763	-0.120086016791	1.43884142079e-12	1.9437463934e-05	100.0
-0.000233051955438	0.000190907253094	-0.00113517806507	-0.0288398440526	0.023496842947	-0.135866232361	1.43884142079e-12	1.9437463934e-05	100.0
-0.000529642703885	-7.71069834352e-05	-0.000956114917751	-0.0646364162979	-0.0087918149676	-0.114355423888	1.43884142079e-12	1.9437463934e-05	100.0
0.000566022390932	0.000767079686917	0.00156895771158	0.0677027802655	0.0925238028126	0.188385204104	1.43842049415e-12	1.9431777591e-05	100.0
-0.000161128634908	0.00075419030406	2.76115464757e-05	-0.01731649706	0.0989953691151	0.00233947093632	1.43842049415e-12	1.9431777591e-05	100.0
0.000911373188415	0.001400354337	0.000226854693634	0.108719922772	0.167928353955	0.0268870083023	1.43842049415e-12	1.9431777591e-05	100.0
-0.00108731440901	-0.000980863249279	-0.000324717077875	-0.132516186106	-0.118419563933	-0.0390261717616	1.43842049415e-12	1.9431777591e-05	100.0
-0.000745242919423	-0.000628753534204	-0.000737723785262	-0.0909640972689	-0.0755876474813	-0.0888656488125	1.43842049415e-12	1.9431777591e-05	100.0
0.000352558676746	0.00109960789883	-0.000916615977877	0.0415431919496	0.132251342431	-0.108818691182	1.43842049415e-12	1.9431777591e-05	100.0
-0.000165331330515	0.000869530879092	-0.00018796273867	-0.0173576227027	0.109722787313	-0.015819132472	1.43842049415e-12	1.9431777591e-05	100.0
0.000931861079892	3.00515847636e-05	0.000446338512203	0.111962265656	0.00370386780178	0.0531392677821	1.43831941141e-12	1.9430412053e-05	100.0
-2.55255824052e-05	-0.00168680359934	0.00165385297232	-0.00381682131375	-0.203893346198	0.198878521027	1.43831941141e-12	1.9430412053e-05	100.0
0.000471998660085	0.00019498784205	0.0012931121662	0.056370803815	0.0236397286869	0.155020562676	1.43800007041e-12	1.9426098041e-05	100.0
-0.000237252574846	0.000510611340065	0.000120075496436	-0.0284222590139	0.065592827423	0.0134306438739	1.43800007041e-12	1.9426098041e-05	100.0
0.000434046384632	0.000916851203284	0.000733704482266	0.0510694429219	0.110613058581	0.0865012979947	1.43800007041e-12	1.9426098041e-05	100.0
-0.000374003118415	-0.00154360171398	0.000690214121878	-0.0457454703881	-0.186748812544	0.082319707684	1.43800007041e-12	1.9426098041e-05	100.0
-0.000547750618866	-0.000444468765504	0.000132469887594	-0.0668366543783	-0.0528848220224	0.0158584563302	1.43800007041e-12	1.9426098041e-05	100.0
-0.000150062701507	0.000795542775062	1.55952807977e-05	-0.0151546774452	0.105149330554	0.00128541141068	1.43800007041e-12	1.9426098041e-05	100.0
0.000740516696071	0.00134614481909	0.000221513740529	0.0876593341491	0.161306741671	0.0259241694893	1.43800007041e-12	1.9426098041e-05	100.0
-0.000773717259667	-0.00121823285711	-0.000332985236139	-0.0941418490505	-0.147188648969	-0.0396927003128	1.43800007041e-12	1.9426098041e-05	100.0
-7.58569493797e-05	0.00106175338042	-0.000471911799972	-0.00972624880122	0.127371799638	-0.0521457651552	1.43800007041e-12	1.9426098041e-05	100.0
-0.000252580967451	0.000728965475442	-0.000465827866118	-0.0303354776307	0.0897270930664	-0.0527894509695	1.43800007041e-12	1.9426098041e-05	100.0
-0.000720433808421	-0.00128716812257	0.00102799277049	-0.0878260249481	-0.155505228833	0.123465662246	1.43758014956e-12	1.9420425285e-05	100.0
-0.00065621490771	-0.00079446826438	0.000534775643889	-0.0799981653848	-0.0957143056722	0.0638633504716	1.43758014956e-12	1.9420425285e-05	100.0
0.000506442701467	0.000454803402399	0.00121014012481	0.0605092036742	0.0553115728792	0.145154795418	1.43758014956e-12	1.9420425285e-05	100.0
-0.000231720725784	0.000575794065591	-4.34657693296e-05	-0.0273094033489	0.0742831663056	-0.00479003606944	2.87017053312e-12	3.8773443283e-05	100.0
0.000656863516714	0.00135777893462	5.93523657139e-06	0.0773117722533	0.162364534143	0.000751363731887	1.43758014956e-12	1.9420425285e-05	100.0
0.000231688603841	0.00124331964659	-8.5838920841e-05	0.0234975033266	0.14514294142	-0.00870598346714	1.43758014956e-12	1.9420425285e-05	100.0
0.000428938430017	-0.00152590263165	0.000748152984841	0.050862998392	-0.185090209117	0.0889914924056	1.43748258711e-12	1.9419107304e-05	100.0
0.000177336287902	-0.00170350468919	0.000552095752289	0.0204044146826	-0.206701527859	0.0645436686537	1.43748258711e-12	1.9419107304e-05	100.0
0.000849271561457	2.44163224711e-05	0.000242212771876	0.101678036325	0.00279964946666	0.0288725300813	1.43748258711e-12	1.9419107304e-05	100.0
0.000279250393742	0.0010221496307	0.000408996153346	0.0311464759153	0.123008913185	0.0459808089444	1.43748258711e-12	1.9419107304e-05	100.0
0.000505439589161	0.000536859544659	0.00114080531027	0.0603423287442	0.0650571655353	0.136739012213	1.43748258711e-12	1.9419107304e-05	100.0
-0.000731322015067	-0.00192898067579	0.00112511075453	-0.0890672958723	-0.232952015284	0.134876714406	1.43748258711e-12	1.9419107304e-05	100.0
0.000691577461202	0.000481823432377	5.0107877978e-05	0.0818777172175	0.0586723833572	0.00584077974391	1.43748258711e-12	1.9419107304e-05	100.0
-0.000602679185988	-0.00230287166761	0.000880417338587	-0.0733923112627	-0.277950029788	0.105192256488	1.43748258711e-12	1.9419107304e-05	100.0
0.000386714588191	0.000957988377103	-0.000453257580544	0.0444580404299	0.115907907829	-0.0523808495944	1.43748258711e-12	1.9419107304e-05	100.0
0.000192937008989	0.000843303292017	-0.0004857897596	0.0212862640572	0.102802359204	-0.0556448804354	1.43748258711e-12	1.9419107304e-05	100.0
0.000732863834004	0.000123046821134	-0.00111159125596	0.0879839473097	0.014990584147	-0.133419747554	1.43748258711e-12	1.9419107304e-05	100.0
-0.00023194801276	-0.000614313946502	-0.00109191082023	-0.0287487843956	-0.0741952332698	-0.131133540645	1.43748258711e-12	1.9419107304e-05	100.0
-0.000594598373799	-0.00143577642051	-0.0012250245263	-0.0727047893081	-0.17335953007	-0.147665252644	1.43716123452e-12	1.9414766117e-05	100.0
-0.000112369994562	0.000617024554207	-0.00110583628681	-0.014219396444	0.0748531117988	-0.131836818862	1.43716123452e-12	1.9414766117e-05	100.0
0.000111043437599	0.000577822047624	-3.1182421297e-05	0.011351331686	0.074350898759	-0.00379125506228	1.43674282237e-12	1.9409113742e-05	100.0
-0.000475810961793	1.50782622289e-05	-0.000240794444142	-0.0580113255585	0.00331971196039	-0.0285394624396	1.43674282237e-12	1.9409113742e-05	100.0
-0.00039895222496	0.000417986147192	-0.000146906170276	-0.0480181122355	0.053348591963	-0.0168761735953	1.43674282237e-12	1.9409113742e-05	100.0
0.000535139057832	-0.000940972767937	0.000196354296238	0.0638420086412	-0.11445091297	0.0229399865871	1.43664978602e-12	1.9407856904e-05	100.0
0.000724335934081	-0.00032310285508	0.000945913318671	0.086836446518	-0.039233326474	0.113398728377	1.43664978602e-12	1.9407856904e-05	100.0
2.70111280354e-05	-0.00149668325854	0.00156540659726	0.00252238742126	-0.181055681598	0.188227527778	1.43664978602e-12	1.9407856904e-05	100.0
0.000119934409661	-0.00176362166149	3.62224972745e-05	0.0120096529169	-0.21834107587	0.00342918953276	1.43664978602e-12	1.9407856904e-05	100.0
0.00068327196137	-0.00072177577946	0.000209911117197	0.0820170738272	-0.0877463377971	0.0250977922316	1.43664978602e-12	1.9407856904e-05	100.0
0.000416736324396	0.00104178011318	0.000365222038277	0.0475285804318	0.125323855948	0.0416049328908	1.43664978602e-12	1.9407856904e-05	100.0
0.000795343647361	0.000396817194464	0.0010245073555	0.0954013111699	0.0479783286616	0.122623400439	1.43664978602e-12	1.9407856904e-05	100.0
0.000599819576603	-0.000334273666697	-0.000347492429884	0.0716809151453	-0.0404851338452	-0.0414451890679	1.43664978602e-12	1.9407856904e-05	100.0
8.01903009372e-05	0.00109300593013	-0.000308380686524	0.00685838521139	0.130225165206	-0.0309990940906	1.43664978602e-12	1.9407856904e-05	100.0
7.3863210307e-06	0.000450737301103	-2.11161955382e-05	-0.000206311722966	0.0581544119842	-0.00231740773321	1.43664978602e-12	1.9407856904e-05	100.0
-0.000184753705716	-0.0023453059367	0.000124900977905	-0.0218202488209	-0.280233237993	0.0138769882634	1.43664978602e-12	1.9407856904e-05	100.0
0.000566150872293	-0.00121427745843	-0.000817463318948	0.0676714259815	-0.147349200742	-0.0977914182473	1.43664978602e-12	1.9407856904e-05	100.0
0.000621055983406	-0.000845449784868	-0.00173009074734	0.0744585678965	-0.102391707017	-0.208326206709	1.43664978602e-12	1.9407856904e-05	100.0
-0.0008019624284	-0.00230387636854	-0.000349123234981	-0.0971265967944	-0.277662577746	-0.0413500683955	1.43664978602e-12	1.9407856904e-05	100.0
-0.000400357226996	-0.0014675793457	0.000693194083477	-0.0489067596736	-0.177633071933	0.0829397753868	1.43632491312e-12	1.9403468161e-05	100.0
-0.000358297901903	9.80218400996e-05	-8.10063439292e-05	-0.0437252259631	0.0137348411638	-0.00945465922165	1.43632491312e-12	1.9403468161e-05	100.0
0.000393118019961	-0.00135653097621	0.000398039351077	0.046536412072	-0.165089697583	0.0468768228831	1.43623539706e-12	1.9402258879e-05	100.0
0.000128949768387	0.000765120427613	0.000201683454409	0.0120245596425	0.0961700032271	0.0200010488498	1.43623539706e-12	1.9402258879e-05	100.0
0.000463615984977	-0.000535629230737	-0.00034827593399	0.0552299218135	-0.0650215962723	-0.0413693354499	1.43623539706e-12	1.9402258879e-05	100.0
0.000533933126282	-0.00107745974729	-0.000474152909317	0.0636602203291	-0.13097029675	-0.0562959849461	1.43623539706e-12	1.9402258879e-05	100.0
0.000103951511337	-0.00198483660724	-0.000438862937292	0.0114866711289	-0.239840081557	-0.0496257774323	1.43623539706e-12	1.9402258879e-05	100.0
-0.000584366408626	-0.00108703861766	0.000755603001775	-0.0714362323986	-0.131303033965	0.0904921327738	1.43590750678e-12	1.9397829374e-05	100.0
-0.000630621287319	-0.000901527169598	2.32473031904e-05	-0.0768920936578	-0.108821046443	0.00251457377008	1.43590750678e-12	1.9397829374e-05	100.0
-0.000346922287899	-0.00202818424267	-0.00054706066414	-0.0420665648509	-0.244947277083	-0.0646697558926	1.43590750678e-12	1.9397829374e-05	100.0
-0.000568003463568	-0.00175726006453	-0.000561598259948	-0.0689405283678	-0.212422289826	-0.0668506099571	1.43590750678e-12	1.9397829374e-05	100.0
9.81449246857e-05	0.000510354032292	-0.00137060297891	0.0111746991297	0.0617719681316	-0.164229050428	1.43590750678e-12	1.9397829374e-05	100.0
-0.000247317721876	0.00069044247954	-0.00109223866206	-0.0304064612792	0.0838457082482	-0.130174586388	1.43590750678e-12	1.9397829374e-05	100.0
0.000144231459165	-0.00153844144046	0.00012027778142	0.0161342067094	-0.188581820039	0.0136332747235	1.43582151101e-12	1.9396667648e-05	100.0
0.000212725317313	-0.00134801791093	0.000175974421332	0.0246491999913	-0.164652475636	0.0205322278573	1.43582151101e-12	1.9396667648e-05	100.0
0.000718582282468	-0.000629502399422	-0.00036456841479	0.0862037282949	-0.0765793174436	-0.0436535812004	1.43582151101e-12	1.9396667648e-05	100.0
0.00086510970841	0.000317581131146	-0.000281681292968	0.103435587992	0.0384443375686	-0.0334252025552	1.43582151101e-12	1.9396667648e-05	100.0
-0.000679444258694	-0.002558368217	-5.29718442243e-05	-0.0823191081916	-0.308136167608	-0.00686011831728	1.43582151101e-12	1.9396667648e-05	100.0
0.000261428615361	-0.00169675557655	-0.0003047974446	0.0300067790025	-0.206875114133	-0.0345822821575	1.43582151101e-12	1.9396667648e-05	100.0
0.000489212547963	-0.00140532834182	-0.000836604064178	0.0582500738093	-0.17042753584	-0.0998401160502	1.43582151101e-12	1.9396667648e-05	100.0
0.000611384210444	0.000362512305204	0.000207949174486	0.0724251941167	0.0444766454521	0.0243515545029	1.43540913366e-12	1.9391096797e-05	100.0
-4.58540337867e-05	-0.00214354790873	0.00118746792403	-0.00625164497697	-0.258821164997	0.142193817549	1.43540913366e-12	1.9391096797e-05	100.0
-0.000223352906841	0.000781602076038	0.000460752514401	-0.0268126645481	0.0957871470494	0.0516835324672	1.43507470568e-12	1.9386578974e-05	100.0
-0.000475837734213	0.000302798276079	0.000877448614581	-0.058070581086	0.0375022757694	0.104771919217	1.43507470568e-12	1.9386578974e-05	100.0
-0.000326891902025	0.000683560482322	0.000160080566996	-0.0381000911664	0.0865197032746	0.0168788927182	1.43507470568e-12	1.9386578974e-05	100.0
-0.000160076784295	0.000910767165752	0.000873636611527	-0.0198538183603	0.11011506458	0.103064862514	1.43507470568e-12	1.9386578974e-05	100.0
-0.000153147377237	0.000309623166341	0.00144051307443	-0.0191435438139	0.0377059905784	0.17287419379	1.43507470568e-12	1.9386578974e-05	100.0
-0.000280912146579	0.000381638115368	0.000278431507247	-0.0340399013381	0.0486846041619	0.0321997413882	1.43507470568e-12	1.9386578974e-05	100.0
-0.000447135098274	-0.00103652835822	-0.000119965606148	-0.0545925152023	-0.125338450092	-0.0144127513394	1.43507470568e-12	1.9386578974e-05	100.0
-0.000462780791538	-0.00140402538176	-0.000330520912414	-0.0562334973454	-0.170102227414	-0.0393868088573	1.43507470568e-12	1.9386578974e-05	100.0
0.000426049006204	0.000522753315111	-0.000727813743207	0.0505308890484	0.0638721754122	-0.0865615840512	1.43507470568e-12	1.9386578974e-05	100.0
-0.000393783854572	-0.000734444277221	-0.00152568768019	-0.0483899458497	-0.0887327437661	-0.183737720409	1.43507470568e-12	1.9386578974e-05	100.0
-0.000200350443858	-0.0011376577527	-0.00134512693903	-0.0249785060503	-0.137563892658	-0.161760079567	1.43507470568e-12	1.9386578974e-05	100.0
-0.000341202833491	0.000633112338182	-0.000166833637004	-0.0401314692311	0.0800901602962	-0.0179007664907	1.43507470568e-12	1.9386578974e-05	100.0
0.000654689983385	-0.00113715111194	0.000702701858376	0.078338956523	-0.138030215363	0.0838542810693	1.4349977621e-12	1.9385539535e-05	100.0
0.000309596434791	-0.00182853466717	0.000815138843216	0.0364273419563	-0.221308771369	0.0967665987334	1.4349977621e-12	1.9385539535e-05	100.0
0.000698607221486	-0.000282436465521	0.000198409900797	0.083669004764	-0.0342695520054	0.0238028298196	1.4349977621e-12	1.9385539535e-05	100.0
0.000531101751584	0.000649674552754	7.62234467753e-05	0.0615623423849	0.079275044049	0.00901394666836	1.4349977621e-12	1.9385539535e-05	100.0
-0.00059273488759	-0.00219672559109	0.000985959523487	-0.0722564902992	-0.265274609453	0.11807793645	1.4349977621e-12	1.9385539535e-05	100.0
0.000248202822328	-0.00186556565875	-0.000596029339995	0.0288221623461	-0.22593702971	-0.069744283327	1.4349977621e-12	1.9385539535e-05	100.0
-0.000187229862397	-0.00171219319581	0.00056412676968	-0.0229093901481	-0.207596425738	0.0669910226919	1.43458689344e-12	1.9379989066e-05	100.0
0.000385306113879	-0.00133052812008	-0.00148499436403	0.0458567830355	-0.161049045615	-0.178465364585	1.43458689344e-12	1.9379989066e-05	100.0
-0.000299732063259	-0.00242376264992	-5.68395629778e-05	-0.0359134245497	-0.290604644654	-0.0060739589969	1.43458689344e-12	1.9379989066e-05	100.0
0.000114050628509	0.00120209452112	0.00105822424136	0.0129853597439	0.144796443121	0.125944728869	1.43424441908e-12	1.9375362543e-05	100.0
-0.000364908446835	-0.000386668109414	0.00141043151445	-0.0448099834153	-0.0463849476324	0.169557124542	1.43424441908e-12	1.9375362543e-05	100.0
-0.000705813644512	-0.000647369198063	0.000220495087648	-0.0860191871873	-0.0777463481057	0.0262849077584	1.43424441908e-12	1.9375362543e-05	100.0
-0.000462971140143	-0.00200057630299	0.000188941613505	-0.054988005718	-0.241585826201	0.0218196791413	1.43424441908e-12	1.9375362543e-05	100.0
-0.000309339336165	-0.00179767639855	2.08236345713e-05	-0.0356117992585	-0.218684016274	0.00213314144027	1.43424441908e-12	1.9375362543e-05	100.0
0.000645625292466	-0.000161948153959	-0.000228499181493	0.0772179146128	-0.0194353905803	-0.0272711768336	1.43417753348e-12	1.9374458978e-05	100.0
0.000119822237069	0.00127874092937	-7.84054672845e-05	0.0107166959672	0.148157127881	-0.00745167314899	1.43417753348e-12	1.9374458978e-05	100.0
0.000238200195071	-0.00184357947041	-0.000287707988233	0.026706243143	-0.224587566162	-0.0316388108529	1.43417753348e-12	1.9374458978e-05	100.0
0.000299896062458	-0.00146161754086	-0.00137415318639	0.0355124322869	-0.176709817329	-0.164880397222	1.43417753348e-12	1.9374458978e-05	100.0
-0.000175610978098	-0.00238315325848	-0.000477509985742	-0.0216166592347	-0.286529248909	-0.0559991784137	1.43417753348e-12	1.9374458978e-05	100.0
-0.000390173746424	0.000165204954458	0.000888109400744	-0.0477027431002	0.0206995610247	0.105916583328	1.43383003012e-12	1.9369764517e-05	100.0
-0.000404092945348	0.00021575993356	0.000473601295496	-0.0491981985764	0.0274862353998	0.0557787111825	1.43383003012e-12	1.9369764517e-05	100.0
-0.000612848156595	-0.00102978445943	0.00117756621071	-0.0747790673912	-0.124285250768	0.141400908925	1.43383003012e-12	1.9369764517e-05	100.0
-0.000589400732861	-0.000503579212087	0.000302107325596	-0.0718465093168	-0.060184540426	0.0357927464334	1.43383003012e-12	1.9369764517e-05	100.0
0.000109022992852	0.00122738024365	0.000388844753992	0.0113171950898	0.145655269969	0.0429200108918	1.43383003012e-12	1.9369764517e-05	100.0
0.000737441248554	0.000332729426095	-0.000434414861033	0.0881830583446	0.0406510357231	-0.0518831962206	1.43383003012e-12	1.9369764517e-05	100.0
0.000756043703903	0.00132441089156	-0.000343889442111	0.08967996701	0.159001525438	-0.040332978212	1.43383003012e-12	1.9369764517e-05	100.0
0.000165135323808	-0.00186982445139	0.000214483646725	0.0174362926259	-0.228273833758	0.0216578134517	1.43376917932e-12	1.9368942477e-05	100.0
0.000670289294298	-0.000420859907179	-2.2168740756e-05	0.0802472153337	-0.0512164842938	-0.00277986301693	1.43376917932e-12	1.9368942477e-05	100.0
0.000270175993434	-0.000387477119312	0.00109369061421	0.0319245126235	-0.0466449350742	0.131274859696	1.43376917932e-12	1.9368942477e-05	100.0
3.79369372013e-05	-0.00205761345024	0.000227379311202	0.0034671408564	-0.246686631216	0.021153798666	1.43376917932e-12	1.9368942477e-05	100.0
0.000235549786231	-0.00158437662128	-8.29203774021e-05	0.0268450689835	-0.194113889568	-0.0087865567928	1.43376917932e-12	1.9368942477e-05	100.0
0.000452827177727	0.000555758972417	-0.000389100886066	0.0529521247357	0.0678625930069	-0.0453129455487	1.43376917932e-12	1.9368942477e-05	100.0
0.000144598337876	-0.00173934484209	4.62482412004e-05	0.0150563295506	-0.214783410616	0.00442495107835	1.43336132806e-12	1.9363432771e-05	100.0
0.000615147192466	-0.000826691783388	0.000306686890303	0.073665573175	-0.100543922084	0.0365648504511	1.43336132806e-12	1.9363432771e-05	100.0
0.000582808808448	0.000913694175127	-0.000200844097435	0.06762043387	0.110203952511	-0.023269906373	1.43336132806e-12	1.9363432771e-05	100.0
0.000395890533842	0.000894259979196	-6.83041843055e-05	0.043026465507	0.108986109446	-0.00748641434639	1.43336132806e-12	1.9363432771e-05	100.0
-0.000437838926734	-0.0017060529675	-0.00158111095107	-0.0536287541381	-0.20620729598	-0.190036317975	1.43336132806e-12	1.9363432771e-05	100.0
-0.000815136724737	-0.00195158229441	-0.000978498670971	-0.0991982067195	-0.235670021138	-0.117206255106	1.43336132806e-12	1.9363432771e-05	100.0
-0.000839031440038	-0.00063838538984	0.000694450003291	-0.102149780565	-0.0767807829677	0.0831016826318	1.43259038356e-12	1.9353017998e-05	100.0
0.000103904028047	0.000325576461143	0.00181364411519	0.011905313032	0.0394255361953	0.218131571819	1.43259038356e-12	1.9353017998e-05	100.0
-0.000269942775629	0.000380056050604	9.06002164909e-05	-0.0326027093011	0.0489944911199	0.0100633360078	1.43259038356e-12	1.9353017998e-05	100.0
0.000679926962557	-9.8517261115e-06	0.00057881736905	0.0813420741374	-0.000992467366766	0.0690244723297	1.43259038356e-12	1.9353017998e-05	100.0
-0.000691568076109	-0.00089162333973	-1.23154490079e-05	-0.0842826848802	-0.107509805715	-0.00133562712335	1.43259038356e-12	1.9353017998e-05	100.0
-6.24228001315e-05	0.000119626227728	-0.000550656092788	-0.00820068113087	0.0158479731231	-0.0655214709951	1.43259038356e-12	1.9353017998e-05	100.0
0.000122113514307	-0.000770696541538	-0.00111220421208	0.0141086064377	-0.0930132459266	-0.13359942612	1.43259038356e-12	1.9353017998e-05	100.0
-0.000592218556744	-0.00098884414536	-0.000504428011835	-0.0722022875407	-0.119403016598	-0.0600142992988	1.43259038356e-12	1.9353017998e-05	100.0
-0.000439366391476	7.64098128036e-05	-0.000418257199359	-0.0535176694175	0.0106141574446	-0.0494560740601	1.43259038356e-12	1.9353017998e-05	100.0
0.000389621897433	-0.000339872878893	-0.00128171505044	0.0465010892783	-0.0408270476175	-0.154040765933	1.43259038356e-12	1.9353017998e-05	100.0
-0.000494462485267	-0.000910590033218	-0.00100874367499	-0.0604844772184	-0.109867639129	-0.121034992755	1.43259038356e-12	1.9353017998e-05	100.0
0.000575188214681	0.00114513727581	-0.00106172586285	0.0686413897762	0.138164072902	-0.126812193085	1.43259038356e-12	1.9353017998e-05	100.0
0.00035144054418	8.37798479574e-05	-0.00163447624499	0.0418512495701	0.0101751672411	-0.196643168409	1.43259038356e-12	1.9353017998e-05	100.0
-0.000533970478084	-9.92863785661e-05	-0.000669856539275	-0.0650770927652	-0.0112264991103	-0.079717829416	1.43259038356e-12	1.9353017998e-05	100.0
-0.00029872014546	0.000485218837396	-0.00043582953901	-0.0361691970897	0.0607497657282	-0.0505904079626	1.43259038356e-12	1.9353017998e-05	100.0
0.000112529968897	-0.0018654976267	0.000145245819458	0.0107549873497	-0.229664292418	0.0128820713272	1.43254914583e-12	1.9352460913e-05	100.0
0.000199717637839	-0.00173758028248	0.000257296442021	0.022357020673	-0.212133309365	0.0282935678974	1.43254914583e-12	1.9352460913e-05	100.0
0.00015288785212	-0.00192826095659	0.00028971396758	0.016316196754	-0.234152820825	0.0307724359346	1.43254914583e-12	1.9352460913e-05	100.0
0.000223176524236	0.000998522368741	0.000177789310694	0.02053598724	0.120241038572	0.0165454780569	1.43254914583e-12	1.9352460913e-05	100.0
0.000129393099858	-0.00118693074025	0.00146254919289	0.0148866683639	-0.143752109768	0.175902403218	1.43254914583e-12	1.9352460913e-05	100.0
0.000880038848975	-0.000194377123571	-0.000158322744957	0.105675976095	-0.0237379503378	-0.0190199089207	1.43254914583e-12	1.9352460913e-05	100.0
-0.000210475809226	-0.00245881592799	0.000616913936162	-0.0259712928732	-0.295980715009	0.0731892398427	1.43254914583e-12	1.9352460913e-05	100.0
0.000170585577158	0.00117539784649	-0.000314102627084	0.0175704800765	0.139629550109	-0.0335921094321	1.43254914583e-12	1.9352460913e-05	100.0
0.000262111252744	0.000790709492899	-0.000305027689549	0.0285546124591	0.0978738143577	-0.0344075228874	1.43254914583e-12	1.9352460913e-05	100.0
0.000164218060237	-0.00179060541214	-4.24955269193e-05	0.0167471505388	-0.221174203064	-0.00340687674956	1.43254914583e-12	1.9352460913e-05	100.0
0.000457472290453	-0.00134818372772	-0.000405925102255	0.0542327332136	-0.164140522443	-0.0481071784625	1.43254914583e-12	1.9352460913e-05	100.0
0.00068054617264	0.000961922227948	-0.00114149524643	0.08150081995	0.116156064324	-0.136905616028	1.43254914583e-12	1.9352460913e-05	100.0
0.000615968152279	1.15511049878e-05	-0.000663700489121	0.0737685890417	0.00178747809662	-0.0792915348806	1.43254914583e-12	1.9352460913e-05	100.0
0.000257321707461	0.00101695002789	-0.000898176287813	0.0301986143842	0.122873666931	-0.106515461078	1.43254914583e-12	1.9352460913e-05	100.0
-0.000816876199428	-0.00187155347967	-0.00068977995253	-0.099264874991	-0.225984656883	-0.0824430777213	1.43254914583e-12	1.9352460913e-05	100.0
0.000169647950631	-0.00187708936334	-0.000302473893895	0.0186277884779	-0.228391790177	-0.032781995374	1.43254914583e-12	1.9352460913e-05	100.0
