# x[AU] y[AU] z[AU] vx[AU/yr/2pi] vy[AU/yr/2pi] vz[AU/yr/2pi] m[MSUN] m[mtot] wf[%]
-4.98114467076e-06	0.000606150663124	3.73299904005e-08	-0.00014330546715	0.072736301143	7.51429835327e-06	5.83288269076e-07	0.905262348758	9.62061758839
1.61372431731e-05	-0.00617439778324	1.04840803261e-06	-0.00253822899138	-0.740794129149	3.76853403923e-05	4.90044600874e-08	0.0760548342703	7.49729952689
3.37741363703e-05	-0.00570041896084	-0.000149230660155	0.000941635981108	-0.688762980154	-0.0162644526114	2.38186464971e-10	0.000369664966958	0.0
5.27421535085e-05	-0.00581719344472	-6.03058918465e-06	0.0031379979126	-0.70451596504	-0.00124748694081	1.38410476396e-10	0.00021481281142	0.0
-0.000112244284063	-0.00545235968101	-0.000530318809417	-0.0165317310589	-0.656202096888	-0.0618361012779	1.00813887059e-10	0.00015646297212	0.0
0.000105373307469	-0.00583300807269	0.000128880547429	0.00802119742331	-0.705990993566	0.0130371244024	6.83368418935e-11	0.0001060586562	0.0
1.71987895928e-05	-0.00532666776206	-6.96718115454e-05	-0.000693828542249	-0.6418916257	-0.008220800418	6.77212781686e-11	0.0001051033024	0.0
7.88570276355e-05	-0.00561981454733	-0.000310962644932	0.00566190027696	-0.67768125396	-0.0351344675433	6.74441304118e-11	0.00010467316958	0.0
5.45027662249e-05	-0.00525353788989	-0.000154184687684	0.00301200882583	-0.633149323491	-0.0177873271463	6.71712321534e-11	0.00010424963197	0.0
7.94973892026e-05	-0.00593679387922	0.000225305804324	0.00500084848261	-0.717584553357	0.0215031406052	1.00422923152e-10	0.000155856196834	0.0
0.000226717331726	-0.00529656589404	8.65064998348e-05	0.023170345263	-0.638154737168	0.0100078356527	4.4469627402e-11	6.9016782067e-05	25.059213005
4.97111393578e-05	-0.00579364159479	-6.02292420737e-05	0.00295973808918	-0.701345380608	-0.0062960134617	3.45657163548e-11	5.3645929863e-05	0.0
6.7225945984e-05	-0.00581199896022	-6.97692257126e-05	0.00403303874631	-0.703291707568	-0.00690852434888	3.45657163548e-11	5.3645929863e-05	0.0
4.81122943289e-05	-0.00576749018387	-0.000139903859928	0.00259736009723	-0.696569715698	-0.0145396502914	3.45283660302e-11	5.3587962226e-05	0.0
9.58870689327e-05	-0.00581589894227	9.99215157479e-05	0.00751328288197	-0.704418739967	0.0106717627938	3.44534139313e-11	5.3471636703e-05	0.0
-2.1777529395e-05	-0.00601637916167	0.000199281384959	-0.00340941925479	-0.727595626325	0.0169516028986	3.44158171861e-11	5.3413286621e-05	0.0
6.76869294905e-05	-0.00571217309365	0.000121481110807	0.00425530439483	-0.690089405738	0.0131219980408	3.4340362188e-11	5.32961806e-05	0.0
2.23527041324e-05	-0.00574729746003	-5.66675630411e-05	-0.000162829366312	-0.69514016401	-0.00633154281648	3.4340362188e-11	5.32961806e-05	0.0
2.21679838983e-05	-0.00570376177834	-6.72243447981e-05	0.00106199757324	-0.689747473931	-0.00721682233372	3.4340362188e-11	5.32961806e-05	0.0
4.29014460658e-05	-0.005673963373	0.000256185192521	0.0021321698188	-0.684571066433	0.0281423557909	3.41884162195e-11	5.3060360729e-05	0.0
4.11238181975e-05	-0.00570456643211	0.000223547351266	0.00156288311115	-0.688325150805	0.0245704774821	3.40735238651e-11	5.2882048e-05	0.0
7.03027504722e-05	-0.0056470216307	0.000305940730291	0.00510850998479	-0.680705228923	0.0340487621078	3.40735238651e-11	5.2882048e-05	0.0
5.17417033403e-05	-0.00591512554497	-0.000212162840951	0.00350787299126	-0.714608220715	-0.0203867323514	3.40735238651e-11	5.2882048e-05	0.0
2.71277443456e-05	-0.00576451564795	2.59663321979e-07	-0.000177233586432	-0.698280129423	-0.000855040149338	3.40350470462e-11	5.2822332047e-05	0.0
1.91421042887e-05	-0.00613093351201	-0.000260312017416	0.000207203264357	-0.736948324485	-0.021924667035	3.40350470462e-11	5.2822332047e-05	0.0
5.35579713462e-05	-0.00568553342437	0.00012751260969	0.00292817453422	-0.687455206718	0.0140126607076	3.39964797055e-11	5.2762475603e-05	0.0
6.02668331672e-05	-0.0058849227878	0.000117328455994	0.00291890813754	-0.713006905148	0.0108064087615	6.76028906647e-11	0.00010491956521	0.0
2.43717492431e-05	-0.00571391167655	-5.28189624105e-05	-0.00116607543986	-0.69146620546	-0.00645971625189	3.38802094072e-11	5.2582024308e-05	0.0
2.0054781005e-05	-0.00605053855964	-0.000313190508266	3.96520978908e-05	-0.728466457074	-0.0305995513046	3.38802094072e-11	5.2582024308e-05	0.0
1.45417020578e-05	-0.00596453798416	0.000426941826786	-0.00104726488646	-0.718412241825	0.046596947344	3.38412598631e-11	5.2521574685e-05	0.0
5.10242747071e-05	-0.00535570461198	-5.48529811046e-05	0.00222069081192	-0.645196762339	-0.00653006961751	3.38022197971e-11	5.2460984573e-05	0.0
4.39765993247e-05	-0.00566411798273	0.000207146045923	0.0014927468203	-0.684067086861	0.023019867912	3.37238429546e-11	5.2339343854e-05	0.0
0.000114815108729	-0.0057304648296	0.000341211153977	0.00992816237167	-0.690822719687	0.0378731192864	3.37238429546e-11	5.2339343854e-05	0.0
3.92550088275e-05	-0.00513236484548	0.000155700591065	0.00133260563188	-0.61830460052	0.0177989705425	3.36450738507e-11	5.2217094346e-05	0.0
-9.78732475502e-05	-0.00501107380153	0.000159672296225	-0.0149512762333	-0.603077074141	0.0187512568633	3.36450738507e-11	5.2217094346e-05	0.0
3.11750150479e-05	-0.00590139456791	-0.000243356410634	0.000846897955416	-0.712335308353	-0.0236675357505	3.36450738507e-11	5.2217094346e-05	0.0
-6.28210910418e-05	-0.00477657515181	-0.000352533140961	-0.0107880234186	-0.574393809856	-0.0418864772046	3.35261583026e-11	5.2032537628e-05	0.0
9.39023638122e-05	-0.00578866367595	-0.000115819974455	0.00696808417638	-0.699823144658	-0.0119898815999	3.35261583026e-11	5.2032537628e-05	0.0
3.84856697846e-05	-0.00586665044252	-0.000252421075388	0.000728091222221	-0.70894037627	-0.0257951269146	6.66898821707e-11	0.000103502577663	0.0
-2.518579498e-05	-0.00570922968738	-0.000460329624939	-0.00608697556691	-0.687370087856	-0.0521092892643	3.35261583026e-11	5.2032537628e-05	0.0
7.34212778337e-05	-0.00586137637867	0.000223084798332	0.00456414449418	-0.708562985834	0.0224405542913	3.34863135979e-11	5.1970698718e-05	0.0
3.60445603247e-05	-0.0055176376989	0.000376322131669	0.000857158045257	-0.664919182036	0.0430059001355	3.34863135979e-11	5.1970698718e-05	0.0
-5.99685098673e-05	-0.00551278550812	0.000457853530893	-0.0102705260312	-0.663799628386	0.0528586451001	3.34863135979e-11	5.1970698718e-05	0.0
3.09436802345e-05	-0.00589378384602	0.000511623752229	0.000643201851933	-0.709047631807	0.0572843456006	3.34863135979e-11	5.1970698718e-05	0.0
3.91898236122e-05	-0.00599993497303	0.000378790816482	0.0013411326543	-0.72208941146	0.0397297488456	6.67313411819e-11	0.000103566921974	0.0
4.09007060754e-05	-0.00527352197707	0.000241141967143	0.00161368233101	-0.63521557844	0.0276992073961	3.34863135979e-11	5.1970698718e-05	0.0
1.95312998509e-05	-0.00511142855792	0.000303341938924	-0.000972880127359	-0.615284055002	0.0353908136876	3.34863135979e-11	5.1970698718e-05	0.0
2.27039962321e-05	-0.00509893090637	-0.000381888112623	-0.00075882279761	-0.613747212762	-0.0450236738047	3.34863135979e-11	5.1970698718e-05	0.0
1.53327476465e-05	-0.00489678034468	-0.000452424772534	-0.00154504743149	-0.588993735781	-0.0534508138458	3.34863135979e-11	5.1970698718e-05	0.0
3.80324865473e-05	-0.00592422866524	-7.87488289431e-05	-4.09172423361e-05	-0.719769926306	-0.00637231643577	3.34863135979e-11	5.1970698718e-05	0.0
2.16959481022e-05	-0.00568128248185	-0.000187626158071	-0.00064393209926	-0.687058201474	-0.0194501305348	3.34863135979e-11	5.1970698718e-05	0.0
7.59046558475e-05	-0.0057379473728	-0.000231324329498	0.00575815218252	-0.692014029317	-0.0244080483769	3.34863135979e-11	5.1970698718e-05	0.0
3.4106549824e-05	-0.00590105871219	-0.000148740368809	-0.000203345036322	-0.715150037226	-0.0136843491828	3.34863135979e-11	5.1970698718e-05	0.0
-8.52424644504e-06	-0.00557077991077	-0.00040761358366	-0.00423801560188	-0.671218764466	-0.0467203217526	3.34863135979e-11	5.1970698718e-05	0.0
7.62946684575e-05	-0.00579844371695	-0.000578249260161	0.00567485802813	-0.697445923629	-0.0660549720727	3.34863135979e-11	5.1970698718e-05	0.0
4.23786907316e-05	-0.00532667971978	-2.83079894225e-05	0.00120221398183	-0.642363406275	-0.00394541166569	3.34463683133e-11	5.1908703708e-05	0.0
0.000250722253275	-0.00475332913579	-9.05053288837e-06	0.0265252110342	-0.571691198556	-0.00100620516087	3.34463683133e-11	5.1908703708e-05	0.0
-0.000112324223349	-0.0059080272206	-0.000557726581419	-0.0161867460497	-0.710236354942	-0.063268090827	3.34463683133e-11	5.1908703708e-05	0.0
5.72408659109e-05	-0.00560799670038	0.000144674088446	0.002733194668	-0.67745605208	0.0163171845648	3.34063123909e-11	5.1846536988e-05	0.0
4.07667627939e-05	-0.0051481515508	0.000134235193496	0.00111855061984	-0.619876881649	0.0161521766687	3.34063123909e-11	5.1846536988e-05	0.0
0.000205108578327	-0.00462056159052	0.000115006154576	0.0211904733573	-0.555647521322	0.0134049499118	3.34063123909e-11	5.1846536988e-05	0.0
0.000125963425708	-0.00549008498735	0.000219805491797	0.0116427715727	-0.661999947623	0.0251829541709	3.34063123909e-11	5.1846536988e-05	0.0
-2.55697895251e-05	-0.00622116574852	-0.000247115116104	-0.00404247546741	-0.744660099329	-0.0204547186352	3.34063123909e-11	5.1846536988e-05	0.0
5.3823799331e-05	-0.00570362447218	-7.57852256182e-06	0.0018004719612	-0.690150215016	-0.00145340992979	3.33258887486e-11	5.1721719639e-05	0.0
3.42202853439e-05	-0.00601789000517	0.000279004479306	0.000356822952818	-0.725868238542	0.0264334337439	3.3245027584e-11	5.1596223256e-05	0.0
6.8040520058e-05	-0.00559914838019	0.000308071658249	0.00430429104578	-0.675413232945	0.034610116621	3.3245027584e-11	5.1596223256e-05	0.0
0.000185390068115	-0.00547057691838	0.000534819013397	0.0185337195658	-0.658539615564	0.062279922042	3.3245027584e-11	5.1596223256e-05	0.0
3.74987296547e-06	-0.00613914326295	0.000488267154988	-0.00214265442153	-0.736498731984	0.0531744073312	3.3245027584e-11	5.1596223256e-05	0.0
8.44708362684e-05	-0.00583603628912	0.000138401426264	0.00507461751074	-0.706230733885	0.012432811295	3.3245027584e-11	5.1596223256e-05	0.0
6.45402299506e-05	-0.00528645293907	0.000200785496428	0.00397201206336	-0.636869564361	0.0232844624833	3.3245027584e-11	5.1596223256e-05	0.0
0.000245192808857	-0.00464070565511	0.000303461948012	0.0259205942858	-0.557877904687	0.0356953869239	3.3245027584e-11	5.1596223256e-05	0.0
0.000177233689323	-0.00547016910816	0.000597741781789	0.0176162438961	-0.658033863943	0.0695689350326	3.3245027584e-11	5.1596223256e-05	0.0
8.90767425743e-05	-0.00527099727443	-0.00027171931125	0.00693785697465	-0.634982098272	-0.0316421696779	3.3245027584e-11	5.1596223256e-05	0.0
0.000138163398525	-0.00511445908742	-0.000490343880637	0.0129958140974	-0.61570862305	-0.0577370426821	3.3245027584e-11	5.1596223256e-05	0.0
3.55829359642e-05	-0.00561830964162	-0.000341693684013	0.000769562721981	-0.677360919375	-0.0383694921872	3.3245027584e-11	5.1596223256e-05	0.0
2.53025551814e-05	-0.00557272357768	-0.000444724038161	-0.000284796489448	-0.670937220595	-0.0505871648371	3.3245027584e-11	5.1596223256e-05	0.0
9.67088514115e-05	-0.00562547169276	-3.89531187525e-05	0.00671255505482	-0.679901526556	-0.00441937038514	3.31637238681e-11	5.1470040035e-05	0.0
3.59237833524e-05	-0.00530681581325	-0.000119621495602	0.000531411968951	-0.639544261113	-0.0137510752233	3.31637238681e-11	5.1470040035e-05	0.0
0.000486631449267	-0.00463213902302	-0.000228015104703	0.0549681747754	-0.556983573764	-0.0269504701973	3.31637238681e-11	5.1470040035e-05	0.0
0.000141415741407	-0.00526661997435	-0.000380626421102	0.0132445810858	-0.634161426245	-0.0445293962306	6.56599948704e-11	0.000101904194418	0.0
-7.7790414426e-05	-0.00565121159903	-0.000849765123228	-0.0125742577331	-0.679277790385	-0.0997189709674	3.31637238681e-11	5.1470040035e-05	0.0
-3.15759582486e-05	-0.00598021465355	-0.000621466549557	-0.00670333226539	-0.718442626203	-0.07085305994	3.31637238681e-11	5.1470040035e-05	0.0
2.20744074768e-05	-0.00586917864627	0.000492515496272	-0.000863863220728	-0.707046635058	0.0553585644053	3.31229085679e-11	5.1406694762e-05	0.0
0.000119793077875	-0.00558775901784	0.00022728783571	0.00967803690622	-0.674255066053	0.0254384926535	6.58731738472e-11	0.000102235047808	0.0
0.000446346636985	-0.0045737785598	0.000695658566483	0.0500960275605	-0.54960847958	0.0824595959787	3.31229085679e-11	5.1406694762e-05	0.0
3.42218962312e-05	-0.00611890676931	0.000469133607882	0.000873078498039	-0.734505426232	0.0506362595319	3.31229085679e-11	5.1406694762e-05	0.0
6.8759681143e-05	-0.00481091192109	-0.000319899353026	0.00503310604484	-0.578386895337	-0.0380592075003	3.31229085679e-11	5.1406694762e-05	0.0
4.98319807175e-05	-0.00618128868889	-0.000261630883233	0.00317426611137	-0.741064707607	-0.022015553116	3.31229085679e-11	5.1406694762e-05	0.0
6.24101271048e-05	-0.00592371378519	0.000320344103454	0.00341761728537	-0.714691952811	0.0331488374163	3.29997586084e-11	5.1215566246e-05	0.0
9.30394896055e-06	-0.00575660612046	0.00065766955425	-0.00228697071958	-0.692383376578	0.0758981866278	3.29997586084e-11	5.1215566246e-05	0.0
5.37684810209e-05	-0.00595042951945	0.000494197722789	0.00272079109782	-0.715509998021	0.054521908113	3.29997586084e-11	5.1215566246e-05	0.0
-4.65590837263e-05	-0.00457391129685	-0.000446099279888	-0.00877308848873	-0.549524221765	-0.0528146503846	3.29997586084e-11	5.1215566246e-05	0.0
-0.00013773698646	-0.00598695716128	-0.000969827318404	-0.0195785244681	-0.718819003207	-0.114161196233	3.29997586084e-11	5.1215566246e-05	0.0
0.000115807425506	-0.00524398694373	0.000101323888556	0.0098704229277	-0.631907515043	0.0117629833756	3.29170769486e-11	5.1087244458e-05	0.0
0.000857709095388	-0.00337983894459	-1.03082828504e-05	0.0997613320961	-0.40537260834	-0.00154623547521	3.29170769486e-11	5.1087244458e-05	0.0
6.37130183411e-05	-0.00609863251516	0.000255423458129	0.00419215291752	-0.733145889698	0.0213294038303	3.29170769486e-11	5.1087244458e-05	0.0
-3.40241781342e-05	-0.00616103393202	-0.000526785495657	-0.00697458237254	-0.73937595627	-0.0583120534408	3.29170769486e-11	5.1087244458e-05	0.0
9.98063765823e-05	-0.00583804928408	0.000192258549172	0.00643569327333	-0.705871135275	0.0191195608778	3.28755575895e-11	5.1022806487e-05	0.0
4.71746511683e-05	-0.00464241792748	0.000526588708177	0.00211358504674	-0.558106717507	0.0622355334148	3.28755575895e-11	5.1022806487e-05	0.0
0.000177739599699	-0.0055303225995	0.00109668186053	0.0178666880066	-0.664516827913	0.129651519679	3.28755575895e-11	5.1022806487e-05	0.0
1.83860617904e-05	-0.00617774393817	0.000307390456467	-0.00068475640699	-0.740013730911	0.0285849954612	3.28755575895e-11	5.1022806487e-05	0.0
8.14551606783e-05	-0.00568707873928	-0.000180294042514	0.00436199329727	-0.687308592817	-0.019472435143	3.28755575895e-11	5.1022806487e-05	0.0
0.00111764736655	-0.0037168291275	-0.000757863868179	0.130890817607	-0.446031621195	-0.0900061688469	3.28755575895e-11	5.1022806487e-05	0.0
0.000117574010925	-0.00541487974006	-1.59838920074e-05	0.00970441785595	-0.653061573224	-0.00203848672543	3.28339175346e-11	5.0958181196e-05	0.0
-7.83458771984e-05	-0.0045960431644	-7.01963103543e-05	-0.0128321943556	-0.552774727862	-0.00826783198024	3.28339175346e-11	5.0958181196e-05	0.0
0.000348746263245	-0.00424499250917	-0.000234443242821	0.0385313349687	-0.51015661756	-0.0279699799465	3.28339175346e-11	5.0958181196e-05	0.0
0.000591416459733	-0.00187561479182	-0.000460114274213	0.0677236614579	-0.222735738056	-0.0549640150407	3.28339175346e-11	5.0958181196e-05	0.0
-0.0008571266131	-0.00616173001752	0.000662330115538	-0.105370362026	-0.739414372611	0.0780784197434	3.28339175346e-11	5.0958181196e-05	0.0
4.52056590736e-05	-0.00586432999116	-0.000336540097566	0.00175637223445	-0.707024664168	-0.035440969755	3.28339175346e-11	5.0958181196e-05	0.0
5.87298575313e-05	-0.00577816126898	-0.000500171724837	0.00335077415027	-0.695579674112	-0.0564827957611	3.28339175346e-11	5.0958181196e-05	0.0
5.72527421294e-05	-0.00604500295324	-0.000560678435271	0.00336883866833	-0.726110321986	-0.0627067969163	3.28339175346e-11	5.0958181196e-05	0.0
7.28284131386e-05	-0.00545052527095	0.000654672012053	0.00511588835613	-0.655903089634	0.0764703045849	3.27502652793e-11	5.0828353046e-05	0.0
0.000150811090167	-0.00557199389864	0.000674115802839	0.0144061908069	-0.6703334732	0.0784877198056	3.27502652793e-11	5.0828353046e-05	0.0
2.79204337037e-05	-0.00610645502677	0.000443195572355	-2.09100370573e-05	-0.733820991641	0.047686763924	3.27502652793e-11	5.0828353046e-05	0.0
0.00013723027144	-0.00511384183144	0.000422380224587	0.0127155289314	-0.61554629747	0.0494501876743	3.27502652793e-11	5.0828353046e-05	0.0
0.000295478530765	-0.00404178926245	0.000691460690958	0.0320508914097	-0.485381195406	0.0821456407556	3.27502652793e-11	5.0828353046e-05	0.0
0.0008041201424	-0.0031981217839	0.00143173521513	0.0931928299011	-0.383415876703	0.170773299153	3.27502652793e-11	5.0828353046e-05	0.0
0.000106980787936	-0.00576337198234	0.00073945291482	0.00940235358747	-0.692567942909	0.0857364618737	3.27502652793e-11	5.0828353046e-05	0.0
3.24904453115e-05	-0.00614111187981	0.000341089406368	0.000866815279065	-0.736776415936	0.0332860964922	3.27502652793e-11	5.0828353046e-05	0.0
0.000154296988433	-0.00531683401754	0.000207047704771	0.0142674786935	-0.640690845336	0.0238649697443	3.27502652793e-11	5.0828353046e-05	0.0
0.000917089550794	-0.00299280755999	0.00123324007138	0.10690387133	-0.358815013751	0.147380977552	3.27502652793e-11	5.0828353046e-05	0.0
-4.43770595192e-05	-0.00601992490398	0.000634372697345	-0.00800808298204	-0.722741692077	0.0723248407209	3.27502652793e-11	5.0828353046e-05	0.0
0.000110118483658	-0.00540258063005	-0.000203239970474	0.00901055906701	-0.651335253968	-0.0233006858394	3.27502652793e-11	5.0828353046e-05	0.0
0.000773766669461	-0.0022173173664	-0.00120295108659	0.0893930048312	-0.265019569166	-0.143380174991	3.27502652793e-11	5.0828353046e-05	0.0
-0.00074721085873	-0.00677533228085	0.000270329366105	-0.0920620905089	-0.811665157668	0.0318214107361	3.27502652793e-11	5.0828353046e-05	0.0
4.59361185379e-05	-0.0050486787089	-0.000520049110318	0.00198017881544	-0.607544339859	-0.0611415966827	3.27502652793e-11	5.0828353046e-05	0.0
0.000127312937002	-0.00515355720554	-0.00048200077456	0.0118032393135	-0.619906609306	-0.0563907533239	3.27502652793e-11	5.0828353046e-05	0.0
0.000414734452534	-0.00388172822971	-0.000672008734614	0.046641158998	-0.465793620873	-0.0798965124733	3.27502652793e-11	5.0828353046e-05	0.0
-0.000402220356055	-0.00508670194448	-0.000915902467989	-0.0514305786466	-0.610922050282	-0.108674035025	3.27502652793e-11	5.0828353046e-05	0.0
5.64818298968e-05	-0.00571127255035	-0.000224105820919	0.00226467738447	-0.689829763061	-0.0238289353436	3.27502652793e-11	5.0828353046e-05	0.0
0.00056850802581	-0.00489318562881	-0.00144659051802	0.0648790740035	-0.587856445631	-0.172324581642	3.27502652793e-11	5.0828353046e-05	0.0
1.23464619025e-05	-0.00616237697927	-0.000346031608771	-0.00128411099319	-0.739383392011	-0.0341417934168	3.27502652793e-11	5.0828353046e-05	0.0
8.6475142938e-05	-0.00588366823111	6.86470049403e-05	0.00386493893439	-0.713560908811	0.00625508438209	3.26661151539e-11	5.0697752202e-05	0.0
7.22866132412e-05	-0.00474108006906	3.13774450508e-05	0.00544840399946	-0.570334036336	0.0035937514039	3.26661151539e-11	5.0697752202e-05	0.0
0.000686922047681	-0.000948667632874	0.00134080868933	0.0785087604596	-0.111495615759	0.158453154714	3.26661151539e-11	5.0697752202e-05	0.0
5.48823008455e-05	-0.00599703557325	-0.000309917026533	0.00255545729126	-0.722842644757	-0.030560314672	3.26661151539e-11	5.0697752202e-05	0.0
0.000143156176467	-0.0057031819975	0.0010415506668	0.0136572280267	-0.685243116694	0.122702720919	3.26238464749e-11	5.0632151288e-05	0.0
0.000180430997077	-0.00456941328838	0.000327805805862	0.0182449622278	-0.549605164283	0.0387060992344	3.26238464749e-11	5.0632151288e-05	0.0
8.44688852847e-05	-0.00571217978466	-8.81934582576e-05	0.00460221778004	-0.690883861203	-0.00958583278437	3.26238464749e-11	5.0632151288e-05	0.0
0.000748872013858	-0.0023295617614	-0.000938771241816	0.0864793976947	-0.278393822771	-0.111808229275	3.26238464749e-11	5.0632151288e-05	0.0
-0.000327267776212	-0.00406115110949	0.000478219824829	-0.0424918452912	-0.487362778114	0.057154820033	3.26238464749e-11	5.0632151288e-05	0.0
8.06385204051e-05	-0.00595026365472	-0.00011373336898	0.00259157278643	-0.722260345354	-0.00918248356343	3.26238464749e-11	5.0632151288e-05	0.0
0.00038601937605	-0.0050825054516	-0.0012156298982	0.0429555206031	-0.610503495052	-0.144389372458	3.26238464749e-11	5.0632151288e-05	0.0
-4.6633580157e-05	-0.00638959377789	-0.000103370094037	-0.00522899486852	-0.758870055629	-0.00814884561161	3.26238464749e-11	5.0632151288e-05	0.0
0.000145083040791	-0.00474883622144	-0.000102234500808	0.0137185581892	-0.571362017762	-0.0120512667747	3.25814520712e-11	5.0566355249e-05	0.0
0.000297083094465	-0.00315474245557	-0.000334324211835	0.0324005053133	-0.37815316636	-0.0399804294661	3.25814520712e-11	5.0566355249e-05	0.0
7.79597659875e-06	-0.00638574966575	0.000397232286462	-0.00189172391578	-0.763021627957	0.0430411515262	3.25814520712e-11	5.0566355249e-05	0.0
7.04590608187e-05	-0.00584568178957	-0.000307156429313	0.00371278887663	-0.705416988466	-0.0322736731926	3.25814520712e-11	5.0566355249e-05	0.0
-1.36261636477e-06	-0.005754667716	-0.000797661559163	-0.00364297144507	-0.691693033916	-0.0929247237966	3.25814520712e-11	5.0566355249e-05	0.0
0.000115254841111	-0.00567004464904	0.000106869993571	0.00854552456652	-0.685283447568	0.0117589338724	3.25389269137e-11	5.0500356281e-05	0.0
0.000105903487235	-0.00467459230708	2.51575075627e-05	0.00915005356356	-0.562436975424	0.00284977403177	3.25389269137e-11	5.0500356281e-05	0.0
0.000583681649267	-0.00335564149911	0.000199262426694	0.0668390795621	-0.402540039797	0.023791471709	3.25389269137e-11	5.0500356281e-05	0.0
-1.47269228371e-05	-1.83982037861e-05	0.00039006964797	-0.00687394494365	0.0114636471571	0.0378771802763	3.25389269137e-11	5.0500356281e-05	0.0
0.000700635260045	-0.00167165870991	0.00167539810264	0.0807999506481	-0.199001042722	0.199463067187	3.25389269137e-11	5.0500356281e-05	0.0
0.000135569157336	-0.00543326978684	-0.000105095860599	0.0118052009939	-0.655336816187	-0.0120251536339	3.25389269137e-11	5.0500356281e-05	0.0
0.001249782694	-0.00162075324599	-0.000503253783177	0.146236878081	-0.192854341267	-0.0596785392271	3.25389269137e-11	5.0500356281e-05	0.0
-0.000162848024755	-0.00648645769695	0.000300920532347	-0.0209182077336	-0.775161696209	0.0331595313007	3.25389269137e-11	5.0500356281e-05	0.0
8.62393582785e-05	-0.00588925607495	-0.000169301109651	0.00449291496501	-0.712842575525	-0.0158725650178	3.25389269137e-11	5.0500356281e-05	0.0
9.40789411717e-05	-0.0048893336294	-0.00123605054661	0.00790645630845	-0.587267608899	-0.1467303642	3.25389269137e-11	5.0500356281e-05	0.0
-0.000314055591581	-0.00647262815406	-0.000281790549911	-0.0389470597492	-0.773593648598	-0.0315970136035	3.25389269137e-11	5.0500356281e-05	0.0
7.50105733891e-05	-0.00601819332038	-0.000205481022578	0.00341313160078	-0.727346470098	-0.0164731911621	3.25389269137e-11	5.0500356281e-05	0.0
5.31984551422e-05	-0.00594970430157	-0.000451552504637	0.00269222767125	-0.715793545057	-0.0491730237972	3.25389269137e-11	5.0500356281e-05	0.0
2.96970607911e-05	-0.00616157605049	-0.000383139432539	0.000236041156431	-0.738676402461	-0.0388874469617	3.25389269137e-11	5.0500356281e-05	0.0
0.000123731386746	-0.00557379493624	0.000354202279659	0.0105434171529	-0.671796956988	0.0398517301057	3.24962710023e-11	5.0434154383e-05	0.0
0.000583553495725	-0.00522171160308	0.0011151538445	0.0664142412007	-0.627544455763	0.132252839987	3.24962710023e-11	5.0434154383e-05	0.0
5.68293604248e-05	-0.00591654551036	0.000835388368934	0.00334119208658	-0.710528289446	0.0971188578857	3.24962710023e-11	5.0434154383e-05	0.0
7.0223266246e-05	-0.00466417864883	0.000236654772179	0.0049254869717	-0.561005747975	0.0278660039664	3.24962710023e-11	5.0434154383e-05	0.0
0.000478244150176	-0.00335788505979	0.00039898461762	0.0540747072726	-0.402774939699	0.0474200564526	3.24962710023e-11	5.0434154383e-05	0.0
0.000114034347068	-0.00621975740681	0.000286301436448	0.00862316866729	-0.744081377427	0.0261806078837	3.24962710023e-11	5.0434154383e-05	0.0
7.68009164719e-05	-0.00593905572461	-6.32186106904e-05	0.00198694310254	-0.721751631556	-0.00464828258274	3.24962710023e-11	5.0434154383e-05	0.0
0.000689911675728	-0.0038115757179	-0.00119569685065	0.079497445946	-0.457647336991	-0.142575767001	3.24962710023e-11	5.0434154383e-05	0.0
0.000137285358153	-0.0017725887922	-0.00114832842678	0.0130735098048	-0.210410711206	-0.1362620282	3.24962710023e-11	5.0434154383e-05	0.0
-0.000525403429355	-0.00592814361615	-0.000500200594713	-0.0650184570922	-0.711924162342	-0.0584070318041	3.24962710023e-11	5.0434154383e-05	0.0
8.18638177716e-05	-0.00607960087088	-0.000379962751803	0.00535709058754	-0.730819473604	-0.0389765869384	3.24962710023e-11	5.0434154383e-05	0.0
1.75927166201e-05	-0.00608303293163	-0.00148538098317	-0.00123737469774	-0.729565618671	-0.176316774739	3.24534843372e-11	5.0367749555e-05	0.0
0.000101692821568	-0.00593798311342	-1.88239676903e-06	0.00401826627737	-0.72176187994	-0.000256117048752	3.24105568603e-11	5.0301126188e-05	0.0
6.8101862268e-05	-0.00449046797195	-0.000347920648653	0.00463525476645	-0.539970278759	-0.0412354904913	3.24105568603e-11	5.0301126188e-05	0.0
0.000609656598642	-0.00406368356438	-0.000171800059999	0.069849826248	-0.488287485693	-0.0201413292033	3.24105568603e-11	5.0301126188e-05	0.0
-7.80359362094e-06	-0.0028919392586	7.65689041255e-05	-0.00415706569996	-0.345976006579	0.00920504368072	3.24105568603e-11	5.0301126188e-05	0.0
5.2939032177e-05	-0.00550195934119	-0.000406118695037	0.00252074145079	-0.66292459467	-0.0463432801482	3.24105568603e-11	5.0301126188e-05	0.0
0.000122960844241	-0.0054195997888	-0.00072509669277	0.0111132262472	-0.651948834181	-0.0849062769191	3.24105568603e-11	5.0301126188e-05	0.0
-0.000205946275725	-0.00506845528444	-0.00229441239848	-0.0279830891655	-0.608386474112	-0.274059901408	3.24105568603e-11	5.0301126188e-05	0.0
-0.000779567405033	-0.00564123341543	-0.00157498961033	-0.096735507816	-0.676810959841	-0.187703870235	3.24105568603e-11	5.0301126188e-05	0.0
0.000232702108366	-0.00527667314265	0.000294634353937	0.0237363076348	-0.635616529314	0.0340378826525	3.23674986296e-11	5.0234299891e-05	0.0
0.000492507242959	-0.00323941734339	0.000847838173007	0.0557479848172	-0.388413624429	0.100743336464	3.23674986296e-11	5.0234299891e-05	0.0
-9.94820034828e-05	-0.00595889016059	0.000863456090488	-0.0150748804022	-0.715209785699	0.100577963777	3.23674986296e-11	5.0234299891e-05	0.0
0.000140103691102	-0.00577149286123	1.35407320948e-05	0.0105715086537	-0.698497837446	0.00122898265733	3.23242995871e-11	5.0167255055e-05	0.0
9.23621872581e-05	2.17655303526e-05	0.000244006478476	0.00201289508488	0.0181678434494	0.0217427740196	3.23242995871e-11	5.0167255055e-05	0.0
0.000162248739855	-5.07178731208e-05	0.000195372734072	0.0107882879296	0.00894106487701	0.0183292138185	3.23242995871e-11	5.0167255055e-05	0.0
-3.13622584603e-05	-0.00588279212185	-0.00165613878126	-0.0070526276176	-0.705923786993	-0.196881379432	3.23242995871e-11	5.0167255055e-05	0.0
-0.000620075315811	-0.00669513320753	-0.00181556626106	-0.0776879213001	-0.802749348232	-0.216485488283	3.23242995871e-11	5.0167255055e-05	0.0
0.00104537944209	-0.00109061293812	-0.00131364211449	0.121780282377	-0.128718292103	-0.155810761491	1.25651681946e-11	1.9501118529e-05	100.0
0.00135622976705	-0.000500602330211	0.000611019721225	0.157419127809	-0.0574359943592	0.0713199834636	1.25360453012e-11	1.9455919851e-05	100.0
0.000860139737069	-0.000402944112961	-0.000340640362998	0.0963614252795	-0.0432324388503	-0.039838755838	1.25360453012e-11	1.9455919851e-05	100.0
0.000859679807862	-0.00081944479802	-9.71894580449e-05	0.0981914215444	-0.0936517218235	-0.0124096100176	1.25069676686e-11	1.9410791417e-05	100.0
0.000441029978764	-0.0011744810432	0.000366900532382	0.0491761183857	-0.136554520756	0.0429973211336	1.25069676686e-11	1.9410791417e-05	100.0
0.00064571993029	-0.000166727982606	-0.000796820150395	0.0708519667302	-0.016282239605	-0.0901092013491	1.24489481863e-11	1.9320745285e-05	100.0
0.000104847985928	-0.000391906171516	0.000166566779296	0.00786694445573	-0.036060345576	0.0179914553627	1.24200063365e-11	1.9275827586e-05	100.0
0.00107855975827	-0.000635390452473	-0.0013373206195	0.125554057682	-0.0740130505223	-0.157960449008	1.24200063365e-11	1.9275827586e-05	100.0
0.00041600002181	-0.00019879934025	-0.000364167556745	0.042329487037	-0.0150481194163	-0.0383254647884	1.24200063365e-11	1.9275827586e-05	100.0
0.000329405777144	-8.09173177757e-05	0.000153319431986	0.0298393374195	0.00322801386323	0.0163627879883	1.24055530131e-11	1.9253396053e-05	100.0
0.000106011666254	-0.00150016678459	-0.000141284405093	0.00939582491611	-0.176132544504	-0.0166127565399	1.24055530131e-11	1.9253396053e-05	100.0
0.000353446909649	-0.00056074198887	-7.77226518104e-05	0.0369716120073	-0.0590035322184	-0.00928101755138	1.23622533908e-11	1.9186195117e-05	100.0
0.000671429114933	-0.00110842480955	0.000177014018054	0.0759979381509	-0.129076538488	0.021583398318	1.23334372658e-11	1.9141472543e-05	100.0
8.87724964457e-06	0.000187585144024	-0.000545318676565	-0.00414480835683	0.0338246590583	-0.0516759442205	1.23334372658e-11	1.9141472543e-05	100.0
0.000234935638726	-0.00124514183483	0.00100559401786	0.024820692601	-0.146141468994	0.118911251692	1.23046613728e-11	1.9096812408e-05	100.0
0.000159632421366	-0.000779515202485	0.000834556966926	0.0154773706607	-0.0886192730649	0.0968316779962	1.22902885133e-11	1.9074505756e-05	100.0
0.000522448758604	-0.00114705943946	0.000201654848968	0.0588547846916	-0.132951478419	0.0235855823837	1.22759206827e-11	1.9052206909e-05	100.0
4.90960605257e-05	-0.000272179700857	-0.0002477107911	0.00105649996216	-0.0202824057126	-0.0268856654298	1.22759206827e-11	1.9052206909e-05	100.0
0.000210141620806	-0.000208919770407	0.000407434874526	0.0187237131565	-0.0147630285415	0.0432437496378	1.22615679392e-11	1.9029931477e-05	100.0
6.1278287487e-05	-0.00116901692358	0.000471248260641	0.00400951644918	-0.135666119835	0.05490062801	1.22615679392e-11	1.9029931477e-05	100.0
0.000466167841839	-0.000909715365822	0.00132222721917	0.0523718212552	-0.106333975208	0.15593987721	1.22472252536e-11	1.9007671654e-05	100.0
0.000598622782403	0.000119594696825	-0.0011581856882	0.0662025636519	0.0171833889116	-0.133107689529	1.21613501838e-11	1.88743937e-05	100.0
0.000310255759536	-0.00232269706423	-0.000390792340676	0.0341062751478	-0.276993247437	-0.0464544947995	1.21470678461e-11	1.8852227537e-05	100.0
0.00106810497043	-0.000621987216253	0.000701078039809	0.123268223222	-0.0711533948439	0.0816701877032	1.21327955664e-11	1.8830076985e-05	100.0
0.000523450442547	-0.000139322616515	0.000995665406018	0.0573827762893	-0.012488644273	0.113851172311	1.21185333447e-11	1.8807942042e-05	100.0
0.000736014905592	-0.000679274813034	0.00055775878316	0.0832715475336	-0.0766225120615	0.0646799983411	1.2104276152e-11	1.8785814905e-05	100.0
-2.50234429413e-05	-0.00116406357875	7.48071931548e-05	-0.00628322588352	-0.134296889391	0.00878858157764	1.2104276152e-11	1.8785814905e-05	100.0
0.000329172082568	-0.000228600890928	-4.2388727067e-05	0.0316856471454	-0.0158788698068	-0.00384492563646	1.2104276152e-11	1.8785814905e-05	100.0
0.000529707033176	-0.000903558711147	-0.000270199693083	0.0592048639542	-0.102989111481	-0.0310434573165	1.2104276152e-11	1.8785814905e-05	100.0
0.000715926430429	-0.000170536208561	-0.000650256691207	0.0789326480614	-0.0149502614141	-0.0738003436263	1.20757869115e-11	1.8741599655e-05	100.0
0.000567256901117	-0.000680538415244	-0.00128960535305	0.0641738604633	-0.0781471228592	-0.152105973346	1.20757869115e-11	1.8741599655e-05	100.0
0.000469593683969	-0.000425348438592	-0.000367688172717	0.0503749919494	-0.0433292652444	-0.0408814780108	1.19905102918e-11	1.8609250494e-05	100.0
2.97157749552e-05	1.58974373256e-05	0.000431607237034	-0.00166029837541	0.0152386666061	0.0419309046018	1.19338033765e-11	1.8521241462e-05	100.0
0.00190355601739	-0.000923424974992	-0.000999437623479	0.22480435822	-0.109509455899	-0.118435615687	1.19196467636e-11	1.8499270425e-05	100.0
0.00109177692032	-0.00107652959916	-0.00115463990738	0.12695585479	-0.127263394309	-0.136258799061	1.19054951797e-11	1.8477307192e-05	100.0
0.000834616031737	-0.00105620523294	0.000788075711762	0.0960619984237	-0.123417447384	0.0927125739869	1.18489491921e-11	1.838954792e-05	100.0
0.000860672731487	0.00114892155186	-9.88309821311e-05	0.092467838806	0.131554365637	-0.010301903279	1.18489491921e-11	1.838954792e-05	100.0
4.1123590223e-05	0.000144151441836	-0.00108056663864	0.000759894631212	0.0212081683372	-0.121042790487	1.18489491921e-11	1.838954792e-05	100.0
0.000171061301911	-0.0017743306194	-0.000808534224812	0.0170567987631	-0.210125294311	-0.0957896837391	1.18207114012e-11	1.8345722919e-05	100.0
-0.000203287623993	-0.000414430072059	-0.000622244436578	-0.0271324169936	-0.0415699022725	-0.0699868401862	1.18207114012e-11	1.8345722919e-05	100.0
0.00121707932057	-0.000540107337597	-1.98619671022e-05	0.139686530796	-0.0620737266806	-0.00127762687857	1.18207114012e-11	1.8345722919e-05	100.0
0.00131820947288	0.000807854387395	0.0002147859856	0.149387045458	0.095843921155	0.023985989577	1.18066050783e-11	1.8323829932e-05	100.0
0.000324323503476	0.000206813952212	0.00106921531317	0.0329243515194	0.0268496963802	0.119765684221	1.17924987553e-11	1.8301936944e-05	100.0
0.000643781006543	0.000301774396612	0.000915520788759	0.0694986881006	0.0373930298908	0.102362388434	1.17784024904e-11	1.8280059566e-05	100.0
-5.86117905273e-05	-0.00298663983284	0.000846653881017	-0.0102809465981	-0.357415189048	0.101257137607	1.17643112544e-11	1.8258189993e-05	100.0
0.00124948460453	-0.00102277170968	0.000368089934638	0.145658416431	-0.119642741826	0.0435007284647	1.17643112544e-11	1.8258189993e-05	100.0
0.000587375668516	-0.00257478804817	-0.00115715466149	0.0674218045636	-0.307733054903	-0.138384330262	1.17643112544e-11	1.8258189993e-05	100.0
-0.000242818653548	-0.000813653361712	-0.000403665818614	-0.0318934314331	-0.0909555627915	-0.0461066749374	1.17643112544e-11	1.8258189993e-05	100.0
0.00123465694335	0.000345094898005	-0.00100274538386	0.141829380204	0.041847447495	-0.116301077445	1.17643112544e-11	1.8258189993e-05	100.0
0.000359110637649	-0.000499257731447	-0.00103434496718	0.0384404878534	-0.0560541653091	-0.119167081044	1.17643112544e-11	1.8258189993e-05	100.0
0.00014027805996	0.000483155148057	-0.000603789512727	0.00794732157356	0.0609137676881	-0.0542640681998	1.17643112544e-11	1.8258189993e-05	100.0
0.00100650650885	-0.000743280673379	-0.000335925816216	0.115145183616	-0.0860925533537	-0.0391066690049	1.17079966004e-11	1.8170789751e-05	100.0
0.000236567297258	0.000239647039007	0.000746814915528	0.0212093473672	0.0344234922804	0.0779209001836	1.16798694474e-11	1.8127136459e-05	100.0
0.000794315775245	-0.000961448742265	0.00187154017948	0.091828283293	-0.113993976808	0.22239857554	1.16798694474e-11	1.8127136459e-05	100.0
0.000322504364395	0.000820616782683	-0.000605220102855	0.0277254773571	0.0936241461035	-0.0591263332577	1.16798694474e-11	1.8127136459e-05	100.0
0.0011319701021	-0.00152114249451	0.00168271801599	0.132578515105	-0.181191626046	0.200086290289	1.16517624103e-11	1.8083514388e-05	100.0
-6.85225459095e-05	-0.00259168563005	9.18660172013e-05	-0.0111718139693	-0.309607760205	0.0103228270578	1.16517624103e-11	1.8083514388e-05	100.0
-0.000158978880366	-0.000157755029644	-2.42511989076e-05	-0.021110176962	-0.0029234461003	-0.0028897386291	1.16517624103e-11	1.8083514388e-05	100.0
0.000238356662766	-0.00106704294034	0.0026131736859	0.0253534165181	-0.126887169287	0.311714257207	1.16236704602e-11	1.8039915732e-05	100.0
-0.000191867727266	-0.000325822873928	0.000199013493753	-0.0252777515611	-0.0268890249467	0.0215911585335	1.16236704602e-11	1.8039915732e-05	100.0
0.00113085008749	0.00095948086118	0.000122138632766	0.125792415043	0.111411052543	0.0140767882747	1.16236704602e-11	1.8039915732e-05	100.0
0.000110265238762	-0.00101635590974	-0.000979947832506	0.00986081054846	-0.117834055178	-0.114907313496	1.16236704602e-11	1.8039915732e-05	100.0
-2.24023129321e-05	-0.000648743245976	-0.0016930105548	-0.00583711857958	-0.0748151702932	-0.20012447718	1.16236704602e-11	1.8039915732e-05	100.0
0.000164011970305	-4.84024887007e-06	0.00148660575167	0.0157303901691	0.00147809484019	0.172348323298	1.16096295141e-11	1.8018124209e-05	100.0
-0.000301087963955	-0.00112421861483	0.00053700676638	-0.0390415101406	-0.129640751205	0.0628626184057	1.16096295141e-11	1.8018124209e-05	100.0
0.000123381135885	-0.0014706269461	0.000223656357577	0.011509061411	-0.172394576924	0.0262607023383	1.16096295141e-11	1.8018124209e-05	100.0
-0.000109637335466	0.000497810192368	0.00109020991253	-0.0167187890478	0.0600464058826	0.120077309997	1.15955986261e-11	1.7996348296e-05	100.0
0.00109667441323	0.000696519956016	0.000980862888044	0.124468130773	0.0823128111009	0.112947323341	1.15955986261e-11	1.7996348296e-05	100.0
0.000510949869135	0.000296187083169	-0.00144033309506	0.0563099439292	0.0372039590307	-0.167027241541	1.15955986261e-11	1.7996348296e-05	100.0
3.29021806097e-05	-0.00019331566629	-0.001049279424	0.000207150037202	-0.0181971962344	-0.11952857134	1.15955986261e-11	1.7996348296e-05	100.0
2.97289316806e-05	0.000578102239219	-0.000723380118204	-0.00236013495996	0.0695077309802	-0.0699924988264	1.15955986261e-11	1.7996348296e-05	100.0
-0.000659465354656	-0.00301127522399	-0.00152531314184	-0.0825264588928	-0.360415061808	-0.182894654614	1.15675368499e-11	1.7952796469e-05	100.0
9.07978928473e-05	-0.00106522850221	-0.000645121022588	0.00752728822129	-0.123022323935	-0.0748920798483	1.15675368499e-11	1.7952796469e-05	100.0
0.000592171227869	0.000844618775246	-8.28768074905e-05	0.0526313402366	0.0932110812758	-0.00817677726585	1.15675368499e-11	1.7952796469e-05	100.0
0.00143643391764	-0.00034808861964	-0.00097103021106	0.167381797582	-0.0399459281627	-0.114085123918	1.15675368499e-11	1.7952796469e-05	100.0
0.000237051469657	-0.00116354017297	-0.00199177327923	0.0250263969446	-0.138411114442	-0.236099248783	1.15535160199e-11	1.7931036166e-05	100.0
-6.21218981528e-05	-0.00315538029399	-0.00148981696756	-0.0106742235804	-0.378177458284	-0.177977064349	1.15394951898e-11	1.7909275863e-05	100.0
-0.000350759128766	-0.00155257412798	-0.00180391477671	-0.0451139692925	-0.184081700037	-0.21472050152	1.15394951898e-11	1.7909275863e-05	100.0
-0.000276611966877	-4.22694134877e-05	-0.000336094539252	-0.0335558794749	0.00881013523031	-0.0323597698078	1.15394951898e-11	1.7909275863e-05	100.0
-0.000224749333494	-6.88608017333e-05	0.00122222538439	-0.0298624359469	-0.0047334569064	0.13942578117	1.15114686166e-11	1.7865778672e-05	100.0
0.000363504505803	-0.0015429647507	0.0011495405709	0.0402513967599	-0.182589035119	0.136111277327	1.15114686166e-11	1.7865778672e-05	100.0
-0.000151672067569	-0.000758252307464	-8.03798199047e-05	-0.021099465305	-0.0829910867135	-0.00899774291588	1.15114686166e-11	1.7865778672e-05	100.0
0.00131837960405	0.000371789022282	0.0010581051299	0.1522588656	0.0450641710291	0.123576935431	1.15114686166e-11	1.7865778672e-05	100.0
-0.000178390587708	-0.00382088320873	-0.000337938233783	-0.0245271424486	-0.458153429142	-0.0404971548253	1.15114686166e-11	1.7865778672e-05	100.0
-0.00112840102677	-0.00240523142332	-4.35581125367e-05	-0.138623527752	-0.286593924679	-0.00522709287312	1.15114686166e-11	1.7865778672e-05	100.0
0.000899144920182	-0.000657211005016	-0.00222922237368	0.104422798265	-0.0778817134733	-0.264712222098	1.15114686166e-11	1.7865778672e-05	100.0
7.06638962008e-05	-0.000234443956026	-0.00182319568075	0.00505570333311	-0.0261718574609	-0.214357626688	1.15114686166e-11	1.7865778672e-05	100.0
-0.000783040094902	-0.000999774016035	0.00102471895424	-0.0964833241057	-0.116000805706	0.120236261168	1.14834521014e-11	1.782229709e-05	100.0
-0.00103326173673	-0.00180144619284	0.000842677105764	-0.126931740565	-0.213587247804	0.099607866553	1.14834521014e-11	1.782229709e-05	100.0
-0.000479200806071	-0.00157392638891	0.00122079960447	-0.0605601086504	-0.185945457892	0.145342168375	1.14834521014e-11	1.782229709e-05	100.0
-8.87179249136e-05	-0.0015628750889	-0.000148121855795	-0.0136582729512	-0.183453244144	-0.0179547454786	1.14834521014e-11	1.782229709e-05	100.0
-3.59396698799e-06	-0.00560672588965	0.00024793293713	-0.00252438299702	-0.675787203304	0.0283401707093	1.14694513872e-11	1.7800568007e-05	100.0
-0.000195391080436	-0.00323301302035	-0.000835488640214	-0.0266843458971	-0.3871855483	-0.100188922558	1.14694513872e-11	1.7800568007e-05	100.0
0.000242293333638	-0.00130036021662	-0.000473297529802	0.025789967928	-0.151662554115	-0.0553818295976	1.14694513872e-11	1.7800568007e-05	100.0
-0.000248764164014	-0.00378218327047	0.00120322819167	-0.0331736628838	-0.453407705446	0.143612315259	1.14554506731e-11	1.7778838924e-05	100.0
-0.000926407788035	-0.00401484678017	0.00130893105366	-0.114621942435	-0.481601608837	0.156680105478	1.14554506731e-11	1.7778838924e-05	100.0
0.000618257131503	-0.0018014458919	-0.00116700264819	0.0708134201625	-0.214219145792	-0.138017427983	1.1441454988e-11	1.7757117646e-05	100.0
-0.000139364560294	0.000432229113399	-0.000608446830059	-0.0192810368679	0.0564789960831	-0.0539128110664	1.1441454988e-11	1.7757117646e-05	100.0
0.000868384536572	-0.000784180070151	0.00245565950686	0.100877020044	-0.093296840404	0.292111244524	1.14274593029e-11	1.7735396367e-05	100.0
-0.000179883647622	-0.000177243161831	0.000233537874012	-0.0235551744295	-0.00724136866387	0.0232616412025	1.14274593029e-11	1.7735396367e-05	100.0
-0.00081086203876	-0.00430724631671	0.000620837438591	-0.100563845842	-0.516851376816	0.0745857042101	1.14274593029e-11	1.7735396367e-05	100.0
-0.000617357536119	-0.00470798180064	-0.000140451463257	-0.0773290792639	-0.565387340441	-0.0169540056312	1.14274593029e-11	1.7735396367e-05	100.0
-0.00091727014434	-0.00183598759584	-0.000536032612883	-0.113013588935	-0.217172537943	-0.063930120214	1.14274593029e-11	1.7735396367e-05	100.0
-0.000143263913315	-0.0012389326032	0.00173160639518	-0.0202436087567	-0.14613428792	0.205657867795	1.13994779906e-11	1.7691969421e-05	100.0
-0.000519987914627	-0.00225270140045	0.00113492649224	-0.0653828290498	-0.268285174056	0.135352172313	1.13994779906e-11	1.7691969421e-05	100.0
0.000137892282901	-0.000856594292956	-0.00137368894563	0.0129150976441	-0.0995518477385	-0.161370869537	1.13994779906e-11	1.7691969421e-05	100.0
0.00107323789128	-0.00225370259177	-0.00246013884849	0.125926811055	-0.269523380312	-0.294128034938	1.13994779906e-11	1.7691969421e-05	100.0
-0.000101132462576	0.000372320547427	-0.00108858706516	-0.0157763792463	0.0460759830582	-0.120134468889	1.13994779906e-11	1.7691969421e-05	100.0
0.00137314489898	0.00055303001282	0.0002060884098	0.155933035707	0.0651976863549	0.0225230707493	1.13854873345e-11	1.7670255948e-05	100.0
-0.000196486771332	-0.00346651237216	0.00132043090103	-0.0268333722163	-0.41549183862	0.158089093574	1.13854873345e-11	1.7670255948e-05	100.0
-5.17729903424e-05	-0.000490138788159	-0.000197042460839	-0.00961339036757	-0.0486349041095	-0.0216751716853	1.13854873345e-11	1.7670255948e-05	100.0
0.00190620002488	0.00115290621018	-6.62714498503e-05	0.222801673963	0.136135167832	-0.00671250572807	1.13854873345e-11	1.7670255948e-05	100.0
0.000721917259548	1.98572993399e-05	-0.00187708963828	0.0824019788122	0.0033169394977	-0.22106491255	1.13854873345e-11	1.7670255948e-05	100.0
-0.000327499325229	-0.000175462725928	-0.00149546854025	-0.0421219071264	-0.0181792644076	-0.173944352758	1.13854873345e-11	1.7670255948e-05	100.0
0.000265565724239	-0.00478920210594	0.00174007514894	0.0287456525575	-0.575278571005	0.208209947339	1.13715067363e-11	1.7648558084e-05	100.0
-0.00053335577761	-0.00367924693717	0.000786899261929	-0.0671720567435	-0.441073074243	0.0940613563765	1.13715067363e-11	1.7648558084e-05	100.0
0.000347366180346	-0.00312835004248	-0.00258794676293	0.0384423282901	-0.374910803957	-0.310062806733	1.13715067363e-11	1.7648558084e-05	100.0
-0.000567641322758	-0.001802126978	-0.000703987456755	-0.0710094223537	-0.213280456519	-0.0825843699068	1.13715067363e-11	1.7648558084e-05	100.0
0.00097476963387	0.000622116958674	-0.000108137269964	0.104276546106	0.0726763228972	-0.0109894760463	1.1343540511e-11	1.7605154553e-05	100.0
0.00157306160976	-8.73649253084e-05	-0.00186601632312	0.184768521921	-0.00977935561271	-0.221326266324	1.1343540511e-11	1.7605154553e-05	100.0
-0.000255298316876	-0.000215058573651	-0.000647247608057	-0.0329070436063	-0.0175796120772	-0.0702596118089	1.1343540511e-11	1.7605154553e-05	100.0
0.000880714867421	0.00108214381403	-0.000332210148156	0.0954177697815	0.12425070252	-0.0361256080935	1.1343540511e-11	1.7605154553e-05	100.0
0.000417906598312	0.00044855593343	-0.000765219812049	0.0408329824828	0.0546873897076	-0.0805701383169	1.1343540511e-11	1.7605154553e-05	100.0
-4.99804440332e-05	-5.68200584642e-05	0.000613903437965	-0.00966628970582	0.00248051053588	0.064010988264	1.13016087746e-11	1.7540076573e-05	100.0
-0.000726662901092	-0.00618269113873	0.0012665899119	-0.09069874164	-0.742625015305	0.151206542538	1.13016087746e-11	1.7540076573e-05	100.0
-0.00138112735097	-0.00376241210491	4.24769228945e-05	-0.169218186328	-0.450856368412	0.00522288109764	1.13016087746e-11	1.7540076573e-05	100.0
0.00187918204246	0.000316477990472	-0.00148858249157	0.221135018227	0.037664255814	-0.176188272694	1.13016087746e-11	1.7540076573e-05	100.0
0.00118541440604	0.000792776491771	-0.000602706443963	0.133836477613	0.0928309787196	-0.0682371080103	1.13016087746e-11	1.7540076573e-05	100.0
0.00133904101344	0.000415545509786	0.00162874136764	0.155818080896	0.0494371979865	0.191844298181	1.12876382344e-11	1.751839432e-05	100.0
0.00174830237473	0.00128614651111	1.41464591976e-05	0.203621124249	0.151185370154	0.00119769528356	1.12876382344e-11	1.751839432e-05	100.0
-0.000245812882101	-0.00137575290268	0.00108653129513	-0.0326631173977	-0.161736217427	0.128472855824	1.12736626653e-11	1.7496704261e-05	100.0
-0.000726873451883	-0.00206139455446	0.000250495115744	-0.0902689483076	-0.244695603847	0.0299476616805	1.12736626653e-11	1.7496704261e-05	100.0
0.00181498426495	0.000696093375546	-0.000655586094335	0.212026615996	0.082950986053	-0.0767975880087	1.12736626653e-11	1.7496704261e-05	100.0
0.000908832396035	-0.00111713427195	-0.00175861340619	0.105635411291	-0.132532160867	-0.208673194002	1.12736626653e-11	1.7496704261e-05	100.0
0.000170335379954	-0.00248966930971	-0.00192169059182	0.0173557374461	-0.29757276065	-0.229266090079	1.12736626653e-11	1.7496704261e-05	100.0
3.50452389521e-05	0.000556128604904	-0.00136055066551	5.51523229483e-05	0.0664029846	-0.155085823304	1.12736626653e-11	1.7496704261e-05	100.0
2.86054274254e-05	-2.46954886685e-05	0.000908674031949	-0.000578400555877	0.00285178300922	0.10034281805	1.12596921251e-11	1.7475022008e-05	100.0
-0.000167589011472	-0.000136059997758	0.000717710662041	-0.0226880040684	-0.00816067638061	0.078071444519	1.12596921251e-11	1.7475022008e-05	100.0
-0.000181120829663	0.000555923469504	0.00149725368197	-0.0249254870633	0.0673419084746	0.172353437586	1.12596921251e-11	1.7475022008e-05	100.0
-0.000280549062093	-0.000225604507779	0.000467894679834	-0.0352379994299	-0.0165269752193	0.0501099647984	1.12596921251e-11	1.7475022008e-05	100.0
-0.00102416061354	-0.00467572700859	0.00103050623487	-0.126459574984	-0.561013187006	0.123764349905	1.12596921251e-11	1.7475022008e-05	100.0
-0.000942847219884	-0.00277846986414	-0.000462282934713	-0.11638374739	-0.331755806861	-0.0551526549245	1.12596921251e-11	1.7475022008e-05	100.0
0.000401611237218	-0.00233679870224	0.000849843204954	0.0449929482619	-0.278839507694	0.101077120763	1.12596921251e-11	1.7475022008e-05	100.0
0.00144588137036	0.00116125272617	-0.000592506755579	0.166719913213	0.135948094611	-0.0689186152665	1.12596921251e-11	1.7475022008e-05	100.0
0.00181761420432	0.000580226853463	-0.000814361079205	0.212225648322	0.0687299893993	-0.0951884868758	1.12596921251e-11	1.7475022008e-05	100.0
0.0010245194141	-4.14939686137e-05	0.000982054179666	0.116820952829	-0.00296225662425	0.11323023523	1.12457215849e-11	1.7453339755e-05	100.0
-0.000597701251499	-0.00102441614966	0.000202206782025	-0.0738338432365	-0.117030496184	0.0234748909312	1.12457215849e-11	1.7453339755e-05	100.0
-1.94243979376e-05	0.000714743305969	0.000600623353324	-0.00807604743945	0.0811671866017	0.0521619548843	1.12317510448e-11	1.7431657501e-05	100.0
0.00124999124469	0.000125659469911	0.00147033022917	0.145204235176	0.015917008888	0.172707463832	1.12317510448e-11	1.7431657501e-05	100.0
-0.00043927395474	-0.000968551999718	0.0015979688757	-0.0558080772953	-0.11348322821	0.188731421699	1.12317510448e-11	1.7431657501e-05	100.0
-0.000844353264381	-0.00247062485342	0.000503908749003	-0.104406722902	-0.29459095845	0.0595682438709	1.12317510448e-11	1.7431657501e-05	100.0
-0.000438462316717	-0.000508784152688	0.000227262620871	-0.0539371588024	-0.0517100856216	0.0252918036974	1.12317510448e-11	1.7431657501e-05	100.0
0.00181763763172	-4.31825563511e-05	0.000630029754307	0.212407736434	-0.00508640766316	0.0731218800721	1.12317510448e-11	1.7431657501e-05	100.0
0.00161337494799	-0.00119256831568	0.000704640704421	0.189547055907	-0.141567890416	0.0825812412651	1.12317510448e-11	1.7431657501e-05	100.0
-0.000488014360267	-0.000813492066435	7.99475068331e-05	-0.06052654036	-0.0903495172225	0.00942069987527	1.12317510448e-11	1.7431657501e-05	100.0
0.00107831011815	0.000789467229162	0.000212816639749	0.118472054836	0.0914198198491	0.023467155413	1.12317510448e-11	1.7431657501e-05	100.0
0.000234077816069	-0.000323289565484	-0.000360947022129	0.0220698468408	-0.0291466993727	-0.0395297024835	1.12317510448e-11	1.7431657501e-05	100.0
-0.000248336673538	-0.0015752616888	-0.000914212979102	-0.0328177612684	-0.185962671684	-0.108108691526	1.12317510448e-11	1.7431657501e-05	100.0
0.000401405052325	-0.00416019048144	0.00249267833656	0.0450087672178	-0.499239011264	0.298879339992	1.12038149934e-11	1.73883008e-05	100.0
-0.00112410970105	-0.00288617876818	0.000661011569324	-0.138234188983	-0.3448697583	0.0789432778615	1.12038149934e-11	1.73883008e-05	100.0
-0.000651985455118	-0.00276618122647	0.00191338286769	-0.0815878772174	-0.330908314221	0.228617645736	1.11758839711e-11	1.7344951903e-05	100.0
0.00201217811398	-0.00079105468197	0.000904284639126	0.237149269629	-0.0946468070365	0.106851211931	1.11758839711e-11	1.7344951903e-05	100.0
-0.00065420750258	-0.005260662303	-0.000588873673915	-0.0814556143649	-0.632088928973	-0.0699341269496	1.11758839711e-11	1.7344951903e-05	100.0
-0.00144138900528	-0.00302292635225	-0.000785124952517	-0.17645506719	-0.361471156569	-0.0936591063931	1.11758839711e-11	1.7344951903e-05	100.0
0.00183596468161	-0.000174899207091	-0.00279937930928	0.216992675501	-0.0209418452626	-0.333883209876	1.11758839711e-11	1.7344951903e-05	100.0
-0.000335279688195	-0.000370858159046	-0.0012235129967	-0.042907341648	-0.0405128793102	-0.141252209961	1.11758839711e-11	1.7344951903e-05	100.0
0.00028647174815	-0.00463802039035	0.00115157598998	0.0308025991194	-0.557318691837	0.137276163599	1.1171468516e-11	1.7338099125e-05	100.0
0.000100382468345	-0.0061922384553	0.000468585282117	0.00788861655586	-0.742531968321	0.0505323967065	1.1171468516e-11	1.7338099125e-05	100.0
0.000153536875188	-0.00582442138149	0.000145733344866	0.0115598231068	-0.704425421761	0.0148073770352	1.1171468516e-11	1.7338099125e-05	100.0
0.000229752428629	-0.00561290685543	0.000185797756652	0.0220907636538	-0.67734446956	0.020838365268	1.1171468516e-11	1.7338099125e-05	100.0
0.000731591632541	-0.000140254209948	5.57605659042e-05	0.0778272135806	-0.0106898714854	0.00478804291444	1.1171468516e-11	1.7338099125e-05	100.0
0.000217542982522	0.000145752930987	0.000486971662398	0.01637400139	0.0270730762458	0.0462999990866	1.1171468516e-11	1.7338099125e-05	100.0
0.000535508514353	-0.00420132954707	-0.000546823781209	0.0609461975762	-0.50480892869	-0.0649367844189	1.1171468516e-11	1.7338099125e-05	100.0
0.000706904418794	-0.00475322688066	-0.00106842854074	0.0812570399671	-0.571280444542	-0.12714084865	1.1171468516e-11	1.7338099125e-05	100.0
6.58918821891e-07	-0.00636090309753	-0.000683156986739	-0.0033819218676	-0.762209200445	-0.0783544323363	1.1171468516e-11	1.7338099125e-05	100.0
4.2599578286e-05	-0.00623102030863	-0.000254802194608	0.00151681377311	-0.744324303452	-0.0212339364039	1.1171468516e-11	1.7338099125e-05	100.0
0.00199674962847	0.00114555258078	-9.59661814023e-05	0.233905189707	0.135193487845	-0.0112103598824	1.11479479198e-11	1.7301595201e-05	100.0
-0.000555462808716	-0.000150221793143	-0.000576241409504	-0.0665571879225	-0.00933083679218	-0.0626729113714	1.11479479198e-11	1.7301595201e-05	100.0
0.000210014328961	-0.00472526841941	6.59017602876e-05	0.0213513343591	-0.568558729114	0.00766801808666	1.11437386533e-11	1.7295062427e-05	100.0
0.000926288782531	-0.00261720128975	-9.42370837501e-05	0.107871589492	-0.313532574846	-0.0114049485407	1.11437386533e-11	1.7295062427e-05	100.0
0.00027677945618	-0.000582583572241	0.00069881603629	0.0279362439745	-0.064725768026	0.0803978910704	1.11437386533e-11	1.7295062427e-05	100.0
0.00087293135951	-0.00381234301479	0.00310548365352	0.101684776035	-0.457682676034	0.371776546217	1.11437386533e-11	1.7295062427e-05	100.0
-0.00141206997447	-0.00679725752006	0.00208332345823	-0.172809237297	-0.815341691802	0.248931867646	1.11437386533e-11	1.7295062427e-05	100.0
0.000190799841297	-0.00564340725753	-2.6474159944e-05	0.017142270469	-0.681780447284	-0.00292453745994	1.11437386533e-11	1.7295062427e-05	100.0
0.000402965416218	-0.00456304269724	-0.000254790771029	0.0447358973773	-0.548845409941	-0.0301225493182	1.11437386533e-11	1.7295062427e-05	100.0
0.000959572784481	-0.00230270448943	-0.000702577776664	0.111672829075	-0.275425057171	-0.0836141048661	1.11437386533e-11	1.7295062427e-05	100.0
-0.000856496440293	-0.00311328863386	-0.000178556800468	-0.106300510175	-0.372466944341	-0.021590873965	1.11437386533e-11	1.7295062427e-05	100.0
-0.00101388496334	-0.00668478077676	0.000289276532724	-0.124331678165	-0.800636371358	0.0337919614124	1.11437386533e-11	1.7295062427e-05	100.0
0.000223906780205	-0.00558067822352	-0.000482135747337	0.0224633660605	-0.672179652963	-0.0554205368154	1.11437386533e-11	1.7295062427e-05	100.0
0.000181393077883	-0.00450924099029	-0.00185418045813	0.0183441381421	-0.54145027595	-0.221443075209	1.11437386533e-11	1.7295062427e-05	100.0
0.000380521045404	-0.00327549521686	-0.00263277024738	0.0424629765922	-0.392863427402	-0.314480713914	1.11437386533e-11	1.7295062427e-05	100.0
-0.000847124988925	-0.0066164383315	-0.00117861909722	-0.104746061514	-0.793499805072	-0.140049295105	1.11437386533e-11	1.7295062427e-05	100.0
0.000160367580747	-0.00595745772436	-0.000263629832433	0.0128400456177	-0.718865906191	-0.0261213658301	1.11437386533e-11	1.7295062427e-05	100.0
9.17038785499e-05	-0.00587859710386	-0.000813221577959	0.00745462972981	-0.70611193707	-0.0944866995748	1.11437386533e-11	1.7295062427e-05	100.0
-0.00024551465767	-0.00597013881595	-0.000993774013991	-0.0326136152036	-0.716671824608	-0.116656349191	1.11437386533e-11	1.7295062427e-05	100.0
-0.000196496422091	-0.000503080494835	0.00193229502604	-0.0266520880907	-0.0586504286724	0.227977419754	1.11339824086e-11	1.7279920753e-05	100.0
-0.000390594992981	-0.000190623890417	0.00047049117649	-0.0475821113481	-0.0130103814851	0.0494625862025	1.11339824086e-11	1.7279920753e-05	100.0
-2.14512402642e-05	0.000741917672696	0.000845187126116	-0.0073126278232	0.0864960863517	0.0874064872416	1.11339824086e-11	1.7279920753e-05	100.0
-0.000238988016746	-0.00273449828935	0.00230239607722	-0.0318521229407	-0.327322249278	0.275163000778	1.11339824086e-11	1.7279920753e-05	100.0
-0.00101309389406	-0.00278891748384	0.00166978245179	-0.124906454805	-0.333573054713	0.19955744162	1.11339824086e-11	1.7279920753e-05	100.0
0.00164575602372	-0.000424313476288	0.00108399570249	0.192618694309	-0.0502698673476	0.127583350349	1.11339824086e-11	1.7279920753e-05	100.0
0.00182280838714	0.00117267830384	-0.000148270514067	0.212581917332	0.137814960071	-0.0171351192779	1.11339824086e-11	1.7279920753e-05	100.0
0.000566916286008	-0.00508262983071	0.000741117906567	0.0643164718449	-0.611331721366	0.087656096815	1.11300044758e-11	1.7273747009e-05	100.0
0.00110296711703	-0.00371662894497	0.00104564219489	0.129212695543	-0.446278304572	0.124491785405	1.11300044758e-11	1.7273747009e-05	100.0
0.000216317101664	-0.00617715471715	0.00109398279731	0.0224973529887	-0.741357146813	0.128740244978	1.11300044758e-11	1.7273747009e-05	100.0
0.00022635111261	-0.00485127967139	0.000207486770859	0.0233378741461	-0.583853173843	0.0243596699571	1.11300044758e-11	1.7273747009e-05	100.0
0.00132169384942	-0.00208890015104	0.00101671546559	0.155248526695	-0.249791882366	0.121318141716	1.11300044758e-11	1.7273747009e-05	100.0
-0.00153193888588	-0.00569917890208	0.00180046954318	-0.18720484416	-0.683539244931	0.214600324718	1.11300044758e-11	1.7273747009e-05	100.0
0.000207283656912	-0.00479012585638	-0.000543447823726	0.0212544979561	-0.576314530074	-0.0644933914618	1.11300044758e-11	1.7273747009e-05	100.0
0.00128865491051	-0.00286416969349	-0.000313504630685	0.151343955894	-0.343422584562	-0.0368280210034	1.11300044758e-11	1.7273747009e-05	100.0
0.000239133321448	-0.00519980296063	-0.000589741034442	0.0246854368616	-0.625738122953	-0.0691854011643	1.11300044758e-11	1.7273747009e-05	100.0
0.00108987953904	-0.00419983518903	-0.00146990216733	0.127562037952	-0.504395593049	-0.17543912069	1.11300044758e-11	1.7273747009e-05	100.0
0.00016270191821	-0.00605552420065	-0.000641807390458	0.0154404325347	-0.727169992704	-0.0728871200586	1.11300044758e-11	1.7273747009e-05	100.0
0.000209487217715	0.000919241162635	0.00043598415744	0.0114812245681	0.100381611211	0.0384906508636	1.11200168974e-11	1.7258246305e-05	100.0
0.000264284728472	-0.00467353466215	-0.00107411474434	0.0284415446933	-0.561566082229	-0.127824375763	1.11200168974e-11	1.7258246305e-05	100.0
-0.000974647789422	-0.00249433729594	-0.00139700157377	-0.120155579811	-0.29787994538	-0.166448311068	1.11200168974e-11	1.7258246305e-05	100.0
0.000332582695738	-0.00493460547183	-6.09487252956e-05	0.0359940016832	-0.594078748152	-0.00717772854002	1.11163557911e-11	1.7252564274e-05	100.0
0.000925383018436	-0.00198594112276	8.17549948056e-05	0.10748626831	-0.236946810291	0.0100571143586	1.11163557911e-11	1.7252564274e-05	100.0
-0.00139002797311	-0.0064786638278	0.000433821628037	-0.169659752886	-0.776949248199	0.0507772206039	1.11163557911e-11	1.7252564274e-05	100.0
0.000371795213747	-0.00554003040486	-0.00161112477164	0.0410823348032	-0.6654352603	-0.191661389935	1.11163557911e-11	1.7252564274e-05	100.0
-4.30466804559e-05	-0.00639053580426	-0.000142000233657	-0.00665078855588	-0.758921142006	-0.0119517753682	1.11163557911e-11	1.7252564274e-05	100.0
-0.000372879914025	-0.00359708364091	-0.00280028242147	-0.0480178640876	-0.431181584462	-0.335627635353	1.11060513862e-11	1.7236571856e-05	100.0
0.000224745120179	-0.00593878765669	0.000575709812259	0.0224013833946	-0.714114923222	0.0651956700194	1.11027925993e-11	1.7231514225e-05	100.0
0.000776445156315	-0.000191766075465	0.00236509554611	0.089526394077	-0.0225564362174	0.280581514937	1.10920858751e-11	1.7214897408e-05	100.0
-0.000437272470577	-0.000425880706483	0.000344874492836	-0.0535960897663	-0.0416020707044	0.0381863052352	1.10920858751e-11	1.7214897408e-05	100.0
-0.000292933500931	-0.00459773072058	0.00309890149666	-0.0385947309129	-0.552158857603	0.371570287484	1.10920858751e-11	1.7214897408e-05	100.0
-0.00068781403638	-0.00533642232797	0.000850581943343	-0.0857611132503	-0.641455183932	0.101248120159	1.10920858751e-11	1.7214897408e-05	100.0
-0.000623147553202	-0.00410028714373	-0.000722850249499	-0.0779085943335	-0.491873441194	-0.0867271645149	1.10920858751e-11	1.7214897408e-05	100.0
-0.000618430426757	-0.00109366209555	-0.00033505099478	-0.0765996206539	-0.125849541742	-0.0394420883513	1.10920858751e-11	1.7214897408e-05	100.0
-0.000105732947107	-0.0037458531378	0.000461396844888	-0.0157886457613	-0.449462890578	0.0553235289627	1.10920858751e-11	1.7214897408e-05	100.0
-0.000612110911416	-0.00610550223306	-0.000170634251173	-0.0746024604763	-0.733511576363	-0.0194039371671	1.10920858751e-11	1.7214897408e-05	100.0
-0.000467855332489	-0.00362915068877	-0.0015418572197	-0.0593480389924	-0.434843864285	-0.184726913183	1.10920858751e-11	1.7214897408e-05	100.0
-0.000510663108944	-0.00135824210759	-0.000615200138307	-0.0640508461114	-0.158818453994	-0.0723511927766	1.10920858751e-11	1.7214897408e-05	100.0
0.000174947125614	-0.00592176527644	0.000205759767214	0.0141558511601	-0.715531777512	0.0200828312778	1.10893098714e-11	1.7210589055e-05	100.0
0.000233448705517	-0.00564387694951	0.000344165255188	0.023092031882	-0.680331093116	0.0387011685704	1.10893098714e-11	1.7210589055e-05	100.0
0.00133365761482	-0.00323574817653	0.00167199794703	0.156842267425	-0.388085419971	0.199319570782	1.10893098714e-11	1.7210589055e-05	100.0
0.000636989407497	-0.00464480916499	0.00182121219624	0.0730759861773	-0.557587066273	0.216865767645	1.10893098714e-11	1.7210589055e-05	100.0
0.000209721210357	-0.00586372009358	0.000178275826442	0.0181983790632	-0.708557672173	0.018180515924	1.10893098714e-11	1.7210589055e-05	100.0
0.00027316033041	-0.00565088403013	0.000222058785059	0.0272728415044	-0.681702060944	0.0247343933761	1.10893098714e-11	1.7210589055e-05	100.0
0.000231733026157	-0.00420680237262	0.00042870423772	0.024339767135	-0.505539354356	0.0507195458497	1.10893098714e-11	1.7210589055e-05	100.0
0.000851847899062	-0.00329785491238	0.00039215375641	0.0988925071234	-0.395688603982	0.0462535801743	1.10893098714e-11	1.7210589055e-05	100.0
0.00140414660006	-0.000492401237667	0.00144232524875	0.164025209506	-0.0578272803808	0.170445844487	1.10893098714e-11	1.7210589055e-05	100.0
0.00202713725905	-0.00266428565624	0.00277015071352	0.240420257897	-0.32002427359	0.331352389461	1.10893098714e-11	1.7210589055e-05	100.0
0.000141531044974	-0.00632598347812	0.000457116619742	0.0126209993921	-0.757234222075	0.0497717218142	1.10893098714e-11	1.7210589055e-05	100.0
4.3951971035e-05	-0.00627619591507	0.000604371121995	0.00179877420512	-0.751969260261	0.0682081397708	1.10893098714e-11	1.7210589055e-05	100.0
0.000314075571819	-0.00540655405131	0.000172427961022	0.0329033975515	-0.65170958114	0.0197793558937	1.10893098714e-11	1.7210589055e-05	100.0
0.00147951907828	-0.00167712830982	0.000573127548272	0.173771099712	-0.200350706083	0.0678484746261	1.10893098714e-11	1.7210589055e-05	100.0
0.00160937355467	-0.00134303673782	0.00189475437855	0.189618126135	-0.160454199452	0.225525029888	1.10893098714e-11	1.7210589055e-05	100.0
0.00026528901024	-0.00552244640926	-0.000146996954937	0.0268054155532	-0.666196688858	-0.0166239148319	1.10893098714e-11	1.7210589055e-05	100.0
0.00149495080768	-0.000530979750048	-0.000695362982061	0.173957483301	-0.062395220449	-0.081650531001	1.10893098714e-11	1.7210589055e-05	100.0
-0.00154032998198	-0.00644451268958	0.000563758058971	-0.18811183077	-0.772665232348	0.0674537643294	1.10893098714e-11	1.7210589055e-05	100.0
0.000210351796879	-0.00570774871604	-0.000149496858126	0.0193237764495	-0.689463869586	-0.016212618157	1.10893098714e-11	1.7210589055e-05	100.0
0.00022267656462	-0.00533359059916	-0.000333260788965	0.0223192321054	-0.642561861845	-0.0386873365434	1.10893098714e-11	1.7210589055e-05	100.0
0.000527047059394	-0.00308605843419	-0.00141356755354	0.0599551557305	-0.370116259656	-0.168529967735	1.10893098714e-11	1.7210589055e-05	100.0
0.0024792766023	-0.00144902756761	-0.00147278083123	0.294192617754	-0.17367459018	-0.17539718661	1.10893098714e-11	1.7210589055e-05	100.0
-0.00134153856262	-0.00571673555411	-0.000733018523639	-0.164111874036	-0.685782709198	-0.0875826463032	1.10893098714e-11	1.7210589055e-05	100.0
-0.0018418665076	-0.00731652939362	0.000315572035859	-0.224251221971	-0.876855968134	0.0377827827791	1.10893098714e-11	1.7210589055e-05	100.0
0.000190678217347	-0.0057932475684	-0.000178823466362	0.0167163515598	-0.700041883942	-0.0187471260245	1.10893098714e-11	1.7210589055e-05	100.0
0.0022850916864	-0.00269521809557	-0.0024268835934	0.271204293069	-0.323686052494	-0.290143304742	1.10893098714e-11	1.7210589055e-05	100.0
-0.00159886351451	-0.00703397534989	-0.000232157636091	-0.195034013415	-0.843309173775	-0.0275096744319	1.10893098714e-11	1.7210589055e-05	100.0
7.16651852786e-05	-0.00619360208948	-0.000801905456332	0.00501007338565	-0.742908778349	-0.0927990382314	1.10893098714e-11	1.7210589055e-05	100.0
0.000125428302376	-0.00612612403406	-0.000249523978779	0.0082590067072	-0.736691763101	-0.0212274165558	1.10893098714e-11	1.7210589055e-05	100.0
0.000140482577698	-0.00623637325428	-0.000343202049245	0.0116810279004	-0.746494368476	-0.0343228087548	1.10893098714e-11	1.7210589055e-05	100.0
7.77360738999e-05	-0.00626992155237	-0.00022618518853	0.00420458521478	-0.747863641675	-0.0179551556352	1.10893098714e-11	1.7210589055e-05	100.0
0.000845217279286	-0.00294037673659	-0.00144231269804	0.0984839599787	-0.35220719516	-0.172562527411	1.10781203639e-11	1.719322296e-05	100.0
-0.000483527501645	-0.000235534284232	-0.000464344124819	-0.0584071785415	-0.0185626496308	-0.0501741023562	1.10781203639e-11	1.719322296e-05	100.0
0.000288396671598	-0.0055021364657	-2.91398483394e-05	0.0294609871689	-0.663767972533	-0.00350365241831	1.10759126363e-11	1.7189796571e-05	100.0
-0.00131819960864	-0.0057049260655	0.00124573277071	-0.16161773743	-0.684659758533	0.148813075864	1.10759126363e-11	1.7189796571e-05	100.0
-0.00020847494078	-0.00512602606983	-0.00291129373601	-0.0283684653642	-0.615167582746	-0.348082245929	1.10759126363e-11	1.7189796571e-05	100.0
-0.000772499947488	-0.0067940081075	-0.000934256101614	-0.095746161355	-0.813967196327	-0.110657121024	1.10759126363e-11	1.7189796571e-05	100.0
-0.000407400444771	-0.0037747387579	-0.00195750137859	-0.0521666275972	-0.452711373501	-0.234363890209	1.10641498237e-11	1.7171540707e-05	100.0
-0.000850281408317	-0.00363860936732	-0.00185230531707	-0.105333687158	-0.435769849046	-0.221690145374	1.10641498237e-11	1.7171540707e-05	100.0
0.00172872923625	-0.000648182551344	-0.00384954175327	0.204682199059	-0.077117645653	-0.461207917605	1.10641498237e-11	1.7171540707e-05	100.0
-0.000408086230802	-0.00257781766843	-0.00146197946065	-0.0521335739233	-0.307972000089	-0.173930955189	1.10641498237e-11	1.7171540707e-05	100.0
0.000178511689197	0.000665320737657	-0.00130339674708	0.0165294751231	0.078836408741	-0.14824763547	1.10641498237e-11	1.7171540707e-05	100.0
0.000151641324752	-0.00596992613512	0.00035979667238	0.012837640113	-0.719092240285	0.0377249150173	1.10625908362e-11	1.7169121161e-05	100.0
0.000283428723622	-0.00579472843232	0.000557130804135	0.0294766763008	-0.697268338159	0.0635785551158	1.10625908362e-11	1.7169121161e-05	100.0
0.000116691875722	-0.00608018885178	0.000285704773992	0.00798659813919	-0.731966837257	0.0264968784499	1.10625908362e-11	1.7169121161e-05	100.0
0.000382359372425	-0.00554268607608	0.000896931762746	0.0419949220959	-0.666231771673	0.105351791067	1.10625908362e-11	1.7169121161e-05	100.0
0.000131337980916	-0.00605084634664	0.000408202547324	0.0108086802325	-0.727498914952	0.0430534185021	1.10625908362e-11	1.7169121161e-05	100.0
0.000288280133502	-0.00586717369514	0.000722537582883	0.0304287757007	-0.705066904839	0.0834447454021	1.10625908362e-11	1.7169121161e-05	100.0
-0.000867198667153	-0.00157963208924	0.00187650087362	-0.107113746547	-0.187613739144	0.223308238127	1.10501843126e-11	1.7149866258e-05	100.0
0.000387687031491	-0.00527093740773	0.000367661554557	0.0422742002074	-0.634632417151	0.0425534311152	1.10100781002e-11	1.7087621489e-05	100.0
0.00114773936104	-0.00298379890891	0.00119882915446	0.134439033907	-0.357692617846	0.142671392215	1.10100781002e-11	1.7087621489e-05	100.0
0.000258658095807	-0.00545516181448	0.00224236589692	0.0277630658244	-0.654956826161	0.267524033033	1.10100781002e-11	1.7087621489e-05	100.0
0.000383507084476	-0.00537981548724	0.000213259131983	0.0413331223379	-0.648248215268	0.0243926238651	1.10100781002e-11	1.7087621489e-05	100.0
0.000451298837985	-0.00459810745949	0.000425221070108	0.0506158326758	-0.552969790984	0.0503593382195	1.10100781002e-11	1.7087621489e-05	100.0
0.000751384400353	-0.00245992823292	0.00088740199355	0.0867119790138	-0.294251786418	0.105597403879	1.10100781002e-11	1.7087621489e-05	100.0
0.0017472449905	-0.00150849199152	0.000629799753366	0.205765587104	-0.180188685378	0.0740709367762	1.10100781002e-11	1.7087621489e-05	100.0
0.00122656804734	-0.00184507432464	0.00326069039404	0.143967120119	-0.221137357252	0.389723031516	1.10100781002e-11	1.7087621489e-05	100.0
-0.000155569245766	-0.00620132539467	0.00174285204555	-0.0219704739345	-0.743913344677	0.207274170021	1.10100781002e-11	1.7087621489e-05	100.0
0.000380413362715	-0.00499546983418	-0.000201968296638	0.0417722805449	-0.601373166387	-0.02340288949	1.10100781002e-11	1.7087621489e-05	100.0
0.00140802545012	-0.00233313373698	-0.00038161201015	0.165389850447	-0.279506921282	-0.0450022682965	1.10100781002e-11	1.7087621489e-05	100.0
-0.0017985947687	-0.00781494536272	0.000517028574853	-0.219174150934	-0.936685315647	0.0614864957971	1.10100781002e-11	1.7087621489e-05	100.0
0.000360198768344	-0.0053830159709	-0.000289373716781	0.0387436684124	-0.648447431433	-0.0330966304346	1.10100781002e-11	1.7087621489e-05	100.0
0.00167292123751	-0.00396829592401	-0.00114495158045	0.197518508854	-0.476740230656	-0.136139408391	1.10100781002e-11	1.7087621489e-05	100.0
0.00174713956006	-0.00229592558205	-0.00109636243499	0.206254264338	-0.2751712824	-0.130059843976	1.10100781002e-11	1.7087621489e-05	100.0
0.000970603936744	-9.16295147843e-05	-0.00109960184687	0.110638475982	-0.00894431105156	-0.127753588115	1.10100781002e-11	1.7087621489e-05	100.0
-0.000577858797578	-0.00760359888465	6.10304525411e-06	-0.0726982187253	-0.910650597792	0.000810820903349	1.10100781002e-11	1.7087621489e-05	100.0
0.000137765821121	-0.00613117818508	-0.000266444496893	0.0100197547766	-0.736332844814	-0.0232895376948	1.10100781002e-11	1.7087621489e-05	100.0
0.000179708451211	-0.00619650419209	-0.000400466902401	0.0164621476944	-0.742734647773	-0.0420017470813	1.10100781002e-11	1.7087621489e-05	100.0
-0.000675638505662	-0.00165880504214	0.0025511485625	-0.0842841717868	-0.197819787592	0.304409052255	1.10082726921e-11	1.7084819498e-05	100.0
-0.000943732277735	-0.00176976242457	0.00149109534906	-0.116300337188	-0.210349091688	0.177162778213	1.10082726921e-11	1.7084819498e-05	100.0
0.00039488642074	-0.00164538278792	0.00207654549036	0.0442949955581	-0.195971609526	0.247199890858	1.10082726921e-11	1.7084819498e-05	100.0
-0.0010109174465	-0.00290858367298	0.000971162357995	-0.124569190007	-0.347866862935	0.115611138069	1.10082726921e-11	1.7084819498e-05	100.0
-0.00148225315736	-0.00529492719224	0.000439081343168	-0.18148595359	-0.635705284531	0.0521354679022	1.10082726921e-11	1.7084819498e-05	100.0
-0.000786341401181	-0.00338814666344	-0.000295288089585	-0.0975465471664	-0.405601017982	-0.0350014700773	1.10082726921e-11	1.7084819498e-05	100.0
0.00124666696489	0.000487729781805	-0.00110172053846	0.14327505415	0.05893103298	-0.127996382664	1.10082726921e-11	1.7084819498e-05	100.0
-0.000697896251006	-0.000288862068122	-0.000829615806824	-0.0848094634707	-0.0288692685532	-0.0938520068715	1.10082726921e-11	1.7084819498e-05	100.0
0.00113788851862	0.00097692880765	-0.00131195275134	0.130888441953	0.11559475269	-0.153079835016	1.10082726921e-11	1.7084819498e-05	100.0
0.000192064017767	-0.00589805340204	0.000338696772781	0.0176159495243	-0.711019709404	0.0360365844874	1.09842592546e-11	1.7047550686e-05	100.0
0.00105452883067	-0.00517894247669	0.00104275160308	0.123166180854	-0.622417430345	0.123609596026	1.09842592546e-11	1.7047550686e-05	100.0
0.000597854339173	-0.00563779546021	0.00126294672729	0.0680858380018	-0.677382663245	0.149647442755	1.09842592546e-11	1.7047550686e-05	100.0
0.000274189425779	-0.00597403593272	0.000670873998275	0.0286047591931	-0.717510248644	0.0768045089624	1.09842592546e-11	1.7047550686e-05	100.0
0.000299300612111	-0.00549075784232	-8.43903812195e-05	0.0308062128941	-0.662338972818	-0.00961937289029	1.09842592546e-11	1.7047550686e-05	100.0
0.000419780499249	-0.00498592067474	-0.000185425702814	0.0463086738957	-0.600268658531	-0.0218228004372	1.09842592546e-11	1.7047550686e-05	100.0
0.00115490983054	-0.00185484148044	2.30269167361e-05	0.134643290402	-0.221525808799	0.00339180802938	1.09842592546e-11	1.7047550686e-05	100.0
-0.0014063852727	-0.00568674889916	0.00264421137366	-0.172568156843	-0.682971734387	0.317508897776	1.09842592546e-11	1.7047550686e-05	100.0
-0.00179127721395	-0.00673910674786	0.000849715282077	-0.218174939019	-0.808028544817	0.101184817796	1.09842592546e-11	1.7047550686e-05	100.0
0.000198091947148	-0.00590331947923	-0.000178198211696	0.0164884037682	-0.713500201772	-0.0174841807224	2.18679386664e-11	3.3939001636e-05	100.0
0.000277673438249	-0.0056275139007	-0.000327250181028	0.0282962904649	-0.678345374352	-0.0369017394207	1.09842592546e-11	1.7047550686e-05	100.0
0.00111959537416	-0.0041404031482	-0.00166868301021	0.131145982053	-0.497266569166	-0.198912418091	1.09842592546e-11	1.7047550686e-05	100.0
0.00123967940093	-0.0026502837881	-0.00268690301666	0.1455283422	-0.317815007217	-0.320904329359	1.09842592546e-11	1.7047550686e-05	100.0
-0.00116057363101	-0.00656530219618	0.000102008931749	-0.141845501941	-0.786927649234	0.0132549481844	1.09842592546e-11	1.7047550686e-05	100.0
-0.000723622055471	-0.00787280955129	-0.000498206975542	-0.0902806438917	-0.943229059653	-0.0593216013591	1.09842592546e-11	1.7047550686e-05	100.0
-0.000435474715804	-2.53792961901e-05	0.000732159310674	-0.0531587654392	0.00406170598434	0.0789765268025	1.09803316117e-11	1.7041454992e-05	100.0
0.00115505817891	-0.00134434952609	0.00251985471462	0.13541977578	-0.160354333136	0.300521658578	1.09803316117e-11	1.7041454992e-05	100.0
-0.00105441086542	-0.00186791473022	0.000213693988874	-0.129372242658	-0.221043005586	0.0248407338015	1.09803316117e-11	1.7041454992e-05	100.0
8.12752039525e-05	-0.00345460146673	0.00212621853173	0.00652590862954	-0.414337139676	0.254552360583	1.09803316117e-11	1.7041454992e-05	100.0
-0.00109918557577	-0.00208421715551	0.000318574692414	-0.134852974764	-0.24731534034	0.0380330215234	1.09803316117e-11	1.7041454992e-05	100.0
0.000733614274297	-0.00365507388061	-0.000248473971014	0.0848216245877	-0.438895357468	-0.029531850838	1.09587220325e-11	1.7007916963e-05	100.0
0.000508866339392	-0.00542265189754	-0.000822663478592	0.0571813906689	-0.65202550145	-0.0967313633839	1.09587220325e-11	1.7007916963e-05	100.0
0.000773775031345	-0.00215760379382	0.00312971195552	0.0897748628845	-0.258122572181	0.374778585139	1.09523804734e-11	1.6998074875e-05	100.0
-0.0012386135996	-0.00271381110948	0.000347397277794	-0.151889402973	-0.324005095573	0.0414146914251	1.09523804734e-11	1.6998074875e-05	100.0
0.000169482427586	-0.00599264531671	0.000222860121438	0.0132267424012	-0.723301837215	0.020519144101	1.09460540013e-11	1.6988256202e-05	100.0
0.000343495060361	-0.00540720050362	0.000611928192257	0.0370897894711	-0.650640646397	0.071330944884	1.09460540013e-11	1.6988256202e-05	100.0
0.00083761229524	-0.00529374351249	0.00150001211027	0.0970659275461	-0.636117988765	0.178617332028	1.09460540013e-11	1.6988256202e-05	100.0
0.000324610516271	-0.00584333754244	0.00105722159794	0.0352098951875	-0.701846562948	0.124348593164	1.09460540013e-11	1.6988256202e-05	100.0
0.00035677628548	-0.00506603571083	3.56560262846e-05	0.0386692186012	-0.610148455719	0.00408274408107	1.09460540013e-11	1.6988256202e-05	100.0
0.00159739533071	-0.000908999103488	-6.79786258415e-05	0.186782511098	-0.107848372732	-0.0081136699474	1.09460540013e-11	1.6988256202e-05	100.0
-0.00127304923966	-0.0046337899643	0.00271573841398	-0.156241180077	-0.556038590596	0.324780305876	1.09460540013e-11	1.6988256202e-05	100.0
0.00016751334329	-0.00597238660062	-0.000175000425872	0.0121863569826	-0.721848948787	-0.0154252077318	1.09460540013e-11	1.6988256202e-05	100.0
0.000638400880314	-0.00573688647401	-0.00158778370059	0.0731467622058	-0.688736493924	-0.188591750766	1.09460540013e-11	1.6988256202e-05	100.0
0.000199718759266	-0.00641912359084	-0.00017623437675	0.0179978072479	-0.764382292039	-0.0170682431441	1.09460540013e-11	1.6988256202e-05	100.0
-0.00047341265608	-9.78786934432e-05	0.000908691828459	-0.0582438429211	-0.00648693608429	0.101126427746	1.09383998753e-11	1.6976377012e-05	100.0
-0.000532333088294	0.000110930123339	0.000502450317329	-0.0617886067951	0.0226944437284	0.0503070069728	1.09383998753e-11	1.6976377012e-05	100.0
0.00100182755823	-0.000530857896983	0.000261129316254	0.113823138025	-0.0596339002396	0.030085023294	1.09383998753e-11	1.6976377012e-05	100.0
-0.0014173173273	-0.00290080124737	-0.00145037173367	-0.173609216868	-0.346973417835	-0.173316263415	1.09383998753e-11	1.6976377012e-05	100.0
-0.00118209994984	-0.00459852096538	-0.000820684702968	-0.14514363068	-0.551766417477	-0.0974538346933	1.09383998753e-11	1.6976377012e-05	100.0
-0.000473774405848	0.000311550039582	-0.000149213174703	-0.0463782903138	0.0546182183428	-0.00973287961095	1.09383998753e-11	1.6976377012e-05	100.0
0.000762660483643	-0.00424942710311	0.000696906841603	0.0881490040552	-0.510628161244	0.0827228968612	1.0933451347e-11	1.6968696905e-05	100.0
0.000982614892259	-0.00354003110153	0.000620599542116	0.114697205934	-0.424875278408	0.073288470075	1.0933451347e-11	1.6968696905e-05	100.0
0.000169370660133	-0.00618788472482	0.000461472020083	0.0156197486665	-0.741765703308	0.0498555345662	1.0933451347e-11	1.6968696905e-05	100.0
0.000310757104787	-0.00616456519137	0.000843381654696	0.0333883570107	-0.739461425465	0.0979812433712	1.0933451347e-11	1.6968696905e-05	100.0
0.000367884702686	-0.00516184232601	0.000179036585358	0.0399003147801	-0.621788588867	0.0208972865776	1.0933451347e-11	1.6968696905e-05	100.0
0.00103461263376	-0.00362299902314	0.00046140401358	0.121048864432	-0.434999378817	0.0551556910323	1.0933451347e-11	1.6968696905e-05	100.0
0.000963203416705	-0.00298145895782	0.00030036470848	0.112408343584	-0.357307964299	0.0357049993489	1.0933451347e-11	1.6968696905e-05	100.0
0.00127621412716	-0.00176115772495	-0.00028679551338	0.149022658822	-0.210446896443	-0.0348547876205	1.0933451347e-11	1.6968696905e-05	100.0
0.00112377111515	-0.00342416686236	0.00366817669157	0.131808228177	-0.411036581752	0.43923120159	1.0933451347e-11	1.6968696905e-05	100.0
0.000329744455674	-0.00631040992932	0.000766147753866	0.0355199890892	-0.756000873143	0.0888110936822	1.0933451347e-11	1.6968696905e-05	100.0
0.000217707371941	-0.00576003055457	-9.43375456881e-05	0.0195640673208	-0.69626238745	-0.0102288147601	1.0933451347e-11	1.6968696905e-05	100.0
0.000665766242146	-0.00135538780413	3.58325255434e-05	0.0756500189094	-0.159070008624	0.00494192344564	1.0933451347e-11	1.6968696905e-05	100.0
0.000177069669387	-0.00589721718705	-9.17046135405e-05	0.0131925335931	-0.714070670633	-0.00866787177349	2.17926093932e-11	3.382209074e-05	100.0
0.0028675044205	-0.000472562544361	-0.00168881889894	0.340631266491	-0.0569032845193	-0.200956393103	1.0933451347e-11	1.6968696905e-05	100.0
0.00174660391085	-0.0020971771139	-0.00207832144846	0.206552362506	-0.251063203892	-0.248098141203	1.0933451347e-11	1.6968696905e-05	100.0
0.000167961276651	-0.00599551799289	-0.000328613385237	0.0144346313146	-0.722043159088	-0.0334601683097	1.0933451347e-11	1.6968696905e-05	100.0
0.000249412863628	-0.00601785167354	-0.000418746545455	0.0245351300069	-0.723688798937	-0.0452594719481	1.0933451347e-11	1.6968696905e-05	100.0
0.000284367864215	-0.00598813587993	-0.00106470976789	0.0304015094342	-0.718817769937	-0.125108781463	1.0933451347e-11	1.6968696905e-05	100.0
-0.000390772276447	0.000103920231954	0.00189679218683	-0.0498188131292	0.0136558947655	0.222550426573	1.09244192771e-11	1.6954679148e-05	100.0
-0.000530730293657	4.03982241513e-05	0.000409594237801	-0.0613551776611	0.0159792407003	0.0410564667455	1.09244192771e-11	1.6954679148e-05	100.0
0.000192635437264	0.000670805109728	0.00157535005162	0.0188687522351	0.0801689120538	0.182433341781	1.09244192771e-11	1.6954679148e-05	100.0
-0.000534059577694	-0.00016499740764	0.000393985859239	-0.0634556965794	-0.00923956718896	0.0420187718541	1.09244192771e-11	1.6954679148e-05	100.0
0.00180021694065	0.00151460556531	0.00089829265618	0.210909555014	0.179547019613	0.105499961783	1.09244192771e-11	1.6954679148e-05	100.0
0.000112731574	-0.00302022984669	0.0013319198185	0.0104146134652	-0.361516304526	0.159031475918	1.09244192771e-11	1.6954679148e-05	100.0
-0.00037474475752	-0.000746071761568	-0.000424371938203	-0.0472819597392	-0.0823155555938	-0.048962528168	1.09244192771e-11	1.6954679148e-05	100.0
-0.00074631604566	-0.00666516364253	0.000389148902665	-0.092009910438	-0.799685028529	0.0466841803928	1.09244192771e-11	1.6954679148e-05	100.0
-3.04373738182e-05	-0.00439251524267	-0.000810563915466	-0.00664215551025	-0.527293590621	-0.0965032849253	1.09244192771e-11	1.6954679148e-05	100.0
0.000636336522569	-0.00438356617177	-0.000111189450406	0.0729361688457	-0.527141403137	-0.0130983711508	1.09209140696e-11	1.6949239073e-05	100.0
0.00127744219303	-0.00276714363181	-0.000255117337061	0.150050874937	-0.331942229602	-0.030305486362	1.09209140696e-11	1.6949239073e-05	100.0
-0.000642955870869	-0.00726696962472	0.000903928795893	-0.0804207035043	-0.87066478816	0.107219050207	1.09209140696e-11	1.6949239073e-05	100.0
0.000282318613215	-0.00563234014186	-0.000419517837449	0.0292093072653	-0.678394498524	-0.0475511520905	1.09209140696e-11	1.6949239073e-05	100.0
0.000747783334125	-0.0050832869069	-0.00159666201907	0.0863524908792	-0.610697389633	-0.190286786627	1.09209140696e-11	1.6949239073e-05	100.0
0.00184687690859	0.000944503861444	0.000223750748773	0.215350457305	0.111066451322	0.0262776285878	1.0910438679e-11	1.6932981285e-05	100.0
0.000192423818082	-0.00589751677154	4.80232721848e-05	0.0147962526398	-0.714253483001	0.00425837097447	1.09084371401e-11	1.69298749e-05	100.0
0.000260418843749	-0.00572878891665	5.48390263606e-05	0.0248564733902	-0.692122847137	0.0057489720959	1.09084371401e-11	1.69298749e-05	100.0
0.000463679079277	-0.00402277218502	-0.000145363688589	0.0522877746775	-0.483471965436	-0.0174613309199	1.09084371401e-11	1.69298749e-05	100.0
0.000716970037261	-0.00320802117734	-8.66691033524e-05	0.0828569339143	-0.384821161781	-0.0103331739777	1.09084371401e-11	1.69298749e-05	100.0
0.00144010204578	0.000657392044324	-0.00013258563229	0.164407957008	0.0778140484237	-0.016047992053	1.09084371401e-11	1.69298749e-05	100.0
0.0005544321638	0.000696970513231	0.000594862543	0.0542800424844	0.0810360239724	0.0619825723895	1.09084371401e-11	1.69298749e-05	100.0
0.000199826135326	-0.00585178470451	-0.00044424163814	0.0192274689156	-0.704627503211	-0.049209705712	1.09084371401e-11	1.69298749e-05	100.0
0.000335378579336	-0.00574922596983	-0.000660682430549	0.0359999125236	-0.691425646827	-0.0762747031711	1.09084371401e-11	1.69298749e-05	100.0
1.92615422948e-05	-0.00591006004198	-0.00245452021297	-0.0010535567266	-0.708909443043	-0.292813852818	1.09084371401e-11	1.69298749e-05	100.0
0.000163272782578	-0.00652721727543	-0.00246643771735	0.0161853675049	-0.78280494073	-0.294333608954	1.09084371401e-11	1.69298749e-05	100.0
0.000792801041786	-0.0037980267306	-0.000254669496255	0.0916706288168	-0.456054258313	-0.0295034798405	1.08960255875e-11	1.6910612193e-05	100.0
0.000722772169845	0.000552250803206	-0.000965149618871	0.078796929721	0.0660066805071	-0.109213563001	1.08960255875e-11	1.6910612193e-05	100.0
0.000363871962898	-0.00518127377885	-4.54433729845e-05	0.0393189463818	-0.62420034161	-0.00531285052211	1.08836794118e-11	1.689145095e-05	100.0
-0.00238656587537	-0.00597863084992	0.00202476377506	-0.290342716349	-0.717822809508	0.242540664241	1.08836794118e-11	1.689145095e-05	100.0
0.000498208640332	-0.00464234523861	-0.00269911629464	0.056498972531	-0.557307106107	-0.322442316031	1.08836794118e-11	1.689145095e-05	100.0
-0.00111400660885	-0.00793553244137	-0.00125282352251	-0.137108681546	-0.951333732558	-0.149356733238	1.08836794118e-11	1.689145095e-05	100.0
-0.000285326031609	-0.00100525539546	0.00259912603261	-0.0374220388879	-0.119377719241	0.309430008993	1.08824674247e-11	1.6889569949e-05	100.0
-0.000871186488218	-0.00185969120963	0.00142879135645	-0.107543591431	-0.221011104673	0.170079839104	1.08824674247e-11	1.6889569949e-05	100.0
0.00161941823661	0.000495863304089	-0.00176341117341	0.189869366979	0.0592839284273	-0.208544646985	1.08824674247e-11	1.6889569949e-05	100.0
-0.000514700488093	-0.000209181501525	-0.000849928753765	-0.0631498598545	-0.0190340462471	-0.0951296851542	1.08824674247e-11	1.6889569949e-05	100.0
0.000297333705405	-0.00565947822063	0.000285520828125	0.0302843137407	-0.682343740022	0.0319244638712	1.08591580461e-11	1.6853393835e-05	100.0
0.000669981446735	-0.00480576504529	0.000381652042839	0.0766494501872	-0.578098605649	0.0447627476358	1.08591580461e-11	1.6853393835e-05	100.0
0.00140241435629	-0.00302515860174	0.000799434384663	0.164935766272	-0.362965321016	0.0946762621378	1.08591580461e-11	1.6853393835e-05	100.0
0.00156140012814	-0.0011194985429	0.00263477053781	0.183920573515	-0.134026470659	0.314360920744	1.08591580461e-11	1.6853393835e-05	100.0
0.000319643664347	-0.00576268665434	0.00181368286882	0.0349852586064	-0.691347796413	0.215710486532	1.08591580461e-11	1.6853393835e-05	100.0
0.0003872002015	-0.0050374517356	0.00022162908423	0.042444227975	-0.606532357833	0.0257613499599	1.08591580461e-11	1.6853393835e-05	100.0
0.002017871589	-0.00214942785212	0.000203713445154	0.238452972033	-0.258003882461	0.0236575196432	1.08591580461e-11	1.6853393835e-05	100.0
-0.000195163395731	-0.00471791439295	0.00340542066887	-0.0266961016567	-0.566157940497	0.407122238954	1.08591580461e-11	1.6853393835e-05	100.0
0.00069065059547	-0.00455341407109	0.00016514368021	0.0793076198049	-0.547717464257	0.0194974593585	1.08591580461e-11	1.6853393835e-05	100.0
0.00142098019213	-0.00261584368627	0.000103560507643	0.167198459437	-0.313688171957	0.0121642813831	1.08591580461e-11	1.6853393835e-05	100.0
-0.000334699265549	-0.00628394396238	0.00264959825755	-0.0435194591842	-0.753619470197	0.316438886442	1.08591580461e-11	1.6853393835e-05	100.0
0.000329707395722	-0.00545920841994	-0.00021925337823	0.0347073341101	-0.658091495975	-0.025046506185	1.08591580461e-11	1.6853393835e-05	100.0
0.000708832727189	-0.00477067276426	-0.000296831720426	0.081365029891	-0.573891904556	-0.0346930598231	1.08591580461e-11	1.6853393835e-05	100.0
0.0010481780864	-0.00331499157454	-0.000874029760706	0.122468781433	-0.397903455584	-0.103904180387	1.08591580461e-11	1.6853393835e-05	100.0
0.0027347767635	-0.000512468056465	-0.00112540964448	0.32454004048	-0.0615182911359	-0.133626116333	1.08591580461e-11	1.6853393835e-05	100.0
0.0020388656832	0.000232691498964	-0.000244317942254	0.238886606533	0.0273514641374	-0.0277917061544	1.08591580461e-11	1.6853393835e-05	100.0
0.00135038581963	-0.000291568595194	-0.00116675768093	0.156738978694	-0.0338626598202	-0.137160988455	1.08591580461e-11	1.6853393835e-05	100.0
-0.00104732715751	-0.00681052584995	-0.000128547157396	-0.128462746906	-0.81667472318	-0.0152103734616	1.08591580461e-11	1.6853393835e-05	100.0
-0.000109324125861	-0.00662132757555	0.000140098771092	-0.0155327607995	-0.789569312533	0.0155013930484	1.08591580461e-11	1.6853393835e-05	100.0
0.000189859320023	-0.00597783466673	-0.000285582801848	0.016252127203	-0.720501403948	-0.0285996662225	1.08591580461e-11	1.6853393835e-05	100.0
0.000328219320979	-0.00599830852933	-0.000596717569276	0.0348344883181	-0.720682562756	-0.0677217234951	1.08591580461e-11	1.6853393835e-05	100.0
0.000235396898032	-0.00619743468809	-0.000455872083472	0.023234017216	-0.743375385229	-0.0494149964497	1.08591580461e-11	1.6853393835e-05	100.0
0.00150260855805	0.00119521566131	0.000514655755966	0.173603671554	0.140243314846	0.0595829154201	1.08404954563e-11	1.6824429529e-05	100.0
-0.000116412576539	-0.00131576667622	-0.00265691267142	-0.0171650117102	-0.156667111456	-0.316570836827	1.08404954563e-11	1.6824429529e-05	100.0
9.14548177857e-06	-0.00040518007006	-0.00240392250282	-0.00231200109786	-0.0477618842278	-0.285107962014	1.08404954563e-11	1.6824429529e-05	100.0
0.000243362910746	-0.00591006915862	0.000268699092874	0.0228005221595	-0.712862758655	0.0279198111137	1.08348680141e-11	1.6815695749e-05	100.0
0.000397814167806	-0.00563641746346	0.000407261571885	0.0428984971108	-0.678837238883	0.0464210269326	1.08348680141e-11	1.6815695749e-05	100.0
0.000904300777324	-0.00487551947763	0.000836374318796	0.105008806119	-0.586133998078	0.0991639679802	1.08348680141e-11	1.6815695749e-05	100.0
0.000997913670639	-0.00437002700835	0.00119451109113	0.116390012892	-0.525036834077	0.142094880831	1.08348680141e-11	1.6815695749e-05	100.0
0.00195533627037	-0.003889136902	0.00168437781769	0.231435008291	-0.466993209094	0.200623480046	1.08348680141e-11	1.6815695749e-05	100.0
0.000938699562921	-0.00523371209461	0.00242687870964	0.109433336652	-0.628546918005	0.289823464661	1.08348680141e-11	1.6815695749e-05	100.0
0.000293489211956	-0.00615214455556	0.000505694916913	0.0302251047316	-0.738239673812	0.0560435095907	1.08348680141e-11	1.6815695749e-05	100.0
0.000368836999637	-0.00591842577436	0.001091767549	0.0406264586099	-0.710403817591	0.128488144384	1.08348680141e-11	1.6815695749e-05	100.0
0.000154264781771	-0.00597128832416	4.84443287267e-05	0.00855271514644	-0.724510157665	0.00338474315371	1.08348680141e-11	1.6815695749e-05	100.0
0.000270188835863	-0.00544825475795	3.86086808855e-05	0.0274107515602	-0.657132580495	0.00421942665401	1.08348680141e-11	1.6815695749e-05	100.0
0.000529570244124	-0.00461280743878	-1.11348903451e-05	0.0599306480999	-0.555006819655	-0.00134726085087	1.08348680141e-11	1.6815695749e-05	100.0
0.00155525886305	-0.0022054497515	7.70728290453e-06	0.183173799373	-0.264139375641	0.00102593653226	1.08348680141e-11	1.6815695749e-05	100.0
0.00272464301232	-0.000127312821906	0.000678313297878	0.32279746963	-0.0157662648824	0.0799410964549	1.08348680141e-11	1.6815695749e-05	100.0
-0.00121686331208	-0.00699718520994	0.00165109234138	-0.1492910419	-0.838979293319	0.196745344488	1.08348680141e-11	1.6815695749e-05	100.0
0.000242507362165	-0.00586141007106	-0.000368897679023	0.023625023422	-0.706272788026	-0.0402749455934	1.08348680141e-11	1.6815695749e-05	100.0
0.000743961990095	-0.00527140694343	-0.0012797414527	0.0857386415183	-0.63323198753	-0.151741278433	1.08348680141e-11	1.6815695749e-05	100.0
-3.70336158996e-05	-0.00572999825385	-0.0025673767866	-0.00774506239624	-0.687753110529	-0.306480682455	1.08348680141e-11	1.6815695749e-05	100.0
9.83722568319e-05	-0.00713022468307	-0.00196576342981	0.00834883583358	-0.854762960856	-0.234367736064	1.08348680141e-11	1.6815695749e-05	100.0
