# x[AU] y[AU] z[AU] vx[AU/yr/2pi] vy[AU/yr/2pi] vz[AU/yr/2pi] m[MSUN] m[mtot] wf[%]
-4.46622928599e-06	0.000600777430725	4.95690520649e-08	-6.29382217635e-05	0.0722428288269	7.13765711436e-05	5.8386370773e-07	0.903961913604	19.4135622296
5.6994963652e-06	-0.00603582318585	3.07328172235e-06	-0.00395401393577	-0.725404480979	0.000335097962193	5.10341623912e-08	0.0790131985988	7.0899939563
1.51882989946e-06	-0.00566290840269	-3.00898477291e-05	-0.00288133061297	-0.687004510636	-0.00230030656818	1.9554757678e-10	0.00030275483707	0.0
4.07203079616e-05	-0.0056067018365	0.000115395308297	0.00139992209077	-0.679163862121	0.0113868217557	1.15624449954e-10	0.00017901455023	0.0
9.28263620399e-05	-0.005887062469	0.000253525054692	0.00592766702868	-0.710638480971	0.0223228930925	1.13568115184e-10	0.00017583084779	0.0
1.9269380564e-05	-0.0056804775103	3.69371441039e-05	-0.000568358299624	-0.689475017139	0.00394209973101	1.17938450165e-10	0.000182597180959	0.0
3.72094902491e-05	-0.00555709696221	0.000140082234673	0.00123753198552	-0.673239819419	0.0145530151646	7.83886706865e-11	0.00012136457844	0.0
2.09421387974e-05	-0.0057970775453	0.000194914500585	-0.000753032362708	-0.702862976874	0.0176590099829	7.73037913572e-11	0.00011968492345	0.0
4.24877855469e-05	-0.00566503714283	7.77799309114e-05	0.00040608826553	-0.687366185754	0.00731629054638	1.53656137633e-10	0.000237896780314	0.0
1.70341146634e-05	-0.00558461115302	4.72205887253e-05	-0.000678914008851	-0.677117847745	0.0051827469914	3.96990902553e-11	6.146377163e-05	0.0
-3.40886437256e-05	-0.00558097772818	-5.17190057285e-05	-0.00605766495696	-0.676102836632	-0.00529493419091	3.9508667468e-11	6.1168951203e-05	0.0
-5.4382257787e-06	-0.00562744702689	-6.10404149302e-05	-0.00297375062584	-0.682825043906	-0.00504354411604	3.94607663178e-11	6.1094788664e-05	0.0
-6.0519503568e-05	-0.00539938437386	-2.82618421306e-06	-0.00983516500032	-0.652516671457	-0.000476570111043	3.94127394429e-11	6.1020431472e-05	0.0
-6.49204339718e-05	-0.00548967351652	-8.72191805267e-05	-0.0102087655619	-0.663958902553	-0.00898721337814	3.93163286346e-11	6.0871164275e-05	0.0
2.95667047158e-05	-0.00585746306802	-0.000181891591516	0.000885360731438	-0.710357344206	-0.0142774951587	3.93163286346e-11	6.0871164275e-05	0.0
-1.89160540472e-05	-0.00535360913302	0.000233775140344	-0.00500826089445	-0.646189148561	0.0263377758778	3.9219419956e-11	6.0721126256e-05	0.0
-6.60814682404e-05	-0.00550804862071	-1.89411260364e-05	-0.00991013646971	-0.666338472985	-0.00196757825357	3.9219419956e-11	6.0721126256e-05	0.0
6.77606602458e-05	-0.00564689568987	-0.000193032970315	0.0047961677885	-0.683284593748	-0.0198059894403	3.90240737854e-11	6.0418683244e-05	0.0
-1.74337257028e-05	-0.00532884334763	0.000209383243173	-0.00535849626767	-0.644015242923	0.0237375419135	3.88761862135e-11	6.0189717595e-05	0.0
3.12958000144e-05	-0.00528078262333	-0.000274224809451	0.000343705361467	-0.637253615609	-0.0315224456849	3.88761862135e-11	6.0189717595e-05	0.0
4.37784077805e-05	-0.00569897724514	-0.000362805323191	0.00192771416664	-0.687881667107	-0.0390940363556	3.88761862135e-11	6.0189717595e-05	0.0
-2.12937527245e-05	-0.00511653244614	0.000103910152065	-0.00581900877004	-0.617269298776	0.0121491555059	3.8826620467e-11	6.0112977859e-05	0.0
1.32170778371e-05	-0.00542385822802	0.000243330186049	-0.00137430916823	-0.654889016482	0.0274606460521	3.87769189377e-11	6.0036027898e-05	0.0
-8.19837410627e-06	-0.0058323116333	0.000314947635568	-0.00358681562402	-0.704095762418	0.0316895514116	3.87270765966e-11	5.9958859926e-05	0.0
4.83930387988e-05	-0.00551401059795	-0.000236806414678	0.0021547191419	-0.666912240423	-0.0258903065806	3.87270765966e-11	5.9958859926e-05	0.0
-4.64999136181e-05	-0.00515949700646	1.08960032671e-05	-0.00885411748521	-0.62299604441	0.00119762122783	3.86770984727e-11	5.988148173e-05	0.0
-3.99536260178e-05	-0.00503487602915	-1.94419122665e-05	-0.00809471180899	-0.607420656532	-0.00204994669333	3.8626974508e-11	5.9803877737e-05	0.0
1.66897136371e-05	-0.00576231928788	0.000253360988921	-0.000654444160321	-0.697143335247	0.0249013445425	3.85767147606e-11	5.972606352e-05	0.0
3.23099380839e-05	-0.00554418320655	-0.000185149569679	0.000278402660224	-0.670971589346	-0.0201611078255	3.85767147606e-11	5.972606352e-05	0.0
-0.000102762271823	-0.00524480316423	-0.000319305222939	-0.0154853937194	-0.632631306187	-0.036817675469	3.85767147606e-11	5.972606352e-05	0.0
-4.56938149963e-05	-0.00521636004034	-6.50605240774e-06	-0.00893576256248	-0.629741890447	-0.000661798206838	3.85263041434e-11	5.964801572e-05	0.0
-8.13175991682e-05	-0.00462876791715	-0.000111339172169	-0.0131464429699	-0.557565434101	-0.0133900016112	3.85263041434e-11	5.964801572e-05	0.0
3.93959459177e-05	-0.00581169571199	-0.000324020911241	0.000868535325077	-0.701529083375	-0.0330040869376	3.85263041434e-11	5.964801572e-05	0.0
-7.49974117371e-05	-0.00503114066885	0.000259872782092	-0.012235115236	-0.606718546832	0.0301235703177	7.65427388897e-11	0.000118506630574	0.0
3.71949632302e-05	-0.00576813934257	6.14217631809e-05	-0.00124539710531	-0.701910257016	0.00460575768618	3.83232082958e-11	5.9333574338e-05	0.0
-4.01638628377e-05	-0.00506218279429	0.000171733348769	-0.00842834972488	-0.610958268333	0.0201643103441	3.83232082958e-11	5.9333574338e-05	0.0
6.00578597674e-05	-0.0046247213766	0.000188437417091	0.00366960582059	-0.557123894781	0.0222783585105	3.83232082958e-11	5.9333574338e-05	0.0
-4.11956800017e-05	-0.00405542363198	0.000876501131309	-0.00825728675989	-0.487413274649	0.104692200911	3.83232082958e-11	5.9333574338e-05	0.0
4.88786317565e-05	-0.0053438495649	0.000286476776471	0.0022699470191	-0.644961451638	0.0323370121857	3.83232082958e-11	5.9333574338e-05	0.0
-0.000116770525057	-0.0050280874947	-8.65875595447e-05	-0.0172309532356	-0.606593001764	-0.00983181626538	3.83232082958e-11	5.9333574338e-05	0.0
3.35900775812e-05	-0.00570100314148	-0.000324470480882	0.00048055138562	-0.688966317022	-0.0349654211069	3.83232082958e-11	5.9333574338e-05	0.0
0.000161003787222	-0.00405177228722	4.87240195706e-05	0.0160342198602	-0.487245855309	0.00546709358197	3.8220757668e-11	5.9174956043e-05	0.0
-0.000126166294344	-0.0015200332082	0.000673506970176	-0.0183356013935	-0.178916180929	0.0797908147641	3.8220757668e-11	5.9174956043e-05	0.0
-3.90386617321e-05	-0.00515847988584	-5.89497726548e-05	-0.00827665254265	-0.622812789104	-0.00637088816607	3.81693010204e-11	5.9095288736e-05	0.0
-0.000255721841401	-0.0046392449005	-0.000121143076885	-0.0340076763526	-0.55884152035	-0.0141612050522	3.81693010204e-11	5.9095288736e-05	0.0
8.39915524747e-05	-0.00438612096335	0.000200328181656	0.00679058881826	-0.527868104923	0.0240279729802	3.81693010204e-11	5.9095288736e-05	0.0
3.89698704488e-05	-0.00575935092457	-0.000219949901339	0.000555171981379	-0.697527982918	-0.0211893586588	3.81693010204e-11	5.9095288736e-05	0.0
5.55598221533e-06	-0.00561597864641	-0.000449890884543	-0.00270777965091	-0.677552161121	-0.0505284935733	3.81693010204e-11	5.9095288736e-05	0.0
4.82706141252e-05	-0.00545985143426	0.000375117716162	0.00203887162913	-0.659121277156	0.0424282884243	7.52774193224e-11	0.000116547610546	0.0
-5.93222030365e-05	-0.00535559674814	0.000455290165898	-0.0103710721513	-0.646004190198	0.0525793692884	3.81176834451e-11	5.9015372273e-05	0.0
0.000105678860541	-0.00546899991218	0.000445271756398	0.00889460945783	-0.659532144806	0.0504991445727	3.81176834451e-11	5.9015372273e-05	0.0
-8.29325959985e-05	-0.00516784856323	0.000199636222122	-0.0132311077784	-0.623672231163	0.0229807767249	3.81176834451e-11	5.9015372273e-05	0.0
5.53833671491e-05	-0.00565758454783	-5.80148922761e-05	0.00130786562807	-0.686726053803	-0.00526498814669	3.81176834451e-11	5.9015372273e-05	0.0
-2.10506585546e-05	-0.0051288179321	-0.000186582075737	-0.00610351449414	-0.61897527637	-0.0213852397087	3.81176834451e-11	5.9015372273e-05	0.0
-6.03943809135e-05	-0.00462246043961	-0.000329188503122	-0.010776429851	-0.556767850508	-0.0387923103388	3.81176834451e-11	5.9015372273e-05	0.0
-8.44455933556e-06	-0.00453071968116	-0.000192335444772	-0.00439762021141	-0.545490073586	-0.0224613872944	3.81176834451e-11	5.9015372273e-05	0.0
2.7345209497e-05	-0.00562708619996	-0.000131193844619	-0.000641322104034	-0.681939777149	-0.0131191721452	3.81176834451e-11	5.9015372273e-05	0.0
0.000141367217147	-0.00507871740477	-0.000498973720045	0.0134175644647	-0.61203235092	-0.0587212938774	3.81176834451e-11	5.9015372273e-05	0.0
0.000117729195306	-0.00503277747054	-0.000586154511155	0.010465507785	-0.606104160681	-0.0692206047975	3.81176834451e-11	5.9015372273e-05	0.0
0.000101572373831	-0.00541241681958	-0.000359989810804	0.00814522267817	-0.653363232071	-0.0409355606385	3.81176834451e-11	5.9015372273e-05	0.0
8.59746255065e-05	-0.00501707796186	-0.00062407458357	0.00677653104132	-0.60446994793	-0.0734068264022	3.81176834451e-11	5.9015372273e-05	0.0
0.000125753092601	-0.00497614440979	-0.000696894613755	0.0114717360456	-0.599227399465	-0.0821281451085	3.81176834451e-11	5.9015372273e-05	0.0
-2.31641584334e-05	-0.00534002069703	-9.79165913489e-06	-0.00649240158293	-0.645506687758	-0.00110016530164	3.8065909971e-11	5.8935214442e-05	0.0
8.29008775658e-05	-0.00423249194649	8.01509172684e-06	0.00665236701494	-0.509392481475	0.00100035054727	3.8065909971e-11	5.8935214442e-05	0.0
0.000195403356279	-0.00581731323526	-0.000677917088361	0.0193673623067	-0.700241146203	-0.0780281045268	3.8065909971e-11	5.8935214442e-05	0.0
-2.06723896332e-05	-0.00526056560209	0.000106153775162	-0.00614856713725	-0.63548519427	0.0122137072954	3.80139805981e-11	5.8854815241e-05	0.0
-9.95102287642e-05	-0.00396134487949	0.00025487234594	-0.0153594366137	-0.476394224366	0.0303450308947	3.80139805981e-11	5.8854815241e-05	0.0
4.36105444347e-05	-0.00356045903734	0.000692372187822	0.00196979577638	-0.427654329352	0.0827723999544	3.80139805981e-11	5.8854815241e-05	0.0
5.11570729235e-05	-0.00596958506743	-0.000256987207312	0.0017371300637	-0.719467297133	-0.0214567313266	3.80139805981e-11	5.8854815241e-05	0.0
3.76461167833e-05	-0.00570265304993	4.85185034288e-05	-0.00143365768068	-0.692333471398	0.00521536825144	3.79096290112e-11	5.8693253803e-05	0.0
0.000340853875462	-0.00329313594047	0.000500485214206	0.0377753937074	-0.395299034916	0.0599913379721	3.79096290112e-11	5.8693253803e-05	0.0
4.47842088457e-05	-0.0055462484687	0.00023728490443	0.00140789309064	-0.67064191795	0.0255524401685	3.78046135974e-11	5.8530664601e-05	0.0
-6.70771787462e-05	-0.0050028741889	0.000550940038413	-0.0114490103985	-0.602736208409	0.0647281211622	3.78046135974e-11	5.8530664601e-05	0.0
-2.88792386842e-05	-0.00536735230951	0.000198254632825	-0.0069048231837	-0.648402509087	0.0231155536346	3.78046135974e-11	5.8530664601e-05	0.0
6.43304061119e-05	-0.00433422841807	0.000550900968586	0.00443106482069	-0.521583666018	0.0657120192102	3.78046135974e-11	5.8530664601e-05	0.0
-6.18658513052e-05	-0.00396309826982	0.000845983351219	-0.0107837967565	-0.476405287768	0.100759749054	3.78046135974e-11	5.8530664601e-05	0.0
-5.73488770205e-06	-0.00530640168062	-0.000150199732609	-0.00438055237459	-0.641076768747	-0.0168507833206	3.78046135974e-11	5.8530664601e-05	0.0
1.40232199969e-05	-0.00442850273176	-0.000194432626386	-0.00176523681321	-0.533338351921	-0.0226084556134	3.78046135974e-11	5.8530664601e-05	0.0
4.02315696984e-05	-0.00556629148178	-0.000224624533489	0.000712176915846	-0.673085396647	-0.0238120727823	3.78046135974e-11	5.8530664601e-05	0.0
-4.3377278035e-05	-0.00497763459169	-0.00075566875251	-0.0086469214573	-0.599443948381	-0.0893334961837	3.78046135974e-11	5.8530664601e-05	0.0
6.18964803795e-05	-0.00567591832121	-1.0067139118e-05	0.00145105902685	-0.68924584074	-0.000554823675945	3.76989192696e-11	5.8367024276e-05	0.0
2.70296582844e-05	-0.005291622295	-4.90547812844e-05	-0.000898914337809	-0.639531073785	-0.00529009927726	3.76989192696e-11	5.8367024276e-05	0.0
0.000313088004621	-0.00355131262868	-0.000225096237596	0.0343166801735	-0.42673854547	-0.0266526524788	3.76989192696e-11	5.8367024276e-05	0.0
0.000556712134533	-0.00290674960837	-1.33983621352e-05	0.0636761542758	-0.34862199965	-0.00153102036741	3.76989192696e-11	5.8367024276e-05	0.0
-0.000494052462065	-0.00623091067051	0.000442115810797	-0.061126565164	-0.748343220681	0.0513927518901	3.76989192696e-11	5.8367024276e-05	0.0
-0.000418829678917	-0.00656977180572	0.000784159389175	-0.0533809897553	-0.788321984656	0.0926452374488	3.76989192696e-11	5.8367024276e-05	0.0
6.21993837349e-05	-0.0057976703643	-0.000140127998139	0.00177242934822	-0.704183162462	-0.0111693452008	3.76989192696e-11	5.8367024276e-05	0.0
9.32727036268e-06	-0.0048443312499	-0.000819017868481	-0.0025022224234	-0.583153838762	-0.0967623085275	3.76989192696e-11	5.8367024276e-05	0.0
0.000311361836055	-0.00478745311259	-0.00187712081627	0.0338748552185	-0.575679075828	-0.224488974635	3.76989192696e-11	5.8367024276e-05	0.0
-0.000798007523111	-0.00617086312112	-0.000404268826822	-0.0981782255037	-0.740686651316	-0.0471598498498	3.76989192696e-11	5.8367024276e-05	0.0
7.62476512441e-05	-0.00571840383748	0.000320294847566	0.00488231901947	-0.690918670867	0.033498789061	3.76458181416e-11	5.8284810916e-05	0.0
6.50729015129e-05	-0.00385612830116	0.000643532318398	0.00455917989587	-0.463490962322	0.0766039804331	3.76458181416e-11	5.8284810916e-05	0.0
0.000212353482903	-0.00480966215424	0.0013406894754	0.0221017333114	-0.578482366525	0.159880080723	3.76458181416e-11	5.8284810916e-05	0.0
0.000271905396559	-0.00338764545022	-0.000340982860012	0.0295470560692	-0.406746770602	-0.0407107955334	3.76458181416e-11	5.8284810916e-05	0.0
-3.48307885575e-05	-0.00508235886542	-0.00125743680234	-0.00770265238034	-0.61127266876	-0.149642313242	3.76458181416e-11	5.8284810916e-05	0.0
6.45425516929e-05	-0.00573067556462	0.00025095714744	0.00301988623689	-0.693504769826	0.0252286722574	3.74854435823e-11	5.8036512398e-05	0.0
0.000140536632371	-0.00540794378867	0.000751797074876	0.0130880038813	-0.651366180885	0.0879572090876	3.74854435823e-11	5.8036512398e-05	0.0
-4.90543811617e-06	-0.00579981005117	0.000486042931345	-0.00390236380633	-0.698846948599	0.05370250776	3.74854435823e-11	5.8036512398e-05	0.0
0.000417452129551	-0.00159698858154	-0.00171185010516	0.046760657575	-0.189959290512	-0.204034651803	3.74854435823e-11	5.8036512398e-05	0.0
-0.00034598682671	-0.00505773470538	-0.00115379314239	-0.0448240493686	-0.608406780354	-0.137673192237	3.74854435823e-11	5.8036512398e-05	0.0
6.65087674426e-05	-0.00541781616073	9.47446352122e-05	0.00357877239976	-0.65563502051	0.0107498110352	3.73776219908e-11	5.7869578555e-05	0.0
0.000250854310662	-0.00374311640232	0.000104198484558	0.0267433059935	-0.450198839501	0.0122942508687	3.73776219908e-11	5.7869578555e-05	0.0
-0.0007281952844	-0.00595055123248	0.00139702864701	-0.0909031079426	-0.715281210549	0.166369533603	3.73776219908e-11	5.7869578555e-05	0.0
5.70360260622e-05	-0.00586011864506	-0.000442623512789	0.00310710374983	-0.705664689003	-0.0477276999673	3.73776219908e-11	5.7869578555e-05	0.0
-1.24998806557e-05	-0.00484828504996	0.000487250429354	-0.00505123733873	-0.584264234209	0.0574362500711	3.73234346005e-11	5.7785683399e-05	0.0
2.48635176597e-05	-0.00431070321217	0.00101788922735	-0.000451073026776	-0.518416680776	0.120988684577	3.73234346005e-11	5.7785683399e-05	0.0
7.76046979056e-05	-0.0056818516346	-9.07764033636e-05	0.00367810935479	-0.689371068087	-0.00826318715373	3.73234346005e-11	5.7785683399e-05	0.0
0.000829443283847	-0.00292446279117	-0.00141476180764	0.096435459501	-0.350942021067	-0.169203669456	3.73234346005e-11	5.7785683399e-05	0.0
-0.000328144767043	-0.00669993989894	-0.000163786849568	-0.0419999532808	-0.802947458101	-0.0190744791585	3.73234346005e-11	5.7785683399e-05	0.0
7.1625366764e-05	-0.00547115425347	1.97492364662e-05	0.003946617263	-0.662426466564	0.00244105524223	3.72690611375e-11	5.7701500157e-05	0.0
2.66156987079e-05	-0.00469076688128	-6.41799722274e-05	-0.000459584000576	-0.565409521297	-0.00761445940951	3.72690611375e-11	5.7701500157e-05	0.0
1.81538597708e-05	-0.00408028579574	-1.26983175657e-05	-0.00121546809971	-0.491154252066	-0.00135383911034	3.72690611375e-11	5.7701500157e-05	0.0
0.00047412982207	-0.00321299114935	-0.000125921195388	0.0536427538955	-0.385995389987	-0.0149811380215	3.72690611375e-11	5.7701500157e-05	0.0
0.000214257440377	-0.000549682182214	0.000803983464385	0.0212137370737	-0.0600818230499	0.0926004374386	3.72690611375e-11	5.7701500157e-05	0.0
0.000118042810416	-0.00623812180136	0.000348993588351	0.00959664108781	-0.746138289911	0.0366721795522	5.01096622026e-11	7.7581849212e-05	25.6250002509
8.32023968039e-05	-0.00567224520375	-0.00032205948666	0.005296804247	-0.685393309507	-0.0344245783626	3.72690611375e-11	5.7701500157e-05	0.0
0.000129736076524	-0.00551351453126	-0.000596688429503	0.0115782591412	-0.664491049545	-0.0688068260608	3.72690611375e-11	5.7701500157e-05	0.0
0.0002714895832	-0.00546121644511	-0.00115580697948	0.0288952535351	-0.657024740454	-0.136859449195	3.72690611375e-11	5.7701500157e-05	0.0
1.75766484416e-05	-0.00670629498004	-0.000591256637057	-0.00153333252103	-0.803836090347	-0.0691640713732	3.72690611375e-11	5.7701500157e-05	0.0
3.87253751968e-05	-0.00507206156551	0.000686543148772	0.000986942935914	-0.611016908595	0.0806856376313	3.71597358773e-11	5.7532238273e-05	0.0
5.09232439042e-06	-0.00588788803369	0.000530868087369	-0.00288188591368	-0.70848664852	0.0589013573412	3.71597358773e-11	5.7532238273e-05	0.0
5.98924908234e-05	-0.00565010405492	0.000132357243886	0.00198476260196	-0.684522301626	0.0121502768327	3.71597358773e-11	5.7532238273e-05	0.0
1.25338130284e-05	-0.00526812014738	0.000269087470314	-0.0022237595508	-0.636316972403	0.0306349191798	3.71597358773e-11	5.7532238273e-05	0.0
0.000106916572978	-0.0043478596945	0.000620545449	0.00934905730624	-0.523237046485	0.0735637851222	3.71597358773e-11	5.7532238273e-05	0.0
0.000109999826923	-0.00443418621078	0.00091209034889	0.00973898181157	-0.533566602529	0.10841596846	3.71597358773e-11	5.7532238273e-05	0.0
0.000276293726399	-0.00493748031622	0.0012360042402	0.0295934929709	-0.593948473746	0.14692986309	3.71597358773e-11	5.7532238273e-05	0.0
0.000163172110825	-0.0060227396508	0.000588092166482	0.0153493732084	-0.72371021678	0.0662073817425	3.71597358773e-11	5.7532238273e-05	0.0
5.51368508676e-05	-0.00548554780165	0.000120234449259	0.00218559061351	-0.664149774089	0.0130411526616	3.71597358773e-11	5.7532238273e-05	0.0
0.000185306908336	-0.00405968541797	0.00040414486098	0.018802585248	-0.488590608993	0.0480066990471	3.71597358773e-11	5.7532238273e-05	0.0
0.00022157562617	-0.0014121418172	0.00174834327224	0.023055756367	-0.167816741182	0.207616520581	3.71597358773e-11	5.7532238273e-05	0.0
7.9248269521e-05	-0.00543779626063	-9.20980858854e-05	0.00504890721175	-0.657918487643	-0.00986201686255	3.71597358773e-11	5.7532238273e-05	0.0
0.00045706467923	-0.00309541970713	-0.000188725428704	0.0516226460622	-0.371571655851	-0.0219781620705	3.71597358773e-11	5.7532238273e-05	0.0
-0.000202007812508	-0.00612192470825	0.000341549280882	-0.0247642678598	-0.733996930323	0.0366932913366	3.71597358773e-11	5.7532238273e-05	0.0
1.0405113115e-05	-0.00504366640166	-0.000376615928117	-0.00235007433822	-0.608257554476	-0.0439964618776	3.71597358773e-11	5.7532238273e-05	0.0
0.00011304503409	-0.0048390270367	-0.00047200820224	0.0100425241408	-0.583208621893	-0.0555478881437	3.71597358773e-11	5.7532238273e-05	0.0
0.00135041286988	-0.001398579711	-0.000650370983796	0.158434101845	-0.166301771165	-0.0769896855057	3.71597358773e-11	5.7532238273e-05	0.0
0.000164703194843	-0.00152119874685	-0.00099449559398	0.016319023576	-0.179773842221	-0.117886175053	3.71597358773e-11	5.7532238273e-05	0.0
0.000100149315521	-0.00566482913677	-0.000153688587033	0.0064296636897	-0.686399684712	-0.015170574136	3.71597358773e-11	5.7532238273e-05	0.0
0.000674669563596	-0.00410511312959	-0.00113720878194	0.0777487445779	-0.493763691927	-0.135644561593	3.71597358773e-11	5.7532238273e-05	0.0
-0.000804012081169	-0.0067352437644	3.38075755172e-05	-0.0993971193918	-0.807711320366	0.0043295567265	3.71597358773e-11	5.7532238273e-05	0.0
0.000147320562471	-0.00569495508388	0.000103383887388	0.0107682846297	-0.690524301236	0.00983118894402	2.52457517589e-11	3.9086515856e-05	100.0
0.000799480048482	0.000164364196368	-0.00031935175586	0.0847527856524	0.0236750959118	-0.0339002478729	1.45588970414e-11	2.2540685874e-05	100.0
0.000859738239109	-0.000251557233227	-0.000223803497846	0.0952299098682	-0.0252250629147	-0.0252973275291	1.45116697763e-11	2.2467566671e-05	100.0
0.000350348912466	-0.000237184269589	-0.00044664231515	0.0353633162699	-0.0198491547839	-0.0484123521077	1.44331973829e-11	2.234607247e-05	100.0
0.000655747163211	-0.000882637371857	0.000705620386748	0.0744553369311	-0.102150321341	0.0826137257294	1.42771024959e-11	2.2104399917e-05	100.0
0.000418987865333	0.000230627794958	-0.000565261072396	0.0402277671934	0.034928818525	-0.0578358691054	1.42771024959e-11	2.2104399917e-05	100.0
0.000270883473303	-8.96131773953e-05	-0.000466465010742	0.025133913125	-0.00122608228297	-0.0484305778796	1.41839454455e-11	2.1960170323e-05	100.0
0.000739851066209	-0.000159018655397	0.000479592298308	0.081277388276	-0.0127393579472	0.0542298128351	1.41220385523e-11	2.1864323513e-05	100.0
0.000496860161887	-0.000195016562278	5.50205065191e-05	0.0504626664558	-0.013858792452	0.00583416210989	1.41220385523e-11	2.1864323513e-05	100.0
0.00038886733948	9.02948008003e-05	0.000203114397737	0.0340552009235	0.0235577070414	0.0182364414475	1.41065844594e-11	2.1840396848e-05	100.0
0.00108470473277	-0.000774361305933	0.000636967961109	0.12539968809	-0.089753846581	0.0747731458646	1.39371627432e-11	2.1578091148e-05	100.0
0.000561994939023	-9.95274913094e-05	-6.93425692389e-05	0.0574145884682	-0.00223032639049	-0.00702277190917	1.39371627432e-11	2.1578091148e-05	100.0
0.000556061609151	-0.000562142978002	-2.12840886217e-05	0.0610134061509	-0.0603535361572	-0.00148869391235	1.39371627432e-11	2.1578091148e-05	100.0
0.000374485125984	0.000156605301241	0.000131160056124	0.0296178420233	0.0331878445162	0.0114725671965	1.38911273492e-11	2.1506817249e-05	100.0
0.000280571212682	-0.000233477362583	-0.000212790059886	0.0269513884788	-0.016237498653	-0.0228434616829	1.38911273492e-11	2.1506817249e-05	100.0
0.000616444333335	0.000243732056335	0.000376225802544	0.0613995375531	0.0353958635458	0.0381287637456	1.38145508859e-11	2.1388258405e-05	100.0
4.62210225369e-05	-9.79305948704e-05	7.83910534898e-05	1.33225633104e-05	0.00541545113448	0.00770178597478	1.38145508859e-11	2.1388258405e-05	100.0
0.00100215194928	-0.000529252135311	-0.000180167446842	0.114452176086	-0.0594110868588	-0.0200285900705	1.38145508859e-11	2.1388258405e-05	100.0
0.000173938395174	8.36071862285e-07	-0.00027982747473	0.0126010341767	0.0152722283266	-0.0264312532449	1.38145508859e-11	2.1388258405e-05	100.0
0.000517096445605	-0.000598334483146	0.000413761650646	0.0564636604773	-0.0654215531917	0.048566885926	1.37992526918e-11	2.1364573109e-05	100.0
-0.000131275921008	-3.49009318807e-05	-0.000146604189273	-0.0185820413255	0.0140757535333	-0.0125396612859	1.37992526918e-11	2.1364573109e-05	100.0
0.000175996411552	-0.000145731883034	0.000161080986121	0.014285887364	-0.00320286192031	0.0162484546443	1.37381454083e-11	2.1269964288e-05	100.0
0.000673438049142	1.37620437087e-05	-0.000335765771765	0.0704521919744	0.00755866380596	-0.0351664095557	1.37228824171e-11	2.1246333494e-05	100.0
0.000699917865208	-0.000449486057852	0.000643739352735	0.0779722021333	-0.0493280380043	0.0740394939569	1.36618958295e-11	2.115191154e-05	100.0
-4.30433062534e-05	-0.000137524222983	-0.00010087731486	-0.00914365587984	-5.85959113083e-05	-0.0102618386574	1.36618958295e-11	2.115191154e-05	100.0
0.000606473466831	-0.000135107499575	-0.000237290723824	0.0638714057653	-0.00772784411861	-0.0254704452257	1.36314352241e-11	2.1104751172e-05	100.0
0.000215874531515	-0.000590152711412	-0.000788687153687	0.0218581575009	-0.0649195205764	-0.0912990703902	1.36314352241e-11	2.1104751172e-05	100.0
-6.10473343061e-05	0.000166463688711	0.000461616764135	-0.0116559214499	0.0330409892825	0.0408396943373	1.35705844192e-11	2.1010539442e-05	100.0
0.000235888381819	-2.57622922249e-05	0.000547138478469	0.0214388782002	0.00643399213158	0.0570551114732	1.35705844192e-11	2.1010539442e-05	100.0
0.000733003551367	-0.000106226042548	0.000397439607902	0.0792659220547	-0.00692143239729	0.0443560982502	1.35705844192e-11	2.1010539442e-05	100.0
-0.000104392911463	-0.000396133503209	-0.000276086789743	-0.015855618081	-0.0366369972976	-0.0304294188383	1.35705844192e-11	2.1010539442e-05	100.0
0.0013454027842	-0.00149379085307	-8.3382880937e-05	0.157615645832	-0.177959297063	-0.0102995936504	1.35705844192e-11	2.1010539442e-05	100.0
0.000331045886925	-0.00123744468751	-1.92528092347e-05	0.0360078722922	-0.144021283234	-0.00219896757996	1.35705844192e-11	2.1010539442e-05	100.0
5.75533140352e-05	-0.000777196749232	-0.000342173484231	0.00316006904971	-0.0863522706405	-0.0389992327329	1.35705844192e-11	2.1010539442e-05	100.0
0.000826106296177	0.000653989578429	-0.000556169947919	0.0883997531455	0.0785410685819	-0.0602416771432	1.35705844192e-11	2.1010539442e-05	100.0
0.000450356939372	-0.00038724416881	-0.000761789007135	0.0485301794458	-0.0416966345926	-0.0864168546416	1.35705844192e-11	2.1010539442e-05	100.0
0.00226648181323	-0.000265777379143	-0.000689335429358	0.267960144389	-0.0316347174238	-0.0821268560743	1.35098191072e-11	2.0916460076e-05	100.0
0.000183194761414	-0.000173214028286	0.000498623201426	0.0162636834183	-0.0109899677208	0.0530289721976	1.34794590816e-11	2.086945543e-05	100.0
-0.000100728870401	7.42580012604e-05	0.000222413894859	-0.0150386264779	0.0287172900231	0.017622841473	1.34794590816e-11	2.086945543e-05	100.0
0.00040686754736	0.000196106910805	0.000654586062708	0.0395260390681	0.0291122656943	0.0690505401298	1.34794590816e-11	2.086945543e-05	100.0
0.000370035627305	8.55586874072e-05	-0.000899358695551	0.0375658764316	0.0136247347367	-0.0997332956341	1.34794590816e-11	2.086945543e-05	100.0
0.000531040781351	-0.00025324895514	0.000696776450041	0.0570325640575	-0.0253019484983	0.0783731259912	1.3449124201e-11	2.0822489714e-05	100.0
-0.000229588307436	-0.00206999316836	0.000965976869215	-0.0307272190418	-0.246209399867	0.115727073375	1.3449124201e-11	2.0822489714e-05	100.0
-1.98501348382e-05	-0.000604619700613	-1.29103623913e-05	-0.0058765213695	-0.0633274116304	-0.00162442513675	1.3449124201e-11	2.0822489714e-05	100.0
0.000417431690824	-0.000432018860767	0.00108784968441	0.0451886510494	-0.0481654534712	0.125949180645	1.34187993784e-11	2.0775539571e-05	100.0
0.000327203073433	-0.000650685226264	0.000349752015281	0.034860442514	-0.0707574953893	0.0403831698701	1.34187993784e-11	2.0775539571e-05	100.0
0.000649609743984	0.000595533948031	-3.11729166015e-05	0.0583899077024	0.0697446684023	-0.00341528580372	1.34187993784e-11	2.0775539571e-05	100.0
0.000329652516712	-0.00325076455617	-0.00171325891519	0.0362531839445	-0.390107759158	-0.204686673269	1.34187993784e-11	2.0775539571e-05	100.0
-0.00022950741708	-0.00179002049319	-0.00154355562121	-0.0306833665111	-0.21298783474	-0.183901128215	1.34187993784e-11	2.0775539571e-05	100.0
0.000451590207881	-0.000302746917975	0.00114580693721	0.0491461440683	-0.0332446156807	0.132307096463	1.34036470251e-11	2.0752080072e-05	100.0
6.96463151999e-06	-0.00047323500541	0.000234411362207	-0.00297943349519	-0.0468046059934	0.0255565591406	1.34036470251e-11	2.0752080072e-05	100.0
0.000427477458655	-0.0010292012296	0.000645530995108	0.0473713646133	-0.119062327329	0.0753752935614	1.34036470251e-11	2.0752080072e-05	100.0
-0.000541538279308	-0.00252228893222	0.000391593496284	-0.0683738273121	-0.301146149181	0.0469245651244	1.34036470251e-11	2.0752080072e-05	100.0
0.000702524102838	0.000225681409542	-0.000866242893656	0.0767674248937	0.0298255004799	-0.097211345289	1.33884946718e-11	2.0728620572e-05	100.0
0.000215608091814	-0.000247949682669	-0.000768467503061	0.0209595072507	-0.0234682070624	-0.0857051282909	1.33884946718e-11	2.0728620572e-05	100.0
0.000447125063586	-0.00126516900705	-0.000485614719421	0.0499903372878	-0.147732596196	-0.0574016472095	1.33582050521e-11	2.0681724932e-05	100.0
-3.75084114275e-05	-0.00096861818562	-0.000737819028597	-0.00779329910692	-0.111373820589	-0.086207104987	1.33582050521e-11	2.0681724932e-05	100.0
0.0013746218581	-0.000252120906932	-0.000178945108054	0.158348544943	-0.0278268816252	-0.0195585305582	1.33582050521e-11	2.0681724932e-05	100.0
0.000132220904064	0.000405274553931	-0.000695422610383	0.00855861748986	0.0530575340967	-0.0681845408296	1.33430627568e-11	2.0658281005e-05	100.0
0.000672266881403	-0.00285503419415	-0.00295145195646	0.0774750448236	-0.342498352713	-0.353892323873	1.33279254905e-11	2.0634844864e-05	100.0
-0.000319300561636	-0.000925149674607	-0.00097844070036	-0.0412355769283	-0.106481226911	-0.114594010881	1.33279254905e-11	2.0634844864e-05	100.0
-0.000237865224829	-0.000462007545279	-0.000521094301906	-0.0311221257276	-0.0472152867339	-0.0580327033523	1.33279254905e-11	2.0634844864e-05	100.0
-9.34227190107e-05	0.000101682516227	0.000375665972357	-0.0143592822786	0.0284160105023	0.0333269772643	1.32976610158e-11	2.0587988154e-05	100.0
0.00142010743085	-0.00168151777798	0.00121475971984	0.167367151783	-0.200821476616	0.144941602714	1.32976610158e-11	2.0587988154e-05	100.0
2.17279337533e-05	-0.000914890681462	-0.00022095944883	-0.000681422295535	-0.103251134677	-0.025838894679	1.32976610158e-11	2.0587988154e-05	100.0
0.000938365282294	-0.00037231991782	0.000479123633843	0.105960006897	-0.0408084010588	0.0547115842702	1.32976610158e-11	2.0587988154e-05	100.0
-0.000163312648888	-0.00172532444628	-0.000215409637552	-0.0228265174762	-0.203914109254	-0.02535378417	1.32976610158e-11	2.0587988154e-05	100.0
-0.000389673587333	-0.00237107740338	-0.000583768066085	-0.0499357865824	-0.282716114893	-0.0698759398483	1.32976610158e-11	2.0587988154e-05	100.0
0.000398066463883	-0.000594852020985	-0.00141521312081	0.0436639657163	-0.0693450460409	-0.165863074513	1.32976610158e-11	2.0587988154e-05	100.0
0.00019233006015	0.000241642641475	-0.000927550325955	0.0172987111491	0.0332915928793	-0.101256821817	1.32976610158e-11	2.0587988154e-05	100.0
0.000171918303099	-0.00108931256032	0.000964398315998	0.0169925550227	-0.126704746177	0.113142816784	1.3267411628e-11	2.0541154802e-05	100.0
0.000409196815413	-0.00206584647418	0.00153688804756	0.0461603021544	-0.246492669946	0.18368323223	1.3267411628e-11	2.0541154802e-05	100.0
-0.000894461946309	-0.00532629421022	0.000990816414408	-0.110866670546	-0.640798921428	0.118155805367	1.3267411628e-11	2.0541154802e-05	100.0
-7.36995839875e-05	-0.00354471597743	-0.000117720541272	-0.0118525588508	-0.425674091476	-0.0143578320551	1.3267411628e-11	2.0541154802e-05	100.0
0.000497519583252	0.000368552384275	-0.000438053093573	0.0446810318951	0.0490572452295	-0.044140583086	1.3267411628e-11	2.0541154802e-05	100.0
-0.00012262520919	-0.00568060215719	-0.000231100386825	-0.0159061505372	-0.686381959963	-0.0257080855472	1.32522894487e-11	2.0517742019e-05	100.0
0.000974041664151	-0.000922510932704	0.000386796016569	0.112368744437	-0.107051334005	0.0458006838642	1.32522894487e-11	2.0517742019e-05	100.0
0.000122326720918	-0.00136265757986	-0.00060204338147	0.0114560935818	-0.159808453795	-0.0709875450545	1.32522894487e-11	2.0517742019e-05	100.0
-0.00034594471216	-0.00596759419758	0.000270304622304	-0.0417018379531	-0.718554739713	0.0291779391117	1.32371722983e-11	2.0494337022e-05	100.0
-0.000693186654561	-0.00487906530624	0.000349731919667	-0.0864342266361	-0.587190058594	0.0412550239707	1.32371722983e-11	2.0494337022e-05	100.0
0.000700316117601	-0.000927804373823	-0.00194675167499	0.0805560858297	-0.109534481044	-0.231474423499	1.32220551479e-11	2.0470932025e-05	100.0
0.00109466181774	-0.000485852653109	0.00173545227887	0.127423845078	-0.0571017655171	0.205479339049	1.32069379976e-11	2.0447527029e-05	100.0
-7.38212306988e-05	-0.000310051755656	0.000308118517538	-0.012235327208	-0.0257340555438	0.0324542328847	1.32069379976e-11	2.0447527029e-05	100.0
-0.000873715812587	-0.00645404734902	0.000216536047595	-0.107688165716	-0.776056104181	0.0257145681863	1.32069379976e-11	2.0447527029e-05	100.0
-0.000539203147014	-0.00421997466672	-0.000157838258663	-0.0681232536909	-0.507315977974	-0.0190077270459	1.32069379976e-11	2.0447527029e-05	100.0
-0.000183216764475	-0.00240047598599	-6.93550192356e-05	-0.0252657972912	-0.286384054208	-0.00822928382285	1.32069379976e-11	2.0447527029e-05	100.0
-0.000891794195905	-0.00335138460022	-0.000629983508382	-0.110562628935	-0.402083593844	-0.0754722123953	1.32069379976e-11	2.0447527029e-05	100.0
0.000600638812762	-0.00151744215615	0.00151296984811	0.0687838257122	-0.180334937081	0.179909194025	1.31767187838e-11	2.0400740393e-05	100.0
-0.000574439196533	-0.00187624079278	0.000898413553155	-0.072231298851	-0.222820741158	0.106580281654	1.31767187838e-11	2.0400740393e-05	100.0
0.000239120902454	-0.000846002314858	-0.00145124863619	0.0249587810173	-0.098871762677	-0.171057803593	1.31767187838e-11	2.0400740393e-05	100.0
0.000792184096307	-0.00203321429287	-0.00239861173913	0.0921160331676	-0.243511864293	-0.28692280213	1.31767187838e-11	2.0400740393e-05	100.0
0.00127121886562	0.000435247912302	0.000196426860299	0.143570095002	0.052126190371	0.0218301734771	1.31616116914e-11	2.0377350969e-05	100.0
0.00152325896621	-0.000939238522397	0.000850403870087	0.178738014939	-0.111188163365	0.100940995277	1.31616116914e-11	2.0377350969e-05	100.0
-0.000148327939202	-0.000932109640782	-0.00036028797345	-0.0208642853148	-0.105685122728	-0.0418365286518	1.31616116914e-11	2.0377350969e-05	100.0
0.000922577644215	-0.000238600076558	-0.00120367832274	0.105547912143	-0.0267952949836	-0.140204507084	1.31616116914e-11	2.0377350969e-05	100.0
0.000354476499805	-0.000259853438549	-0.000921393125952	0.0374165990863	-0.0265950725619	-0.104413916781	1.31616116914e-11	2.0377350969e-05	100.0
-0.000812539498331	-0.00588789227506	0.0011351355041	-0.101006825567	-0.708112546992	0.13531415124	1.3146504599e-11	2.0353961544e-05	100.0
-0.000846582587622	-0.00400134031694	0.0009533542941	-0.105458229184	-0.480822321708	0.114543067609	1.3146504599e-11	2.0353961544e-05	100.0
0.000458231743121	-0.00115563301851	-0.000875981068493	0.0511481882738	-0.135552490169	-0.102873187882	1.3146504599e-11	2.0353961544e-05	100.0
0.000191011690897	-0.00229804465205	-0.000619934820683	0.0198223085855	-0.274138339157	-0.0729392548665	1.3146504599e-11	2.0353961544e-05	100.0
0.000224086702398	-0.000144701701439	-0.000450681000428	0.0204604940372	-0.0072822844385	-0.0468097975866	1.31163004722e-11	2.0307198267e-05	100.0
0.000384356409285	-0.000115653329884	0.000869190733742	0.0405305487511	-0.00861507052772	0.0977277812055	1.3071009369e-11	2.023707671e-05	100.0
-0.00120876381939	-0.00567694726981	0.000358727590613	-0.148450934927	-0.683421065859	0.0429728059122	1.3071009369e-11	2.023707671e-05	100.0
-0.000621075714021	-0.00325877884751	-0.000289953283419	-0.0779119555821	-0.390539650042	-0.0348582659548	1.3071009369e-11	2.023707671e-05	100.0
0.000566579224947	0.000423879114751	-0.000361620821378	0.0520640687795	0.0540265247722	-0.0347438072716	1.3071009369e-11	2.023707671e-05	100.0
0.000717027385136	0.000239460847112	0.000917571957326	0.0783556090588	0.0298988883384	0.103451035456	1.30559123346e-11	2.0213702858e-05	100.0
-0.000329556800617	-6.87265786732e-05	0.0001227941012	-0.0384765297331	0.00820109411903	0.0122800050693	1.30559123346e-11	2.0213702858e-05	100.0
-0.00116609205862	-0.00510950320217	0.00169925975176	-0.143924700979	-0.614552060773	0.203696457976	1.30408153002e-11	2.0190329006e-05	100.0
-0.000861173340885	-0.00252271109551	-0.000579603503996	-0.106774657893	-0.301154634373	-0.0697856982921	1.30408153002e-11	2.0190329006e-05	100.0
0.00140809299962	0.000494503724838	-0.00034484693338	0.161078511251	0.0588606549624	-0.039342182144	1.30408153002e-11	2.0190329006e-05	100.0
0.000356290702753	-0.000250234125512	-0.000523791869532	0.0359660614044	-0.0224280239939	-0.0568720142551	1.30408153002e-11	2.0190329006e-05	100.0
-5.48765821197e-05	-0.00149567473957	-0.00201294398731	-0.00984673252064	-0.177882427406	-0.239928165127	1.30408153002e-11	2.0190329006e-05	100.0
5.28796428464e-06	0.000529868674601	-0.000864994428694	-0.00456325059236	0.0638764269556	-0.0900664895038	1.30408153002e-11	2.0190329006e-05	100.0
-0.00023654561592	0.000482071085394	-0.000565732100992	-0.028197185252	0.0626198519673	-0.0480289936146	1.30408153002e-11	2.0190329006e-05	100.0
0.000123166304806	9.14053920956e-05	0.00086019258595	0.00963818465055	0.0166696080775	0.0935821553116	1.30257232948e-11	2.0166962939e-05	100.0
-2.99373397886e-05	-0.000105353176354	0.000677157201075	-0.0076168962042	-0.00420829172075	0.0727505176512	1.30257232948e-11	2.0166962939e-05	100.0
-8.18243557059e-05	0.00046375844395	0.000801712113072	-0.0138042175721	0.0585120541124	0.0814289787552	1.30257232948e-11	2.0166962939e-05	100.0
-0.000158417452609	-0.000193657780752	0.000386628495956	-0.0217247382633	-0.0112045728943	0.0400722773546	1.30257232948e-11	2.0166962939e-05	100.0
-4.93657757603e-05	-0.00142510589016	0.000583680320953	-0.00926423700385	-0.167088486241	0.0697199550164	1.30257232948e-11	2.0166962939e-05	100.0
-0.00111149276599	-0.00283646544142	-0.0011925370042	-0.137023016039	-0.339326476997	-0.143060678805	1.30257232948e-11	2.0166962939e-05	100.0
0.00113380612857	-0.000303319177477	0.000733308092199	0.129806950056	-0.0339040185707	0.0858175602377	1.30257232948e-11	2.0166962939e-05	100.0
-0.000354432332839	-0.000509106490177	-0.000359849996922	-0.0443809529716	-0.0519938125243	-0.0402673092534	1.30257232948e-11	2.0166962939e-05	100.0
0.000431002708436	0.000381829071916	-0.000628427329875	0.0404194731322	0.0482213316485	-0.0642255366778	1.30257232948e-11	2.0166962939e-05	100.0
-0.000105632227812	-0.000887212365383	0.000294093512783	-0.015692092732	-0.0997143837985	0.0343996820544	1.30106312894e-11	2.0143596873e-05	100.0
0.000621077061005	0.000139735456776	0.00151734153439	0.0697057435243	0.0178395475387	0.176982706941	1.2995539284e-11	2.0120230807e-05	100.0
4.4214230455e-05	-0.000452558935466	0.000762401025404	0.000971301103401	-0.0478536169208	0.0863829018399	1.2995539284e-11	2.0120230807e-05	100.0
-0.000667779697308	-0.00263913889979	0.000663528063799	-0.0834314372511	-0.315406632083	0.0789778187642	1.2995539284e-11	2.0120230807e-05	100.0
-9.28711410529e-05	-0.00069944954905	0.000296271231707	-0.0141899510433	-0.0758934894335	0.0336787112218	1.2995539284e-11	2.0120230807e-05	100.0
0.00211876643215	0.000861941920675	0.000476921932245	0.249588868913	0.102818195736	0.0553013627782	1.2995539284e-11	2.0120230807e-05	100.0
0.00168164618442	-0.00102996916286	0.00111106584413	0.198178771927	-0.122869047438	0.131509661561	1.2995539284e-11	2.0120230807e-05	100.0
-0.000173921422018	-0.00111804337613	7.02522228146e-05	-0.0237445122628	-0.128472140304	0.00841809322234	1.2995539284e-11	2.0120230807e-05	100.0
-0.000375518218295	-0.000254574655988	-1.87637809587e-05	-0.0452592595655	-0.0173681857409	-0.00206387609408	1.2995539284e-11	2.0120230807e-05	100.0
0.000973045281319	0.000371186551153	-4.83093764629e-05	0.104362684555	0.0442765153635	-0.00630455224584	1.2995539284e-11	2.0120230807e-05	100.0
0.000353887835564	-0.00174025968325	-0.000848688666663	0.0388058216095	-0.207096672506	-0.100860131732	1.2995539284e-11	2.0120230807e-05	100.0
-0.000135852928427	-0.00119684577482	-0.000630584446307	-0.0193809685493	-0.139083621644	-0.0737146937411	1.2995539284e-11	2.0120230807e-05	100.0
-0.000828210271846	-0.0056220840914	0.00209741128929	-0.103223130707	-0.676074168135	0.251251394348	1.29653603021e-11	2.007350646e-05	100.0
-0.000393456098216	-0.00394304401145	-7.8413548957e-05	-0.0506747964407	-0.473859821135	-0.010111217925	1.29653603021e-11	2.007350646e-05	100.0
2.71635330629e-05	-0.0026581106112	0.00183382992075	2.14979204554e-06	-0.318392236528	0.219106792913	1.29351813203e-11	2.0026782114e-05	100.0
0.00160864941536	-0.000166061556456	1.83354729346e-06	0.186778933532	-0.01951557963	-0.000804391044096	1.29351813203e-11	2.0026782114e-05	100.0
-0.000418363414674	-0.0055732390814	-0.000116485437583	-0.0518233986206	-0.671798626102	-0.012953512178	1.29351813203e-11	2.0026782114e-05	100.0
-0.0003070094718	-0.00585351705945	-0.00117075027653	-0.0402038772081	-0.70418536693	-0.139827074391	1.29351813203e-11	2.0026782114e-05	100.0
0.000584916843211	0.000427345197187	-0.00125517189925	0.0641743227295	0.0520709522154	-0.144140255044	1.29351813203e-11	2.0026782114e-05	100.0
-9.20960943798e-05	-0.000190943199748	-0.000977375506522	-0.0146278325206	-0.0176982023351	-0.110164352823	1.29351813203e-11	2.0026782114e-05	100.0
0.00148249745997	0.000731372582966	-0.000317241767479	0.170329638784	0.0857901993578	-0.0371102936156	1.29050023385e-11	1.9980057767e-05	100.0
0.00131946156758	0.00018381104395	-0.000629683632121	0.151195780585	0.0234333013934	-0.0726257769772	1.29050023385e-11	1.9980057767e-05	100.0
5.524337521e-05	-0.000295084300829	-0.00061272964446	0.00250982610392	-0.0269342861357	-0.0674749375261	1.29050023385e-11	1.9980057767e-05	100.0
-5.18064919804e-05	0.000303697604614	0.000552026188619	-0.0106452444767	0.0453846185832	0.0484036988458	1.28899103331e-11	1.9956691701e-05	100.0
-9.53117603832e-05	1.4535531964e-05	0.000573755216631	-0.0147361574712	0.0127007608938	0.0587191923102	1.28899103331e-11	1.9956691701e-05	100.0
0.000795310331245	-0.00231741828515	0.0022582996439	0.0924477199013	-0.277430115285	0.270176363586	1.28899103331e-11	1.9956691701e-05	100.0
-0.000194673297278	-0.0027376476182	0.00167796781208	-0.0265992607923	-0.327763165849	0.200696916511	1.28899103331e-11	1.9956691701e-05	100.0
0.00115262981494	0.000420070049226	0.000731254157951	0.130598871426	0.0505329652446	0.0836417871065	1.28899103331e-11	1.9956691701e-05	100.0
-0.000409289251628	-0.000658790288103	-0.000124506572245	-0.0509213215611	-0.070567123261	-0.0139059977158	1.28899103331e-11	1.9956691701e-05	100.0
0.00108831248906	0.000983743437733	-2.34385259723e-06	0.120628615022	0.11367374216	0.000111608222661	1.28899103331e-11	1.9956691701e-05	100.0
0.00123161556009	-0.000736547177673	-0.000509679271043	0.143121013371	-0.0854047062885	-0.0590292469316	1.28748233567e-11	1.9933333421e-05	100.0
7.22119916176e-05	-0.00285021124502	-0.0018762992533	0.00564484314354	-0.341620127953	-0.224677761142	1.28748233567e-11	1.9933333421e-05	100.0
-0.00112702353744	-0.00454904261134	-0.00289206636121	-0.139256669515	-0.546465728953	-0.347308941301	1.28597313512e-11	1.9909967355e-05	100.0
0.000636690752905	-0.000492992482352	0.00208725328261	0.0725421248517	-0.0584006734562	0.247308751654	1.28446443748e-11	1.9886609074e-05	100.0
-0.000244653067826	-0.000721798369621	0.000593797937272	-0.0320259908042	-0.0797483933452	0.0685745588303	1.28446443748e-11	1.9886609074e-05	100.0
0.00134233719397	-0.000936468693134	0.00108005284409	0.157096531551	-0.110862032263	0.128011214417	1.28446443748e-11	1.9886609074e-05	100.0
0.000974685646712	-0.00118123173855	0.00117659850442	0.113647322566	-0.139341542777	0.140559995664	1.28446443748e-11	1.9886609074e-05	100.0
-0.00146694906026	-0.00384172444742	9.28801242222e-05	-0.179910232578	-0.461164906164	0.0115272716413	1.28446443748e-11	1.9886609074e-05	100.0
-0.000472777254015	-0.0016865983166	-9.26873569531e-05	-0.0596336111729	-0.199014650401	-0.0107722670065	1.28446443748e-11	1.9886609074e-05	100.0
0.0016387084327	-0.00126699212257	0.000100441528216	0.193137918451	-0.150142746706	0.0114298962404	1.28446443748e-11	1.9886609074e-05	100.0
-0.000293496273487	-0.00405390665096	-0.00155367770646	-0.0385890632214	-0.4871654091	-0.186524026251	1.28446443748e-11	1.9886609074e-05	100.0
-0.00121382184225	-0.00511314444491	-9.28159756822e-06	-0.148978631453	-0.614922074591	-0.000296366747018	1.28446443748e-11	1.9886609074e-05	100.0
-0.000574290927665	-0.00177614011441	-0.000613841593502	-0.072009189811	-0.210355848406	-0.0725390842518	1.28446443748e-11	1.9886609074e-05	100.0
0.00048782968691	-0.00401988093979	-0.000200676113728	0.0552511866074	-0.483870288856	-0.0243542039914	1.28406010651e-11	1.9880349055e-05	100.0
0.000578652053789	0.000136102863709	0.000231237261908	0.0558920088957	0.0237690180972	0.0228164035832	1.28406010651e-11	1.9880349055e-05	100.0
0.00017615840482	-0.00573015282329	-0.000443775513324	0.0162673351322	-0.690966363085	-0.0490725609333	1.28406010651e-11	1.9880349055e-05	100.0
-0.000163465178185	-0.00642360973671	-0.00137961609209	-0.0232839833745	-0.771626561758	-0.163783576984	1.28406010651e-11	1.9880349055e-05	100.0
0.00132618918045	0.000176636992026	-2.62346246964e-05	0.151014718214	0.0229546734842	-0.00239168518142	1.28295523694e-11	1.9863243008e-05	100.0
-0.000627916358271	-0.00048059114449	-0.000605654903135	-0.0767219257701	-0.0505635633947	-0.0687716758892	1.28295523694e-11	1.9863243008e-05	100.0
0.000111558651476	-0.0056695357055	0.000248409517021	0.00802014872356	-0.685812337948	0.025729314651	1.28231454334e-11	1.9853323525e-05	100.0
0.000160764734046	-0.00438085079489	0.00152093803766	0.0157447382992	-0.526862513579	0.181466516845	1.28231454334e-11	1.9853323525e-05	100.0
0.000602830834089	-0.00413630925036	0.000228664866331	0.069124400581	-0.497948376269	0.0270261625368	1.28231454334e-11	1.9853323525e-05	100.0
0.000130601976202	-0.00565538807866	-5.20371444645e-05	0.00907180400147	-0.685970735827	-0.00499241223521	1.28231454334e-11	1.9853323525e-05	100.0
0.000823758590436	-0.00146271623637	-0.000189644830968	0.0948587130393	-0.173445576811	-0.0220073945246	1.28231454334e-11	1.9853323525e-05	100.0
-0.000914951010663	-0.00627705175084	0.000183470301419	-0.112448709549	-0.75521239538	0.0222113804763	1.28231454334e-11	1.9853323525e-05	100.0
0.00104087044723	-0.00194944226302	-0.000992837884356	0.121422476329	-0.232937607246	-0.117595722312	1.28231454334e-11	1.9853323525e-05	100.0
-0.00144483837496	-0.00674235666912	-0.00125501315173	-0.177438669024	-0.810716792023	-0.150813136427	1.28231454334e-11	1.9853323525e-05	100.0
0.000101668415478	-0.00590377824616	-0.000248833583117	0.00608863457625	-0.712854223533	-0.0218491761968	1.28231454334e-11	1.9853323525e-05	100.0
2.46778271517e-05	-0.00315432356652	-0.00134306761373	-0.000471939776942	-0.378304535637	-0.160593845017	1.2814460364e-11	1.9839876942e-05	100.0
-0.000861960761117	-0.0055863993853	-0.00132396886749	-0.107026423596	-0.671937591174	-0.157873348734	1.2814460364e-11	1.9839876942e-05	100.0
0.000924796125524	-3.85401008432e-05	-0.000519047129666	0.103034672634	-0.000614295948931	-0.0578982821875	1.2814460364e-11	1.9839876942e-05	100.0
-0.000689645695204	-0.00112682636177	-0.00150878790864	-0.0859262568457	-0.132441362487	-0.178583757205	1.2814460364e-11	1.9839876942e-05	100.0
-5.87004678563e-05	0.00061140418395	-0.000710227220099	-0.0119453426286	0.0722043752524	-0.067970663563	1.2814460364e-11	1.9839876942e-05	100.0
0.000145731413462	-0.00478830422377	-9.2109988742e-05	0.0136294275901	-0.577412693848	-0.0108982568217	1.28058104975e-11	1.9826484861e-05	100.0
0.000866350460027	-0.00284269449124	-0.000438895640371	0.100895705051	-0.341095582687	-0.052663724536	1.28058104975e-11	1.9826484861e-05	100.0
-0.00151088204379	-0.00646085692168	0.00128556822828	-0.185033053636	-0.775807197838	0.153236624256	1.28058104975e-11	1.9826484861e-05	100.0
0.000125484205391	-0.00569259947896	-0.000266003093532	0.00958466386452	-0.688319117742	-0.027703268215	1.28058104975e-11	1.9826484861e-05	100.0
0.000684294921853	-0.00482284577557	-0.00126150646755	0.0786198296124	-0.580166866953	-0.150059567059	1.28058104975e-11	1.9826484861e-05	100.0
-0.000390375516969	-0.00111466887035	0.00172909214884	-0.0501116564699	-0.131366934618	0.205069329788	1.27993683586e-11	1.9816510876e-05	100.0
0.000138479929601	-0.00565483154434	7.0792856285e-05	0.00987652467241	-0.685813692819	0.00726983705053	1.27885962574e-11	1.9799833064e-05	100.0
0.000234408139728	-0.00456073150946	7.57521779286e-05	0.0244692441444	-0.549614516772	0.00895910966847	1.27885962574e-11	1.9799833064e-05	100.0
0.0006197615469	-0.0033689067791	0.000172777806269	0.0712342950434	-0.404919194193	0.0207330139278	1.27885962574e-11	1.9799833064e-05	100.0
0.00181192920616	-0.00197099857732	0.00204912717204	0.214618334794	-0.236577188148	0.245345300891	1.27885962574e-11	1.9799833064e-05	100.0
-0.000142337977261	-0.00692647833523	0.00131084229356	-0.0207478293967	-0.831674131766	0.155872000134	1.27885962574e-11	1.9799833064e-05	100.0
0.000167008762559	-0.00537737206262	-5.52616585792e-05	0.0151394840844	-0.650295676035	-0.00608689251947	1.27885962574e-11	1.9799833064e-05	100.0
0.0008652189857	-0.00244599637106	-0.000308220726246	0.10051967225	-0.293096965873	-0.0365170910642	1.27885962574e-11	1.9799833064e-05	100.0
-0.000952822877445	-0.00626605811984	0.0018279139437	-0.118022704402	-0.753053746609	0.219100951494	1.27885962574e-11	1.9799833064e-05	100.0
9.58241507912e-05	-0.00580474867127	-8.89680597773e-05	0.00375729206384	-0.70587276484	-0.00601570713002	1.27885962574e-11	1.9799833064e-05	100.0
0.00113869043378	-0.0033069452028	-0.00122942043573	0.13338391846	-0.397343105047	-0.146282114795	1.27885962574e-11	1.9799833064e-05	100.0
-0.0015823240942	-0.00665567310197	-0.000478589948179	-0.193512023488	-0.798873267911	-0.0568840933499	1.27885962574e-11	1.9799833064e-05	100.0
0.000122153663174	-0.0058260359655	-0.000236224399202	0.00843310312839	-0.704559893997	-0.0220082279787	1.27885962574e-11	1.9799833064e-05	100.0
0.000398815844843	-0.00551941980027	-0.00076607563419	0.0436895649821	-0.664509037708	-0.0894973840996	1.27885962574e-11	1.9799833064e-05	100.0
8.49483207651e-05	-0.0061572836787	-0.00183257399786	0.00659813797856	-0.739967119039	-0.218440607726	1.27885962574e-11	1.9799833064e-05	100.0
8.55825208881e-05	-0.00662624093058	-0.00106438326304	0.00655665201201	-0.795397048047	-0.125788955291	1.27885962574e-11	1.9799833064e-05	100.0
0.000133824392722	-0.00549264359162	0.000352620454925	0.0113885227286	-0.663268297922	0.0395810501193	1.27714976841e-11	1.9773360346e-05	100.0
0.000475274386242	-0.00423315314166	0.00122614352652	0.0537337717394	-0.509081471918	0.146134491862	1.27714976841e-11	1.9773360346e-05	100.0
-6.61638597955e-05	-0.00549863800782	0.00127250607759	-0.0115400866576	-0.661472222023	0.150912180403	1.27714976841e-11	1.9773360346e-05	100.0
0.000281042446963	-0.00466089594035	0.000282568393415	0.0301177690748	-0.561747784886	0.0335264794921	1.27714976841e-11	1.9773360346e-05	100.0
0.000882651352671	-0.00347090324635	0.000223901727192	0.102809176642	-0.417349047909	0.0266102191814	1.27714976841e-11	1.9773360346e-05	100.0
0.000269089816457	-0.00668616689342	0.00168215309692	0.0286658037168	-0.803031064399	0.200488905725	1.27714976841e-11	1.9773360346e-05	100.0
0.000112774824689	-0.00512688544978	-0.000300046913482	0.00951139026485	-0.618642196513	-0.034773397447	1.27714976841e-11	1.9773360346e-05	100.0
0.000663165685145	-0.00296749571416	-0.000614596382333	0.0762912872046	-0.356083205784	-0.0728485725475	1.27714976841e-11	1.9773360346e-05	100.0
0.00112046301913	-0.000521677639433	-0.000283694220295	0.128581804156	-0.0596312244638	-0.032260374467	1.27714976841e-11	1.9773360346e-05	100.0
-0.000440093199682	-0.00437075642073	-0.00268963674889	-0.0562559451769	-0.525550982264	-0.323610641814	1.27714976841e-11	1.9773360346e-05	100.0
-0.000651131186127	-0.00686732157679	6.94652070004e-05	-0.0813723524681	-0.823231391504	0.00804819410994	1.27714976841e-11	1.9773360346e-05	100.0
0.000201904248902	-0.0058656868808	-0.000553690802385	0.0195116327221	-0.706072899629	-0.0622825797186	1.27714976841e-11	1.9773360346e-05	100.0
-0.00133625427183	-0.00612137446031	-0.00249255150247	-0.164290280466	-0.735842907137	-0.298332160867	1.27545147777e-11	1.9747066709e-05	100.0
-0.000432245046747	-0.00199952504398	0.0021623996054	-0.0552235946683	-0.238992016461	0.258041579092	1.27540873134e-11	1.9746404891e-05	100.0
-0.000859576563144	-0.00153578374742	0.00159836699801	-0.106418258552	-0.18221460246	0.19002724955	1.27540873134e-11	1.9746404891e-05	100.0
0.000487988125723	-0.00342702196837	0.00245381132039	0.0553684310246	-0.411495249632	0.293609688824	1.27540873134e-11	1.9746404891e-05	100.0
-0.000717096880377	-0.00277084616787	0.00125663424981	-0.0894906861845	-0.331612415337	0.150120321469	1.27540873134e-11	1.9746404891e-05	100.0
0.000580182712962	-0.00142629964392	0.000403295113832	0.0660354760573	-0.167880201976	0.047915098776	1.27540873134e-11	1.9746404891e-05	100.0
-0.0010593313376	-0.00400397483973	-0.000999968651559	-0.130752468183	-0.480997749577	-0.119891946583	1.27540873134e-11	1.9746404891e-05	100.0
0.00202053315937	-0.000121572142109	-0.00127813950924	0.238579523724	-0.0141979985693	-0.151329014267	1.27540873134e-11	1.9746404891e-05	100.0
-4.46025521973e-05	-0.00032042436233	-0.000727912205504	-0.00901223959495	-0.0311990382565	-0.0810155133584	1.27540873134e-11	1.9746404891e-05	100.0
0.00108064274139	0.000416207281418	-0.000519994405442	0.120295180788	0.0498887739657	-0.0577892285142	1.27540873134e-11	1.9746404891e-05	100.0
0.000256644319677	-0.0044253471583	-0.000155694587049	0.0271936714624	-0.53312128155	-0.0182165870985	1.27376374801e-11	1.9720936579e-05	100.0
0.000823785670834	-0.00372612059003	-0.000176027994742	0.0958997951255	-0.448167994367	-0.020725781514	1.27376374801e-11	1.9720936579e-05	100.0
0.00168461439685	-0.000387961600332	-6.92691520174e-05	0.196661900952	-0.0454266080154	-0.00820682715497	1.27376374801e-11	1.9720936579e-05	100.0
0.00177605374346	-0.000870037542185	-0.00046509282202	0.208920133977	-0.103187562848	-0.055245489798	1.27376374801e-11	1.9720936579e-05	100.0
0.000169738870749	-0.00633471260317	0.000272188427866	0.0153348099639	-0.756592484782	0.0289598311425	1.27376374801e-11	1.9720936579e-05	100.0
0.000273996258584	-0.00522826181643	-0.000500388444078	0.0287538119352	-0.630289800419	-0.0581184291056	1.27376374801e-11	1.9720936579e-05	100.0
0.000351020314442	-0.00504153679007	-0.000777577509397	0.0383727338153	-0.607264190475	-0.091754014524	1.27376374801e-11	1.9720936579e-05	100.0
0.000795343933662	-0.000736945817237	-0.00201549506299	0.0916891396165	-0.0869765386577	-0.239517820025	1.27376374801e-11	1.9720936579e-05	100.0
0.00107154744763	-0.00356865124719	-0.00283240423121	0.125646571971	-0.42900534886	-0.339283154604	1.27376374801e-11	1.9720936579e-05	100.0
-0.0001710118485	0.000212289943035	0.00064655598338	-0.0228861971629	0.0341900561599	0.0639192584415	1.27238982735e-11	1.9699664972e-05	100.0
0.00102556523353	-0.00107822827401	0.00194931970486	0.119771837424	-0.128497807048	0.232082063217	1.27238982735e-11	1.9699664972e-05	100.0
-0.000931234575386	-0.0025512364566	0.000148095020045	-0.11519747298	-0.304638774238	0.0169610778117	1.27238982735e-11	1.9699664972e-05	100.0
0.000200431694814	-0.00045123651157	0.000518548736469	0.0187216427661	-0.046802074776	0.0576139055941	1.27238982735e-11	1.9699664972e-05	100.0
-0.00163032693225	-0.00285450824328	-0.000219526077178	-0.199605474083	-0.341593987233	-0.0264137117106	1.27238982735e-11	1.9699664972e-05	100.0
7.7197425431e-05	-0.00532224390043	0.000266317128811	0.00477373988124	-0.643081291363	0.0303895046767	1.27208758493e-11	1.969498553e-05	100.0
0.00156537016131	-0.00387183569318	0.000954889827586	0.184995913531	-0.466003710585	0.113875975206	1.27208758493e-11	1.969498553e-05	100.0
-7.00330900298e-05	-0.00473534433983	0.00235069579663	-0.0119796186547	-0.569284411087	0.280918965704	1.27208758493e-11	1.969498553e-05	100.0
0.00014127706948	-0.00572254845931	1.06844461637e-05	0.00933868579245	-0.694827986348	0.000972045372176	1.27042147983e-11	1.9669190203e-05	100.0
0.00151735643387	0.000141524124233	0.000847611585825	0.176224771757	0.0180744147003	0.099837973712	1.27042147983e-11	1.9669190203e-05	100.0
-0.000359648207673	-0.00438931409196	-0.00308500043611	-0.0467685372787	-0.527498348912	-0.369327394528	1.27042147983e-11	1.9669190203e-05	100.0
-0.00130490253923	-0.00596501788357	-0.000910612538685	-0.160045386718	-0.71652170401	-0.107772823873	1.27042147983e-11	1.9669190203e-05	100.0
0.00168322154722	-0.00125868658283	0.00170251550191	0.199142129001	-0.150242088444	0.203017614144	1.26936941468e-11	1.9652901695e-05	100.0
-0.000976724228469	-0.00335250934364	0.000191839268505	-0.120893601513	-0.40187496365	0.0226925568711	1.26936941468e-11	1.9652901695e-05	100.0
0.000898131683902	-0.00079221500537	0.000367301592575	0.102269105509	-0.0920554498157	0.0430838014696	1.26785920834e-11	1.9629520057e-05	100.0
0.000473718158737	-0.00310065887395	-0.00123196558867	0.053812593527	-0.371947937642	-0.147578955435	1.26785920834e-11	1.9629520057e-05	100.0
-0.00119954246675	-0.00417011379501	-0.00158871048216	-0.147911340926	-0.500830466353	-0.190230867585	1.26785920834e-11	1.9629520057e-05	100.0
-0.000495915263278	-0.000462622718112	-0.000442247844307	-0.0608063305298	-0.0469602700457	-0.0494736541097	1.26785920834e-11	1.9629520057e-05	100.0
0.000356385324634	-0.00469562759632	0.000605945741031	0.039199066013	-0.565544785721	0.0715013632396	1.26712095229e-11	1.9618090072e-05	100.0
0.000275307520584	-0.00587798211529	0.000674523083302	0.0287315332705	-0.706731161538	0.0772663852029	1.26712095229e-11	1.9618090072e-05	100.0
0.000803855326866	0.000111468388594	0.000628565065098	0.087913729687	0.0166212820275	0.0699591565257	1.26712095229e-11	1.9618090072e-05	100.0
0.000944765464967	0.000127498869842	0.000950360379294	0.106577337741	0.0171415973985	0.109470382263	1.26712095229e-11	1.9618090072e-05	100.0
0.000244091369965	-0.0043030985179	-0.000442129340187	0.0257827654051	-0.518174831572	-0.0524151595285	1.26712095229e-11	1.9618090072e-05	100.0
0.000277845471974	-0.00481716404089	-0.000618334885725	0.029631734684	-0.580431461509	-0.073001836683	1.26712095229e-11	1.9618090072e-05	100.0
0.000372459031317	-0.00610514394801	-0.00107082441896	0.040872364111	-0.733285795148	-0.126074889321	1.26712095229e-11	1.9618090072e-05	100.0
0.000249921753238	-0.00612022981635	-0.000682576188767	0.0257840305555	-0.734516862562	-0.0783902123804	1.26712095229e-11	1.9618090072e-05	100.0
-7.25066829377e-05	6.69750375197e-05	0.00117047497094	-0.012518930968	0.0110792978141	0.132411213207	1.266349002e-11	1.9606138418e-05	100.0
-0.00027803131841	-8.66862529414e-05	0.000524591914001	-0.0348262814256	0.000471649492919	0.0548380988661	1.266349002e-11	1.9606138418e-05	100.0
-0.000286073958364	0.000553236470123	0.000899932257859	-0.0364765053682	0.066931558035	0.0950037703495	1.266349002e-11	1.9606138418e-05	100.0
-0.000401664096039	-0.000271292316897	0.000534799489482	-0.0493443726309	-0.0230564679229	0.058832210008	1.266349002e-11	1.9606138418e-05	100.0
0.0009097961651	0.000961222264375	0.000333988767649	0.098300236289	0.111328289719	0.0360248450839	1.266349002e-11	1.9606138418e-05	100.0
0.00239623034735	-0.00184868887957	0.00109352212204	0.285041441695	-0.221676745334	0.130633001473	1.266349002e-11	1.9606138418e-05	100.0
-0.000337113096644	-0.00126549783004	-0.000397661226143	-0.043244619735	-0.147162152986	-0.0465458835643	1.266349002e-11	1.9606138418e-05	100.0
-0.000525317138274	-0.000338986269027	-0.000277211317868	-0.0633348910503	-0.0302626183034	-0.0307160194083	1.266349002e-11	1.9606138418e-05	100.0
1.60724481488e-05	-0.00266750632909	-0.000737131058912	-0.00118833320246	-0.319156445765	-0.0879566898883	1.266349002e-11	1.9606138418e-05	100.0
-0.0019528564304	-0.00384026727347	-0.00141983282553	-0.238497110746	-0.460890574573	-0.170145970866	1.266349002e-11	1.9606138418e-05	100.0
0.00195112391242	0.000763892226643	-0.000103945443336	0.22842273333	0.0899456746313	-0.0126545588686	1.26483829276e-11	1.9582748994e-05	100.0
0.000190047492755	-0.00548368495288	7.47343118568e-05	0.0173662934598	-0.66371860029	0.00832222875624	1.26386065669e-11	1.9567612828e-05	100.0
0.00026668811357	-0.00500387016157	4.11646257108e-05	0.0279607510716	-0.603895337978	0.00477429848948	1.26386065669e-11	1.9567612828e-05	100.0
0.00177582258007	-0.00284551769807	-6.03160081228e-05	0.210129172915	-0.342228728523	-0.00744068785482	1.26386065669e-11	1.9567612828e-05	100.0
0.00104290042706	0.000121280194632	0.000401280019222	0.115889071959	0.0167261143943	0.0455329175516	1.26386065669e-11	1.9567612828e-05	100.0
0.00173919072071	-0.00240790444051	0.00115990630641	0.206099683887	-0.288733079499	0.138483923606	1.26386065669e-11	1.9567612828e-05	100.0
-0.00163092044324	-0.00627685248544	0.00184728873985	-0.199591855318	-0.754005894853	0.220628757929	1.26386065669e-11	1.9567612828e-05	100.0
0.000146762430737	-0.00566664554905	4.38280599411e-06	0.0106460796553	-0.687495094764	0.0008316129692	1.26386065669e-11	1.9567612828e-05	100.0
0.000238242108021	-0.00490867744617	-4.26551106305e-05	0.0246853359828	-0.592182867031	-0.00463480614159	1.26386065669e-11	1.9567612828e-05	100.0
0.0010816500326	-0.0034597381472	-0.000438672003866	0.126852027677	-0.416122480617	-0.0522615120602	1.26386065669e-11	1.9567612828e-05	100.0
0.00163896373827	-0.00070383185474	-0.000341409434011	0.192205818454	-0.0825098780051	-0.0407831438311	1.26386065669e-11	1.9567612828e-05	100.0
-0.00130629085913	-0.00756638279745	0.0012218658522	-0.160552413135	-0.908414869644	0.145936047748	1.26386065669e-11	1.9567612828e-05	100.0
0.000273448017145	-0.00548658051361	-0.000295074924225	0.0278796261528	-0.662536015838	-0.0329561944858	1.26386065669e-11	1.9567612828e-05	100.0
0.00103807423931	-0.00444423589433	-0.000924312760021	0.121367548163	-0.534888804073	-0.109758196204	1.26386065669e-11	1.9567612828e-05	100.0
0.00171883792501	-0.00187082526483	-0.00176647846238	0.202968086946	-0.224520502663	-0.210579018456	1.26386065669e-11	1.9567612828e-05	100.0
-0.0010182337015	-0.0053990973683	-0.00195271707915	-0.125935932133	-0.649118930594	-0.233376028231	1.26386065669e-11	1.9567612828e-05	100.0
0.000691350774821	-0.00550880057693	-0.00123290899875	0.0793658215238	-0.662785024848	-0.146249528145	1.26386065669e-11	1.9567612828e-05	100.0
0.000539357881489	-0.00564189498855	-0.00194306023856	0.0612186963447	-0.67823476199	-0.231661755618	1.26386065669e-11	1.9567612828e-05	100.0
-9.00034191396e-05	-0.00636270345257	-0.000599177855304	-0.014082883289	-0.762461463582	-0.0690223396806	1.26386065669e-11	1.9567612828e-05	100.0
0.000176474511833	-0.00513515349052	0.000426652578385	0.0172184907432	-0.6193754225	0.0495539409142	1.26224534441e-11	1.9542603896e-05	100.0
0.000494698821398	-0.00426098591616	0.000784491776727	0.0560336106474	-0.512732302787	0.0930722336659	1.26224534441e-11	1.9542603896e-05	100.0
0.000173480755559	-0.00604422720563	0.000302024675576	0.0143768161176	-0.725938045108	0.0287849210797	1.26224534441e-11	1.9542603896e-05	100.0
0.000655048738672	-0.00528845932498	0.00140815590847	0.0749546614063	-0.635847449509	0.167176750037	1.26224534441e-11	1.9542603896e-05	100.0
0.00027310005998	-0.00504432777839	9.40261692374e-05	0.0286711583178	-0.608760716547	0.0106814470776	1.26224534441e-11	1.9542603896e-05	100.0
0.00190732300069	-0.00226107544952	0.000123055519794	0.22575509461	-0.271569171149	0.0143501058739	1.26224534441e-11	1.9542603896e-05	100.0
-0.000851471552529	-0.00517893729366	0.00275331182063	-0.105896104071	-0.622376682864	0.329374891371	1.26224534441e-11	1.9542603896e-05	100.0
0.000310966581839	-0.0046514938717	-0.000311505853532	0.033656966734	-0.560560000955	-0.0366602314651	1.26224534441e-11	1.9542603896e-05	100.0
0.000687703638752	-0.00357142312935	-0.000488830901555	0.0793864952891	-0.42937752424	-0.0580180833241	1.26224534441e-11	1.9542603896e-05	100.0
-0.000179112443991	-0.00721440445743	0.000525553878789	-0.0251654374043	-0.86519985546	0.0622702031303	1.26224534441e-11	1.9542603896e-05	100.0
0.00024682644485	-0.00507855518595	-0.000368587704985	0.0255840814339	-0.61248286228	-0.0427981146877	1.26224534441e-11	1.9542603896e-05	100.0
0.000759352494915	-0.0038880123745	-0.00058585711747	0.0878593598896	-0.467558122198	-0.0691513281043	1.26224534441e-11	1.9542603896e-05	100.0
0.000115004030769	-0.00589017586966	-0.00049314590731	0.00952174520333	-0.708885886804	-0.0540804110248	1.26224534441e-11	1.9542603896e-05	100.0
-5.43940448459e-06	-0.00146996339547	0.00239815062227	-0.00400586677319	-0.1753753662	0.285859550949	1.26181637138e-11	1.9535962358e-05	100.0
-0.000962450694026	-0.00142143521793	0.00103767629294	-0.118557310047	-0.167577569462	0.122670849256	1.26181637138e-11	1.9535962358e-05	100.0
0.00167271145097	0.000394126577772	-0.000812259384652	0.194911212715	0.0474097414361	-0.0944537765904	1.26181637138e-11	1.9535962358e-05	100.0
-0.000381625189355	-0.00015407220498	-0.000811819083331	-0.0476565934297	-0.011881908026	-0.0898104581665	1.26181637138e-11	1.9535962358e-05	100.0
0.000235979133452	-0.0050926156344	-4.39161510318e-05	0.0240678823013	-0.614787036281	-0.00508557378477	1.26063908432e-11	1.9517735114e-05	100.0
0.00206305949454	-0.00243318740271	-1.95983662848e-05	0.244591561822	-0.292638577568	-0.00218151310815	1.26063908432e-11	1.9517735114e-05	100.0
-0.00135414144675	-0.00707642256167	0.000779793315735	-0.166193341613	-0.850366463501	0.0927245857881	1.26063908432e-11	1.9517735114e-05	100.0
0.000140981323613	-0.00579799575937	-0.000148198308861	0.00946897215384	-0.702929535019	-0.012612386224	1.26063908432e-11	1.9517735114e-05	100.0
0.00149915663265	-0.00419174676214	-0.00130570478233	0.176742690239	-0.504141161165	-0.155348553909	1.26063908432e-11	1.9517735114e-05	100.0
-0.000283060184078	-0.00713573165383	-0.000362376520036	-0.0375759836045	-0.855639362334	-0.0425976686204	1.26063908432e-11	1.9517735114e-05	100.0
0.000133064701823	-0.00589231153121	0.000170032326195	0.00799252995833	-0.713351784188	0.0122263274562	1.25904187642e-11	1.9493006481e-05	100.0
0.000153667816416	-0.00561335999009	0.000203191061322	0.0128658287646	-0.679167604231	0.0211747250373	1.2574542236e-11	1.9468425784e-05	100.0
0.00110391763464	-0.00407058293838	0.000938907226037	0.129221640295	-0.489743697643	0.111399878327	1.2574542236e-11	1.9468425784e-05	100.0
0.00089078102119	-0.00410135658609	0.00163592184504	0.103539039548	-0.493274717424	0.194964929024	1.2574542236e-11	1.9468425784e-05	100.0
0.000361609927453	-0.00464131137389	0.000503200195335	0.0397857526216	-0.559277401885	0.059726926714	1.2574542236e-11	1.9468425784e-05	100.0
0.000603675363549	-0.00391450496588	0.000588144366382	0.0691274230783	-0.471055447878	0.070073820736	1.2574542236e-11	1.9468425784e-05	100.0
0.002102784154	-0.000469905273618	0.001455283935	0.248856390767	-0.0559705577786	0.173087001845	1.2574542236e-11	1.9468425784e-05	100.0
0.00184012602754	-0.00122865600626	0.00167514824922	0.217421926029	-0.147305541501	0.199532394203	1.2574542236e-11	1.9468425784e-05	100.0
0.00034098208577	-0.0059716613056	0.0012813995519	0.0371806729661	-0.717300613947	0.151635029573	1.2574542236e-11	1.9468425784e-05	100.0
0.000193202704903	-0.00554278839244	9.62740529635e-05	0.0174186767983	-0.670979386399	0.0102589822325	1.2574542236e-11	1.9468425784e-05	100.0
0.000752876886369	0.000125589213223	0.0004332251143	0.0795460138071	0.0187836972416	0.0470408005463	1.2574542236e-11	1.9468425784e-05	100.0
0.00166963904313	-0.0029318581989	0.00197159086784	0.197523747158	-0.352552129667	0.235842442591	1.2574542236e-11	1.9468425784e-05	100.0
0.000213189219972	-0.00550569687012	-0.000108094311673	0.0200855680403	-0.666195028104	-0.0117954612653	1.2574542236e-11	1.9468425784e-05	100.0
0.00170089467396	-0.00185188789067	-0.000782778395054	0.200868258734	-0.222216932556	-0.0933963903685	1.2574542236e-11	1.9468425784e-05	100.0
-0.00123952778193	-0.00715900743232	-0.000459046269921	-0.152544047804	-0.861212911785	-0.0549089696611	1.2574542236e-11	1.9468425784e-05	100.0
0.000169971508405	-0.00564461232007	-8.71818191728e-05	0.0138364570181	-0.684094345159	-0.00866025511864	1.2574542236e-11	1.9468425784e-05	100.0
0.000177966421724	-0.00539184691276	-0.000175636728043	0.0166596286813	-0.6517214793	-0.0195023164585	1.2574542236e-11	1.9468425784e-05	100.0
0.00119985109741	-0.00311779316923	-0.000355181412465	0.140778473408	-0.374719760695	-0.0416253249217	1.2574542236e-11	1.9468425784e-05	100.0
0.000823832145092	-9.18919044213e-06	-0.000368158810792	0.0891562838709	0.0033969599689	-0.040669524039	1.2574542236e-11	1.9468425784e-05	100.0
-0.000672781540266	-0.00551718576801	-0.000798253596065	-0.0838264012923	-0.664256933807	-0.095269323713	1.2574542236e-11	1.9468425784e-05	100.0
-0.00142104036792	-0.0064885907959	0.000382829080621	-0.173855591508	-0.778658562476	0.0457360374745	1.2574542236e-11	1.9468425784e-05	100.0
0.000189035967168	-0.00565950067303	-0.00011263984607	0.0160256377592	-0.68547691453	-0.0109663005338	1.2574542236e-11	1.9468425784e-05	100.0
0.00194356713835	-0.00225380927731	-0.00106933190246	0.23025368256	-0.270802813236	-0.127139714716	1.2574542236e-11	1.9468425784e-05	100.0
-0.00197639691171	-0.00643561691991	-0.000806248514204	-0.241307672039	-0.773490562356	-0.0962618626849	1.2574542236e-11	1.9468425784e-05	100.0
0.000471203434916	-0.00581053514875	-0.00125205237249	0.0528001992184	-0.698281204262	-0.148061072699	1.2574542236e-11	1.9468425784e-05	100.0
0.000791075954198	0.000939082899326	0.000228562517782	0.0822539523992	0.10688286305	0.0238135070022	1.25728172917e-11	1.9465755154e-05	100.0
-0.000141232165499	-0.00133360972871	-0.002873266434	-0.020302685822	-0.159314353381	-0.343289191362	1.25728172917e-11	1.9465755154e-05	100.0
0.00013492993934	1.6313250623e-05	-0.00167422226077	0.0121900238802	0.00341818350325	-0.195690004505	1.25728172917e-11	1.9465755154e-05	100.0
0.000193573777217	-0.00551649013297	2.27694354396e-05	0.0174930073647	-0.667849895417	0.00271929048337	1.25587512007e-11	1.9443977451e-05	100.0
0.000806826854187	0.000257483126456	0.0001855408496	0.0832245367298	0.0332579072953	0.0196155470475	1.25587512007e-11	1.9443977451e-05	100.0
0.0022155712245	-0.00133819777122	0.000837028282382	0.262673700638	-0.160363332193	0.0994364971927	1.25587512007e-11	1.9443977451e-05	100.0
0.000929867212943	-0.00356684549996	-0.00312918938752	0.10838452213	-0.42880641971	-0.374799006368	1.25587512007e-11	1.9443977451e-05	100.0
-0.00136421108526	-0.00671194473759	-0.0014471929556	-0.16737579455	-0.80608174092	-0.172532183482	1.25587512007e-11	1.9443977451e-05	100.0
0.000252134543316	-0.00554571424732	0.000322334523208	0.0252317434614	-0.669402847412	0.0354930394648	1.25430456582e-11	1.9419661481e-05	100.0
0.000614221708424	-0.00512239012423	0.000901228652715	0.0699522990417	-0.616594277341	0.106390333066	1.25430456582e-11	1.9419661481e-05	100.0
0.00033517361438	-0.00561280907449	0.000840968252899	0.0361799843739	-0.675634118448	0.0983137108578	1.25430456582e-11	1.9419661481e-05	100.0
-0.000353548709741	0.000305453560283	0.000722131838739	-0.0429346145767	0.0419554178626	0.0731190647502	1.2542572933e-11	1.9418929589e-05	100.0
0.00181037903509	0.000699523420824	0.000157247897981	0.211091145655	0.0828012629427	0.0180142494856	1.2542572933e-11	1.9418929589e-05	100.0
0.00109816117209	-0.000890474769572	-2.0710934885e-05	0.126767795172	-0.103762544368	-0.00224968308055	1.2542572933e-11	1.9418929589e-05	100.0
-0.000412056708565	-0.00170461632774	-0.00107338581498	-0.0525669756182	-0.202008145237	-0.127689121304	1.2542572933e-11	1.9418929589e-05	100.0
0.000652382799965	-0.00054839281181	0.00276671649391	0.074899934557	-0.064923618238	0.329983157094	1.25274457246e-11	1.939550902e-05	100.0
-0.000594394213888	-0.00248217039235	0.0011089990817	-0.0746041490826	-0.296384529036	0.132532063371	1.25274457246e-11	1.939550902e-05	100.0
0.00111831866815	-0.00208519234973	0.000746288063778	0.131199857982	-0.249254193799	0.0889700168608	1.25274457246e-11	1.939550902e-05	100.0
-0.00146245444782	-0.00373381742599	-0.000778044761769	-0.179380369048	-0.448043454695	-0.0935044164907	1.25274457246e-11	1.939550902e-05	100.0
0.0007944802084	-0.000606558888903	-0.0023944079424	0.0918012100899	-0.0718507172186	-0.285034703123	1.25274457246e-11	1.939550902e-05	100.0
-0.000225127252002	-0.00204681466613	-0.00241193970122	-0.0303987624662	-0.244948768297	-0.28809286985	1.25274457246e-11	1.939550902e-05	100.0
0.000259357810465	0.00023089347239	-0.00184336834742	0.0270016245055	0.0283996498019	-0.216346448377	1.25274457246e-11	1.939550902e-05	100.0
-0.000388386406191	0.000100791229236	-0.00138368102588	-0.0495468360276	0.0143040437835	-0.15921059723	1.25274457246e-11	1.939550902e-05	100.0
0.00135131117571	0.000272764806551	0.000761315985696	0.155562620537	0.0334618990994	0.0876459937177	1.25123134873e-11	1.9372080665e-05	100.0
-0.000732231029676	-0.00121997197939	7.0823461246e-05	-0.0902831110451	-0.141434739622	0.00822238727601	1.25123134873e-11	1.9372080665e-05	100.0
0.00133091299594	-0.000568577005221	-0.000712657053881	0.154706220407	-0.0658371762394	-0.083292477098	1.25123134873e-11	1.9372080665e-05	100.0
-0.000819947717411	-0.00283442774543	-0.00103591347761	-0.101893302113	-0.339408782679	-0.123219209253	1.25123134873e-11	1.9372080665e-05	100.0
0.000674714068307	0.000276836790325	0.00137217906324	0.0753372435715	0.033729940298	0.158894360714	1.24971812499e-11	1.934865231e-05	100.0
-0.000598385914159	-0.000672513761722	0.000231424832559	-0.0733754659978	-0.0729686033199	0.0263654901202	1.24971812499e-11	1.934865231e-05	100.0
0.000541769198577	0.000821482301352	-3.18171756993e-05	0.0451270928593	0.0891034378868	-0.00320014246955	1.24971812499e-11	1.934865231e-05	100.0
0.0020509198767	-0.000804444027424	-0.00148965137189	0.242904676239	-0.0957852184904	-0.177556896179	1.24971812499e-11	1.934865231e-05	100.0
-0.000828741237291	-0.00191561057653	-0.00163281377487	-0.102905209751	-0.228452806221	-0.194524647036	1.24971812499e-11	1.934865231e-05	100.0
0.00194514876868	0.00135509912575	-0.000123294238345	0.228328271823	0.160439172569	-0.0136163537472	1.24820439836e-11	1.9325216169e-05	100.0
0.000188982857809	-0.00536663492638	0.000254561857457	0.0180546126452	-0.648277996709	0.0285862498021	1.24810733881e-11	1.9323713453e-05	100.0
0.00197495681381	-0.00316413315287	0.000433788236419	0.234134516093	-0.380565344842	0.0509026823146	1.24810733881e-11	1.9323713453e-05	100.0
0.000643409035293	-0.0038741486134	0.00241673459521	0.0738151325869	-0.465519939926	0.288789059946	1.24810733881e-11	1.9323713453e-05	100.0
0.000183891642677	-0.00547937573379	0.000170997099794	0.0168920241135	-0.662755739414	0.018736233854	1.24810733881e-11	1.9323713453e-05	100.0
0.000432900852786	-0.00498994207543	0.000176554039007	0.0479699337068	-0.601927773764	0.0203493104392	1.24810733881e-11	1.9323713453e-05	100.0
0.00159559756929	-0.00280012545987	6.53885817514e-06	0.18840651504	-0.336554259025	1.82867208596e-05	1.24810733881e-11	1.9323713453e-05	100.0
0.00143226395174	-0.00042130265796	0.000636864586683	0.16625943336	-0.0490810622708	0.0744402913689	1.24810733881e-11	1.9323713453e-05	100.0
0.00188226080901	-0.001784265533	0.00170756040861	0.222469222172	-0.214152918069	0.203334321471	1.24810733881e-11	1.9323713453e-05	100.0
0.000311238716094	-0.00572831599601	0.00331885116203	0.0339186051266	-0.688494447813	0.397336117303	1.24810733881e-11	1.9323713453e-05	100.0
0.000267905413048	-0.00505307836544	-0.000162134999105	0.028034083378	-0.609790943434	-0.0186069832171	1.24810733881e-11	1.9323713453e-05	100.0
0.00144332755012	-0.00287477946777	-0.000202962544566	0.170096665621	-0.345484264455	-0.0234926343572	1.24810733881e-11	1.9323713453e-05	100.0
0.00198468409932	0.00065523546649	-0.000114490449201	0.232501283897	0.0776760365928	-0.0128693764768	1.24810733881e-11	1.9323713453e-05	100.0
0.00243834933367	-0.000197609739522	-0.00088615209354	0.28874814028	-0.0240099290989	-0.105624595917	1.24810733881e-11	1.9323713453e-05	100.0
-0.00168490607159	-0.00737308023462	0.000505668700838	-0.205936138297	-0.885065976704	0.0602176776798	1.24810733881e-11	1.9323713453e-05	100.0
0.000248411991254	-0.00532114270641	-0.000228630702315	0.025218759156	-0.642571418089	-0.0257180088719	1.24810733881e-11	1.9323713453e-05	100.0
0.00123898020482	-0.00359551120215	-0.000569950247962	0.14561489679	-0.432555622404	-0.0673899020297	1.24810733881e-11	1.9323713453e-05	100.0
0.00164291546691	0.00136590795954	-0.000373422055599	0.191455612261	0.162143747394	-0.0430520401369	1.24810733881e-11	1.9323713453e-05	100.0
0.00179472981322	0.000165825042595	-0.000535762306308	0.209680557693	0.019959914772	-0.062207961727	1.24810733881e-11	1.9323713453e-05	100.0
-0.000678641972542	-0.00785378211804	-9.32022719425e-05	-0.0852008392295	-0.942391808857	-0.0111524505964	1.24810733881e-11	1.9323713453e-05	100.0
