# x[AU] y[AU] z[AU] vx[AU/yr/2pi] vy[AU/yr/2pi] vz[AU/yr/2pi] m[MSUN] m[mtot] wf[%]
5.41889797376e-05	0.003124067692	7.90261592703e-08	0.00943646866358	0.377837507857	1.50799780285e-05	3.18891600633e-07	0.494743043397	8.94939876818
-5.1588299478e-05	-0.00313417633938	-1.03390993624e-08	-0.00915253808681	-0.378988930558	-1.12215541465e-05	3.16629379412e-07	0.491233329721	18.5464848421
-0.000152774674112	0.00240355756106	-3.95586965363e-05	-0.017460711651	0.301405314585	-0.00437693817852	3.83375560104e-11	5.9478641329e-05	0.0
-0.000103678020659	0.00219162935338	0.000189483462822	-0.0123548891483	0.272891359079	0.0220616786512	3.78608729325e-11	5.8739093357e-05	0.0
-8.2638429599e-05	0.00223726483334	-0.000109386742147	-0.00974658829581	0.2791184871	-0.0117747637214	3.75899862709e-11	5.8318827376e-05	0.0
-6.38007037302e-05	0.00256243185846	-9.26767453516e-06	-0.00687586169269	0.324481781717	-0.00112792111292	3.75352607784e-11	5.8233923739e-05	0.0
-0.000144374257166	0.00263836367773	-0.000243128099496	-0.0149869341658	0.331049204957	-0.0210913706553	3.75352607784e-11	5.8233923739e-05	0.0
-0.000310063127001	0.0013442362934	-0.000330824802569	-0.0372371869684	0.165385717541	-0.0386135537633	3.74803441842e-11	5.8148723618e-05	0.0
-0.000736884015155	-0.00225613951282	-0.000367796947721	-0.087264341074	-0.2772797396	-0.0427198460955	1.44031290389e-11	2.2345674458e-05	100.0
-0.000152461552676	-0.00224503135806	-2.93239761554e-05	-0.018044574702	-0.279942983242	-0.00265781546153	1.43372140389e-11	2.2243410906e-05	100.0
-0.000389032687021	-0.00236818141196	6.19587954062e-05	-0.0446796121479	-0.294751648759	0.00804342693748	1.43372140389e-11	2.2243410906e-05	100.0
-7.7145105181e-05	-0.00267502210992	8.04208995135e-05	-0.0062900912874	-0.340248619701	0.00540704336919	1.42718421701e-11	2.2141989993e-05	100.0
-0.000634070469781	-0.00225759968634	0.000104403338837	-0.073958403674	-0.278180494328	0.0125044929859	1.42393548809e-11	2.2091587724e-05	100.0
-6.1258613711e-05	-0.0025100742216	0.000123845561887	-0.00666730832167	-0.316069886668	0.0119646954119	1.41747625058e-11	2.1991376153e-05	100.0
-0.000353368378204	-0.00251278377908	0.000378370493765	-0.0397026371533	-0.311273303347	0.0405773641904	1.41747625058e-11	2.1991376153e-05	100.0
-0.000613965152092	-0.00292571789713	-0.000463771908052	-0.0680958585666	-0.356370338749	-0.0496477703433	1.41747625058e-11	2.1991376153e-05	100.0
-0.00035636413581	-0.00276020096127	0.000424382146938	-0.0384204427219	-0.341134774229	0.0429857790082	1.4142652391e-11	2.1941559049e-05	100.0
-8.3422889735e-05	-0.00239670954996	-0.000270840596456	-0.00975197787992	-0.299102083041	-0.0285133172313	1.4142652391e-11	2.1941559049e-05	100.0
-0.000327477774475	-0.00253793761417	5.77214942372e-05	-0.0358997124622	-0.318057606127	0.00654887500025	1.40787992778e-11	2.1842494403e-05	100.0
-0.000372518761412	-0.00232734155387	-0.000505004106272	-0.043614512395	-0.2874804076	-0.0578564822512	1.40629126917e-11	2.1817847225e-05	100.0
-0.000208158804583	-0.00204040172271	-0.00011809542858	-0.0246751292469	-0.252694569995	-0.0127159745095	1.39055655856e-11	2.1573731714e-05	100.0
-0.00039833813886	-0.00257566496172	0.000159991269241	-0.043372837622	-0.321266609388	0.0174124610213	1.388997571e-11	2.1549544867e-05	100.0
-0.000205868921395	-0.00267663149386	-0.000544529697019	-0.0230056998556	-0.330913764796	-0.0579526347754	1.388997571e-11	2.1549544867e-05	100.0
-3.72432357308e-05	-0.00268814919035	-0.000303175927945	-0.00420467395855	-0.337779613595	-0.0276452785769	1.37970047323e-11	2.1405305431e-05	100.0
-3.16274666228e-05	-0.00258978376308	-1.61364631248e-06	-0.00375535417423	-0.328470509735	0.001300045965	1.37662122134e-11	2.1357532506e-05	100.0
-0.000265118841066	-0.00233621023611	-0.00050158990775	-0.0308732383978	-0.288790262701	-0.056273545434	1.37662122134e-11	2.1357532506e-05	100.0
-0.000323149982549	-0.00217558296329	7.07350408497e-05	-0.0381268919014	-0.270238880815	0.00745603810081	1.37508536714e-11	2.133370456e-05	100.0
-7.7217509146e-05	-0.0027842598126	0.000425786884546	-0.0080411523506	-0.34648113757	0.0401978686637	1.37355202744e-11	2.1309915625e-05	100.0
-0.000365947274262	-0.00252116519744	-0.00045995548311	-0.0414342154068	-0.311782784277	-0.0508283712638	1.37202069933e-11	2.1286157899e-05	100.0
8.22170272842e-05	-0.00262578749197	-1.15406131486e-05	0.00773186785725	-0.333608627568	-0.00193210057794	1.37049188572e-11	2.1262439184e-05	100.0
-0.000310926860211	-0.00256100338673	0.000353586036215	-0.0346873847119	-0.318794648119	0.0379544745037	1.37049188572e-11	2.1262439184e-05	100.0
-0.00018409370818	-0.00216885809906	-6.2071291982e-05	-0.0218093295446	-0.269982970022	-0.00736374470228	1.37049188572e-11	2.1262439184e-05	100.0
-0.000247010361485	-0.00177078281229	0.000321452793506	-0.030060843822	-0.218442987478	0.0373524010838	1.36744079619e-11	2.1215103183e-05	100.0
-0.000185228962707	-0.00248590921114	0.000481640889064	-0.0211491630922	-0.308330931346	0.0530001722124	1.36744079619e-11	2.1215103183e-05	100.0
-0.00034964514771	-0.00206868866844	-0.000359092405404	-0.0414779067603	-0.255727099539	-0.041641118013	1.36439926174e-11	2.1167915424e-05	100.0
1.41024144971e-05	-0.00250131995087	3.17655224019e-05	0.00101738700289	-0.315624274205	0.0038331723626	1.36136677948e-11	2.1120868104e-05	100.0
-0.000655222225352	-0.00189910804085	0.000342952599144	-0.078386611253	-0.233354713343	0.0400498207136	1.36136677948e-11	2.1120868104e-05	100.0
-0.0005262433204	-0.00280943251527	0.000413810177788	-0.0571094544995	-0.343704993575	0.0434674412136	1.36136677948e-11	2.1120868104e-05	100.0
0.00015214803786	-0.00209889866621	-0.000125857097524	0.0172792791436	-0.260951983629	-0.0143063401103	1.36136677948e-11	2.1120868104e-05	100.0
-0.000310790947815	-0.0014944658114	-0.000146987114851	-0.0377402496595	-0.184151637332	-0.0172745622219	1.36136677948e-11	2.1120868104e-05	100.0
7.91666841619e-05	-0.0026391449345	-0.000396377190227	0.00793709181526	-0.328978736903	-0.0394333113226	1.36136677948e-11	2.1120868104e-05	100.0
-0.000412310464797	-0.00260026749338	0.0006981387207	-0.0474738963578	-0.31814444945	0.0782763634192	1.35834284651e-11	2.1073953423e-05	100.0
-0.000744062888858	-0.00285342585769	0.000818818133486	-0.087458840304	-0.347462410131	0.0944138840588	1.35683414887e-11	2.1050546796e-05	100.0
-0.000473678077137	-0.00192853738192	-7.39118590409e-05	-0.056519661159	-0.238167091525	-0.00870005020973	1.35683414887e-11	2.1050546796e-05	100.0
-7.98288509731e-05	-0.00225439248963	0.000313910410457	-0.00955010054175	-0.280190535219	0.034579801998	1.35532746282e-11	2.1027171378e-05	100.0
-0.000269467442447	-0.00203494855251	-0.000353615705822	-0.0322093972471	-0.251638426325	-0.0406306139532	1.35532746282e-11	2.1027171378e-05	100.0
-0.000149125335204	-0.00274073923667	0.000514325830047	-0.016143635243	-0.338842321962	0.052394530412	1.35382278837e-11	2.1003827169e-05	100.0
0.00012109867013	-0.00252969400473	8.37283108402e-05	0.0123662826229	-0.318923388602	0.00778195508892	1.35382278837e-11	2.1003827169e-05	100.0
-0.000611560882658	-0.00207021599867	0.000916515650513	-0.0732359685093	-0.252938858222	0.107867700006	1.35382278837e-11	2.1003827169e-05	100.0
-0.00054068625083	-0.00275527317616	0.000405594455015	-0.0597701182163	-0.337298022863	0.041958219386	1.35382278837e-11	2.1003827169e-05	100.0
0.00013619035486	-0.00269394979604	-7.31603990404e-05	0.0118043371869	-0.342763593986	-0.00541401186392	1.35382278837e-11	2.1003827169e-05	100.0
-7.09762987957e-05	-0.00187489043218	0.000182514984059	-0.00874861050577	-0.232111664834	0.0214171988141	1.35232062842e-11	2.0980521971e-05	100.0
-0.00068484265251	-0.00219106906974	0.000448516558177	-0.0812052156992	-0.269110674859	0.051811520601	1.35232062842e-11	2.0980521971e-05	100.0
-0.000365432621963	-0.0028917906768	0.00036764123257	-0.0363727957262	-0.355516176207	0.0340906747519	1.35232062842e-11	2.0980521971e-05	100.0
-0.000631101345248	-0.00216272022667	0.000123143426559	-0.0739781674136	-0.266284884347	0.0136980149788	1.35232062842e-11	2.0980521971e-05	100.0
-0.000164014953175	-0.00179316415384	0.000948382277944	-0.0199603181828	-0.21982122738	0.11240668415	1.35081997717e-11	2.095724018e-05	100.0
-0.000200502498349	0.0013373593141	0.00119175997262	-0.0242597521265	0.163608663618	0.142628527478	1.35071788863e-11	2.0955656332e-05	100.0
0.000259215294987	0.00206324769327	0.000111307932019	0.0302465634413	0.255673842514	0.0123223041504	1.35071788863e-11	2.0955656332e-05	100.0
0.000915122330281	0.00260440651927	0.000967054822927	0.10860107398	0.315473743934	0.113422416256	1.35071788863e-11	2.0955656332e-05	100.0
0.000453666150831	0.000401535561188	-0.00152895311651	0.0549099865628	0.0486820476507	-0.183719006137	1.35071788863e-11	2.0955656332e-05	100.0
0.000180078735927	0.00214061749269	-0.000345997677118	0.0208903101096	0.264775612429	-0.0383010454312	1.35071788863e-11	2.0955656332e-05	100.0
-3.42971065176e-05	0.00195679385923	-0.00117147958183	-0.00409028769925	0.239073747696	-0.138283872766	1.35071788863e-11	2.0955656332e-05	100.0
0.000335244185544	0.00239635767216	-0.00105691357377	0.0398852878542	0.292880720238	-0.123669551362	1.35071788863e-11	2.0955656332e-05	100.0
0.000521727866164	0.00216004564161	-0.00164590870163	0.0629631631843	0.261925233936	-0.195965024184	1.35071788863e-11	2.0955656332e-05	100.0
9.78602456673e-05	0.00252341392891	-0.000539439005337	0.011049580278	0.31164833903	-0.0578339206913	1.35071788863e-11	2.0955656332e-05	100.0
0.000342325292274	-0.00230446277528	-0.000242433433152	0.0390642452425	-0.286694413162	-0.0271946881507	1.34932184041e-11	2.09339974e-05	100.0
-0.000504883479602	-0.00170534976211	-0.00039524219091	-0.0606137953554	-0.209553564286	-0.0470155243935	1.34932184041e-11	2.09339974e-05	100.0
-1.69278292254e-05	-0.00182723676247	-0.000597636593594	-0.00243616345509	-0.224972464113	-0.0700030071628	1.34932184041e-11	2.09339974e-05	100.0
-0.000480315230971	-0.00261360074659	-0.000698449696985	-0.0556051930078	-0.32060717732	-0.0794275064888	1.34932184041e-11	2.09339974e-05	100.0
-0.000708908738031	-0.00303683200352	9.01384152321e-05	-0.0757299662744	-0.367480236549	0.00967624100622	1.34932184041e-11	2.09339974e-05	100.0
0.000311787492868	0.00236356791434	0.000844978796346	0.0367998510955	0.289614681972	0.0973834294782	1.34719859993e-11	2.0901056474e-05	100.0
-1.0221583345e-05	0.00265683317436	6.89491428436e-05	-0.00131233944407	0.338584227099	0.0044366282077	1.34719859993e-11	2.0901056474e-05	100.0
0.000130278253506	-0.00256869613439	0.000277302292946	0.0134688468212	-0.322406889524	0.0285631967003	1.34633109878e-11	2.0887597664e-05	100.0
-0.000408260579353	-0.00166100292282	-0.000427734351329	-0.0490906269348	-0.204217265208	-0.0499013095153	1.34633109878e-11	2.0887597664e-05	100.0
0.000195638322799	0.00242237765226	0.000348106973424	0.0219622149945	0.301243018575	0.0370902708639	1.34369037501e-11	2.0846628265e-05	100.0
0.000630088555839	0.000925300478425	-0.000789937119205	0.0762744610797	0.11320279639	-0.0948209998534	1.34369037501e-11	2.0846628265e-05	100.0
0.000411726609569	0.000407649615009	-0.000120442797138	0.0500744004539	0.0499250072349	-0.0135971551921	1.34369037501e-11	2.0846628265e-05	100.0
4.21319786706e-05	-0.00179606308421	-6.02479985793e-05	0.00457663633243	-0.222317701383	-0.00699384597328	1.34334840355e-11	2.0841322763e-05	100.0
-0.000462792370059	-0.00189872485237	0.000225384427213	-0.0551408191867	-0.234186937029	0.0261746972733	1.34334840355e-11	2.0841322763e-05	100.0
-0.000866159530571	-0.00136011590257	9.38473045659e-05	-0.104862873403	-0.166644220383	0.0110444315769	1.34334840355e-11	2.0841322763e-05	100.0
0.000138813812328	-0.00238159196126	-0.000430717018882	0.0156305032576	-0.295691257358	-0.0471520604338	1.34334840355e-11	2.0841322763e-05	100.0
-0.00105756296557	-0.00284378645357	-0.000534306505427	-0.1244301603	-0.344833437281	-0.0614632996912	1.34334840355e-11	2.0841322763e-05	100.0
-9.17607149872e-05	-0.00239073586146	-0.000672188978021	-0.0107817934822	-0.294430754003	-0.0757382324266	1.34334840355e-11	2.0841322763e-05	100.0
0.000358269267264	0.00196167211978	0.000832763361919	0.0424313653306	0.240415701877	0.0984062518368	1.34194028575e-11	2.0819476578e-05	100.0
0.000157904752116	0.00191800378206	-0.000200691698522	0.0187218157656	0.237091042962	-0.0219742961205	1.34194028575e-11	2.0819476578e-05	100.0
0.000270832100487	0.00291102972898	-0.000692256434837	0.0302508995174	0.355113261079	-0.0740641900796	1.34194028575e-11	2.0819476578e-05	100.0
6.51039972824e-05	-0.00208434915357	0.000164630880953	0.00711525289937	-0.259059030185	0.018472987904	1.3403732518e-11	2.0795164895e-05	100.0
-0.000399598650397	-0.00223910386975	0.000599779993439	-0.0472057093827	-0.275715623173	0.068921479249	1.3403732518e-11	2.0795164895e-05	100.0
-0.000109724914393	-0.0015447619696	-0.000377662419028	-0.0136329611298	-0.190417078548	-0.0444026920542	1.3403732518e-11	2.0795164895e-05	100.0
-0.000408085188749	-0.00131955471309	-0.000248021582075	-0.0494143405513	-0.162146514915	-0.0290498611236	1.3403732518e-11	2.0795164895e-05	100.0
-0.000390606956473	0.000159124857784	0.000211657363182	-0.0471409939166	0.0196781388261	0.0251464955814	1.34019321388e-11	2.0792371704e-05	100.0
0.000210756509618	0.0020265952905	0.000129060893599	0.0246982058094	0.251393214999	0.0156628033922	1.34019321388e-11	2.0792371704e-05	100.0
0.00120095192745	0.00330280835742	-0.00089016842838	0.14314200613	0.398591771177	-0.104881099501	1.34019321388e-11	2.0792371704e-05	100.0
-0.000347046379745	-0.00211487905977	0.000344017442623	-0.0409480947075	-0.261526384622	0.0389716635865	1.33888869332e-11	2.0772132774e-05	100.0
-0.00060974624441	-0.0028602191521	0.000393666735378	-0.0670923088422	-0.348507062418	0.0411017763464	1.33888869332e-11	2.0772132774e-05	100.0
-5.33999969607e-05	-0.00166222818264	-0.000240646035372	-0.00680781865842	-0.205188393635	-0.0281543699244	1.33888869332e-11	2.0772132774e-05	100.0
-6.20950162588e-05	-0.00214531866642	-0.000625059509313	-0.00770149580426	-0.264492612857	-0.0716726490603	1.33888869332e-11	2.0772132774e-05	100.0
-0.000641204137647	-0.00313948926179	-0.000340088978967	-0.0688434181914	-0.379236999948	-0.0357459490329	1.33888869332e-11	2.0772132774e-05	100.0
-6.8676293051e-05	-0.00283529187745	-0.000604765647169	-0.00759958218384	-0.348665189463	-0.0623055830485	1.33888869332e-11	2.0772132774e-05	100.0
0.000257878815865	0.00237769854194	0.000705518809701	0.0303140358549	0.292619094109	0.0805013315814	1.3384486565e-11	2.0765305842e-05	100.0
0.000460046781882	0.00211416694008	0.000384859834118	0.0543939173471	0.260550547985	0.0441035129602	1.3384486565e-11	2.0765305842e-05	100.0
0.000473227034528	0.00339023916836	0.000378029847774	0.049344093277	0.404365247499	0.0385532019945	1.3384486565e-11	2.0765305842e-05	100.0
0.000149074105231	-0.00242944966168	-0.000313176654298	0.0162620281396	-0.303357015829	-0.0339332309461	1.33740614643e-11	2.0749131863e-05	100.0
-1.35738047681e-05	0.00138136740672	-0.00147713044314	-0.00150495402469	0.168694935616	-0.177192084331	1.33670661363e-11	2.073827899e-05	100.0
-0.000149193475653	0.00154740130001	-0.000991552796012	-0.0178165675877	0.189883595177	-0.118296715894	1.33670661363e-11	2.073827899e-05	100.0
-5.57268871314e-05	0.0027730643481	-0.00151558955598	-0.00667259294123	0.33613087674	-0.17865126842	1.33670661363e-11	2.073827899e-05	100.0
8.47885296672e-05	-0.00211759874708	-0.000246922660437	0.00947601089329	-0.263117113749	-0.0279709452436	1.33592510825e-11	2.0726154358e-05	100.0
-0.000527122111959	-0.00106413894747	-0.000312083391412	-0.0638185214275	-0.130451371159	-0.0373664120177	1.33592510825e-11	2.0726154358e-05	100.0
0.000205518695862	0.00292564114791	-0.000388724421965	0.0184912088303	0.361279202975	-0.0324233767739	1.33496758815e-11	2.0711298952e-05	100.0
0.000371352036577	0.00222355330309	-0.000648709989821	0.0438394581261	0.273324791554	-0.0743972236636	1.33496758815e-11	2.0711298952e-05	100.0
-1.42765153635e-05	-0.00262088366616	0.000471941563765	-0.00189105046321	-0.325332197401	0.0485845000588	1.33444608166e-11	2.0703208061e-05	100.0
-0.000496155517119	-0.00165025057766	0.000215092452115	-0.0598200744674	-0.203374682215	0.0252041137668	1.33444608166e-11	2.0703208061e-05	100.0
-0.000526505227491	-0.00208019358012	-0.00114846714199	-0.063381823112	-0.254009987059	-0.136009536316	1.33444608166e-11	2.0703208061e-05	100.0
-0.000396350672122	-0.002743999704	-0.000563627942212	-0.0445024468003	-0.336766124176	-0.0601242217635	1.33444608166e-11	2.0703208061e-05	100.0
0.000273572494465	-0.00185697839655	0.000368303828786	0.0322481570045	-0.229312513648	0.0427666959067	1.33296906667e-11	2.0680292974e-05	100.0
5.56290107717e-05	-0.00233694039737	0.000562010300445	0.00605786441263	-0.288952620126	0.0634899011112	1.33149356038e-11	2.0657401293e-05	100.0
5.68683003915e-05	-0.00231205116565	0.000561183917954	0.00657550857875	-0.285937407708	0.0627460496478	1.33149356038e-11	2.0657401293e-05	100.0
2.80883417821e-05	-0.00154200110871	0.000557031658152	0.00294920280835	-0.190022327313	0.0661829888576	1.33149356038e-11	2.0657401293e-05	100.0
-8.19098137672e-05	-0.00157507732455	-0.000883819064478	-0.0101155853488	-0.193343204095	-0.10490447301	1.33149356038e-11	2.0657401293e-05	100.0
1.13905634253e-05	-0.000892504644119	0.000148934205144	0.0010198360269	-0.109862201775	0.0178366989967	1.33001956278e-11	2.0634533019e-05	100.0
0.000159758054731	-0.00239095124153	-0.000802410347542	0.0185752770025	-0.293934897777	-0.0919448046694	1.33001956278e-11	2.0634533019e-05	100.0
-0.000244873814524	-0.00251962091998	-0.000575342800671	-0.0279056882005	-0.31037286342	-0.0629188820007	1.33001956278e-11	2.0634533019e-05	100.0
0.00129243750459	0.00309872887422	-0.000117218911412	0.15239896104	0.373322111353	-0.0128325341963	1.32976559868e-11	2.0630592903e-05	100.0
-0.000520141172718	-0.00256931677805	0.000679732473091	-0.0604792097939	-0.314694744313	0.0766697737561	1.32854807968e-11	2.0611703756e-05	100.0
-0.000790309418288	-0.00187895421021	0.000242924541973	-0.0943636443612	-0.230618131874	0.0289770236801	1.32631017818e-11	2.0576983926e-05	100.0
0.000284490602646	0.00161680141381	-0.000452224265021	0.034246059739	0.199157054621	-0.0537509294477	1.32631017818e-11	2.0576983926e-05	100.0
0.000912364976395	0.00197548464612	-0.000136306666636	0.108368932762	0.241284824548	-0.0156552377048	1.32631017818e-11	2.0576983926e-05	100.0
0.000573409434176	0.000238426950933	-0.000416665751894	0.0693294977671	0.0287857488938	-0.0500096302974	1.32631017818e-11	2.0576983926e-05	100.0
0.000778492429037	0.00322950737226	-0.00019037987653	0.0860917263137	0.387633055685	-0.0194149188333	1.32631017818e-11	2.0576983926e-05	100.0
0.00136482951258	0.00297324527528	-0.000479876815386	0.162099480422	0.359091493576	-0.0551790687814	1.32631017818e-11	2.0576983926e-05	100.0
4.58043517086e-05	-0.00271133656717	0.000233245975258	0.00390467123093	-0.34247790993	0.0188512077974	1.32560913667e-11	2.0566107647e-05	100.0
1.15166052935e-05	-0.00145101113869	-7.90999725306e-05	0.00102666148624	-0.17904508358	-0.0101400543245	1.32560913667e-11	2.0566107647e-05	100.0
-0.00028123127322	-0.00146249384604	3.09060558714e-05	-0.0340471794747	-0.180225632285	0.00374162457812	1.32560913667e-11	2.0566107647e-05	100.0
-0.000990250504548	-0.00334757424946	0.000709700052569	-0.116504660877	-0.404401608134	0.0826395094619	1.32560913667e-11	2.0566107647e-05	100.0
-0.000609173217824	-0.00225598786908	-0.0010155402514	-0.0727970702309	-0.275563155754	-0.119718263276	1.32560913667e-11	2.0566107647e-05	100.0
-0.00117673430381	-0.00325366768138	-4.54465121575e-05	-0.137894832095	-0.392531771307	-0.00452620529273	1.32560913667e-11	2.0566107647e-05	100.0
-0.000526008048422	-0.00281389575173	-0.000654422996136	-0.059847804059	-0.342658060072	-0.0720738994522	1.32560913667e-11	2.0566107647e-05	100.0
0.000825200100592	0.002783674156	0.00116959758144	0.098339081918	0.337493536399	0.137324337787	1.32458623967e-11	2.0550237954e-05	100.0
0.00016057500642	0.00178754580569	0.00135113424245	0.0196129323799	0.218034729068	0.160839669278	1.32286431276e-11	2.0523523191e-05	100.0
-7.42086013862e-05	0.00255260149548	0.000180111230788	-0.00790142097726	0.321475831111	0.0168310742005	1.32286431276e-11	2.0523523191e-05	100.0
-0.000876240584887	-0.000483929348287	-0.000139692471445	-0.106164388831	-0.0591247531794	-0.0161542133461	1.32286431276e-11	2.0523523191e-05	100.0
-0.000102178250148	0.00053158741621	-9.48158308579e-05	-0.0120883252923	0.065151919752	-0.0104993284663	1.32286431276e-11	2.0523523191e-05	100.0
-0.000319054246866	0.00230392086864	0.000823021888372	-0.0377077998929	0.282908491065	0.0951680111945	1.32114540325e-11	2.0496855241e-05	100.0
0.000904805115986	0.00358715419276	0.000508674410945	0.105589057736	0.429857868945	0.0590428306024	1.32114540325e-11	2.0496855241e-05	100.0
-0.0011219830522	1.68176882413e-05	-0.00115145002943	-0.136022049724	0.00250759587341	-0.138203461517	1.32114540325e-11	2.0496855241e-05	100.0
-0.000482896457977	0.000846972727333	-0.00112036277646	-0.0583219562384	0.103652012006	-0.134422593418	1.32114540325e-11	2.0496855241e-05	100.0
0.000942153492095	0.00238209640159	-0.00162751877992	0.113517687456	0.28845778854	-0.193673571942	1.32114540325e-11	2.0496855241e-05	100.0
2.28274675483e-05	-0.00159853047467	0.000718045859659	0.00259120415991	-0.196394151043	0.0847945759096	1.31975237243e-11	2.0475243122e-05	100.0
-0.000384794622414	-0.00251185055437	0.000714029675357	-0.0451768882992	-0.308722255385	0.0809707441111	1.31975237243e-11	2.0475243122e-05	100.0
8.03906799189e-05	-0.00176407924775	-0.000471217128627	0.00912081744532	-0.21762199721	-0.0551379090816	1.31975237243e-11	2.0475243122e-05	100.0
-0.000598201333443	-0.00152457504597	-0.000535790907604	-0.0717812954196	-0.18688953274	-0.0639128512717	1.31975237243e-11	2.0475243122e-05	100.0
0.000426011499407	0.00242922196753	0.000357980647388	0.0483928298383	0.300137060366	0.0385426084028	1.31942850533e-11	2.04702185e-05	100.0
-0.000492536881101	-0.000123932646402	0.00103988711024	-0.0596884840613	-0.0152507931661	0.124841048921	1.31942850533e-11	2.04702185e-05	100.0
0.000230464310967	0.00139782709367	0.000197535389733	0.0279924963501	0.17204244832	0.0232105106143	1.31942850533e-11	2.04702185e-05	100.0
-0.000112989139297	0.00187865588237	-4.59582207135e-05	-0.0132640777649	0.232936617015	-0.00562574759835	1.31942850533e-11	2.04702185e-05	100.0
-0.000203021759915	0.00238815001155	-6.67133496139e-05	-0.0225928599423	0.299201382662	-0.00711059066258	1.31942850533e-11	2.04702185e-05	100.0
-0.000187695263513	-8.04543887469e-05	-0.00100511851985	-0.0227860695358	-0.00979847550703	-0.120252077992	1.31942850533e-11	2.04702185e-05	100.0
-0.000273597365694	0.00243847332909	-0.000430303508244	-0.0312254259691	0.30241341384	-0.0465797723221	1.31942850533e-11	2.04702185e-05	100.0
0.00119699348067	0.00172270746191	-0.00237620368851	0.145039534532	0.208573975191	-0.28565879177	1.31942850533e-11	2.04702185e-05	100.0
-0.000145635346005	0.00265571472449	-0.000394365040859	-0.0153148082799	0.330340816874	-0.0382926609243	1.31942850533e-11	2.04702185e-05	100.0
-3.45059047742e-05	-0.00135913515806	0.000166606985369	-0.00456825150319	-0.167522155112	0.0191992832442	1.31829245601e-11	2.045259331e-05	100.0
-0.000320969238214	-0.00102831888389	0.00104063726343	-0.0391137732066	-0.126009121104	0.124839158427	1.31829245601e-11	2.045259331e-05	100.0
0.000128055675107	-0.000984133131716	-0.000987877222373	0.0151709106771	-0.120587919277	-0.118054455052	1.31829245601e-11	2.045259331e-05	100.0
-0.000300051607025	-0.00169173737043	-0.000735814638904	-0.0362242654467	-0.207540120214	-0.0868038888143	1.31829245601e-11	2.045259331e-05	100.0
-0.00156102858027	-0.00330886364046	0.000181402846311	-0.18611550996	-0.398503826008	0.0216011757554	1.31829245601e-11	2.045259331e-05	100.0
0.000235552456216	-0.00262086462277	-0.000800902794401	0.0272159509761	-0.321079509691	-0.0898736476571	1.31829245601e-11	2.045259331e-05	100.0
0.000120631034316	-0.00282949452622	0.000533527574434	0.0125483661512	-0.348804685827	0.0529255203657	1.31683404829e-11	2.0429966904e-05	100.0
-2.95310922571e-05	-0.00252239245582	0.000695082626333	-0.00340067584676	-0.310144510438	0.077088174628	1.31683404829e-11	2.0429966904e-05	100.0
0.000320758841763	-0.000740055930088	0.000556906900728	0.0385766490381	-0.0910804652806	0.0666453113198	1.31683404829e-11	2.0429966904e-05	100.0
-0.000683004696136	-0.00291464991901	0.000628726253595	-0.0782264692043	-0.353060177276	0.0699507569277	1.31683404829e-11	2.0429966904e-05	100.0
7.00694797189e-05	-0.00132073914839	-1.1981087424e-05	0.00791264315829	-0.162992523287	-0.00128648182807	1.31683404829e-11	2.0429966904e-05	100.0
0.000230184077794	-0.000689242589935	0.000445349884549	0.0275096473862	-0.0849682759693	0.053481361707	1.31683404829e-11	2.0429966904e-05	100.0
-3.88725514019e-05	-0.0012179420765	-0.000317320165293	-0.00514457555228	-0.150143825493	-0.0378491356963	1.31683404829e-11	2.0429966904e-05	100.0
0.0002451546804	-0.00176430928592	-0.000796737915268	0.0290046168849	-0.216771700975	-0.0937634250891	1.31683404829e-11	2.0429966904e-05	100.0
-0.000718340164049	-0.00265310658142	-0.000770579512065	-0.0840813542826	-0.32254342588	-0.0885861270989	1.31683404829e-11	2.0429966904e-05	100.0
-0.00154400042266	-0.0027490332092	-0.000668286507523	-0.18497252435	-0.332640077924	-0.0786102169693	1.31683404829e-11	2.0429966904e-05	100.0
-5.4576721361e-06	-0.00284802778052	-0.000525931789957	-0.000958835603113	-0.351838583349	-0.0515985608769	1.31683404829e-11	2.0429966904e-05	100.0
-0.000320706577443	0.00201635857903	0.000971016373831	-0.038152145792	0.247018737689	0.113983881345	1.31600175009e-11	2.0417054249e-05	100.0
-0.000186173091834	0.00236336493264	0.00058630663074	-0.0214621523447	0.292094302092	0.0660359119486	1.31600175009e-11	2.0417054249e-05	100.0
-4.59955242973e-05	0.00246306151763	0.00136636313654	-0.00539662428183	0.299997368342	0.161210245544	1.31600175009e-11	2.0417054249e-05	100.0
0.000145241508361	-0.00100673318661	-0.000302034887633	0.0172565607546	-0.123849009603	-0.0352073219368	1.31537714927e-11	2.0407363905e-05	100.0
-0.00083898896704	-0.00172475456364	-0.000621164993012	-0.100751892425	-0.211085211538	-0.0735101142939	1.31537714927e-11	2.0407363905e-05	100.0
-0.00101152344777	-0.000957740566023	0.000285595601288	-0.121967923284	-0.116815313328	0.0346316445095	1.31537714927e-11	2.0407363905e-05	100.0
-0.000235548209985	-0.00266123338586	0.000868894438683	-0.0275617325886	-0.325196119954	0.098303317576	1.31392175894e-11	2.0384784313e-05	100.0
-0.000478519712928	-0.00278172787462	0.000995773924074	-0.0563401115631	-0.338188322276	0.114554889296	1.31392175894e-11	2.0384784313e-05	100.0
0.000252746622182	-0.00140930245694	-0.000360474686001	0.0299398357781	-0.173738124438	-0.0424671436794	1.31392175894e-11	2.0384784313e-05	100.0
-0.00027556907579	-0.000759320501679	-0.000384768717514	-0.0336057364289	-0.0933817207463	-0.0458246193744	1.31392175894e-11	2.0384784313e-05	100.0
-0.00112153352915	-0.00340120360309	0.000139608473592	-0.131129549165	-0.409841474213	0.0154465487947	1.31392175894e-11	2.0384784313e-05	100.0
4.30127126609e-05	0.000474042604558	0.000232004388576	0.0051802255945	0.0579945259631	0.0279497641834	1.31258454993e-11	2.0364038239e-05	100.0
0.000163212469728	-0.00172131318832	0.000735986063604	0.0192073179204	-0.212019908022	0.087325805995	1.31101550438e-11	2.0339695348e-05	100.0
-0.000438952748243	-0.00153690960843	-0.00053760828182	-0.0531395958639	-0.189028904291	-0.063306722895	1.31101550438e-11	2.0339695348e-05	100.0
-0.00117152259942	-0.00313461612352	3.34023102289e-05	-0.136927549431	-0.377495535992	0.00300804127535	1.31101550438e-11	2.0339695348e-05	100.0
-0.00125382865065	0.000875815092868	0.000465389590829	-0.151648739851	0.107599984745	0.0558391144456	1.30917640196e-11	2.031116267e-05	100.0
-0.000247334732372	0.000663078752517	-7.03929194562e-05	-0.0296905907011	0.0813497913983	-0.00858108517438	1.30917640196e-11	2.031116267e-05	100.0
0.0010485246531	0.00328207140317	0.000266040946918	0.121747024381	0.394838228437	0.0292303482916	1.30917640196e-11	2.031116267e-05	100.0
0.000285529770652	0.000585771803622	0.000715334625615	0.0346280839348	0.0716379156199	0.0853418443559	1.30917640196e-11	2.031116267e-05	100.0
0.00128709930742	0.0030535199393	-3.73827314876e-05	0.151557732714	0.367705453369	-0.00395625161408	1.30917640196e-11	2.031116267e-05	100.0
0.000406103752806	0.000717069314142	-0.00231432131039	0.0492158266319	0.0868429003374	-0.27866299475	1.30917640196e-11	2.031116267e-05	100.0
0.000155621192287	0.00201106410995	-0.000856550800425	0.018825726875	0.246670653067	-0.100196566452	1.30917640196e-11	2.031116267e-05	100.0
3.9201884937e-05	-0.00236956194845	9.84526149676e-05	0.00369123110422	-0.297111579648	0.0108554441161	1.30811578752e-11	2.0294707811e-05	100.0
0.000245752818185	-0.000656604813039	-0.000483450025349	0.0292388636093	-0.0810140541025	-0.0580493839786	1.30811578752e-11	2.0294707811e-05	100.0
0.000230550854913	-0.00246431263316	-0.000504826113183	0.0258434492899	-0.305168427951	-0.0553394812972	1.30811578752e-11	2.0294707811e-05	100.0
-0.000546030359923	-0.00276295072621	-0.000592254229438	-0.0618109329884	-0.337605643397	-0.0650665056834	1.30811578752e-11	2.0294707811e-05	100.0
-0.00173112259612	-0.00292022375583	-0.000376116889176	-0.207451739805	-0.352842521963	-0.0439462028856	1.30811578752e-11	2.0294707811e-05	100.0
0.000305488599478	0.00148013021766	0.000591627854119	0.0370438727769	0.181805630117	0.0700077493382	1.30577630037e-11	2.0258411936e-05	100.0
0.000221765449379	-0.00210244221792	0.000603360608381	0.0258462677012	-0.259624479503	0.0701391440911	1.30522210544e-11	2.0249813901e-05	100.0
-0.000391883492336	-0.00218210078721	0.00124018846633	-0.0472152522511	-0.266220240744	0.146507734259	1.30522210544e-11	2.0249813901e-05	100.0
-0.000247377693552	-0.00312916467661	0.000698420258397	-0.0270183838806	-0.378597160904	0.0738378818298	1.30522210544e-11	2.0249813901e-05	100.0
0.000344606692801	-0.00232420105937	-0.000414440671033	0.0396149154466	-0.28827548485	-0.046593975834	1.30522210544e-11	2.0249813901e-05	100.0
8.21754596337e-05	0.00131675871019	-0.000510862718195	0.00972324844293	0.161506744894	-0.0605781380037	1.30522210544e-11	2.0249813901e-05	100.0
-0.000185952190053	-0.000566738861872	-3.53615285562e-05	-0.0225956043255	-0.0696017454568	-0.00380781573069	1.30522210544e-11	2.0249813901e-05	100.0
-0.000428399197189	-0.00313087098679	-0.00054935315467	-0.0458151519243	-0.378121957027	-0.0566174093326	1.30522210544e-11	2.0249813901e-05	100.0
-0.000815195773305	-0.00140611064693	0.000482214229029	-0.0980646693156	-0.172027656503	0.057348076536	1.30408002132e-11	2.0232095085e-05	100.0
-0.00049909856961	-0.000564491286326	0.000603097462657	-0.0601755124763	-0.0689642217498	0.071853148046	1.30408002132e-11	2.0232095085e-05	100.0
0.000169602556221	0.00144488523452	-8.04717919692e-05	0.0204074455319	0.177982289243	-0.00927079007872	1.30408002132e-11	2.0232095085e-05	100.0
0.000235058743172	-0.00198686094073	0.000675490053349	0.0277156745493	-0.24447482998	0.0782797397589	1.303777276e-11	2.0227398155e-05	100.0
0.000274370665063	-0.00244699969884	8.55603625781e-05	0.029940774939	-0.306574837797	0.00948027104305	1.303777276e-11	2.0227398155e-05	100.0
0.000253648807957	-0.00175481993582	-7.92636103276e-05	0.0297305311716	-0.217185031785	-0.00984072723578	1.303777276e-11	2.0227398155e-05	100.0
-0.000364183335291	-0.00175705533241	-0.00100550714396	-0.0440384519309	-0.215067466587	-0.119165199742	1.303777276e-11	2.0227398155e-05	100.0
-0.00122403759314	-0.00327356166968	-8.85674150174e-05	-0.143753706639	-0.394427877904	-0.0100191816891	1.303777276e-11	2.0227398155e-05	100.0
-0.000639229568727	-0.00244751111601	-0.00132794927067	-0.0766728907848	-0.297345260459	-0.156837585029	1.303777276e-11	2.0227398155e-05	100.0
-0.00156810067906	-0.00321429439029	-0.000397580579093	-0.187115087102	-0.387046196031	-0.0465628236459	1.303777276e-11	2.0227398155e-05	100.0
0.000223952283547	0.00270592442904	0.000719761002387	0.025194989171	0.330398911019	0.0784378725996	1.30238525097e-11	2.0205801641e-05	100.0
0.000363398626729	0.00118364280803	0.000620300744936	0.0435555407673	0.144854439554	0.0744384288379	1.30238525097e-11	2.0205801641e-05	100.0
-8.72419142661e-05	-0.00172366263132	0.0011675079616	-0.0108662810933	-0.211134028927	0.138885775907	1.30233395525e-11	2.0205005816e-05	100.0
-0.000614713500491	-0.000405204863775	-0.000749743338092	-0.0746648566343	-0.0495468709737	-0.0899465465079	1.30233395525e-11	2.0205005816e-05	100.0
-0.00111872511425	-0.00182422401263	0.000140757537173	-0.134260427349	-0.22278179766	0.016478546816	1.30233395525e-11	2.0205005816e-05	100.0
0.000262378143728	-0.0012004596159	0.000971428957177	0.0313852747921	-0.147191244166	0.11585670784	1.30089214321e-11	2.0182636883e-05	100.0
-0.000310272610504	0.00195414973109	0.00150371351542	-0.0371281681774	0.238026251346	0.178880736601	1.30069299512e-11	2.0179547208e-05	100.0
-0.000220125282278	0.00239747013906	0.000224521704192	-0.0249394077649	0.299004411293	0.0231439636708	1.30069299512e-11	2.0179547208e-05	100.0
-0.00158802796202	0.000789946588391	0.000777159857597	-0.192046181564	0.0968868196228	0.0927069440784	1.30069299512e-11	2.0179547208e-05	100.0
5.52194860291e-05	0.00165774555707	0.000318629095474	0.00683607859152	0.204472074005	0.0372441219388	1.30069299512e-11	2.0179547208e-05	100.0
-0.000554758226148	-0.00280501632982	-0.000471712173989	-0.0614194185027	-0.343682366702	-0.0514337673369	1.30069299512e-11	2.0179547208e-05	100.0
7.20737945637e-05	-0.00206504486324	0.00102935155246	0.00839714870254	-0.252884148589	0.120724518418	1.29945133696e-11	2.0160283554e-05	100.0
0.000413167321766	-0.00205735092725	-0.000175072340578	0.048332681995	-0.255037129353	-0.0201571340216	1.29945133696e-11	2.0160283554e-05	100.0
0.000471335169585	-0.00153499447222	-0.000257076937165	0.0560554652008	-0.189412774201	-0.0304173767772	1.29945133696e-11	2.0160283554e-05	100.0
0.000398529184326	0.00050705921458	-0.000206483287566	0.0480636303917	0.0617011457691	-0.0246929415039	1.29945133696e-11	2.0160283554e-05	100.0
-0.00149654995651	-0.00264742321282	0.000431675626076	-0.178685739907	-0.32013684746	0.0503666882324	1.29945133696e-11	2.0160283554e-05	100.0
0.000613172509687	0.00292811589269	0.000211072135033	0.0641754210256	0.356103001113	0.0197275705234	1.29900224796e-11	2.0153316182e-05	100.0
-0.000846417108061	-0.00140890203018	0.00057757620129	-0.101776028635	-0.171830205205	0.0686262960032	1.29900224796e-11	2.0153316182e-05	100.0
-0.000849125155563	0.000341310106789	0.000589020841444	-0.102485269817	0.0423754166468	0.0707257655547	1.29900224796e-11	2.0153316182e-05	100.0
-0.00122426472083	-0.00213280327539	-0.000278247194049	-0.146363897286	-0.259699369667	-0.0330544566394	1.29900224796e-11	2.0153316182e-05	100.0
0.000253872714968	0.0013842390853	0.00205831681159	0.0308856170595	0.168314277068	0.247117721654	1.2973140153e-11	2.0127124167e-05	100.0
-0.00023217179277	0.00238114069828	0.000254575875257	-0.0259655049851	0.29714471469	0.0272621671056	1.2973140153e-11	2.0127124167e-05	100.0
-3.62097394819e-05	-0.000443596850593	-0.00077898116975	-0.00479408777042	-0.0545850426514	-0.0934808827348	1.29657475345e-11	2.011565492e-05	100.0
0.000318498325645	-0.00179545609956	-0.000611492629059	0.03763353384	-0.221235839627	-0.0717851332802	1.29657475345e-11	2.011565492e-05	100.0
0.000110307995607	0.00263588161386	-0.000224072781706	0.0100288236884	0.331684507252	-0.0202857519467	1.29657475345e-11	2.011565492e-05	100.0
-0.000996228109282	-0.00116295036123	-0.000429863570418	-0.11994916685	-0.141848907446	-0.0515628184479	1.29657475345e-11	2.011565492e-05	100.0
0.000265454952682	-0.00277254042814	-0.000373177267295	0.0270864891031	-0.344528162591	-0.035088655768	1.29657475345e-11	2.011565492e-05	100.0
-0.00045753765647	-0.00286769418965	-0.000770831993867	-0.0521161475339	-0.348093903102	-0.0858262464884	1.29657475345e-11	2.011565492e-05	100.0
-0.00112514263881	0.000908206437192	3.42813966857e-05	-0.135770880317	0.111753837789	0.00489101740112	1.29562779423e-11	2.010096336e-05	100.0
0.000939236644362	0.00362105838095	-0.000141837536061	0.108661429627	0.433649107953	-0.0163014732502	1.29562779423e-11	2.010096336e-05	100.0
-0.000525618858237	-0.000989649026936	-0.000794220915472	-0.0633532253804	-0.12076249488	-0.0944829925514	1.29562779423e-11	2.010096336e-05	100.0
-2.1104930924e-05	0.000355978838768	-0.000449366221768	-0.00222090882254	0.0436845688675	-0.0530118014965	1.29562779423e-11	2.010096336e-05	100.0
0.000716117877672	0.00306170732101	-0.0012104263466	0.0850548185094	0.370230893389	-0.141663359747	1.29562779423e-11	2.010096336e-05	100.0
0.000105245022682	-0.00258810395621	0.00072358065428	0.0117018758805	-0.318280405444	0.0803613952706	1.2951384733e-11	2.0093371811e-05	100.0
0.000375276126855	-0.00196024678398	5.85972417781e-05	0.043926658693	-0.242985818376	0.00729940101185	1.2951384733e-11	2.0093371811e-05	100.0
0.000685692013195	0.000730365217357	0.000798293374172	0.0829041315046	0.0889167492942	0.0955335315358	1.2951384733e-11	2.0093371811e-05	100.0
0.000396537047576	-0.000646169065467	-0.000771324798876	0.0476144920854	-0.0794284677132	-0.0921859830492	1.29370319894e-11	2.0071104307e-05	100.0
-0.00140849788171	-0.00038740184056	-0.00063020790064	-0.170593372624	-0.0468792317706	-0.0757110095249	1.292260884e-11	2.0048727572e-05	100.0
-0.000574115886056	0.000904803768106	-0.000464512897027	-0.0693656553897	0.111157856067	-0.0552129114771	1.292260884e-11	2.0048727572e-05	100.0
0.000192586255895	-0.00280277772436	0.000255194858358	0.0171043114273	-0.352396474364	0.0201649605794	1.29083717632e-11	2.0026639519e-05	100.0
-6.03036106917e-05	-0.00282236878242	0.000941226562124	-0.00704067518519	-0.343775937122	0.106170325539	1.29083717632e-11	2.0026639519e-05	100.0
0.0002770421827	-0.00250514341786	0.000434013096712	0.0308776037961	-0.311187908875	0.0471117951852	1.29083717632e-11	2.0026639519e-05	100.0
0.000646194548069	-0.00100395942748	0.000185439110705	0.0777221218569	-0.123820863179	0.0222623427314	1.29083717632e-11	2.0026639519e-05	100.0
0.000822560184809	-0.000379594911821	7.78266481971e-05	0.0993616927501	-0.0470963602739	0.00907784280961	1.29083717632e-11	2.0026639519e-05	100.0
0.000149265359998	-0.00258340396084	-0.000104696270246	0.0145610144751	-0.326494006714	-0.0108715855071	1.29083717632e-11	2.0026639519e-05	100.0
0.000632988073994	-0.00116498855715	-0.000217765608311	0.0760055203411	-0.143547585128	-0.0261055128416	1.29083717632e-11	2.0026639519e-05	100.0
0.000976840991628	0.00176349546337	0.000832442180609	0.117271520944	0.214854171593	0.0994383222697	1.29083717632e-11	2.0026639519e-05	100.0
-0.000250078679623	-0.000618594668848	0.00128986922345	-0.0303915304193	-0.0755850655486	0.15481873027	1.29083717632e-11	2.0026639519e-05	100.0
0.00102030255227	-0.000631874176722	-0.000193852360246	0.123169175734	-0.0779636463707	-0.022923347286	1.29083717632e-11	2.0026639519e-05	100.0
-0.000116795850477	-0.00147051167006	-0.0010946659827	-0.0143408464016	-0.180232809384	-0.130195112737	1.29083717632e-11	2.0026639519e-05	100.0
0.000273589444659	-0.00202169322414	-0.000917678911789	0.0322262080761	-0.248133668127	-0.107628532506	1.29083717632e-11	2.0026639519e-05	100.0
0.000531073980881	-0.00149525322876	-0.00125058811963	0.0637903699478	-0.182950416635	-0.148893955611	1.29083717632e-11	2.0026639519e-05	100.0
-0.000184821536153	-0.00158256909488	-0.0010665920144	-0.0225322849021	-0.193431221969	-0.126279775666	1.29083717632e-11	2.0026639519e-05	100.0
-0.000651760588562	-0.00159196475836	-0.00181581020123	-0.0789775723285	-0.19338567624	-0.217559967139	1.29083717632e-11	2.0026639519e-05	100.0
-0.00142242986384	-0.00329969495408	-0.000531022088766	-0.169385686619	-0.397898663445	-0.0622872611168	1.29083717632e-11	2.0026639519e-05	100.0
-6.13634517353e-05	-0.00236102752531	-0.00126578882001	-0.00748813580583	-0.287890374412	-0.148621438918	1.29083717632e-11	2.0026639519e-05	100.0
0.00144707374301	0.00309690784108	0.00134150598388	0.173780568687	0.373514719888	0.159689898256	1.28890151725e-11	1.9996608817e-05	100.0
-0.000296402286547	-0.00143398978633	0.000565959186971	-0.0354731040095	-0.176120780233	0.067395315087	1.28890151725e-11	1.9996608817e-05	100.0
-0.000372136385575	0.000918252754783	-0.000527495677677	-0.0448708587278	0.112920529052	-0.0636780805518	1.28890151725e-11	1.9996608817e-05	100.0
-0.00122125016235	-0.00211829515866	0.000363750012285	-0.146065154637	-0.257862561376	0.0434015950904	1.28890151725e-11	1.9996608817e-05	100.0
-0.00167951210685	-0.00121065222134	0.000263918630668	-0.202789464034	-0.146957821223	0.0323296505367	1.28890151725e-11	1.9996608817e-05	100.0
0.00152069854835	0.00322493161783	-0.000366677058934	0.181155994602	0.38781438293	-0.0438366967829	1.28890151725e-11	1.9996608817e-05	100.0
-0.00149646290447	0.000933304048291	-0.00143673689307	-0.181173053636	0.114079279696	-0.172399727709	1.28890151725e-11	1.9996608817e-05	100.0
9.47768221476e-06	0.00227034875905	-0.000501562724007	0.000553545461572	0.280272108073	-0.0560837640759	1.28890151725e-11	1.9996608817e-05	100.0
0.000779201626497	0.00376045254112	-0.000222437451157	0.090299894915	0.448706888688	-0.0251341387911	1.28890151725e-11	1.9996608817e-05	100.0
-0.000297444021468	0.00174999446446	-0.00107469783572	-0.0355680372306	0.214189763706	-0.126804786357	1.28890151725e-11	1.9996608817e-05	100.0
0.000405170370931	-0.00137036288097	0.000729425443888	0.0486040996501	-0.16841178837	0.0866289248464	1.28797618269e-11	1.9982252752e-05	100.0
-7.28980777331e-06	-0.00157052715203	0.00128787943751	-0.00120255774037	-0.192013697415	0.153405493622	1.28797618269e-11	1.9982252752e-05	100.0
0.000337702307263	-0.0019465984327	0.000154709176546	0.0394554785411	-0.241249017088	0.0177752665938	1.28797618269e-11	1.9982252752e-05	100.0
0.000484044513509	-0.00138850447194	0.000180957675503	0.0577681973882	-0.171293511942	0.0212364745624	1.28797618269e-11	1.9982252752e-05	100.0
0.000686370453734	-0.000432809757338	0.000935751735068	0.0828766931853	-0.0535991579329	0.112762971726	1.28797618269e-11	1.9982252752e-05	100.0
7.09193330718e-05	-0.000233356345673	0.000858387973499	0.00824475066307	-0.0288814491539	0.103084750786	1.28797618269e-11	1.9982252752e-05	100.0
0.000385061737493	-6.2579838616e-05	0.00201519010604	0.0466048624605	-0.00788302209773	0.242539853424	1.28797618269e-11	1.9982252752e-05	100.0
-0.000309196312418	-0.000908539541867	0.0019850176437	-0.0374695868121	-0.110516542539	0.238603233123	1.28797618269e-11	1.9982252752e-05	100.0
0.000387999314117	9.6294417625e-05	-1.66615256109e-05	0.0465639620919	0.011379562053	-0.00286085267515	1.28654744603e-11	1.9960086677e-05	100.0
-0.00105919833557	-0.00282629304008	0.000207487525957	-0.12325895681	-0.342118684652	0.0221442273806	1.28654744603e-11	1.9960086677e-05	100.0
0.000291120773111	-0.0025820669618	-0.000402946984612	0.0317749369918	-0.321227433633	-0.0427817468339	1.28654744603e-11	1.9960086677e-05	100.0
0.000367414349087	-0.00282197289336	-0.000183285415118	0.0356339385913	-0.352451591546	-0.0142173496021	1.28654744603e-11	1.9960086677e-05	100.0
0.000225484725158	0.00321025473867	0.000425435484049	0.0206087457944	0.384183661968	0.0355208618555	1.28554969399e-11	1.9944607095e-05	100.0
-0.000737716715041	0.000242968895272	0.00186059283884	-0.0890909097904	0.0299324608587	0.223930878053	1.28554969399e-11	1.9944607095e-05	100.0
-0.000480000581084	0.00106351029393	0.000630048299805	-0.0576566662445	0.130686092778	0.0752830328058	1.28554969399e-11	1.9944607095e-05	100.0
-0.000527718072922	9.88206733146e-05	0.000821103454115	-0.0638991582839	0.0121009851502	0.0986129224505	1.28554969399e-11	1.9944607095e-05	100.0
-0.000996484212058	-0.000413691865662	-1.68310299366e-05	-0.120700236146	-0.0501781237232	-0.00259171343613	1.28554969399e-11	1.9944607095e-05	100.0
-3.45430045596e-05	0.00197164231656	-0.000429568063484	-0.00391993158764	0.243904395734	-0.0500424856994	1.28554969399e-11	1.9944607095e-05	100.0
0.00036021381559	-0.00207260793886	0.000326801406967	0.0419312213393	-0.25680034727	0.0378495966398	1.28512021806e-11	1.9937944008e-05	100.0
0.000444820829866	-0.00150780068255	0.000397263783408	0.0530185580535	-0.185903763728	0.0470395665818	1.28512021806e-11	1.9937944008e-05	100.0
-0.000968580412956	-0.00232955658553	0.000520751620183	-0.115067144894	-0.284321119519	0.0606263699235	1.2838765483e-11	1.9918649146e-05	100.0
-0.000494257330756	0.000897541448496	-0.000238944971294	-0.0593245078853	0.110814512791	-0.0292613583429	1.2838765483e-11	1.9918649146e-05	100.0
0.00131245116693	0.00235034274308	0.00115271376185	0.157555749585	0.284474102209	0.1366248908	1.2838765483e-11	1.9918649146e-05	100.0
0.00142362189243	0.00186055773941	-0.000245146830723	0.171298995355	0.226413083138	-0.0287226789203	1.2838765483e-11	1.9918649146e-05	100.0
-0.000649432137339	0.000432720996743	-0.000949335437633	-0.0784138573904	0.0530855395474	-0.113422267947	1.2838765483e-11	1.9918649146e-05	100.0
-0.00126165869118	-0.00019059068429	-0.00130685714579	-0.152715586093	-0.0230676839769	-0.156671934768	1.2838765483e-11	1.9918649146e-05	100.0
0.00201199075402	0.00276146411688	-0.000664131274537	0.242195591202	0.333282941177	-0.0786906431285	1.2838765483e-11	1.9918649146e-05	100.0
-0.000332347096763	0.00174689727425	-0.00146810003633	-0.039882089824	0.212755767577	-0.174571325884	1.2838765483e-11	1.9918649146e-05	100.0
-0.000945332908271	0.000968474171671	-0.00105405103316	-0.114199886376	0.118105610791	-0.125189835309	1.2838765483e-11	1.9918649146e-05	100.0
0.000545187655569	-9.87075708291e-05	-0.000806267001098	0.0656370803247	-0.0124932865496	-0.0968596626921	1.28369399589e-11	1.9915816944e-05	100.0
0.000299188554313	-0.00295462153426	0.000261629777408	0.0261816645419	-0.366772321661	0.0185352765905	1.28226877951e-11	1.9893705484e-05	100.0
0.000257114252315	-0.00251800983789	0.00066971203675	0.0292376422511	-0.310445514337	0.0749714778252	1.28226877951e-11	1.9893705484e-05	100.0
4.32501780722e-05	-0.00236614778595	0.0013297321403	0.0048981235514	-0.288340591686	0.156500035888	1.28226877951e-11	1.9893705484e-05	100.0
0.000354837163414	-0.001915334893	0.000635655568245	0.0418849676799	-0.23598567379	0.0741966999721	1.28226877951e-11	1.9893705484e-05	100.0
0.000664013788968	0.00148408253588	0.000948748357018	0.0800636124328	0.18112471527	0.113001182067	1.28226877951e-11	1.9893705484e-05	100.0
-0.000234084915308	-0.000541865949841	0.00174851405796	-0.0284669309197	-0.0660793348661	0.210130103414	1.28226877951e-11	1.9893705484e-05	100.0
0.000430136821379	0.00112426858372	-7.67352966943e-05	0.0515742370114	0.137570756941	-0.00917957404755	1.28226877951e-11	1.9893705484e-05	100.0
0.000279821721533	0.00181401446451	0.00018565563747	0.0328594014101	0.223532042441	0.0220180341659	1.28226877951e-11	1.9893705484e-05	100.0
-0.00110161334963	-0.00356547616035	0.000238299265125	-0.129347112887	-0.428776442371	0.026431577729	1.28226877951e-11	1.9893705484e-05	100.0
0.000259046128088	-0.00221609133004	-0.000671050390893	0.0300651369311	-0.273459841312	-0.0775584887363	1.28226877951e-11	1.9893705484e-05	100.0
7.01118496735e-05	-0.000809148662167	-0.00110611888776	0.00817179909332	-0.0992243916254	-0.132061072963	1.28226877951e-11	1.9893705484e-05	100.0
0.000458930709934	-0.00257884960337	-0.000510198684245	0.0520453978434	-0.318282808906	-0.0556182531686	1.28226877951e-11	1.9893705484e-05	100.0
-0.000134387375261	-0.00233675321055	-0.00104094690186	-0.01617165755	-0.285926073416	-0.121172952931	1.28226877951e-11	1.9893705484e-05	100.0
0.00126715839445	0.00358015923231	0.000466579100708	0.150461209161	0.4297856509	0.0544513884779	1.28220541421e-11	1.9892722406e-05	100.0
0.000168533267185	-0.000921672902661	0.000749802068272	0.0201055243044	-0.11341844868	0.0893927253261	1.28084507184e-11	1.9871617431e-05	100.0
0.00140250428317	0.00137405742674	-0.00120615609611	0.169683143956	0.167149447255	-0.144927177309	1.28084507184e-11	1.9871617431e-05	100.0
-0.000742223820035	-0.0028597408608	0.000396704731139	-0.0836233813297	-0.348598333291	0.04425271202	1.28084507184e-11	1.9871617431e-05	100.0
-0.000182426208283	-0.00300654522525	-0.00123978965658	-0.0212530537054	-0.363952988624	-0.14383017104	1.28084507184e-11	1.9871617431e-05	100.0
0.00158870107822	0.00334598473112	-1.9641001415e-05	0.189487929897	0.402493086957	-0.00354251336936	1.28053578882e-11	1.9866819072e-05	100.0
-0.000566291973519	-0.002640874738	-0.000144520354734	-0.0618697263805	-0.325744296673	-0.0152411648769	1.28053578882e-11	1.9866819072e-05	100.0
-0.00206754455242	-0.000115807116759	-0.000584660128461	-0.250406485235	-0.013303479184	-0.0701958185588	1.28053578882e-11	1.9866819072e-05	100.0
0.000310483775475	-0.00247466236704	0.000118638241767	0.033820655119	-0.309876483304	0.012555124975	1.27942236996e-11	1.9849544982e-05	100.0
0.00102523500082	-0.00079811567699	0.000347330321694	0.123697593615	-0.098377091053	0.0415447559531	1.27942236996e-11	1.9849544982e-05	100.0
0.000489209125688	0.00102733332414	0.00144772474887	0.0590693242387	0.125023951953	0.173583493889	1.27942236996e-11	1.9849544982e-05	100.0
-0.000529826907677	-0.0026151002799	0.00136350042996	-0.0632453656358	-0.31786302326	0.160913681966	1.27942236996e-11	1.9849544982e-05	100.0
0.000657989457994	-0.00103014544391	-0.000910183299019	0.0792246172962	-0.126478538485	-0.108662899216	1.27942236996e-11	1.9849544982e-05	100.0
0.000479549874469	-0.000309290470182	-0.000827001561393	0.0577420476398	-0.0381096467389	-0.0984984603864	1.27942236996e-11	1.9849544982e-05	100.0
0.00115256346988	0.00127979123054	-0.00161953940117	0.139362494164	0.15543155816	-0.194367956628	1.27942236996e-11	1.9849544982e-05	100.0
0.00110782308461	0.000592639297646	-0.00129998761914	0.134156934531	0.0719395113467	-0.156232819447	1.27942236996e-11	1.9849544982e-05	100.0
-0.00098969399656	-0.0015094565961	-0.000186688224674	-0.119069252946	-0.184205295675	-0.0219688506532	1.27942236996e-11	1.9849544982e-05	100.0
-0.00113164338	-0.00344391736245	0.000288358975754	-0.132676604981	-0.413457572534	0.0336398658043	1.27942236996e-11	1.9849544982e-05	100.0
0.000236100293719	-0.00258397601304	-0.000761790062029	0.0269742682034	-0.317451367912	-0.0854964978685	1.27942236996e-11	1.9849544982e-05	100.0
0.000378828719392	-0.00242970862198	-0.00169187346622	0.0454274746546	-0.295410152487	-0.20114416158	1.27942236996e-11	1.9849544982e-05	100.0
-7.58560685717e-05	-0.00239671830342	-0.00206922613164	-0.0091455480303	-0.290711132695	-0.247040479307	1.27942236996e-11	1.9849544982e-05	100.0
-0.000415787556213	-0.00253175759707	-0.000704849954993	-0.0477748260674	-0.309110251155	-0.0788445626856	1.27942236996e-11	1.9849544982e-05	100.0
-0.00149706038877	-0.00337566674898	-0.00054167964749	-0.1786719308	-0.406412649546	-0.0633100922246	1.27942236996e-11	1.9849544982e-05	100.0
3.63525236499e-05	0.000902766776613	0.00144092501706	0.00442911959842	0.109973260188	0.172385338643	1.27886817503e-11	1.9840946947e-05	100.0
-0.000230712325493	0.00222257292523	7.49046162594e-05	-0.0262977171066	0.277095175113	0.00842082889469	1.27886817503e-11	1.9840946947e-05	100.0
-0.000949523154877	-0.00108789967503	-0.000508304685329	-0.114873645199	-0.133107114824	-0.0602361095931	1.27886817503e-11	1.9840946947e-05	100.0
-0.000361189129472	0.00198857365735	-0.00047170751165	-0.0425849915372	0.245248543107	-0.0540357431041	1.27886817503e-11	1.9840946947e-05	100.0
-0.000336194811294	0.00244814870564	-0.000377217369411	-0.0381353434771	0.303231751645	-0.0396896695599	1.27886817503e-11	1.9840946947e-05	100.0
0.000275691596257	-0.00281244628892	-1.45544267001e-05	0.0232975241116	-0.356849969625	-0.00112302014025	1.27800117678e-11	1.9827495939e-05	100.0
0.00056214217281	-0.000309082835007	7.92738901464e-06	0.0675900770524	-0.0383869858938	0.00129230116396	1.27800117678e-11	1.9827495939e-05	100.0
0.000334944097135	0.00239942234245	0.000303890004057	0.0369615648628	0.297057403245	0.0335065456647	1.27800117678e-11	1.9827495939e-05	100.0
-0.00116427933001	-0.00205530451036	0.00133308213858	-0.140393394394	-0.249646191232	0.158973311029	1.27800117678e-11	1.9827495939e-05	100.0
0.000244009163447	-0.0028007608637	0.0001151993325	0.0207097255662	-0.355234088051	0.00883854112794	1.2765804865e-11	1.9805454699e-05	100.0
0.000707083325151	-0.000990425707443	0.000375977361	0.0850567124177	-0.121992708714	0.0446474032808	1.2765804865e-11	1.9805454699e-05	100.0
4.64571861129e-05	-0.000697795155516	0.00123697740987	0.00528675768666	-0.0856849273472	0.148557604349	1.2765804865e-11	1.9805454699e-05	100.0
-0.000283122277696	-0.00305365408413	0.000440777528901	-0.0269569538151	-0.369895522512	0.0390181186535	1.2765804865e-11	1.9805454699e-05	100.0
2.7024185139e-05	0.00303672447645	0.00112055254273	0.00308761617316	0.367557080714	0.128408743786	1.27553747353e-11	1.9789272918e-05	100.0
-0.000228058143384	0.00211976820089	0.00241864755967	-0.0273898632791	0.257194442806	0.290112867903	1.27553747353e-11	1.9789272918e-05	100.0
-0.000149455678282	0.00197966607689	0.000503775655792	-0.0174374405851	0.244393182255	0.0580778216578	1.27553747353e-11	1.9789272918e-05	100.0
-0.000686397250372	0.00221760991001	0.0022827997969	-0.0828768156193	0.268984104156	0.273822366216	1.27553747353e-11	1.9789272918e-05	100.0
-0.000127017044561	0.00232789471107	0.000193465764429	-0.0140565616242	0.290895966032	0.0211090026497	1.27553747353e-11	1.9789272918e-05	100.0
0.00111740529687	0.00158514363988	-0.000547075190362	0.134593132683	0.193535624806	-0.0654058958326	1.27553747353e-11	1.9789272918e-05	100.0
-0.000200810495914	0.00236062707128	-0.000349754312559	-0.022608656077	0.293779711146	-0.0381614729977	1.27553747353e-11	1.9789272918e-05	100.0
0.0019058325883	0.00334196110319	-0.000794812310253	0.22919651412	0.402791841474	-0.0941460423313	1.27553747353e-11	1.9789272918e-05	100.0
-0.000636002618285	-0.00107790145746	0.00158248339246	-0.0771559174964	-0.131425569019	0.19007505514	1.27387488873e-11	1.9763478816e-05	100.0
-0.00030876307446	0.00193621623961	-0.000148951514081	-0.0362628082273	0.239944346526	-0.0172155079748	1.27387488873e-11	1.9763478816e-05	100.0
0.000889760202583	0.00337253014919	-0.000131418568105	0.101203626073	0.405228335113	-0.0137914878922	1.27387488873e-11	1.9763478816e-05	100.0
-0.00011150084552	0.000727318746723	-0.00169349445232	-0.0133735314223	0.0884663943706	-0.203265851725	1.27387488873e-11	1.9763478816e-05	100.0
-0.000328949253714	0.00182791633264	-0.000789511986015	-0.0393445039365	0.224237091044	-0.0925008671323	1.27387488873e-11	1.9763478816e-05	100.0
0.000217649018824	-0.00296908422534	0.000594150608342	0.023366609555	-0.362588643266	0.0597080599971	1.27374363204e-11	1.9761442439e-05	100.0
0.000598494590665	-0.000977319485671	0.00143300633055	0.0721356654824	-0.119425594777	0.171438399504	1.27374363204e-11	1.9761442439e-05	100.0
-9.97001443885e-05	-0.00234001841973	0.0016200393875	-0.0118775704392	-0.284416242159	0.192092463247	1.27374363204e-11	1.9761442439e-05	100.0
1.45724609e-05	0.002433042159	0.00030038687447	0.000426667743264	0.30294566517	0.0311033026576	1.27374363204e-11	1.9761442439e-05	100.0
-0.000370198766599	-0.00183135021086	0.00119515944721	-0.0445552252054	-0.223602404948	0.141888334455	1.27374363204e-11	1.9761442439e-05	100.0
0.000849670936326	-9.58547876377e-06	-0.000324390830083	0.102476921998	-0.00176996201405	-0.0386899391537	1.27374363204e-11	1.9761442439e-05	100.0
-2.00853961025e-05	0.00251112796628	0.000155351106585	-0.00321831119694	0.315827276173	0.0148123437708	1.27374363204e-11	1.9761442439e-05	100.0
0.00119880724612	6.83624045526e-05	-0.00162138611108	0.145184660371	0.00758081323416	-0.194635046777	1.27374363204e-11	1.9761442439e-05	100.0
-0.000824050353144	-0.00345836541723	-0.000202885704389	-0.0931686675115	-0.41438400573	-0.0228221629756	1.27374363204e-11	1.9761442439e-05	100.0
-0.000400196362641	-0.00141361367157	-0.0019063223438	-0.0484668358048	-0.171702766553	-0.228254995219	1.27374363204e-11	1.9761442439e-05	100.0
-0.000941696239263	-0.00136404067234	0.00113568109215	-0.113599215735	-0.166050943051	0.13552380925	1.27221381263e-11	1.973770812e-05	100.0
-0.00108162840984	-0.000539339200588	0.0010433174463	-0.130855707968	-0.0652417265819	0.124835240311	1.27221381263e-11	1.973770812e-05	100.0
0.000408749201261	-0.00196815734711	-0.000303890709689	0.0479158078035	-0.243564322479	-0.0353505565233	1.27091029787e-11	1.9717484794e-05	100.0
0.000724646182681	-0.00125781231865	-0.000357435492255	0.0870095738497	-0.154793678979	-0.0423316444294	1.27091029787e-11	1.9717484794e-05	100.0
0.000536456580267	0.000511113932787	3.93918447631e-05	0.0647749057043	0.0622591836589	0.00456830344058	1.27091029787e-11	1.9717484794e-05	100.0
-0.000970867256268	-0.000218802417507	-0.000127053687276	-0.117810797805	-0.0267552505074	-0.0152984861397	1.27091029787e-11	1.9717484794e-05	100.0
0.0004196093198	-0.0027140532793	0.000776349603083	0.0483087668367	-0.332482091418	0.0870186678139	1.26949564238e-11	1.9695537181e-05	100.0
0.000279209180642	-0.00112504807249	0.0026996634303	0.033734243067	-0.13667039116	0.324800357897	1.26949564238e-11	1.9695537181e-05	100.0
-8.96144522664e-05	-0.00252057782277	0.00127173172171	-0.0104866728729	-0.306245140044	0.14858529792	1.26949564238e-11	1.9695537181e-05	100.0
0.00119985741114	0.00017585566773	0.000241067159969	0.145076903753	0.0207808307803	0.0288861491008	1.26949564238e-11	1.9695537181e-05	100.0
0.00133354036542	0.000846985656929	-0.000160593625221	0.161052322434	0.102715294665	-0.018986445005	1.26949564238e-11	1.9695537181e-05	100.0
0.000680613368784	0.00198494656315	-2.51785035146e-05	0.0802964276346	0.243665967182	-0.00329899058763	1.26949564238e-11	1.9695537181e-05	100.0
0.000185624914767	0.0010210500954	0.000325149817744	0.0223741061605	0.125311058388	0.0383918308494	1.26949564238e-11	1.9695537181e-05	100.0
0.000620129168169	-0.00150600358278	-0.000878237976485	0.0743565895957	-0.184888706626	-0.104283583044	1.26949564238e-11	1.9695537181e-05	100.0
0.000507165277186	-0.00234413085253	-0.000978600000822	0.0599193744173	-0.287244616104	-0.114191989443	1.26949564238e-11	1.9695537181e-05	100.0
-0.000311610776202	0.00161697255568	0.00133686995098	-0.0371913058146	0.197400273521	0.158999527047	1.26889618652e-11	1.9686236948e-05	100.0
-0.00058536966328	0.001479484187	0.000964284908635	-0.0703723639915	0.180852338432	0.114180817902	1.26889618652e-11	1.9686236948e-05	100.0
0.00187079177839	0.00190613797567	0.00185759206645	0.22623246756	0.230336936769	0.222676107844	1.26889618652e-11	1.9686236948e-05	100.0
-0.00223756975927	-0.00138562798214	0.000386701506153	-0.27097660498	-0.167845016043	0.0464159487186	1.26889618652e-11	1.9686236948e-05	100.0
-0.00192521068604	-0.000573852579795	-0.000475748956753	-0.233025594169	-0.0692093577047	-0.057178959959	1.26889618652e-11	1.9686236948e-05	100.0
-0.000281226564831	-0.000939442444083	-0.00199110090836	-0.0340857971096	-0.114196103001	-0.23981423693	1.26889618652e-11	1.9686236948e-05	100.0
-0.000174082748987	-0.000197045076117	-0.000847877222092	-0.0206838217425	-0.0237486657469	-0.100731651758	1.26889618652e-11	1.9686236948e-05	100.0
-4.86030281559e-05	0.00223942052759	-0.00192305078444	-0.00564438356449	0.271973281038	-0.229565446455	1.26889618652e-11	1.9686236948e-05	100.0
-0.000694007434626	0.000983348136385	-0.00174327677025	-0.0836404496365	0.119792730978	-0.208905192988	1.26889618652e-11	1.9686236948e-05	100.0
0.00113319635043	0.0014243793367	-0.00142061646817	0.136911275104	0.172667043221	-0.170181861389	1.26808199269e-11	1.9673605172e-05	100.0
-0.00143116193164	-0.00343914204676	0.000426281762859	-0.17041374955	-0.413559466903	0.0500075238286	1.26808199269e-11	1.9673605172e-05	100.0
0.000168201055792	-0.0027941912099	-0.0011799962219	0.0199596011245	-0.339461301212	-0.136414267503	1.26808199269e-11	1.9673605172e-05	100.0
0.000305058622014	-0.00273392150046	0.000813321081849	0.0351667557333	-0.334116823845	0.0905933866236	1.2652572078e-11	1.9629780164e-05	100.0
0.0005298081188	-0.00195870017547	0.00100545733048	0.0631858479	-0.239971921706	0.118455665001	1.2652572078e-11	1.9629780164e-05	100.0
7.52257440052e-06	-0.00204689446853	0.00141411871031	0.000647785506109	-0.249649862097	0.167668611187	1.2652572078e-11	1.9629780164e-05	100.0
0.000455843348511	-0.00104086415924	0.00123367535297	0.0548054556051	-0.127534391463	0.147639397384	1.2652572078e-11	1.9629780164e-05	100.0
-0.00178874780081	-0.00280776295033	0.000632940362292	-0.214673698741	-0.338760506546	0.0748343862831	1.2652572078e-11	1.9629780164e-05	100.0
0.000706386665636	-0.000958309912362	-0.00147856738064	0.0852229722606	-0.117242250185	-0.177124862113	1.2652572078e-11	1.9629780164e-05	100.0
0.000927236676438	-0.000379768399137	-0.00204610488791	0.112200830665	-0.0463647455405	-0.245698622732	1.2652572078e-11	1.9629780164e-05	100.0
-0.00151092726455	-0.00297198653303	-0.00015473415011	-0.179804786565	-0.358409011555	-0.0177134887928	1.2652572078e-11	1.9629780164e-05	100.0
7.49714041017e-05	-0.000685891190562	0.00222676615985	0.00910780776783	-0.0834194094122	0.267786156371	1.26384657551e-11	1.9607894968e-05	100.0
0.000479706798153	-0.00185935848932	-0.000449443349938	0.0567483213901	-0.229454084244	-0.0524487603142	1.26384657551e-11	1.9607894968e-05	100.0
0.000615059360387	-0.000143525141184	0.00098505238484	0.0742263520125	-0.0179238442071	0.117843685024	1.26243694901e-11	1.9586025377e-05	100.0
0.000946962447374	0.000411245262724	0.00176895938393	0.114676622688	0.0494758268919	0.212704838852	1.26243694901e-11	1.9586025377e-05	100.0
0.00119716794652	0.000437187594128	0.000656576647959	0.144670865076	0.052766005215	0.0792534738217	1.26243694901e-11	1.9586025377e-05	100.0
0.000849407190994	0.00128689161423	0.0015880618873	0.102674157979	0.156167801206	0.190663622285	1.26243694901e-11	1.9586025377e-05	100.0
-0.000954903130115	-0.00312824263547	0.000661065235697	-0.111790480098	-0.378778022928	0.0754257594703	1.26243694901e-11	1.9586025377e-05	100.0
0.000433845837613	-0.00247843624281	-0.000140679497225	0.0482167540814	-0.309059081852	-0.0149467129572	1.26243694901e-11	1.9586025377e-05	100.0
0.000992308660714	-0.000807871160495	-0.000434282560387	0.119713312878	-0.0995903300073	-0.0517731025204	1.26243694901e-11	1.9586025377e-05	100.0
0.00028372034677	0.00241053903216	0.00019863677188	0.0307384555762	0.299809836964	0.0223814566461	1.26243694901e-11	1.9586025377e-05	100.0
-0.000255123235654	-0.000682805679266	0.000109868588303	-0.0309392636888	-0.083804043658	0.0130569454226	1.26243694901e-11	1.9586025377e-05	100.0
1.1457018799e-05	-0.00314656543143	-0.00052347855024	0.00176385624999	-0.378690305317	-0.0471539568602	1.26243694901e-11	1.9586025377e-05	100.0
0.000922415830615	0.00140903486135	0.00204860029676	0.111826447714	0.170942643973	0.24559978666	1.26228004446e-11	1.9583591088e-05	100.0
-0.000914174206157	-0.000978537346789	0.00170628756135	-0.110722451996	-0.118862593516	0.204805903171	1.26228004446e-11	1.9583591088e-05	100.0
-0.00138720266631	0.00060909192384	0.000276550211801	-0.1677420474	0.0752101411229	0.0323340580792	1.26228004446e-11	1.9583591088e-05	100.0
-0.000703065398778	0.00191245547127	0.000174333360087	-0.083631547901	0.236155270048	0.0196603475663	1.26228004446e-11	1.9583591088e-05	100.0
0.00203017093732	0.00305328040241	0.00114806395409	0.244929535998	0.368407512896	0.137125702004	1.26228004446e-11	1.9583591088e-05	100.0
-0.00206967411355	-0.000352495947584	-0.00156785264638	-0.2508188277	-0.0421587215135	-0.188964744461	1.26228004446e-11	1.9583591088e-05	100.0
-0.000405012032701	0.00276878443738	-0.00153601456461	-0.0484791702087	0.335474537894	-0.181067798664	1.26228004446e-11	1.9583591088e-05	100.0
0.00127647137835	0.00298719822287	0.00149802112317	0.15341661994	0.360853049275	0.178145805872	1.26063003214e-11	1.955799204e-05	100.0
-0.000575130032589	0.00103650130643	0.00165936837188	-0.0693878251094	0.126442349791	0.199249916614	1.26063003214e-11	1.955799204e-05	100.0
-0.00118089180443	-0.000689461767453	0.000480096460237	-0.142593847341	-0.0838471282707	0.0572494446849	1.26063003214e-11	1.955799204e-05	100.0
-4.76757118175e-05	0.00031081492059	-0.000335039883933	-0.00596268720034	0.0380082139015	-0.0405778045033	1.26063003214e-11	1.955799204e-05	100.0
-0.00071511029428	-0.00197715087792	-0.000318935297927	-0.0849227241361	-0.242442296388	-0.0368266680496	1.26063003214e-11	1.955799204e-05	100.0
-0.00093474010115	0.000362055209186	-0.00046415881164	-0.112939581172	0.0445892899595	-0.0547746471773	1.26063003214e-11	1.955799204e-05	100.0
0.0015251032192	0.0039715164738	-0.000769885027381	0.183110969009	0.477610268882	-0.0911794585615	1.26063003214e-11	1.955799204e-05	100.0
0.0016455946622	0.00276197679905	-0.00103731717968	0.197811183152	0.333686042497	-0.122847671088	1.26063003214e-11	1.955799204e-05	100.0
-0.000411011943207	0.00244836842674	-0.000685710824091	-0.0476530515384	0.300837857298	-0.0771627691723	1.26063003214e-11	1.955799204e-05	100.0
0.000996769676682	0.000285897331057	0.000890721862661	0.120463239565	0.034414687178	0.107173455934	1.25962021051e-11	1.9542325205e-05	100.0
0.00054091917186	0.00039987165306	0.00243714994086	0.0654580445162	0.048312622961	0.293550135121	1.25962021051e-11	1.9542325205e-05	100.0
-0.000270675084174	-0.0017343145233	0.00172798940727	-0.0326373639363	-0.210847197042	0.20628088065	1.25962021051e-11	1.9542325205e-05	100.0
0.00043677953449	-0.00243843766989	-0.000252431963131	0.0492651310067	-0.303351792432	-0.0273665134514	1.25962021051e-11	1.9542325205e-05	100.0
0.000808696655934	-0.00140920348989	-0.000580268686578	0.0970462663585	-0.173330518253	-0.068774545324	1.25962021051e-11	1.9542325205e-05	100.0
0.00122663400803	0.00054030908228	-0.00133056946806	0.148279471382	0.0651269172961	-0.159942537098	1.25962021051e-11	1.9542325205e-05	100.0
0.000281714899883	-0.00285251590476	-0.00102017217415	0.0329479047003	-0.347281451787	-0.116385211974	1.25962021051e-11	1.9542325205e-05	100.0
-0.000317555289555	0.00282106331223	0.000250436750073	-0.0304649824899	0.351879498527	0.0203168244514	1.25898102561e-11	1.9532408598e-05	100.0
-0.000339149061719	0.00114767734498	0.00181348940871	-0.0407784728237	0.139596823627	0.216941736075	1.25898102561e-11	1.9532408598e-05	100.0
-0.000366805964191	0.00201412651918	0.000394901943568	-0.0430880112281	0.248564741741	0.0443349446299	1.25898102561e-11	1.9532408598e-05	100.0
-0.00113255750966	-0.00179379231238	0.00107142877181	-0.136484933936	-0.218257642197	0.127952294901	1.25898102561e-11	1.9532408598e-05	100.0
-0.00134503822393	0.000152622177249	-0.000444476196906	-0.162817847691	0.0191139291309	-0.0542721307956	1.25898102561e-11	1.9532408598e-05	100.0
0.000416230996575	0.0020868340499	0.0023403903811	0.0504194049841	0.253023030161	0.281133519103	1.25898102561e-11	1.9532408598e-05	100.0
-0.000629132876368	-0.000903904636324	0.000932919087598	-0.0761254054571	-0.110146507265	0.111776984499	1.25898102561e-11	1.9532408598e-05	100.0
-0.00164818210043	0.000659138099083	-0.000257782191174	-0.199295958714	0.0812973793348	-0.0310914154816	1.25898102561e-11	1.9532408598e-05	100.0
-0.000258580613113	0.00268594147229	-4.70976655759e-05	-0.0249251818981	0.339909388939	-0.00427948085156	1.25898102561e-11	1.9532408598e-05	100.0
-0.000840814513946	-0.000437428008091	0.00174416146546	-0.10180509337	-0.0531547049663	0.210288763058	1.25898102561e-11	1.9532408598e-05	100.0
-0.000118558351499	0.00148364728784	-0.000453130876555	-0.0140555052994	0.182800949116	-0.0540238364636	1.25898102561e-11	1.9532408598e-05	100.0
0.00138820120272	0.00287177836489	0.000289310933936	0.164969848178	0.347997208415	0.0347311637244	1.25898102561e-11	1.9532408598e-05	100.0
4.31383689113e-05	-0.00027831487897	-0.00318453483991	0.00532078994916	-0.0337111895489	-0.384166041933	1.25898102561e-11	1.9532408598e-05	100.0
-0.00109469257994	-0.000107851322118	-0.00240606302353	-0.132571150887	-0.0128283856965	-0.289673234011	1.25898102561e-11	1.9532408598e-05	100.0
0.00100525241894	0.00364067588463	-0.000182479469228	0.117619263988	0.436365840414	-0.0212443619433	1.25898102561e-11	1.9532408598e-05	100.0
2.28482954738e-05	0.00016494701348	0.00048406093903	0.00265619278526	0.0201409170635	0.0580482083908	1.25733352779e-11	1.9506848561e-05	100.0
-0.000846013745368	-0.00156330807956	-0.000872573839983	-0.10187356322	-0.190626599568	-0.104156590571	1.25733352779e-11	1.9506848561e-05	100.0
-0.000882485567356	-0.00144903374865	-0.00107298326894	-0.106239737817	-0.176026397344	-0.12811225155	1.25733352779e-11	1.9506848561e-05	100.0
-0.000191526479648	0.00250954809733	-0.000121301291964	-0.020342422198	0.315504520796	-0.0113765240067	1.25733352779e-11	1.9506848561e-05	100.0
0.000838909990448	0.00354767003973	-0.000366296502601	0.0967939785384	0.424730344263	-0.0404505463634	1.25733352779e-11	1.9506848561e-05	100.0
0.000228122328936	0.00279414672063	-0.00174013652722	0.0274378240207	0.338256514115	-0.206270531768	1.25733352779e-11	1.9506848561e-05	100.0
-0.000536929269388	0.00259795255796	-0.00146723621575	-0.0641369159339	0.315243280116	-0.17283140469	1.25733352779e-11	1.9506848561e-05	100.0
0.000644027000225	-0.000514064633314	0.002378811866	0.0779720203055	-0.062722711807	0.286049593898	1.25680749521e-11	1.9498687451e-05	100.0
-7.22115183154e-05	-0.0030168283172	0.000832723269436	-0.00777400383647	-0.365550904529	0.091034135716	1.25680749521e-11	1.9498687451e-05	100.0
-0.00125110582393	-0.00263124807778	0.00145509727178	-0.1506759353	-0.319004811459	0.173484313493	1.25680749521e-11	1.9498687451e-05	100.0
0.00101448288528	0.000199747956994	-1.19255530453e-05	0.122510683948	0.0236164554777	-0.00122768578655	1.25680749521e-11	1.9498687451e-05	100.0
-0.00185585726087	-0.00264450557176	0.000702264552219	-0.223403505386	-0.32011953504	0.0829187263027	1.25680749521e-11	1.9498687451e-05	100.0
9.27610716186e-05	0.00285822826073	-0.000466005885537	0.00727902974213	0.353344905073	-0.0446514900849	1.25680749521e-11	1.9498687451e-05	100.0
-0.000268270186943	-0.00156897012572	0.00102630875748	-0.0321716936973	-0.191921558526	0.122082224637	1.25680749521e-11	1.9498687451e-05	100.0
0.000448911588499	0.00127137967232	-0.00127715433967	0.054098724026	0.154883634155	-0.153113275776	1.25680749521e-11	1.9498687451e-05	100.0
0.000254405711966	-6.88600342826e-05	-0.000634461934758	0.030729464959	-0.00879244655407	-0.0755407765526	1.25680749521e-11	1.9498687451e-05	100.0
-0.00209479059457	-0.00242937935546	-0.00109977900234	-0.252957062823	-0.294058363195	-0.130940930778	1.25680749521e-11	1.9498687451e-05	100.0
-0.00183161633416	-0.00256566815272	-0.000592373200764	-0.220208500807	-0.310372811291	-0.0694733036683	1.25680749521e-11	1.9498687451e-05	100.0
-0.00127811052674	-0.000926225023402	0.0012372591235	-0.154368015579	-0.112355353888	0.147756216741	1.25568753866e-11	1.9481311932e-05	100.0
-0.00132536584132	-0.000278269009774	0.00144834291582	-0.160334419261	-0.0335470851434	0.173814999641	1.25568753866e-11	1.9481311932e-05	100.0
-0.00107630471608	-0.000984909081062	-0.00085777665905	-0.129793153818	-0.119463568915	-0.102929217074	1.25568753866e-11	1.9481311932e-05	100.0
0.00028877969852	0.00295990131509	-0.00124032791511	0.0340506553582	0.357458279083	-0.144000666204	1.25568753866e-11	1.9481311932e-05	100.0
0.000449859176899	-0.00184231539808	0.000445591121726	0.0532187831503	-0.227345247014	0.0521484487468	1.2539977973e-11	1.945509651e-05	100.0
-0.000438665494007	-0.00106384594731	0.002031785673	-0.0530989104327	-0.129242141109	0.243697031164	1.2539977973e-11	1.945509651e-05	100.0
0.00121830303291	-0.000419101844536	-0.00107837896232	0.147250883376	-0.0517858556765	-0.129004884553	1.2539977973e-11	1.945509651e-05	100.0
0.000624312190327	0.00202131988741	-0.00097918748766	0.0746223317569	0.246707511818	-0.115594128797	1.2539977973e-11	1.945509651e-05	100.0
-0.000935804040759	-0.0028329332378	-0.000157760576334	-0.107334706069	-0.343734914209	-0.018235237267	1.2539977973e-11	1.945509651e-05	100.0
0.000316154307128	-0.00198218422176	-0.00130430128622	0.0377621106556	-0.241993658483	-0.154353533925	1.2539977973e-11	1.945509651e-05	100.0
-0.00111472622946	-0.00217367944663	-0.00181743878457	-0.134393036946	-0.263376634436	-0.216929572148	1.2539977973e-11	1.945509651e-05	100.0
-0.000848678219389	-0.00330765560522	-0.000448680869319	-0.0972978364959	-0.396805207374	-0.0503110808816	1.2539977973e-11	1.945509651e-05	100.0
0.00103359198755	0.00284693030213	0.00188574021341	0.124532004084	0.344073647923	0.224831676637	1.2523995836e-11	1.943030109e-05	100.0
-0.000466702107278	0.00251031321898	0.000131589790549	-0.0520314641508	0.312980353389	0.0137136545493	1.2523995836e-11	1.943030109e-05	100.0
-0.000978332752098	-0.00168880558131	6.10798595384e-05	-0.117246480141	-0.206253960247	0.00741469897236	1.2523995836e-11	1.943030109e-05	100.0
-0.00078700245551	0.000962169310943	-0.000525550487832	-0.0949219990925	0.118219129874	-0.0624462735156	1.2523995836e-11	1.943030109e-05	100.0
0.00124311832167	0.0034531682109	-0.000928714589719	0.148361977245	0.415992151184	-0.108776480134	1.2523995836e-11	1.943030109e-05	100.0
-2.31836262092e-05	0.00301779864297	-0.000563523025305	-0.00316092456138	0.367810640205	-0.0540491370206	1.25119212259e-11	1.9411567986e-05	100.0
-0.00157642151487	-0.00312816776108	-7.47889400808e-05	-0.187957440526	-0.377451824857	-0.0094870528546	1.25119212259e-11	1.9411567986e-05	100.0
-0.00037573883568	-0.00270877790983	-0.0016778399029	-0.044894462433	-0.328013326385	-0.198806942473	1.25119212259e-11	1.9411567986e-05	100.0
0.000333814408576	-0.00258955497881	0.000224240657451	0.0356274778928	-0.324017678178	0.0228437088404	1.24979054248e-11	1.938982323e-05	100.0
0.000677977472977	-0.00123303715485	0.000610930006553	0.081427839208	-0.151747789669	0.0727178552603	1.24979054248e-11	1.938982323e-05	100.0
-0.000427924306492	0.00012698603775	0.00203514044147	-0.0519399509344	0.0153704835035	0.244366222901	1.24979054248e-11	1.938982323e-05	100.0
-0.00136936076825	-0.00198168888931	0.00157592342309	-0.165210556526	-0.240327942636	0.187925293695	1.24979054248e-11	1.938982323e-05	100.0
0.00119931520389	0.00215930989892	0.000444491689901	0.143291597442	0.262578587856	0.0523831632622	1.24979054248e-11	1.938982323e-05	100.0
-0.000107891335836	-0.00329312749891	0.000467463499352	-0.00970700434077	-0.3918591169	0.0411389130676	1.24979054248e-11	1.938982323e-05	100.0
0.000352456499503	0.000496939491532	0.00146906889157	0.0427403275312	0.060486131785	0.176438783249	1.24911716043e-11	1.9379376073e-05	100.0
-0.000452689500226	0.00238934740981	-0.000358170563126	-0.0519231611657	0.29672268704	-0.0407509066284	1.24911716043e-11	1.9379376073e-05	100.0
0.000755724981118	0.00356709803364	-0.000153761981219	0.0857930185439	0.42488593655	-0.0173977156223	1.24911716043e-11	1.9379376073e-05	100.0
-0.000210986891794	0.00107696999146	-0.00209263981282	-0.0254685521244	0.131266491193	-0.251218279837	1.24911716043e-11	1.9379376073e-05	100.0
-0.000689127378937	-0.000950351269806	-0.00184509275385	-0.083174219707	-0.115547067422	-0.221371651961	1.24911716043e-11	1.9379376073e-05	100.0
0.00042989240512	-0.00277537361072	0.000452750274901	0.0469642822339	-0.342595755622	0.0466158352589	1.24838996817e-11	1.9368094079e-05	100.0
0.000417447867859	-0.00239592930082	0.00110599174344	0.0494895193459	-0.292655557125	0.129027649397	1.24838996817e-11	1.9368094079e-05	100.0
-0.0004725298951	-0.00325470607617	0.000485248082612	-0.0501381658049	-0.390187912007	0.0497641518546	1.24838996817e-11	1.9368094079e-05	100.0
0.00166740305074	0.000912137902909	-0.000302506287391	0.201522356413	0.110269433474	-0.0360642714951	1.24838996817e-11	1.9368094079e-05	100.0
0.000626787624966	-0.000526295592267	-0.00138393639817	0.0756248030872	-0.0645132622421	-0.165867511177	1.24838996817e-11	1.9368094079e-05	100.0
0.000639771873892	0.00113565977968	-0.00143515949716	0.0772796704336	0.138201930408	-0.172193540979	1.24838996817e-11	1.9368094079e-05	100.0
-0.00155010253391	-0.000516972567505	-0.0012579197915	-0.187702628472	-0.0624743223862	-0.151584404149	1.24838996817e-11	1.9368094079e-05	100.0
0.000698866050638	-0.00188600355794	-0.0013511845068	0.0838427101148	-0.230397341096	-0.160585283389	1.24838996817e-11	1.9368094079e-05	100.0
-0.00116092629559	-0.00211867092618	-0.000932509295335	-0.139427416644	-0.257458505368	-0.109926661838	1.24838996817e-11	1.9368094079e-05	100.0
-0.00197028529645	-0.00295292907548	-0.000591059693485	-0.236915069095	-0.356669231922	-0.0695484867266	1.24838996817e-11	1.9368094079e-05	100.0
0.000379280219067	0.00239517288751	0.00196803393098	0.0458660062591	0.290711926867	0.235645618117	1.24698989675e-11	1.9346372729e-05	100.0
-0.00107992793516	-0.00221765565671	0.0015130251396	-0.129951836752	-0.268725026247	0.180253080629	1.24698989675e-11	1.9346372729e-05	100.0
0.00100688609935	-0.000725989062423	-0.000891544472498	0.121524068587	-0.0893028799343	-0.106748546888	1.24698989675e-11	1.9346372729e-05	100.0
0.000372112660999	-0.00288566108127	-0.000451956902873	0.0394123873985	-0.355225482023	-0.0441967740861	1.24698989675e-11	1.9346372729e-05	100.0
-0.0012893877807	-0.000444166086236	0.00255393767607	-0.15603505118	-0.053673517829	0.307465435895	1.24583976625e-11	1.9328529077e-05	100.0
-0.0012823502036	-5.93551412286e-05	0.00104169791576	-0.155031705411	-0.00675813335061	0.124728064545	1.24583976625e-11	1.9328529077e-05	100.0
-0.000995542959356	-0.00126751127835	-0.00149193497037	-0.120431261166	-0.15404424935	-0.179105295464	1.24583976625e-11	1.9328529077e-05	100.0
-0.00118499960047	-0.00064769878105	-0.00174900450893	-0.143436226976	-0.0780336894576	-0.210280940388	1.24583976625e-11	1.9328529077e-05	100.0
0.000400711513129	0.00194117775708	-0.00245337032962	0.0486434986523	0.235320680934	-0.294368138439	1.24583976625e-11	1.9328529077e-05	100.0
-0.000288624596292	0.00117728195212	-0.0024988714822	-0.0346900351099	0.142953531985	-0.300165957381	1.24583976625e-11	1.9328529077e-05	100.0
0.000388317075552	-0.0028600365602	-5.75897315389e-06	0.035747480568	-0.359345200787	0.000974436230278	1.24559083114e-11	1.9324666984e-05	100.0
0.00122305198974	-2.52223992925e-05	-0.000551237018309	0.147805441508	-0.00382930736267	-0.0658857343509	1.24559083114e-11	1.9324666984e-05	100.0
0.000863172705238	0.00228889651135	-0.000634547106472	0.101977250476	0.279065793591	-0.0742784875153	1.24559083114e-11	1.9324666984e-05	100.0
0.00122192353109	0.00235840877333	-0.000575585155498	0.145705564528	0.28608198232	-0.0680695910208	1.24559083114e-11	1.9324666984e-05	100.0
-0.00051317669075	-0.00283567950095	0.000373142420609	-0.0545630741043	-0.348363045017	0.0396228608325	1.24559083114e-11	1.9324666984e-05	100.0
-0.00198066473074	-0.00321586706474	0.000244992079142	-0.237937643145	-0.387687398574	0.0284826697769	1.24559083114e-11	1.9324666984e-05	100.0
-0.000493384559397	-0.00337028646558	3.96321626087e-06	-0.0473604197309	-0.398462089266	-0.00125797491242	1.24559083114e-11	1.9324666984e-05	100.0
0.00029068861446	-0.00300516666037	-0.000270041727292	0.0245844751215	-0.370756463604	-0.0174690104368	1.24559083114e-11	1.9324666984e-05	100.0
0.000115316111381	-0.00290106964845	-0.000695525355496	0.0128462306922	-0.354301885307	-0.0733717400394	1.24559083114e-11	1.9324666984e-05	100.0
1.22292215788e-05	-0.00293605721141	-0.00071971458301	0.00171709540044	-0.35743561434	-0.0760422069024	1.24559083114e-11	1.9324666984e-05	100.0
-2.88732830353e-05	-0.00308113718747	-0.000825765116656	-0.00270265999661	-0.372385118921	-0.089825760525	1.24559083114e-11	1.9324666984e-05	100.0
-0.000175911841284	0.00266320023678	0.00130832702394	-0.0210086195266	0.322934533058	0.152705188266	1.24420282931e-11	1.9303132888e-05	100.0
-0.000388769449524	0.00256169015987	0.000190773495087	-0.0423876839819	0.319690331293	0.0185491504866	1.24420282931e-11	1.9303132888e-05	100.0
-0.000750550048036	-0.00201335179285	-0.00121685249074	-0.0903705734745	-0.245264013337	-0.144316130777	1.24420282931e-11	1.9303132888e-05	100.0
-0.000700329506227	-0.000314112976516	-0.00133156158612	-0.0846741145337	-0.0379351096546	-0.159549966195	1.24420282931e-11	1.9303132888e-05	100.0
0.000261662603223	4.89507690827e-05	-0.00308045782867	0.0316900681288	0.00564866144784	-0.371387618462	1.24420282931e-11	1.9303132888e-05	100.0
-0.00128284236294	0.000800166987337	-0.00144281275816	-0.155095829748	0.0975322352844	-0.172448111654	1.24420282931e-11	1.9303132888e-05	100.0
0.000456367567891	-0.00239962672015	0.000539410331386	0.0526818343536	-0.296359669228	0.0606692137408	1.24419226843e-11	1.9302969041e-05	100.0
0.000140839709438	-0.00248465162486	0.00185589396648	0.017028045868	-0.301485652531	0.220774930509	1.24419226843e-11	1.9302969041e-05	100.0
0.00121306816428	0.00143054336033	-0.00190511328889	0.146692292338	0.173632256249	-0.228478871177	1.24419226843e-11	1.9302969041e-05	100.0
0.00099924300948	0.00170292536523	0.00135286581943	0.120426899574	0.206654957717	0.162022840334	1.24279471151e-11	1.9281286703e-05	100.0
-0.000749602189558	-0.00115744758725	0.00185777647369	-0.0906054035816	-0.140538066313	0.222740447934	1.24256689817e-11	1.9277752302e-05	100.0
-0.000931547090663	-0.000174327523834	0.000664087648749	-0.112382556636	-0.020782465227	0.0795163664905	1.24256689817e-11	1.9277752302e-05	100.0
-0.000862220242684	-0.00284399532112	-0.00055344290643	-0.10019319682	-0.346014278591	-0.063166536818	1.24256689817e-11	1.9277752302e-05	100.0
-0.000571639424738	-0.00236756116082	-0.00126306615379	-0.0678510301536	-0.288044880764	-0.149671444693	1.24256689817e-11	1.9277752302e-05	100.0
0.000877068345532	0.00287846124758	-0.00219411525909	0.105833450751	0.347935885135	-0.262231477682	1.24256689817e-11	1.9277752302e-05	100.0
-0.000886563258417	0.00234590707152	-0.00153827663217	-0.106451719691	0.285014108331	-0.1823914361	1.24256689817e-11	1.9277752302e-05	100.0
0.000686418658765	0.00219976282223	0.00250994020873	0.0830422081649	0.26635962676	0.300990176304	1.24093247572e-11	1.9252395123e-05	100.0
-0.000400620651682	0.00179467031325	0.000558840851543	-0.0475762045231	0.221145458333	0.0654950211547	1.24093247572e-11	1.9252395123e-05	100.0
0.000556434878655	-0.0024597589743	0.000834568782001	0.0653230773206	-0.301504301192	0.0959496252195	1.24000160928e-11	1.9237953235e-05	100.0
0.000406614628172	-0.00275322929339	0.000235633208929	0.0421803951556	-0.343224324052	0.0219116764172	1.24000160928e-11	1.9237953235e-05	100.0
0.000557481569549	-0.002047627392	0.000813006854716	0.0661644943978	-0.251551408395	0.0951427788712	1.24000160928e-11	1.9237953235e-05	100.0
0.000499245296384	-0.00147479206534	0.00183287912914	0.0601277173812	-0.179971242528	0.21974387914	1.24000160928e-11	1.9237953235e-05	100.0
5.41402720821e-05	-0.00195447859713	0.0023209611317	0.00652939753902	-0.237336582329	0.278189479687	1.24000160928e-11	1.9237953235e-05	100.0
0.000170875085938	-0.00295933057	0.0010503798027	0.0202684240634	-0.35893973089	0.119526646235	1.24000160928e-11	1.9237953235e-05	100.0
0.000975853749368	-0.000318270495597	0.00122660231921	0.117972744673	-0.0393588015668	0.146918457053	1.24000160928e-11	1.9237953235e-05	100.0
0.00125164593429	0.000782840130759	5.09903277908e-05	0.151072960939	0.0945960623847	0.00603381876426	1.24000160928e-11	1.9237953235e-05	100.0
0.000531187393378	0.00296706366904	0.00023170141663	0.0525183437301	0.361695552227	0.0232385063046	1.24000160928e-11	1.9237953235e-05	100.0
-0.000868602646695	-0.00341496929214	0.000260813591727	-0.0993382563223	-0.4093263417	0.0280196736637	1.24000160928e-11	1.9237953235e-05	100.0
0.00149400623675	0.00093285335324	-0.00161406381775	0.180866957577	0.112896524425	-0.193512411981	1.24000160928e-11	1.9237953235e-05	100.0
0.00078451841875	-0.0012621674652	-0.00219700802359	0.0948317415455	-0.153738847492	-0.263572910331	1.24000160928e-11	1.9237953235e-05	100.0
-0.000240129028588	0.00132367747277	0.00250825601464	-0.028841512358	0.160541900947	0.301144004207	1.23929956197e-11	1.9227061351e-05	100.0
-0.000656152525418	0.00173827894296	0.000535102389542	-0.0782237924347	0.213715176285	0.0623135534899	1.23929956197e-11	1.9227061351e-05	100.0
-0.000918118915846	-0.00291677054612	0.000351523487694	-0.105684896745	-0.353962814823	0.039503482064	1.23929956197e-11	1.9227061351e-05	100.0
-0.000957581435883	-0.00123925602612	-0.000514154586433	-0.115132027463	-0.150835017097	-0.0614268001649	1.23929956197e-11	1.9227061351e-05	100.0
0.000431925311481	-0.00268457923626	8.90912178739e-05	0.0452985904952	-0.335885623706	0.00776498069072	1.23721152444e-11	1.919466658e-05	100.0
0.000947158013593	-0.00063183885382	0.000811821454221	0.114312439441	-0.0779488766373	0.0971773874715	1.23721152444e-11	1.919466658e-05	100.0
0.00169881919636	0.00218039836084	0.00141895251468	0.205377306222	0.264375358106	0.169415458038	1.23721152444e-11	1.919466658e-05	100.0
-0.00124531978068	-0.00248329208144	0.00159334487941	-0.149810796982	-0.300670528374	0.189576918232	1.23721152444e-11	1.919466658e-05	100.0
0.00134170585979	0.00056620095558	0.000150292220784	0.162038384525	0.0681830045976	0.0176738715727	1.23721152444e-11	1.919466658e-05	100.0
0.000675012951304	0.00254538312296	0.00123699074635	0.0803157568191	0.308954853659	0.146512365217	1.23721152444e-11	1.919466658e-05	100.0
-0.00136795138054	-0.00308733278855	0.000958123296738	-0.163528974862	-0.37284084742	0.11269031683	1.23721152444e-11	1.919466658e-05	100.0
-0.000307372433945	-0.000495218935172	0.000505872306015	-0.0373683257139	-0.0604842679245	0.0603457669287	1.23603624898e-11	1.9176432818e-05	100.0
-0.000811383872124	0.00178450717548	-0.000381800098643	-0.0969474906673	0.219827488736	-0.0447599630969	1.23603624898e-11	1.9176432818e-05	100.0
0.00127792535706	0.00407950477052	-1.55482213224e-06	0.152695354195	0.489474125759	-0.000719719608212	1.23603624898e-11	1.9176432818e-05	100.0
-0.000328661541484	-0.00276164391891	-0.000368170306203	-0.0336287794756	-0.341567180122	-0.0359636042188	1.23603624898e-11	1.9176432818e-05	100.0
-0.00171581984917	-0.00166079395754	-0.00148832747617	-0.207563421228	-0.201423181351	-0.178480178954	1.23603624898e-11	1.9176432818e-05	100.0
0.00139386710736	0.00226695020158	-0.00224441217899	0.168607079063	0.274468003388	-0.269049321438	1.23603624898e-11	1.9176432818e-05	100.0
-0.000632653524573	0.000767376010854	-0.001884426724	-0.0763749031619	0.0933849888064	-0.22572034391	1.23603624898e-11	1.9176432818e-05	100.0
0.000320075206659	0.00338307423035	-0.000788703762613	0.0363735375445	0.405184763675	-0.0873921788915	1.23603624898e-11	1.9176432818e-05	100.0
0.000246817118621	-0.00301836478485	0.000698969855525	0.0275839458172	-0.367145567314	0.0737044013159	1.23581799072e-11	1.9173046659e-05	100.0
0.000621433477415	-0.00198062036588	0.00047917997508	0.0736249272827	-0.244255303313	0.0556175200927	1.23581799072e-11	1.9173046659e-05	100.0
0.00133244605814	1.29260224297e-05	0.00230967024085	0.161422075541	0.00103905117275	0.277968689957	1.23581799072e-11	1.9173046659e-05	100.0
-0.000807030652275	-0.00237429485238	0.000936386210409	-0.0959441270177	-0.288904900275	0.109857243659	1.23581799072e-11	1.9173046659e-05	100.0
0.000244970083147	0.00323390925303	-0.00110777448124	0.0287505075542	0.391261268679	-0.127578800063	1.23581799072e-11	1.9173046659e-05	100.0
-0.00153608224365	-0.00342212158378	-0.000298282430647	-0.183163056147	-0.411565398876	-0.0356313522741	1.23581799072e-11	1.9173046659e-05	100.0
-6.50578894363e-06	-0.00108631520997	-0.00271036644982	-0.000874249179497	-0.132082952021	-0.325907055604	1.23581799072e-11	1.9173046659e-05	100.0
-0.00118496314687	-0.00372665750088	-0.000131439159635	-0.140161232314	-0.446891508869	-0.0148677501776	1.23581799072e-11	1.9173046659e-05	100.0
0.00157421604832	0.000374351267695	0.000419286013875	0.190383311059	0.0446729563065	0.0499718120718	1.23442445699e-11	1.9151426738e-05	100.0
0.00103254417123	0.00199967731259	-0.00101591814368	0.124193200992	0.243575407677	-0.121378899708	1.23442445699e-11	1.9151426738e-05	100.0
0.000259868697556	0.00249677882802	-0.000227903230083	0.0276647787032	0.311519991743	-0.023915565776	1.23442445699e-11	1.9151426738e-05	100.0
-0.00107945071367	-0.00279484684016	-0.000798520981355	-0.127829148826	-0.337985032735	-0.0925465036265	1.23442445699e-11	1.9151426738e-05	100.0
-0.00110096360676	-0.00318758184517	-0.000548014548686	-0.129397036619	-0.384273244456	-0.0624223962579	1.23442445699e-11	1.9151426738e-05	100.0
-0.000352121103065	0.00303784608954	0.000549873260288	-0.0378998195408	0.369022499683	0.0545522131778	1.23440635262e-11	1.9151145859e-05	100.0
-0.000537870543608	0.00261281405037	0.000219902876853	-0.0596402887394	0.323910371565	0.0214522203434	1.23440635262e-11	1.9151145859e-05	100.0
-0.000509263452451	-0.0025398538476	0.00012727154545	-0.0556006925678	-0.313484458924	0.0137337290847	1.23440635262e-11	1.9151145859e-05	100.0
0.00031754006849	-0.00298525545331	0.000325607658485	0.0297271843812	-0.367578699928	0.0256056069192	1.23303192907e-11	1.9129822422e-05	100.0
0.00075047203583	0.00248368222055	-0.00145174583564	0.090085692511	0.301227215368	-0.172438897009	1.23303192907e-11	1.9129822422e-05	100.0
-0.00120447055795	-0.00385902057201	0.000130340574547	-0.142909993835	-0.462957854572	0.0149427313866	1.23303192907e-11	1.9129822422e-05	100.0
0.00018287402209	-0.00197358113988	-0.00217720957789	0.0220546511789	-0.23968069677	-0.260446908541	1.23303192907e-11	1.9129822422e-05	100.0
0.00138021599094	0.00142940019988	0.00100719596205	0.166715555888	0.173719789272	0.120715663507	1.23277746207e-11	1.9125874504e-05	100.0
0.000298296265195	-0.0028324853847	0.00121936830428	0.0352043751935	-0.344467357778	0.141673037693	1.23163990405e-11	1.9108225908e-05	100.0
0.000563529053144	-0.00237600400451	0.00027952764063	0.0648985962595	-0.294491669449	0.0308644311877	1.23163990405e-11	1.9108225908e-05	100.0
0.000811294777139	-0.00129739386043	0.000773751937767	0.0975731190546	-0.159438102749	0.0919969306542	1.23163990405e-11	1.9108225908e-05	100.0
0.000700662264038	-0.00159072770031	8.02150892713e-05	0.08367052288	-0.196345593992	0.00963522179427	1.23163990405e-11	1.9108225908e-05	100.0
0.000390319699604	-0.000964938309647	-0.000153740098134	0.0466394830823	-0.119103356803	-0.0186134278446	1.23163990405e-11	1.9108225908e-05	100.0
-0.00151177723421	-0.00237771774769	0.00113857294982	-0.181729845243	-0.287679905382	0.135063437048	1.23163990405e-11	1.9108225908e-05	100.0
0.000808421611512	0.00305042614306	-0.000353957976649	0.0915247954843	0.370285493212	-0.0383252272227	1.23163990405e-11	1.9108225908e-05	100.0
-0.000979335315967	-0.00265195794314	-6.41589104537e-05	-0.113748207714	-0.32280680115	-0.00644984374457	1.23163990405e-11	1.9108225908e-05	100.0
0.0005044044789	-0.00250523118047	-0.000437268539605	0.0574854773321	-0.309825804959	-0.0479399609774	1.23163990405e-11	1.9108225908e-05	100.0
0.00122769595637	-0.00053096778074	-0.00113175966628	0.148352109407	-0.0653545380846	-0.135041841087	1.23163990405e-11	1.9108225908e-05	100.0
0.000554990634476	0.000472242826863	-0.00257781769771	0.0670747730452	0.0568919230031	-0.31034243958	1.23163990405e-11	1.9108225908e-05	100.0
-0.00108702263227	-0.00163540121497	-0.00195619917617	-0.131420073197	-0.198317867853	-0.234751935905	1.23163990405e-11	1.9108225908e-05	100.0
-0.0018370291332	-0.00327621244511	-0.000293886521234	-0.220227646139	-0.394394202771	-0.0347030423866	1.23163990405e-11	1.9108225908e-05	100.0
-0.00186029380557	-0.0020539354366	-0.0019693073705	-0.225403743785	-0.249081081605	-0.236378451392	1.23163990405e-11	1.9108225908e-05	100.0
-0.00242191593486	-0.00313398028826	-0.000538060484293	-0.292070962401	-0.378119055147	-0.0636035749625	1.23163990405e-11	1.9108225908e-05	100.0
-0.000758450213957	0.00188706323465	0.00128745269267	-0.0910005209036	0.230154390295	0.152470435581	1.22952269836e-11	1.9075378608e-05	100.0
-0.000889982422256	0.00155494147578	0.00101392359878	-0.107016345582	0.189978631346	0.11992684622	1.22952269836e-11	1.9075378608e-05	100.0
0.00136105906205	0.0037485808805	0.00159543811963	0.16389403342	0.451833308179	0.190119434709	1.22952269836e-11	1.9075378608e-05	100.0
-0.000666310953656	0.000664786865934	0.00174109116701	-0.0805312596487	0.0811791141683	0.208881548202	1.22952269836e-11	1.9075378608e-05	100.0
-0.000690846272252	0.00162322139582	-9.04479445642e-05	-0.0825681888194	0.200271031485	-0.0109150986113	1.22952269836e-11	1.9075378608e-05	100.0
0.000203041647397	0.00338652145521	0.000420695009799	0.0197942832925	0.400550321082	0.0383428018536	1.22952269836e-11	1.9075378608e-05	100.0
-0.00102511049978	-0.00221742336397	-0.000730784722058	-0.122184224552	-0.26963719292	-0.0870274105881	1.22952269836e-11	1.9075378608e-05	100.0
0.00113044649866	0.00388138764324	0.000527029472359	0.134504721297	0.466000607804	0.0611672763221	1.22952269836e-11	1.9075378608e-05	100.0
0.000922591331175	0.00134100165371	-0.000797625857986	0.111283575192	0.163696421254	-0.0954273225707	1.22952269836e-11	1.9075378608e-05	100.0
-0.00082728810725	0.00169007793571	-0.000386411003529	-0.0989423453386	0.207874316198	-0.0446629883271	1.22952269836e-11	1.9075378608e-05	100.0
0.00146518319261	0.00367288795127	-0.000107582801946	0.174730301137	0.440978024866	-0.0125541649475	1.22952269836e-11	1.9075378608e-05	100.0
0.00141055534262	0.00300651218226	-0.00154046761416	0.16991568205	0.363519405931	-0.184520250677	1.22952269836e-11	1.9075378608e-05	100.0
-0.000250475128494	9.15751621524e-05	-0.00158686421832	-0.0303695017091	0.0110082400946	-0.190631851216	1.22952269836e-11	1.9075378608e-05	100.0
-0.0010379948208	3.92674604258e-05	-0.00178542190955	-0.125895043065	0.00493201947306	-0.214529144736	1.22952269836e-11	1.9075378608e-05	100.0
-0.000487671425092	-0.000866771518961	-0.00117743860013	-0.0586433773414	-0.105699365168	-0.140358924642	1.22952269836e-11	1.9075378608e-05	100.0
-0.000557900267875	0.00195154406305	-0.00080819575208	-0.0664103824275	0.239495387164	-0.0945821435649	1.22952269836e-11	1.9075378608e-05	100.0
-0.000514029809523	0.00264256960718	-0.000263929463757	-0.0567717178091	0.327750956864	-0.0265292868771	1.22952269836e-11	1.9075378608e-05	100.0
0.00102081301515	0.00133344592925	-0.00189774210169	0.123532518475	0.16145127955	-0.227738090466	1.22952269836e-11	1.9075378608e-05	100.0
-0.000481902537387	0.00252725840449	-0.000436234525148	-0.054881481345	0.312145580202	-0.0468788147775	1.22952269836e-11	1.9075378608e-05	100.0
0.00137935194495	0.000555469864632	0.00160227883872	0.166919761551	0.0667474299824	0.192554283571	1.2288578656e-11	1.9065064088e-05	100.0
0.000809753088083	-0.00149216337028	0.00101369916377	0.0973830002344	-0.182875108286	0.12035799356	1.22746785217e-11	1.9043498783e-05	100.0
0.000841989533411	-0.00102555569269	0.00203811824796	0.101859872935	-0.124875792041	0.244327588221	1.22746785217e-11	1.9043498783e-05	100.0
0.000214220838278	-0.00300804816729	0.000462606781789	0.021746432855	-0.366455550914	0.0406358957805	1.22746785217e-11	1.9043498783e-05	100.0
0.00172689945533	0.000763903183149	6.57892434695e-05	0.208723185958	0.0919621220037	0.00808818767368	1.22746785217e-11	1.9043498783e-05	100.0
0.000892175631013	0.00266716083326	0.000885378732132	0.105375907388	0.323478393465	0.104539155449	1.22746785217e-11	1.9043498783e-05	100.0
-0.00174144176699	-0.00281342078681	0.000571719223147	-0.208963223776	-0.340178498154	0.0670240653203	1.22746785217e-11	1.9043498783e-05	100.0
0.000428007527683	-0.00276610026636	-0.000168360560997	0.0438010830189	-0.345115492367	-0.0145463506885	1.22746785217e-11	1.9043498783e-05	100.0
0.000693430343123	-0.00197021998335	-0.000801519100098	0.0826239156967	-0.241879659659	-0.0939770357729	1.22746785217e-11	1.9043498783e-05	100.0
0.000287012095133	-0.0010224261202	-0.00212790025781	0.0347186383206	-0.124645310218	-0.255926456207	1.22746785217e-11	1.9043498783e-05	100.0
-0.00134855388253	-0.00247326570398	-0.000815357060226	-0.161482765675	-0.299990719984	-0.0959030252348	1.22746785217e-11	1.9043498783e-05	100.0
-0.000129502827222	0.00314419684838	0.000712071938668	-0.0146306870913	0.379071078433	0.0744957952344	1.22627246074e-11	1.9024952932e-05	100.0
-0.000812855820614	0.000628791920967	0.00247045837805	-0.098280389416	0.0766348469153	0.297075107319	1.22627246074e-11	1.9024952932e-05	100.0
-0.00132674548683	8.37916182252e-05	0.000777943562869	-0.160415119279	0.010765312514	0.0930420101465	1.22627246074e-11	1.9024952932e-05	100.0
-0.000345510054155	0.00284157269359	6.67592507391e-05	-0.0309578828658	0.357792079517	0.0037648876147	1.22627246074e-11	1.9024952932e-05	100.0
0.000910474217732	0.00246233504766	0.001585746251	0.109520194935	0.298551081636	0.188420132237	1.22627246074e-11	1.9024952932e-05	100.0
-0.00144346587388	-0.000188692843567	0.00192289541197	-0.174770499223	-0.0227256891087	0.231038246548	1.22627246074e-11	1.9024952932e-05	100.0
-0.00100870431266	-0.00249055367123	0.000468686350988	-0.118986119695	-0.303250846285	0.0540820214128	1.22627246074e-11	1.9024952932e-05	100.0
-0.00151100601654	-0.00130438736579	0.000853223576397	-0.182491090285	-0.157970771626	0.102308217049	1.22627246074e-11	1.9024952932e-05	100.0
-0.00117735985048	-0.000301163153601	0.000191812521253	-0.14238192478	-0.0362530288944	0.0226993971359	1.22627246074e-11	1.9024952932e-05	100.0
-0.000727665981144	0.00196169787389	3.50122276119e-05	-0.0861884156563	0.242350812242	0.00369762624882	1.22627246074e-11	1.9024952932e-05	100.0
0.000317967360648	0.00254395390462	0.00154352824428	0.0379116610868	0.308691824469	0.183323422819	1.22607834164e-11	1.902194128e-05	100.0
-0.00170079346484	-0.00275977221205	0.00151753038307	-0.204910696599	-0.33359472147	0.180887010054	1.22607834164e-11	1.902194128e-05	100.0
0.00153689236186	-0.000477732335672	-0.000713305355957	0.185806310244	-0.059293975743	-0.0850275280858	1.22607834164e-11	1.902194128e-05	100.0
0.00150894643904	0.00161479245687	-0.00126550841148	0.182414587934	0.195773218698	-0.152061876733	1.22607834164e-11	1.902194128e-05	100.0
-0.00127800614905	-0.000625309553941	-0.00053279314388	-0.154748013475	-0.0762164725156	-0.0644760456676	1.22607834164e-11	1.902194128e-05	100.0
0.000460590825655	-0.00258658974048	-0.000871795846824	0.0538867327043	-0.316404200296	-0.0993421493264	1.22607834164e-11	1.902194128e-05	100.0
-0.0014882831962	-0.00256501054784	-0.00126632412951	-0.178866068738	-0.310181583253	-0.15008830337	1.22607834164e-11	1.902194128e-05	100.0
-0.000862404380064	-0.00344026812368	-0.000562986156794	-0.100137380521	-0.413179208561	-0.0635084363856	1.22607834164e-11	1.902194128e-05	100.0
-0.000508789628093	0.000247684888151	0.00118974176368	-0.0615438927417	0.0303078093584	0.142586817185	1.22464859917e-11	1.89997596e-05	100.0
-0.00167305677861	-7.49376872715e-05	0.000345801138732	-0.202509131473	-0.00840032398809	0.0418290691406	1.22464859917e-11	1.89997596e-05	100.0
0.000513828896202	-0.00214053208412	0.001192482418	0.0613230703958	-0.261576176302	0.140521163498	1.22330082928e-11	1.897884968e-05	100.0
0.000578647153739	-0.00214343429455	6.43229708623e-05	0.0675111579033	-0.265788234792	0.00753319394786	1.22330082928e-11	1.897884968e-05	100.0
0.00115081296388	-0.000322289620817	-6.06273940415e-05	0.139069138006	-0.0403377909007	-0.00743316934822	1.22330082928e-11	1.897884968e-05	100.0
-0.00172236812526	-0.00355908549412	0.000364258953126	-0.206324854802	-0.428503697237	0.0424119315092	1.22330082928e-11	1.897884968e-05	100.0
