# x[AU] y[AU] z[AU] vx[AU/yr/2pi] vy[AU/yr/2pi] vz[AU/yr/2pi] m[MSUN] m[mtot] wf[%]
-5.73460241126e-05	-0.00308732718058	-1.82084366254e-07	-0.00989827593803	-0.373944474007	-2.33625297611e-05	3.18520405598e-07	0.492873844461	18.8882922802
5.77409887063e-05	0.00308715466341	9.18994721699e-08	0.00994861007853	0.373896510641	-1.60446092394e-05	3.18497479424e-07	0.492838368826	18.8824536749
-0.000223814447581	-0.00248607685223	0.000121223047782	-0.0246298004446	-0.312967407743	0.0119518433766	1.5437612838e-11	2.3887937649e-05	100.0
0.000192043744256	0.00263404587523	0.000124864215524	0.0185776561833	0.334566614364	0.0115372848583	1.52721589966e-11	2.363191678e-05	100.0
0.000429330391131	0.00265994086144	-3.99749515399e-05	0.0431943108099	0.331784509954	-0.00348979255101	1.52539641031e-11	2.3603762266e-05	100.0
-0.000283340156846	-0.00266656709887	-0.000345917857172	-0.0303244056934	-0.332830139187	-0.0337460683804	1.52176799248e-11	2.3547616656e-05	100.0
0.000389392849814	0.00233701491622	-0.000214292808734	0.0444514684537	0.290655893462	-0.0241945072295	1.51815415873e-11	2.3491696718e-05	100.0
6.42499226896e-05	0.00246380759095	-0.000163576768824	0.0067827632432	0.310338003755	-0.0165568878124	1.51815415873e-11	2.3491696718e-05	100.0
-0.000177253108496	-0.00237661094464	-0.000251925064619	-0.0201029623756	-0.297544779845	-0.0273562353859	1.51815415873e-11	2.3491696718e-05	100.0
-0.000280212457703	-0.00239694259993	-0.000143687835338	-0.0315222685244	-0.300008764858	-0.015382855124	1.51815415873e-11	2.3491696718e-05	100.0
-0.000168350341727	-0.00273360297741	-0.000471886691152	-0.0171959781276	-0.338226279675	-0.0464245774689	1.51096823186e-11	2.3380502731e-05	100.0
0.000115555854065	0.00256781648156	-0.000260239700985	0.0121037139817	0.323711713346	-0.0257820369519	1.50739563584e-11	2.3325220899e-05	100.0
-0.000454879416736	-0.00222539594262	-0.000121490090928	-0.0523127248905	-0.275485848349	-0.0136303974689	1.50739563584e-11	2.3325220899e-05	100.0
-0.000238415574561	-0.00254397387957	0.000304841628491	-0.0260145925722	-0.318679370238	0.0318354125728	1.50028966995e-11	2.3215264216e-05	100.0
-0.00030775110531	-0.00229900395955	-4.10813370387e-05	-0.0352656311698	-0.287140338052	-0.00512518706714	1.50028966995e-11	2.3215264216e-05	100.0
-0.000198448020203	-0.00238094924716	-3.1838560144e-05	-0.0220505566614	-0.299042148671	-0.00330488047595	1.48972476326e-11	2.3051784386e-05	100.0
0.00100946096026	0.00163061064258	0.000220116536746	0.121427535141	0.199257403991	0.0267400882573	1.487974674e-11	2.302470376e-05	100.0
-0.0002696060995	-0.00274586236273	-0.000231131696195	-0.025131480958	-0.345711659254	-0.0198802224732	1.487974674e-11	2.302470376e-05	100.0
0.000221796813796	0.00228224242426	-0.000287947205007	0.0258753456192	0.284648221501	-0.0325110810015	1.48622709923e-11	2.2997662042e-05	100.0
0.000288262529194	0.00254935830694	-0.000271261366637	0.0306848997894	0.318633200373	-0.0277189853555	1.48274150478e-11	2.294372646e-05	100.0
3.7728009368e-05	0.00250691758663	0.000126307848077	0.00427033495464	0.317279569976	0.0124927450754	1.47926697411e-11	2.2889962078e-05	100.0
0.000620751762331	0.00250216626579	-0.000265137541707	0.070738519614	0.308283468579	-0.028164648342	1.47926697411e-11	2.2889962078e-05	100.0
6.95174879117e-05	-0.00263682215826	6.52352864432e-05	0.0059313605325	-0.336912906143	0.00406113383814	1.47580401012e-11	2.2836376676e-05	100.0
0.000597317651701	0.00227130436082	-7.14600620047e-05	0.0694925520863	0.280954627836	-0.00736210131242	1.47235160701e-11	2.2782954693e-05	100.0
0.000136624493352	0.00267183147307	-0.000225760035093	0.0130590960946	0.338456079372	-0.0193159884641	1.47235160701e-11	2.2782954693e-05	100.0
-0.000765604747341	-0.00221137113123	-0.000175113644174	-0.0900767891808	-0.272063278495	-0.0198150421931	1.47235160701e-11	2.2782954693e-05	100.0
0.000268770914765	0.00247007772371	-0.00039776756009	0.0297966303987	0.30677905851	-0.0425352132531	1.47062968011e-11	2.2756309846e-05	100.0
-0.000603671778719	-0.00192080329844	-0.00042712016002	-0.0724982894869	-0.236777342306	-0.0503863280676	1.47062968011e-11	2.2756309846e-05	100.0
0.000861126832402	0.00208165182508	0.000262624251917	0.102634570713	0.255941381346	0.0309431663868	1.46891026769e-11	2.2729703908e-05	100.0
5.16163274161e-05	0.00223422250174	-8.98633214035e-05	0.00614709707793	0.27963619184	-0.00989526423433	1.46891026769e-11	2.2729703908e-05	100.0
0.000361781465851	0.0017077808822	-0.000685025803379	0.0435618810564	0.209800488065	-0.0809467691157	1.46547948926e-11	2.2676616542e-05	100.0
0.000304290770651	0.00270456379103	-0.000503004335429	0.0329177649931	0.333448006004	-0.0518188223124	1.46376812323e-11	2.2650135113e-05	100.0
0.000266639847261	0.00275574820458	-0.000334053248807	0.026351599631	0.343468162421	-0.0298263278716	1.46376812323e-11	2.2650135113e-05	100.0
-0.000387862159444	-0.00295295533535	-0.000424536176236	-0.0391131530265	-0.360945648732	-0.0406048801404	1.46376812323e-11	2.2650135113e-05	100.0
5.29385541669e-05	-0.00263382375328	0.000277148027021	0.00486312765568	-0.33273654024	0.0260669696493	1.4620587688e-11	2.2623684811e-05	100.0
0.000798033683042	0.00320070025395	5.89846258828e-05	0.0882715683614	0.385124725861	0.00681285975006	1.45864860923e-11	2.2570916497e-05	100.0
2.37626800292e-05	-0.00255100096408	-0.000369787051327	0.00247907694371	-0.319084005615	-0.0372916983431	1.45864860923e-11	2.2570916497e-05	100.0
7.58556474962e-05	0.00196913480554	-0.000330400242802	0.0093670057886	0.244293921042	-0.0382128485965	1.45524800475e-11	2.2518296038e-05	100.0
8.6892207544e-05	-0.0018957427888	-0.000268211540133	0.0101613265591	-0.235020478106	-0.0309129446776	1.45524800475e-11	2.2518296038e-05	100.0
-0.000329544213112	-0.0026708301159	-8.46240076263e-05	-0.03229971283	-0.336666037947	-0.0071935461869	1.45524800475e-11	2.2518296038e-05	100.0
-6.18375202435e-05	-0.00236053612373	-0.000249252984601	-0.00719670519158	-0.295218778592	-0.0257486162593	1.45524800475e-11	2.2518296038e-05	100.0
-0.000434764964499	-0.00211737344046	-0.000477010544877	-0.0514655134274	-0.26128640988	-0.0549548467459	1.45524800475e-11	2.2518296038e-05	100.0
0.000531913357327	0.00279140378667	0.000543295651748	0.0594618218014	0.340598753755	0.058433593466	1.4535512228e-11	2.2492040281e-05	100.0
-0.000138153832279	-0.00202864436633	4.3413830197e-05	-0.0164804272992	-0.252558222336	0.00432900443166	1.4535512228e-11	2.2492040281e-05	100.0
0.000199776834357	-0.00264708767596	-0.000103088241616	0.0189298770442	-0.336297031922	-0.00953853002739	1.4535512228e-11	2.2492040281e-05	100.0
-1.04886714628e-05	0.00267627694657	0.000244506525105	-0.000513347477985	0.339407269948	0.0208157775585	1.45185695535e-11	2.2465823433e-05	100.0
0.000200363027099	0.00211925469719	-0.000410284059324	0.0235419545459	0.262871647809	-0.0468617405182	1.45185695535e-11	2.2465823433e-05	100.0
-0.000244953197191	-0.00219631618279	0.000792757672319	-0.0292249599618	-0.270159358222	0.0921436599822	1.45185695535e-11	2.2465823433e-05	100.0
-0.000918473628582	-0.00272287505406	0.000292695516802	-0.105977920182	-0.331224544815	0.0336369181378	1.45185695535e-11	2.2465823433e-05	100.0
0.000684156156241	0.00193246972973	-0.000597227118775	0.0817236323471	0.237146166711	-0.0702820473057	1.45016469949e-11	2.2439637712e-05	100.0
-0.000295871727999	-0.00253423029938	-0.000412207776798	-0.032655085277	-0.314784386669	-0.0439143165573	1.45016469949e-11	2.2439637712e-05	100.0
0.000321375917632	0.00235816916156	0.000406305768101	0.0366710719557	0.292125658169	0.0442589391312	1.44847546103e-11	2.2413498681e-05	100.0
-0.000117701844008	0.00229432981154	6.18776569839e-05	-0.0131818308586	0.287782051007	0.00652876093506	1.44847546103e-11	2.2413498681e-05	100.0
0.000449983890366	0.00267066242528	0.000513877178059	0.0502882092753	0.3284892277	0.0556821466508	1.44847546103e-11	2.2413498681e-05	100.0
0.000533492188462	0.00200833422243	5.53487490527e-05	0.0632049762443	0.248459013165	0.00610307154915	1.44847546103e-11	2.2413498681e-05	100.0
0.00049823245301	0.00158396676798	0.000439332855585	0.0602146507945	0.195154030735	0.0527214751617	1.44847546103e-11	2.2413498681e-05	100.0
-6.59188770051e-05	0.00226588116525	3.15061057142e-06	-0.00733124368249	0.28409681857	0.00040590388972	1.44847546103e-11	2.2413498681e-05	100.0
0.000290733805551	0.002879924817	-0.000385022243796	0.0274679493556	0.354658229286	-0.0341097748345	1.44847546103e-11	2.2413498681e-05	100.0
-6.04958185852e-05	0.00267923699378	-0.000239352981747	-0.00530879445169	0.339016710076	-0.0191705453357	1.44847546103e-11	2.2413498681e-05	100.0
0.000108394523746	-0.00253925681143	4.75149533796e-05	0.010606604049	-0.322213462326	0.00450189724675	1.44847546103e-11	2.2413498681e-05	100.0
-0.000410334540965	-0.00186150779317	7.59134284055e-05	-0.0488157515088	-0.230227445297	0.00815558098201	1.44847546103e-11	2.2413498681e-05	100.0
-9.25654350173e-05	-0.00228096591865	2.6156112712e-06	-0.0107159592788	-0.28608842368	5.09608117878e-05	1.44847546103e-11	2.2413498681e-05	100.0
-0.00028823383789	-0.00132453209409	0.000195965430035	-0.0349492244954	-0.163281338436	0.0233711553382	1.44847546103e-11	2.2413498681e-05	100.0
-0.000387630269366	-0.00223554889054	0.000327204285616	-0.0447073584421	-0.276777217145	0.0366599647648	1.44847546103e-11	2.2413498681e-05	100.0
-0.000708148408024	-0.00219105765768	0.000586167472757	-0.0841195752798	-0.268829850333	0.0681947326904	1.44847546103e-11	2.2413498681e-05	100.0
7.19656876039e-06	0.00273770095466	0.000370038079613	0.00115312605614	0.343261072757	0.0329337380838	1.4451030189e-11	2.2361314002e-05	100.0
-7.78398006971e-05	0.00252006855676	9.70977900089e-05	-0.00775094650215	0.319183933826	0.00862674824225	1.4451030189e-11	2.2361314002e-05	100.0
-9.89956622625e-05	-0.00222514467333	0.000327739813358	-0.0115547110762	-0.277356344669	0.0369199331573	1.4451030189e-11	2.2361314002e-05	100.0
-1.26915207163e-05	-0.00235176821865	0.000310505980972	-0.00123936135114	-0.293927776654	0.0336034001631	1.4451030189e-11	2.2361314002e-05	100.0
-3.00063677029e-05	0.00268059842766	-0.000244177600631	-0.00238159173041	0.340313345434	-0.0212590471302	1.44174013186e-11	2.2309277177e-05	100.0
-0.000123937531118	-0.00209486528875	-0.00031007879804	-0.0146899455436	-0.260155069424	-0.03477504917	1.44174013186e-11	2.2309277177e-05	100.0
0.000164777260643	0.00265489778111	0.000132200494749	0.0151266242092	0.337580861408	0.0106979015984	1.4383857941e-11	2.2257372642e-05	100.0
0.00030324232764	0.00145253551065	6.17138828882e-05	0.0367640405571	0.179279655481	0.00720028106209	1.4383857941e-11	2.2257372642e-05	100.0
-9.02116362008e-05	0.00252677202998	-6.77730181624e-05	-0.00860500453802	0.320435250974	-0.00622577242251	1.4383857941e-11	2.2257372642e-05	100.0
0.000740173625613	0.00264080116569	-0.000555642413806	0.0858799471262	0.322656639687	-0.0625424418762	1.4383857941e-11	2.2257372642e-05	100.0
8.2537828381e-05	0.00264567045352	-0.000328125694653	0.00848481146115	0.331697000926	-0.0297526685937	1.4383857941e-11	2.2257372642e-05	100.0
0.000215551308706	-0.0024416303521	-3.27558109529e-05	0.0233501243973	-0.307467945545	-0.00357553506531	1.4383857941e-11	2.2257372642e-05	100.0
-0.000531147605626	-0.00204971129285	0.0005409500078	-0.0631964078885	-0.252628295521	0.0634897396218	1.4383857941e-11	2.2257372642e-05	100.0
-1.17357733969e-05	-0.00252461858276	-0.000225923742336	-0.00165732393229	-0.318845300156	-0.0233815319065	1.4383857941e-11	2.2257372642e-05	100.0
-0.000168822417069	-0.00166541109873	-0.000483391439916	-0.0205410283632	-0.205657315264	-0.0576389509361	1.4383857941e-11	2.2257372642e-05	100.0
-0.000371544619452	-0.00254380935009	-0.000625477923938	-0.042650381219	-0.31272031724	-0.069398671351	1.4383857941e-11	2.2257372642e-05	100.0
0.000181001619216	0.00238019074231	0.00047722229031	0.0206929653205	0.295726969997	0.0529261807024	1.43504000563e-11	2.2205600398e-05	100.0
-0.000675263759754	-0.00243957034804	0.000678961803833	-0.0797305998588	-0.298772789231	0.077906204257	1.43504000563e-11	2.2205600398e-05	100.0
0.000343959134954	0.00195081257737	0.000289990573696	0.0410398489644	0.241594724747	0.033536945453	1.43337038024e-11	2.2179764857e-05	100.0
0.0008554585802	0.00191401987809	0.000283117720539	0.102580912381	0.234788847859	0.0329041320901	1.43337038024e-11	2.2179764857e-05	100.0
-6.0179476467e-05	0.00195185982905	-0.000169073077589	-0.00683058491307	0.242698193285	-0.0194583673737	1.43337038024e-11	2.2179764857e-05	100.0
-0.000225675301507	-0.00272867938634	0.000281679872874	-0.021424943538	-0.342085241843	0.0239299205475	1.43337038024e-11	2.2179764857e-05	100.0
-0.000411449532717	-0.00183660692866	-0.000268942390107	-0.0493340528269	-0.22714111025	-0.03195852807	1.43337038024e-11	2.2179764857e-05	100.0
7.35928397074e-05	-0.00181794466196	0.00036960249612	0.00845635740209	-0.224978298982	0.0425445887367	1.43170276645e-11	2.2153960444e-05	100.0
0.000169403031583	-0.00189648745876	-0.000282101655428	0.0198850954089	-0.234992728596	-0.0320230906924	1.43170276645e-11	2.2153960444e-05	100.0
0.000379320416731	0.00251863376288	0.000663936545783	0.0439102642125	0.309398102615	0.0740535903744	1.43003716425e-11	2.2128187158e-05	100.0
-4.66997771252e-05	0.00241242286278	0.000361591472659	-0.00489638039845	0.301122145474	0.0380540338753	1.43003716425e-11	2.2128187158e-05	100.0
0.000586555143856	0.00226630060511	0.000392132296693	0.0688914510907	0.279558862555	0.0443774412591	1.43003716425e-11	2.2128187158e-05	100.0
2.09966039978e-05	0.00183909955825	0.000485404430192	0.00268097208475	0.227556925463	0.0567495147313	1.43003716425e-11	2.2128187158e-05	100.0
0.000577609353861	0.00196594522605	-0.000303657086357	0.0688457173893	0.242464334145	-0.0353779584763	1.43003716425e-11	2.2128187158e-05	100.0
0.00010643191251	-0.00271925538891	0.000242443987827	0.00914169672579	-0.344527627371	0.0195480596677	1.43003716425e-11	2.2128187158e-05	100.0
-9.17192327591e-05	-0.00277085727417	0.000337411705927	-0.00873797345395	-0.34765130009	0.0275337484078	1.43003716425e-11	2.2128187158e-05	100.0
0.000115188993983	-0.00264744069763	8.62291534474e-05	0.0100013416628	-0.337886628815	0.00696119768733	1.43003716425e-11	2.2128187158e-05	100.0
-0.000556537166334	-0.0021590068031	0.000532655048278	-0.065989302352	-0.265653112654	0.061293760182	1.43003716425e-11	2.2128187158e-05	100.0
-0.000342180239715	-0.00284435469074	0.000315669251748	-0.0323990958422	-0.351274710437	0.0266149217823	1.43003716425e-11	2.2128187158e-05	100.0
-0.000461641553104	-0.00238913393993	-8.32695083875e-05	-0.0518486368292	-0.296937670593	-0.00991665655612	1.43003716425e-11	2.2128187158e-05	100.0
0.000178839744956	0.00202995376611	0.000357385191967	0.0211611462577	0.251625945191	0.0408822624164	1.42837407655e-11	2.210245278e-05	100.0
-6.41894683137e-05	0.00196447612894	0.000246516861526	-0.00749047538125	0.24404096429	0.0285792100739	1.42837407655e-11	2.210245278e-05	100.0
0.000140005832583	0.00209432952577	-7.89143136915e-06	0.0162306861648	0.261046948755	-0.000902263155166	1.42837407655e-11	2.210245278e-05	100.0
0.000466716761812	0.00149426969337	-9.36236695781e-05	0.0564274398785	0.184356805888	-0.0110700546788	1.42837407655e-11	2.210245278e-05	100.0
9.9662028592e-05	-0.00210392711164	9.63190081288e-05	0.0112403520277	-0.262448351793	0.0108325299245	1.42837407655e-11	2.210245278e-05	100.0
-0.000359791293861	-0.00210612371303	0.000390056435041	-0.0423825619586	-0.260443609301	0.0442586335869	1.42837407655e-11	2.210245278e-05	100.0
-0.000377143957905	-0.0022532533698	0.000199329551654	-0.0430280529613	-0.279787555984	0.0222755811409	1.42837407655e-11	2.210245278e-05	100.0
-0.000902975932197	-0.00139841824366	0.00045038266068	-0.108891381867	-0.170905501336	0.0539077842661	1.42837407655e-11	2.210245278e-05	100.0
-5.52404744187e-05	0.00241171843852	0.000283956202734	-0.00586754137711	0.302362576036	0.0301173859068	1.42671249755e-11	2.2076741749e-05	100.0
-1.68515280492e-05	-0.00236789983235	0.000446161159906	-0.0019070079601	-0.294534787906	0.0486844365253	1.42671249755e-11	2.2076741749e-05	100.0
0.000471110001314	0.00200645046207	-0.000159187984265	0.0558817397298	0.248341118382	-0.0184690913988	1.42505343304e-11	2.2051069626e-05	100.0
0.000334023140912	0.00181185203594	-0.000206961236381	0.0399380131032	0.224214414496	-0.02359617079	1.42505343304e-11	2.2051069626e-05	100.0
8.59563544309e-05	0.00226899576994	-0.000448102840738	0.0102602432507	0.282051358179	-0.0501182845028	1.42505343304e-11	2.2051069626e-05	100.0
-0.000466263581063	-0.00216000257028	-7.32500538592e-05	-0.0543755704069	-0.267820031169	-0.00820165139912	1.42505343304e-11	2.2051069626e-05	100.0
-0.000454244444336	-0.00256338801144	-9.51591581577e-05	-0.0482552609692	-0.318922277612	-0.0104725944976	1.42505343304e-11	2.2051069626e-05	100.0
0.000175038055438	-0.00230249034574	-0.000403564259722	0.0198460244613	-0.286443221516	-0.0445271234473	1.42505343304e-11	2.2051069626e-05	100.0
-0.000625426480138	-0.00211794598404	-0.000722141469157	-0.0747955215679	-0.260047589169	-0.0846294636613	1.42505343304e-11	2.2051069626e-05	100.0
-0.00113766400707	-0.00321458040325	-0.000151941070749	-0.133141697008	-0.388025266978	-0.0177638715291	1.42505343304e-11	2.2051069626e-05	100.0
0.000557040896224	0.00101923759414	-0.000368348535385	0.0675929407865	0.125260050326	-0.0439607533976	1.42174033302e-11	2.1999803198e-05	100.0
8.67623549137e-05	0.00194337212542	-0.000638288626631	0.0104981740235	0.240136209365	-0.0748892463802	1.42174033302e-11	2.1999803198e-05	100.0
0.000276977566566	-0.00246987531855	0.000147218559562	0.0301744164804	-0.310175826315	0.0147601847746	1.42174033302e-11	2.1999803198e-05	100.0
-0.00023475529005	-0.00134763005487	-0.000663445232767	-0.0286046655074	-0.165776704461	-0.0791807338886	1.42174033302e-11	2.1999803198e-05	100.0
-0.000782310016596	-0.00307652925063	0.000396851573262	-0.0880411045064	-0.371752914035	0.0440667954042	1.42174033302e-11	2.1999803198e-05	100.0
0.000755385998418	0.00174904757445	0.000375867418967	0.0907484437639	0.214935222556	0.0442889842371	1.41843527939e-11	2.1948661278e-05	100.0
-4.94492551143e-05	0.0013652724753	-0.000135905067598	-0.00580253631427	0.168622674514	-0.0165579679113	1.41843527939e-11	2.1948661278e-05	100.0
0.000302807404143	0.00236135014995	-3.2794198423e-05	0.033791656835	0.295365059234	-0.00364369222418	1.41843527939e-11	2.1948661278e-05	100.0
0.000132142371355	0.00148808143851	-0.000449524774493	0.0160944061442	0.183701010807	-0.0538956213967	1.41843527939e-11	2.1948661278e-05	100.0
0.000396719833312	0.00246563921093	-0.000486798398842	0.0454857520974	0.304854734046	-0.0536059935374	1.41843527939e-11	2.1948661278e-05	100.0
0.00127952177785	0.00291517309892	-0.000339433699126	0.151559029325	0.35292005152	-0.0391144772553	1.41843527939e-11	2.1948661278e-05	100.0
1.99758438901e-05	-0.0021555608122	-6.417560272e-05	0.00191755928851	-0.269388635772	-0.00727425953635	1.41843527939e-11	2.1948661278e-05	100.0
-0.000272019207991	-0.00149050457715	0.000505400791263	-0.0328950940937	-0.183826779394	0.0603375952273	1.41843527939e-11	2.1948661278e-05	100.0
-0.000171649389733	-0.00171101845449	-0.000131636111997	-0.0205088307396	-0.211808916738	-0.0158834505566	1.41843527939e-11	2.1948661278e-05	100.0
-0.000329324324554	-0.00285733444353	0.000304898349566	-0.0299711718282	-0.353945821125	0.0266154555368	1.41843527939e-11	2.1948661278e-05	100.0
0.000168664763442	-0.00257564536826	-0.000238795634529	0.017427159065	-0.323907026959	-0.0219789273768	1.41843527939e-11	2.1948661278e-05	100.0
-0.000382061719352	-0.0024952982794	-0.000666486590862	-0.0437366908908	-0.306854839245	-0.0755374498002	1.41843527939e-11	2.1948661278e-05	100.0
0.000254316848067	0.00209705948829	0.00061991475626	0.030215646869	0.258601562603	0.0715576547505	1.41513776924e-11	2.1897636086e-05	100.0
-0.000202762890675	0.00145595337822	0.000268631558043	-0.0241589328218	0.179796525305	0.0312195687595	1.41513776924e-11	2.1897636086e-05	100.0
0.00111710871377	0.00177116693647	0.000356670379099	0.134148687858	0.216181731797	0.0420477213397	1.41513776924e-11	2.1897636086e-05	100.0
0.000480846850329	0.00146015119933	0.000535500143853	0.0577783272128	0.179735230763	0.0639505719779	1.41513776924e-11	2.1897636086e-05	100.0
-0.000107689240005	0.0017354021438	-0.000374852881111	-0.0124809186668	0.214873366301	-0.0440375452559	1.41513776924e-11	2.1897636086e-05	100.0
-0.000129023511529	0.00245742954141	-0.000242977735518	-0.0135405578439	0.309005814366	-0.0257970817043	1.41513776924e-11	2.1897636086e-05	100.0
7.05240851065e-05	-0.00221791711792	0.000224483565393	0.0077266651497	-0.277061577909	0.0250927092701	1.41513776924e-11	2.1897636086e-05	100.0
-0.000305402274807	-0.00186249268667	0.000518304384088	-0.0368126210113	-0.229804349323	0.060315024868	1.41513776924e-11	2.1897636086e-05	100.0
0.000186424548983	-0.00166575136694	-0.000206668201976	0.022179919147	-0.206253326091	-0.0236913797012	1.41513776924e-11	2.1897636086e-05	100.0
5.28948655805e-05	-0.00115815647635	-0.000215812093006	0.00600036112564	-0.142897584785	-0.0255420763745	1.41513776924e-11	2.1897636086e-05	100.0
-0.00140429730475	-0.00313547650943	0.000213355400272	-0.166933239473	-0.378210801917	0.0243740925399	1.41513776924e-11	2.1897636086e-05	100.0
0.000415963513777	0.00140030882238	0.000730964646143	0.0505496022025	0.17210284594	0.0871226856894	1.41349178011e-11	2.1872166289e-05	100.0
6.07690428103e-05	0.00130361135474	0.000255679813088	0.00764511163767	0.160843114439	0.030439583645	1.41349178011e-11	2.1872166289e-05	100.0
0.0011688185626	0.00292236048357	0.000126227936652	0.137018706851	0.35365426086	0.0132150760531	1.41349178011e-11	2.1872166289e-05	100.0
0.00137701365458	0.0024650919853	-0.000481403823317	0.164724336971	0.299224128262	-0.0569490519817	1.41349178011e-11	2.1872166289e-05	100.0
0.000672469340702	0.000682521428896	-0.0014362426093	0.0817187250465	0.0831802893207	-0.172763341767	1.41349178011e-11	2.1872166289e-05	100.0
0.000198040148943	0.00218045286757	-0.000721661068134	0.023587485291	0.268738452702	-0.0832770252491	1.41349178011e-11	2.1872166289e-05	100.0
0.00139849909167	0.00352217933754	-0.000679019380454	0.167419860883	0.424940108385	-0.0800799063858	1.41349178011e-11	2.1872166289e-05	100.0
0.000116642808159	0.00238099391845	-0.00140719835814	0.0138739509856	0.290196050524	-0.166430909318	1.41349178011e-11	2.1872166289e-05	100.0
8.78569849791e-05	0.00267746045947	-0.000456254710843	0.00912522755581	0.332242995288	-0.0445019950055	1.41349178011e-11	2.1872166289e-05	100.0
-0.000315051941257	-0.0015942553941	0.000544309723186	-0.0382486378497	-0.196593909757	0.0645442684583	1.41349178011e-11	2.1872166289e-05	100.0
-0.000997224426404	-0.00248200245139	0.000922381565288	-0.119039425313	-0.301747606184	0.108322667534	1.41349178011e-11	2.1872166289e-05	100.0
8.9895833885e-05	-0.00190496800654	-0.000237515362416	0.0102799062748	-0.236599917258	-0.0280115654512	1.41349178011e-11	2.1872166289e-05	100.0
0.000372881832809	-0.00189876506344	-0.000480908593574	0.0443804988636	-0.234342621074	-0.0550051125196	1.41349178011e-11	2.1872166289e-05	100.0
-0.000420519062167	-0.00203818146544	-0.00104901633015	-0.0502612063807	-0.249458596934	-0.124180080393	1.41349178011e-11	2.1872166289e-05	100.0
-0.00032581037258	-0.00141861771486	-0.000731036506324	-0.0390338936489	-0.174017601352	-0.0868058587083	1.41349178011e-11	2.1872166289e-05	100.0
-0.000147680408268	-0.00234712470296	-0.00101274580662	-0.017876346555	-0.287572178046	-0.117889073243	1.41349178011e-11	2.1872166289e-05	100.0
-0.000742186988026	-0.00260827233927	-0.000688638458809	-0.0868763763995	-0.317734556563	-0.0784891969458	1.41349178011e-11	2.1872166289e-05	100.0
-0.00115872668293	-0.00292605481302	-0.000458304428641	-0.136640233618	-0.354287963536	-0.052471863893	1.41349178011e-11	2.1872166289e-05	100.0
-0.000690376614632	-6.32592670906e-05	-0.000318657376385	-0.0838103946837	-0.00735500215606	-0.0384800670283	1.41020483085e-11	2.1821304514e-05	100.0
4.40307703898e-05	0.00095767206859	-0.000518587308877	0.00563290496319	0.117881375471	-0.0619342735453	1.41020483085e-11	2.1821304514e-05	100.0
0.000397780998323	-0.00223255549887	-0.000321876692453	0.0463161351392	-0.277638453113	-0.0366254757491	1.41020483085e-11	2.1821304514e-05	100.0
-0.000257236424235	-0.000878431449025	-0.000161845822328	-0.0313944560071	-0.108338026375	-0.0192415189167	1.41020483085e-11	2.1821304514e-05	100.0
-0.0010576331185	-0.00152333419342	0.000547807887175	-0.127403449297	-0.185973759087	0.0650949068285	1.41020483085e-11	2.1821304514e-05	100.0
0.000321133896901	0.00217495771623	0.00108525172631	0.0381907584178	0.266011838866	0.127821659045	1.40856437361e-11	2.1795920317e-05	100.0
-0.000282857429815	0.00177957252376	5.68687023458e-05	-0.0333626281505	0.220800692349	0.00651115018706	1.40856437361e-11	2.1795920317e-05	100.0
0.000764772566713	0.00228421428735	-0.000612637361963	0.0903136997713	0.279743174756	-0.0712316471332	1.40856437361e-11	2.1795920317e-05	100.0
-9.14590777193e-05	0.0023265285578	-0.000489395849823	-0.0101484710927	0.288947502743	-0.0541366616606	1.40856437361e-11	2.1795920317e-05	100.0
0.00165109706465	0.00274475162125	-0.000378938050025	0.198118604306	0.332474260227	-0.0438210353245	1.40856437361e-11	2.1795920317e-05	100.0
-9.96729205986e-05	0.00263902365189	-0.000465920056207	-0.0105446595603	0.328045548802	-0.0469274620991	1.40856437361e-11	2.1795920317e-05	100.0
6.1594884796e-05	-0.00264382339294	0.000438560621826	0.00633447006459	-0.329493016185	0.0435075863986	1.40856437361e-11	2.1795920317e-05	100.0
-0.000284291702308	-0.000961495838456	0.00025269356144	-0.0348218998441	-0.118387093707	0.0301303608175	1.40856437361e-11	2.1795920317e-05	100.0
-0.000108341897082	-0.00188329330232	-0.00113337411306	-0.0133811187535	-0.230885239051	-0.134616633736	1.40856437361e-11	2.1795920317e-05	100.0
-0.00124205562025	-0.00324233751651	-2.0561893537e-05	-0.146307703405	-0.39036215663	-0.00243340649573	1.40856437361e-11	2.1795920317e-05	100.0
-0.000201522980287	-0.00264868357368	-0.000664427397528	-0.0228720282322	-0.325764774467	-0.0721793466835	1.40856437361e-11	2.1795920317e-05	100.0
0.000178718987549	-0.00209347585567	0.000324576480967	0.0205852769635	-0.260296561151	0.0369341178952	1.40692542508e-11	2.1770559466e-05	100.0
-0.000116672294086	0.00225349117466	0.000364013060368	-0.0131145211261	0.280589926548	0.0400542069551	1.40528848813e-11	2.1745229742e-05	100.0
0.000769854354351	0.00205163531509	0.000659347470525	0.091950907339	0.250928057289	0.076282941095	1.40528848813e-11	2.1745229742e-05	100.0
-0.000243453514462	0.00189182305828	0.000187266065178	-0.028502709343	0.234905990396	0.0214833649041	1.40528848813e-11	2.1745229742e-05	100.0
0.00049801289165	0.00262340594197	-0.000471582353465	0.0551959665778	0.322457578008	-0.0521521718113	1.40528848813e-11	2.1745229742e-05	100.0
-0.000185271639572	0.00239968692008	-0.000404058460747	-0.0205657130882	0.299240962978	-0.0441954070317	1.40528848813e-11	2.1745229742e-05	100.0
0.000148398270711	-0.00186290636408	0.000777993659304	0.0174091561333	-0.229549333286	0.0916293919194	1.40528848813e-11	2.1745229742e-05	100.0
0.000172527100468	-0.00226303188773	0.00068378156087	0.0201356551863	-0.279428253303	0.0780884713431	1.40528848813e-11	2.1745229742e-05	100.0
0.000166341514906	-0.00126123035112	0.000589820131344	0.0197634325799	-0.155444573901	0.0703787187874	1.40528848813e-11	2.1745229742e-05	100.0
-0.00033617650596	-0.00154258312675	-0.000941708547193	-0.0409332308724	-0.189465023483	-0.112142992867	1.40528848813e-11	2.1745229742e-05	100.0
-0.000602051692718	-0.00295200554877	4.9045607363e-06	-0.0602673062956	-0.357018188101	-0.000300557025675	1.40528848813e-11	2.1745229742e-05	100.0
0.000454010196878	0.00262952773605	0.000809330609075	0.0525256710544	0.321710158064	0.0925993588935	1.40365305989e-11	2.1719923363e-05	100.0
-0.000239348280182	0.00185364525981	-0.000121826837426	-0.0280839092948	0.230241940337	-0.014353924578	1.40365305989e-11	2.1719923363e-05	100.0
0.00120725277596	0.0029223366601	4.66787994263e-05	0.141739965315	0.353031360018	0.00622991157629	1.40365305989e-11	2.1719923363e-05	100.0
0.00068408469239	0.00313142125732	-0.000572367202644	0.0775551411452	0.379279064597	-0.0631358826715	1.40365305989e-11	2.1719923363e-05	100.0
-7.29916623406e-05	0.00248645789502	-0.000426459252538	-0.00787614643999	0.309698746736	-0.0445402963193	1.40365305989e-11	2.1719923363e-05	100.0
0.000425736764126	-0.000705441480726	0.000143926427738	0.0512162718072	-0.0870893172388	0.0173782745222	1.40365305989e-11	2.1719923363e-05	100.0
0.000139440676591	-0.0022519291166	-0.000513411728861	0.0160664926167	-0.278743879351	-0.0569318873842	1.40365305989e-11	2.1719923363e-05	100.0
-0.000430855450351	-0.00240096818731	-0.000630726754128	-0.0503267396071	-0.295341298273	-0.0710879036139	1.40365305989e-11	2.1719923363e-05	100.0
-0.00073141773802	-0.0032535877874	-2.25489798352e-05	-0.0794435994572	-0.389864912736	-0.00167974671998	1.40365305989e-11	2.1719923363e-05	100.0
0.000102291594428	0.00190147367352	0.000845406359651	0.0124645305605	0.23402058936	0.0994134912676	1.40201914034e-11	2.169464033e-05	100.0
0.00020747956813	0.00191541607611	0.00055768522728	0.0249077645758	0.236449694699	0.0646994910395	1.40201914034e-11	2.169464033e-05	100.0
-0.000310515355183	-0.00259087509506	0.000799976893187	-0.0361947980912	-0.317965769582	0.0906845706638	1.40201914034e-11	2.169464033e-05	100.0
-0.00024424421682	-0.00265226920432	0.000331531028937	-0.0249066649676	-0.330029413348	0.0304634072129	1.40201914034e-11	2.169464033e-05	100.0
4.6593702455e-05	0.00268735322548	0.000669285327134	0.005323108335	0.331021093718	0.0721682103714	1.39875683314e-11	2.1644159862e-05	100.0
4.34997554086e-05	0.00243386890359	0.000733668180947	0.00517814679008	0.29996136154	0.0828316042663	1.39875683314e-11	2.1644159862e-05	100.0
0.0012633163004	0.00285173078744	0.00053665013837	0.150191532167	0.345849911169	0.0618631294832	1.39875683314e-11	2.1644159862e-05	100.0
-0.000174670374924	0.00250797426992	9.0516482144e-05	-0.0178393308527	0.317016839502	0.00955492729247	1.39875683314e-11	2.1644159862e-05	100.0
-0.00071243938835	-0.000585737800872	0.000385967681852	-0.0863276600551	-0.0717908793109	0.0465196374582	1.39875683314e-11	2.1644159862e-05	100.0
-2.9565060925e-06	0.00101582674766	-0.000399217104345	2.60195338175e-05	0.125219111497	-0.0479236992175	1.39875683314e-11	2.1644159862e-05	100.0
0.000776680295423	0.00100172525176	-0.00110308618243	0.0939833660035	0.122383226851	-0.132422416779	1.39875683314e-11	2.1644159862e-05	100.0
-0.000218943028338	0.00163586604545	-0.00115566757355	-0.0262871478266	0.200578955569	-0.137718826737	1.39875683314e-11	2.1644159862e-05	100.0
0.000832783020153	0.00230651240887	-0.000833942672354	0.0992155259305	0.281397903375	-0.0972465716208	1.39875683314e-11	2.1644159862e-05	100.0
8.37814493238e-05	0.00249947732993	-0.000799757082371	0.00992390911645	0.30707083642	-0.0902347827709	1.39875683314e-11	2.1644159862e-05	100.0
0.000199861912694	-0.00238683962338	0.000419236743909	0.0223745106963	-0.297056521118	0.0453486310111	1.39875683314e-11	2.1644159862e-05	100.0
5.16105227546e-05	-0.00286108494497	0.000446683397373	0.00507807262633	-0.353522332246	0.0388019042079	1.39875683314e-11	2.1644159862e-05	100.0
0.000176519124988	-0.00149933973004	3.51113988329e-05	0.0209797552075	-0.185580216515	0.00397698490753	1.39875683314e-11	2.1644159862e-05	100.0
-0.000122343925013	-0.00118992293719	-0.000240162350874	-0.0151230236555	-0.146778929204	-0.0291204487604	1.39875683314e-11	2.1644159862e-05	100.0
-0.000723356680905	-0.00259504381676	0.000789676717972	-0.0849318770645	-0.316503272913	0.0912525643729	1.39875683314e-11	2.1644159862e-05	100.0
-0.00012821986624	-0.00198929342368	-0.000740143370837	-0.0152427028749	-0.244897370849	-0.0863473208432	1.39875683314e-11	2.1644159862e-05	100.0
-0.000472550667909	-0.00302921012231	-0.00094595154328	-0.0550974153052	-0.367628985557	-0.10793256554	1.39875683314e-11	2.1644159862e-05	100.0
-0.000872841795268	-0.00308053977569	-0.000240484281565	-0.0988518798977	-0.371974693755	-0.0257089316599	1.39875683314e-11	2.1644159862e-05	100.0
0.000978679071667	0.00218536823339	0.00181665088593	0.118444065376	0.265474863732	0.217626896296	1.39225132891e-11	2.1543494636e-05	100.0
4.26253833785e-05	0.00058018920649	0.00111625526071	0.00512411388028	0.0709957096082	0.133611800171	1.39225132891e-11	2.1543494636e-05	100.0
-0.000167144764655	0.00131573399099	0.000795327094853	-0.0199224229723	0.161790989073	0.0947362948628	1.39225132891e-11	2.1543494636e-05	100.0
-0.000338405296928	0.00198463621401	0.000350734504298	-0.0397160325201	0.246141980649	0.0405491195323	1.39225132891e-11	2.1543494636e-05	100.0
0.00171835573105	0.00316739975812	0.00013139083751	0.205916568697	0.382011891906	0.0149249296312	1.39225132891e-11	2.1543494636e-05	100.0
-0.000669248443855	-0.00175230407628	-0.000522499785299	-0.080222310132	-0.215269311375	-0.0618083836517	1.39225132891e-11	2.1543494636e-05	100.0
0.000136196007956	-0.00139807199589	0.000691771547989	0.016039453188	-0.172277741707	0.0819838340382	1.39225132891e-11	2.1543494636e-05	100.0
-0.000212539264966	-0.0016747030993	0.00116735354155	-0.0259793005847	-0.205139220772	0.139080474591	1.39225132891e-11	2.1543494636e-05	100.0
-0.000283087090022	-0.00268382031958	0.000548542152525	-0.0307810448171	-0.329901290755	0.0572157430762	1.39225132891e-11	2.1543494636e-05	100.0
0.000356625583428	-0.00165086188857	-0.000481852782026	0.0424996890517	-0.203857258626	-0.0566438429706	1.39225132891e-11	2.1543494636e-05	100.0
-0.000239337144957	-6.08366770444e-05	-0.000453052638817	-0.0288733745298	-0.0074018080079	-0.0543939776743	1.39225132891e-11	2.1543494636e-05	100.0
0.000328619237139	0.00183059382141	0.0012198574309	0.0395573608702	0.224035627601	0.145167410881	1.39062847315e-11	2.1518382801e-05	100.0
-7.75780352935e-05	0.00101416271863	0.000298465714051	-0.00897874338032	0.125104927158	0.0353550302761	1.39062847315e-11	2.1518382801e-05	100.0
-0.000169904391433	0.00267395873449	9.10289107544e-05	-0.014918235202	0.340932666121	0.00752302380642	1.39062847315e-11	2.1518382801e-05	100.0
0.000887908189926	0.00304402679904	9.23577704572e-05	0.100220714415	0.368076506673	0.010575353337	1.39062847315e-11	2.1518382801e-05	100.0
0.000684539991116	0.00101831592701	-0.000439093102794	0.0827866357299	0.124623254297	-0.0520754911568	1.39062847315e-11	2.1518382801e-05	100.0
-0.000171696210874	0.0016893501672	-0.000946362976275	-0.0203891379064	0.207905074736	-0.112750689159	1.39062847315e-11	2.1518382801e-05	100.0
0.000340401792403	-0.00118396250315	0.000377974777057	0.0408173453447	-0.146080638578	0.0450504507398	1.39062847315e-11	2.1518382801e-05	100.0
0.000325528954791	0.000145614054225	0.000726092604606	0.03920493529	0.0177212586361	0.086995112343	1.39062847315e-11	2.1518382801e-05	100.0
0.000198493837713	-0.00151964168545	-0.000537535270587	0.0236344352883	-0.187391914346	-0.0631073515689	1.39062847315e-11	2.1518382801e-05	100.0
-0.000170283416875	-0.0021435048255	-0.000536295489686	-0.0200936402806	-0.265284382948	-0.0613289634358	1.39062847315e-11	2.1518382801e-05	100.0
0.000226095568638	-0.00265604063361	-0.00059052402163	0.0252520247798	-0.327490996626	-0.0625423679653	1.39062847315e-11	2.1518382801e-05	100.0
-0.00018066933089	-0.00269959341072	-0.000841499957058	-0.0208768307724	-0.329898987988	-0.0940993007022	1.39062847315e-11	2.1518382801e-05	100.0
4.3419099637e-05	0.00263581210377	0.000788711782647	0.00500746923709	0.323293220565	0.0876621782497	1.38900762898e-11	2.1493302095e-05	100.0
-0.000115763833228	0.00220146710544	0.000543458233961	-0.0133683258761	0.272326030402	0.0610124839518	1.38900762898e-11	2.1493302095e-05	100.0
1.35057431335e-06	0.00108666171055	0.000985909650785	0.000255015502874	0.133530918174	0.117878679565	1.38900762898e-11	2.1493302095e-05	100.0
2.97447040575e-06	0.00108867766946	0.000241852870764	0.00081838240608	0.134464234248	0.0290643118678	1.38900762898e-11	2.1493302095e-05	100.0
0.0011148792188	0.00341589891941	0.000721640637296	0.132317617355	0.412762459691	0.0840073299047	1.38900762898e-11	2.1493302095e-05	100.0
-3.57289258008e-05	-4.56935376588e-06	0.00099962918035	-0.00432301079864	-0.000819234228922	0.120394971508	1.38900762898e-11	2.1493302095e-05	100.0
-7.59639839981e-05	0.0011703858668	-0.000128502488024	-0.00881215453907	0.144620089091	-0.0155469816329	1.38900762898e-11	2.1493302095e-05	100.0
-0.000197011728771	0.00239348584879	-8.51686274168e-05	-0.0212709384175	0.300957755927	-0.00940716811494	1.38900762898e-11	2.1493302095e-05	100.0
0.00087213007344	0.00164524928643	0.000618471310441	0.105067662487	0.20164730012	0.0734176579858	1.38900762898e-11	2.1493302095e-05	100.0
-0.000606003775006	0.00138562787338	-0.000323614510263	-0.0729124599195	0.171038434685	-0.0385430571526	1.38900762898e-11	2.1493302095e-05	100.0
0.00142790161852	0.00323507039776	1.63869003952e-05	0.169721577776	0.389820411394	0.00212117000972	1.38900762898e-11	2.1493302095e-05	100.0
0.000415371715147	0.00154175633163	-0.000701119253431	0.0500690561842	0.189272460308	-0.0822238197114	1.38900762898e-11	2.1493302095e-05	100.0
0.000130293681687	0.000575985556578	-0.00112685706415	0.0158997526706	0.0702986590705	-0.134698032772	1.38900762898e-11	2.1493302095e-05	100.0
0.000249625758938	-0.0027450937905	0.000334854585601	0.0248197315996	-0.342666599324	0.0300328077304	1.38900762898e-11	2.1493302095e-05	100.0
-0.000179042557542	-0.00211994457779	0.000914928441291	-0.0215925697475	-0.260045015787	0.106546365968	1.38900762898e-11	2.1493302095e-05	100.0
0.000478980593071	-0.000403538187299	0.000409358638512	0.0579145843625	-0.0498460415301	0.0488525136765	1.38900762898e-11	2.1493302095e-05	100.0
-0.00206235242318	-0.00263311095356	0.000746090432957	-0.249006272711	-0.318978753718	0.0882784273898	1.38900762898e-11	2.1493302095e-05	100.0
0.000390550158071	-0.00122938543008	-0.000100132789564	0.0469645021167	-0.151927512347	-0.0117849644703	1.38900762898e-11	2.1493302095e-05	100.0
0.000662862942166	0.00152171530273	0.000289266841844	0.0794150189486	0.187077111993	0.0347063335449	1.38900762898e-11	2.1493302095e-05	100.0
-0.000901882181068	-0.0029841768447	0.000448945389923	-0.103952151321	-0.361378005878	0.0501819941932	1.38900762898e-11	2.1493302095e-05	100.0
0.000158467649246	-0.000287142030639	-0.000373334269055	0.0189302604048	-0.0354402160451	-0.0450172502278	1.38900762898e-11	2.1493302095e-05	100.0
-0.000838549063118	-0.00307637262453	0.000373999499927	-0.0952420796873	-0.370857657406	0.0410208452866	1.38900762898e-11	2.1493302095e-05	100.0
0.000119845025742	-0.00141010003172	-0.000962774720964	0.0141143630627	-0.173048054718	-0.114518577768	1.38900762898e-11	2.1493302095e-05	100.0
-0.00086628098484	-0.00205943395069	-0.00178068428243	-0.104718813147	-0.250695057446	-0.214131870784	1.38900762898e-11	2.1493302095e-05	100.0
-0.000416727329943	-0.00254237898641	-0.00120711210009	-0.0495863491914	-0.309778264629	-0.14175293957	1.38900762898e-11	2.1493302095e-05	100.0
0.000118222605584	-0.00257775903437	-0.000711065197802	0.0134044484535	-0.31779642396	-0.0787847487389	1.38900762898e-11	2.1493302095e-05	100.0
0.000576867831448	0.00210857404122	4.81692053221e-05	0.0674247291051	0.26009257799	0.00528255051134	1.38738829351e-11	2.1468244733e-05	100.0
-0.000672119259115	-0.000308774950378	-0.00071757266148	-0.0812221319238	-0.0373791873051	-0.0862983594465	1.38738829351e-11	2.1468244733e-05	100.0
-0.00127784201844	-0.00117807656028	-0.000708346647811	-0.154547010264	-0.143473871371	-0.0846306876345	1.38738829351e-11	2.1468244733e-05	100.0
-0.000206230453673	0.0022110040714	-0.000277051640468	-0.0234764224469	0.275647065045	-0.0306582602852	1.38738829351e-11	2.1468244733e-05	100.0
1.51109765314e-05	-0.000966086855607	-0.000706829504091	0.00150795939274	-0.118845369061	-0.0843980464783	1.38738829351e-11	2.1468244733e-05	100.0
-0.000366317614058	-0.000471532569634	-0.00085653103858	-0.0444912176892	-0.0578113470955	-0.103023373356	1.38738829351e-11	2.1468244733e-05	100.0
1.65149016429e-05	0.00051279213561	-0.000292050658426	0.00209440776288	0.0632142068942	-0.0352047668356	1.38738829351e-11	2.1468244733e-05	100.0
-0.000241993784147	0.00101380932643	0.00117797586734	-0.0292075327136	0.124263628493	0.140586262924	1.38576996384e-11	2.1443202935e-05	100.0
-3.70891237765e-05	0.00150030134901	0.00142318588235	-0.0042052664785	0.18361418484	0.170586902894	1.38576996384e-11	2.1443202935e-05	100.0
-0.000740334996493	-0.0013843722511	-1.10224120429e-05	-0.0894247362504	-0.170236502234	-0.00124232155562	1.38576996384e-11	2.1443202935e-05	100.0
-0.000283630882154	0.000863875703747	-0.000449443594968	-0.0339701469888	0.106623555451	-0.0536201377728	1.38576996384e-11	2.1443202935e-05	100.0
-0.000298619706871	0.00268110022344	-0.000100010141688	-0.0289506937322	0.338842931512	-0.00844710384974	1.38576996384e-11	2.1443202935e-05	100.0
0.0002665875679	-0.00267691962096	0.000151889617297	0.0255684711696	-0.338143996554	0.0129903150788	1.38576996384e-11	2.1443202935e-05	100.0
0.000213323350805	-0.00244445357289	0.000377126503051	0.0233463813354	-0.30527834446	0.0408257229053	1.38576996384e-11	2.1443202935e-05	100.0
-0.000252071772022	-0.00267144805063	0.000845612820678	-0.029358027971	-0.327105529925	0.095295485645	1.38576996384e-11	2.1443202935e-05	100.0
-0.000300217908656	-0.00243973370505	0.00104940349268	-0.0353870949977	-0.297784261386	0.121725958816	1.38576996384e-11	2.1443202935e-05	100.0
0.000172289266234	-0.000899512529559	-0.000562719019951	0.0205513155954	-0.110773621048	-0.0672839659659	1.38576996384e-11	2.1443202935e-05	100.0
-1.0066415345e-05	-0.000442263426628	-0.000633971732046	-0.00143467891793	-0.0546720216098	-0.0763065771814	1.38576996384e-11	2.1443202935e-05	100.0
-0.00151305829609	-0.0028417366512	0.000652088360052	-0.181583544552	-0.344478117748	0.0775314377249	1.38576996384e-11	2.1443202935e-05	100.0
0.00053064744705	0.0027363320845	0.000958307464132	0.0620879532907	0.332216632056	0.110029915979	1.38253883639e-11	2.1393204939e-05	100.0
-0.000257614733069	0.00266691091145	0.000143730695306	-0.0248888410192	0.337371408273	0.0127884736681	1.38253883639e-11	2.1393204939e-05	100.0
0.00107510980195	0.000238855447793	-0.000258422829236	0.130631682952	0.0288446965515	-0.0310707926691	1.38253883639e-11	2.1393204939e-05	100.0
8.97799477637e-05	0.00135422500937	-0.000578650927269	0.0111355722814	0.166760983619	-0.0686063953497	1.38253883639e-11	2.1393204939e-05	100.0
0.000684377537735	-0.000894938844407	0.000660138272483	0.0825953317032	-0.110318550058	0.0789081680715	1.38253883639e-11	2.1393204939e-05	100.0
0.00119326886349	0.000360439254133	-0.000765789537471	0.144777037621	0.0434185992259	-0.0916927671794	1.38253883639e-11	2.1393204939e-05	100.0
-0.00170298703423	-0.00300788894243	4.03341987461e-05	-0.20411198748	-0.363291533724	0.00412820154438	1.38253883639e-11	2.1393204939e-05	100.0
2.67719611894e-05	-0.00302656092511	-0.000688365373706	0.00310331942353	-0.367781218364	-0.0712785372421	1.38253883639e-11	2.1393204939e-05	100.0
0.00117645498887	0.00279935538347	0.000416862040544	0.138853462115	0.339489331319	0.0480133376119	1.37931273793e-11	2.134328476e-05	100.0
-0.000315038052423	0.00210602389376	-0.000166178885994	-0.0364355698957	0.262314848577	-0.0188509597633	1.37931273793e-11	2.134328476e-05	100.0
0.000222178261759	0.00183841691418	-0.00123912979097	0.0267739381911	0.224878263904	-0.14717067716	1.37931273793e-11	2.134328476e-05	100.0
-1.09607571152e-06	0.00102161493947	-0.00163415673095	-7.76648938783e-06	0.124834909073	-0.196086574429	1.37931273793e-11	2.134328476e-05	100.0
0.000235936681972	-0.00206905354736	2.17716322021e-05	0.0271134600356	-0.257864670883	0.00238971577022	1.37931273793e-11	2.134328476e-05	100.0
0.000645017601491	-0.000414529929616	-0.000374333780387	0.0780017161821	-0.0513870270037	-0.04486042818	1.37931273793e-11	2.134328476e-05	100.0
0.000213766923001	-0.00271747293205	-0.000368252749476	0.0215812462781	-0.339550467496	-0.0348911989808	1.37931273793e-11	2.134328476e-05	100.0
-0.000356058257726	-0.00117946987584	-0.00128693514653	-0.0430201118693	-0.14398625648	-0.154064571401	1.37931273793e-11	2.134328476e-05	100.0
-0.00135863601694	-0.00288959369366	-0.000443760779745	-0.161950039933	-0.350523872841	-0.0513418480184	1.37931273793e-11	2.134328476e-05	100.0
0.000225800945173	0.00113481880748	0.00185580146055	0.0274549827231	0.138468994935	0.222907857329	1.37609217137e-11	2.1293450181e-05	100.0
-0.000205011693164	0.0013268782067	0.00103730219657	-0.0245665924227	0.162944084652	0.123944659016	1.37609217137e-11	2.1293450181e-05	100.0
-0.000899129686075	-0.000408758641309	-0.00168816309857	-0.108952786789	-0.0497036145917	-0.203465804353	1.37609217137e-11	2.1293450181e-05	100.0
-0.00149395541497	-0.000607533107328	-0.0011455358901	-0.181156264754	-0.0736859903655	-0.137723908157	1.37609217137e-11	2.1293450181e-05	100.0
0.00104883286196	0.00189233103202	-0.00133338113395	0.126567081927	0.230010052209	-0.15861607083	1.37609217137e-11	2.1293450181e-05	100.0
0.00038540965064	0.00228989554649	-0.00165002666372	0.0464799469519	0.27856343897	-0.196443807172	1.37609217137e-11	2.1293450181e-05	100.0
0.0004135263037	-0.00172332170026	0.000427658850742	0.0491263511807	-0.212973637231	0.0498211660372	1.37609217137e-11	2.1293450181e-05	100.0
0.000300090518648	-0.00124618161928	0.00205333368652	0.0362193928437	-0.152091351384	0.247061084439	1.37609217137e-11	2.1293450181e-05	100.0
-0.000486108307142	-0.00256682709689	0.00107407848994	-0.0574530205421	-0.312057832308	0.124732248794	1.37609217137e-11	2.1293450181e-05	100.0
-7.1566835483e-05	-0.000604840617153	-0.00140284024718	-0.0087236959201	-0.0739318870201	-0.169155627707	1.37609217137e-11	2.1293450181e-05	100.0
-0.00147000211067	-0.000366586067832	-0.00115238831839	-0.178535732259	-0.0443945953045	-0.13882154498	1.37609217137e-11	2.1293450181e-05	100.0
-0.000756459283548	-0.00284477215323	-0.000590662748517	-0.0870484476599	-0.345501805057	-0.0659484045147	1.37609217137e-11	2.1293450181e-05	100.0
-0.00190761435223	-0.00264906677418	-0.00075285156054	-0.229950389649	-0.320484427161	-0.0890015558095	1.37609217137e-11	2.1293450181e-05	100.0
-0.000316449809843	0.0025236744508	0.000345374279087	-0.0347304827605	0.314799975892	0.0359782060941	1.37448389968e-11	2.1268564019e-05	100.0
0.000375298735225	0.00191090825793	-0.000788794847399	0.0446666582287	0.234705607137	-0.0927211546506	1.37448389968e-11	2.1268564019e-05	100.0
-0.000485106501172	0.00101758355702	-0.00143311892767	-0.0586092049692	0.124553487804	-0.171979722395	1.37448389968e-11	2.1268564019e-05	100.0
0.000513503341007	0.00272363852088	-0.000899247071168	0.0597670527859	0.331684028195	-0.103041688801	1.37448389968e-11	2.1268564019e-05	100.0
-9.34832784823e-05	0.00207189227968	-0.00111121113023	-0.0109330641279	0.253723988475	-0.130547390224	1.37448389968e-11	2.1268564019e-05	100.0
0.000311818627483	-0.00169140576578	0.000945567399042	0.0371791272934	-0.207927444373	0.111926327718	1.37448389968e-11	2.1268564019e-05	100.0
0.000586273511766	-0.00147610956457	-6.47480934653e-06	0.0702384104848	-0.182488452185	-0.00095985275917	1.37448389968e-11	2.1268564019e-05	100.0
-0.0003904065733	-0.000883337520458	-0.00160768006834	-0.0474040937239	-0.107806121021	-0.19332648152	1.37448389968e-11	2.1268564019e-05	100.0
-0.00131768529791	-0.00306425228003	-0.000396576743823	-0.156389476027	-0.3706151543	-0.0465021219627	1.37448389968e-11	2.1268564019e-05	100.0
-0.000494804351958	-0.00224608559746	-0.00128752797723	-0.0593286125503	-0.273882835077	-0.15208978027	1.37448389968e-11	2.1268564019e-05	100.0
-0.000800758422292	-0.00318581415484	-7.28106384872e-05	-0.0886136021403	-0.383014956582	-0.0068610257225	1.37448389968e-11	2.1268564019e-05	100.0
0.00061651049657	0.00102593527436	0.00127260857403	0.0746872624593	0.125215291594	0.152209978417	1.37287713669e-11	2.1243701202e-05	100.0
-0.000198889335589	0.000989368064047	0.000754549764925	-0.0237662790935	0.121735717045	0.0904771669676	1.37287713669e-11	2.1243701202e-05	100.0
-0.000242379631002	-0.00119091410664	-0.000222430179957	-0.0291168472307	-0.146506686258	-0.0262718532321	1.37287713669e-11	2.1243701202e-05	100.0
-0.000745947122495	-0.00182080757657	-0.000530449007267	-0.088987536996	-0.222928418426	-0.062347172123	1.37287713669e-11	2.1243701202e-05	100.0
-0.0001235230036	0.0028739841902	-0.000684125661222	-0.013707783179	0.351456758057	-0.0718573626691	1.37287713669e-11	2.1243701202e-05	100.0
0.00118064776606	-7.25163925612e-05	0.00171454717931	0.143242805237	-0.00943942243954	0.206732183674	1.37287713669e-11	2.1243701202e-05	100.0
-0.000707616057265	-0.00284612235166	0.000484204823298	-0.0802574587559	-0.346332266357	0.0524493644263	1.37287713669e-11	2.1243701202e-05	100.0
-0.000155212447285	0.000417554908688	-0.000848558381252	-0.018810688529	0.0512807664067	-0.101974722519	1.37287713669e-11	2.1243701202e-05	100.0
-0.000675835847843	-0.00131615642107	0.000381044689562	-0.0813541701463	-0.161470320783	0.0459041370591	1.37287713669e-11	2.1243701202e-05	100.0
-0.000391429819542	-0.0031207173402	-0.000898986853695	-0.0449670256783	-0.377336086507	-0.101245582147	1.37287713669e-11	2.1243701202e-05	100.0
0.000482823744295	0.00248409844493	0.00118180073655	0.0574144503121	0.302291280745	0.138197460375	1.3712713795e-11	2.1218853949e-05	100.0
-0.00033544646448	0.00193055337445	0.000423462412771	-0.0395100310326	0.239076218072	0.0488519506981	1.3712713795e-11	2.1218853949e-05	100.0
0.00029757856627	-0.00117690084007	0.000987792232928	0.0356468381324	-0.144627398501	0.117844002688	1.3712713795e-11	2.1218853949e-05	100.0
6.76190513185e-05	0.00233295625444	0.00139368095204	0.00803289201094	0.28403665946	0.164407554803	1.36966713101e-11	2.1194030041e-05	100.0
-0.00043530846414	0.00194064801619	0.000688430747765	-0.0517062996313	0.239174053166	0.0802756553126	1.36966713101e-11	2.1194030041e-05	100.0
0.000378841070557	0.000693048189823	0.000581056233369	0.0461960330243	0.0850258015622	0.0698054569152	1.36966713101e-11	2.1194030041e-05	100.0
-0.000595844288885	0.000504667797187	-0.000220468629758	-0.0719886212836	0.0624763286028	-0.0263169468447	1.36966713101e-11	2.1194030041e-05	100.0
0.000367685005078	-0.00195421706099	0.00114250282962	0.0439244668481	-0.239407271972	0.134979202214	1.36966713101e-11	2.1194030041e-05	100.0
0.000250840498467	-0.00275495032163	-6.60613867534e-05	0.0212953643708	-0.350667280356	-0.00478295969678	1.36966713101e-11	2.1194030041e-05	100.0
0.000477553045051	-0.0018399733013	-0.000232731054741	0.0566436063618	-0.227905600788	-0.0273205925136	1.36966713101e-11	2.1194030041e-05	100.0
0.000934970429161	0.00142291656475	0.000101073429877	0.112599937315	0.174246704541	0.0125092107659	1.36966713101e-11	2.1194030041e-05	100.0
-0.00146041273287	-0.0025866322832	0.000404796541573	-0.174732327431	-0.313965106554	0.0469388690664	1.36966713101e-11	2.1194030041e-05	100.0
0.00105593048825	0.00178024919669	0.000253082184037	0.126822529283	0.217908288175	0.0297750478085	1.36646265722e-11	2.1144444479e-05	100.0
-0.000871363483585	0.00116353041394	-0.000598508005783	-0.10521952852	0.143390050672	-0.0716098413211	1.36646265722e-11	2.1144444479e-05	100.0
2.10663170435e-05	0.000801110739807	-0.000956173265105	0.00280562470673	0.0982559761825	-0.114302081625	1.36646265722e-11	2.1144444479e-05	100.0
-0.000948790376934	-0.0010373047799	-0.000998835382688	-0.11474090092	-0.126090102366	-0.119521806309	1.36646265722e-11	2.1144444479e-05	100.0
0.00119498727792	0.00261808352758	-0.00122639901966	0.14366457057	0.317854599842	-0.145231912132	1.36646265722e-11	2.1144444479e-05	100.0
-0.00028462399919	0.00226147589867	-0.00145571823303	-0.034320312168	0.2755296094	-0.172331463852	1.36646265722e-11	2.1144444479e-05	100.0
0.000956138719493	0.00136501791198	-0.000755797167372	0.115244669432	0.166305572992	-0.0904609175558	1.36646265722e-11	2.1144444479e-05	100.0
0.0004452670821	-0.00203464539967	-0.000533204364994	0.0525503877472	-0.25157618513	-0.0618230390994	1.36646265722e-11	2.1144444479e-05	100.0
-0.000708010729527	9.76990516684e-05	-0.00127163433644	-0.0860741622281	0.0120316133528	-0.153297361802	1.36646265722e-11	2.1144444479e-05	100.0
-0.000492506952881	-0.00144275028682	-0.000495981726831	-0.0594895040047	-0.177353818934	-0.0587802945088	1.36646265722e-11	2.1144444479e-05	100.0
-0.00101963661051	-0.00272832313	-0.00114405935318	-0.121926201764	-0.330886100997	-0.134727783074	1.36646265722e-11	2.1144444479e-05	100.0
-0.00150658448737	-0.00306310494792	-0.000620212668127	-0.180232462957	-0.37004386673	-0.0725815988492	1.36646265722e-11	2.1144444479e-05	100.0
-0.000281850857647	0.00266674374704	0.000348457178742	-0.0294404967121	0.332765074858	0.0337074572955	1.36486192902e-11	2.1119675044e-05	100.0
-0.00145819183568	-0.00106665446863	0.000696049309945	-0.176754375171	-0.129721569809	0.0841933329339	1.36486192902e-11	2.1119675044e-05	100.0
0.000193827194714	-0.0026081718754	0.000673940113641	0.0218501876218	-0.321623813977	0.0739035507716	1.36486192902e-11	2.1119675044e-05	100.0
0.000306319417927	-0.00187145656091	-3.00678822048e-05	0.0358779893671	-0.232429582017	-0.00334192433751	1.36486192902e-11	2.1119675044e-05	100.0
5.46061065273e-05	-0.000646982658871	0.000909189648513	0.00660792805819	-0.0794851378936	0.109276016942	1.36486192902e-11	2.1119675044e-05	100.0
0.001534339228	0.00306064538076	0.00011970568422	0.183166558285	0.369956509223	0.0135404113613	1.36326270952e-11	2.1094928954e-05	100.0
-0.000354477342878	0.00253744057174	-0.000233242875462	-0.0384428954651	0.317848877721	-0.0242751562424	1.36326270952e-11	2.1094928954e-05	100.0
0.000617712439646	-0.0009690033901	-0.000701650603975	0.0745315694738	-0.119483673179	-0.0837268063435	1.36326270952e-11	2.1094928954e-05	100.0
-0.000265016426113	0.00234715756733	0.00104384028783	-0.031319638775	0.287271157176	0.121317780393	1.36006728791e-11	2.1045483465e-05	100.0
-0.000176340453387	0.00234431004298	0.000988405552353	-0.0207450473087	0.287603821937	0.114792869605	1.36006728791e-11	2.1045483465e-05	100.0
0.000828890982671	0.00245218694928	0.000892167367326	0.0985225223224	0.298589318077	0.104104111888	1.36006728791e-11	2.1045483465e-05	100.0
-0.000518390899972	0.00091968487002	0.000129093826681	-0.0624607654864	0.113597894313	0.0155912249032	1.36006728791e-11	2.1045483465e-05	100.0
-0.000373362487859	0.00262874021836	-5.62634434462e-06	-0.0385103461614	0.331031751743	-0.000842487647014	1.36006728791e-11	2.1045483465e-05	100.0
-0.00103305697599	-0.000530330656859	0.00102810545571	-0.125211955253	-0.0643171620749	0.124454860428	1.36006728791e-11	2.1045483465e-05	100.0
-0.00086515564897	-0.00117053764402	1.02953828754e-05	-0.10431131973	-0.143039883005	0.000924939630926	1.36006728791e-11	2.1045483465e-05	100.0
-0.000595303691164	0.00174677274641	-0.000756984508938	-0.0711989656795	0.214978946075	-0.0891307224855	1.36006728791e-11	2.1045483465e-05	100.0
0.0010226311284	0.00341343427103	-4.00272519855e-05	0.118997197445	0.409355802955	-0.00435918293043	1.36006728791e-11	2.1045483465e-05	100.0
0.000922936725462	0.00303040092395	-7.23739913231e-05	0.104839232852	0.366188157044	-0.00694783355985	1.36006728791e-11	2.1045483465e-05	100.0
0.000477098038589	0.00323977632243	-0.000131716769155	0.0434553067469	0.388181184352	-0.00987617370628	1.36006728791e-11	2.1045483465e-05	100.0
0.000796411287557	0.00173925070245	-0.00144861921494	0.0964587040996	0.211760041215	-0.173086049574	1.36006728791e-11	2.1045483465e-05	100.0
-0.00027221906347	0.000856887041909	-0.0020114008372	-0.0328873491311	0.104649746849	-0.241965058499	1.36006728791e-11	2.1045483465e-05	100.0
-0.000503213224766	0.00197758614862	-0.00100197974649	-0.0600786397179	0.242773331534	-0.118148063718	1.36006728791e-11	2.1045483465e-05	100.0
-0.000434766566139	0.00243270806	-0.000511363476586	-0.049930043016	0.301153290202	-0.0567354983451	1.36006728791e-11	2.1045483465e-05	100.0
0.00132457874556	0.00293973593375	-0.000427672040101	0.157273126746	0.355492296324	-0.0493274393244	1.36006728791e-11	2.1045483465e-05	100.0
-0.000218638326535	0.00233882563397	-0.000704851777212	-0.0253610833491	0.28843417426	-0.0799313177531	1.36006728791e-11	2.1045483465e-05	100.0
0.000380584876253	-0.00263104037309	0.000378917214014	0.0413758733562	-0.327099144839	0.0387442151281	1.36006728791e-11	2.1045483465e-05	100.0
0.000157011133535	-0.00274486112121	0.000916848125433	0.018331206089	-0.335220298591	0.103346755053	1.36006728791e-11	2.1045483465e-05	100.0
0.000464110870944	-0.00232252900208	0.000498362051179	0.0537537401802	-0.287663570024	0.0563031926701	1.36006728791e-11	2.1045483465e-05	100.0
0.000727423990467	-0.00042972329911	0.000149639053105	0.0878617067107	-0.0532916679474	0.0181607938538	1.36006728791e-11	2.1045483465e-05	100.0
0.00130346235215	0.000776831353322	2.96554805001e-05	0.1578132283	0.0943393930602	0.00321123819137	1.36006728791e-11	2.1045483465e-05	100.0
0.00029196877359	-0.00258182585048	-4.00935225444e-05	0.0298534717133	-0.326007067694	-0.00400305096316	1.36006728791e-11	2.1045483465e-05	100.0
0.000842903587464	-0.00129727606898	-0.000195029994374	0.101543126794	-0.160073836839	-0.0233387786858	1.36006728791e-11	2.1045483465e-05	100.0
0.000452979137309	0.000790610420567	0.000735866284626	0.0547632919728	0.096779973097	0.0882144645525	1.36006728791e-11	2.1045483465e-05	100.0
-0.000673084941777	-0.0017240633808	0.00111170572149	-0.0812677665581	-0.211013801585	0.132697304372	1.36006728791e-11	2.1045483465e-05	100.0
0.000551698977705	-0.00119573324709	-0.000367682107985	0.0663095527655	-0.147591674438	-0.0439735819653	1.36006728791e-11	2.1045483465e-05	100.0
0.000472856502422	0.000104596847474	-0.00217355582542	0.0572443654973	0.0123266132066	-0.262016704299	1.36006728791e-11	2.1045483465e-05	100.0
-0.00126277021355	-0.00359102606024	0.000109059235086	-0.149849777926	-0.431458884844	0.0128498572713	1.36006728791e-11	2.1045483465e-05	100.0
0.000532521577354	-0.00189807695057	-0.00103260985786	0.0637818055703	-0.232906014339	-0.122226165341	1.36006728791e-11	2.1045483465e-05	100.0
0.000701256700106	-0.000740376982919	-0.00165983578368	0.0848737980817	-0.0906337921401	-0.199197546413	1.36006728791e-11	2.1045483465e-05	100.0
0.000296562288918	-8.3450657169e-05	-0.00227746601416	0.035865941522	-0.0103367528705	-0.274357111662	1.36006728791e-11	2.1045483465e-05	100.0
-0.000398028302565	-0.000829162050366	-0.00197080034703	-0.0483345811105	-0.100745151845	-0.23725932897	1.36006728791e-11	2.1045483465e-05	100.0
-0.00125093734325	-0.00280110699136	-0.000287243560573	-0.147976011814	-0.339582105858	-0.0328022027116	1.36006728791e-11	2.1045483465e-05	100.0
-0.00119732591869	-0.00348540888477	-0.000238482229366	-0.141490385279	-0.418779889739	-0.0279018738783	1.36006728791e-11	2.1045483465e-05	100.0
2.4231577617e-05	-0.00119472165963	-0.0018620257851	0.00281398657649	-0.14569389264	-0.223329800612	1.36006728791e-11	2.1045483465e-05	100.0
-7.28331967829e-05	0.00300605182197	0.000653113649104	-0.00833760735427	0.364491402112	0.0663493451288	1.3568768953e-11	2.0996115793e-05	100.0
4.55124312668e-05	0.00122341217127	0.0021297955912	0.00559638209525	0.148863084882	0.256094183162	1.3568768953e-11	2.0996115793e-05	100.0
-0.000817584808578	0.00082841642712	0.00121630905392	-0.0988956791044	0.10183299785	0.146118824126	1.3568768953e-11	2.0996115793e-05	100.0
-0.000433920885353	0.00246614058017	0.000283735808774	-0.0486670127748	0.30746472342	0.0305916363851	1.3568768953e-11	2.0996115793e-05	100.0
8.54451486655e-05	0.00304000570992	0.000919458432439	0.00916391799108	0.368808865404	0.103042905919	1.3568768953e-11	2.0996115793e-05	100.0
0.000203177095782	0.00163831059609	0.00168465580954	0.0246548364489	0.199731092203	0.201859099578	1.3568768953e-11	2.0996115793e-05	100.0
-0.00115298821957	-0.000471381477771	0.000827231203967	-0.139713623683	-0.0570413783254	0.0989897761839	1.3568768953e-11	2.0996115793e-05	100.0
-0.00117062088545	-0.000817605948585	0.00119197910054	-0.141813148808	-0.0989076455888	0.143507773826	1.3568768953e-11	2.0996115793e-05	100.0
-0.000774545789508	0.000678491683772	0.000313539929549	-0.0935721470983	0.0839125405572	0.0374368378063	1.3568768953e-11	2.0996115793e-05	100.0
-0.000514687051752	0.00130600376126	0.000242981227232	-0.0618375407022	0.161379731837	0.0288546470793	1.3568768953e-11	2.0996115793e-05	100.0
0.000859996380082	-0.000733588470855	0.00098709286054	0.103933122779	-0.090298032253	0.118458545737	1.3568768953e-11	2.0996115793e-05	100.0
0.0012132124424	0.000468651557605	0.0019839261912	0.147122822388	0.0565570981803	0.238912938445	1.3568768953e-11	2.0996115793e-05	100.0
-0.000416779933947	-0.00310560111502	0.00095871096065	-0.048302340104	-0.375807130893	0.109005803183	1.3568768953e-11	2.0996115793e-05	100.0
0.000287036742422	-0.00229268767219	0.000120643497789	0.0322900871287	-0.286846528572	0.0131596227032	1.3568768953e-11	2.0996115793e-05	100.0
0.000576449906041	-0.00152347444308	0.000190957315424	0.0689532898467	-0.188331602332	0.022548038338	1.3568768953e-11	2.0996115793e-05	100.0
0.000916465152268	0.000274261681152	0.000468308229323	0.110902706652	0.03290128703	0.0561306618327	1.3568768953e-11	2.0996115793e-05	100.0
0.00119911187439	0.00187471816576	0.000573201540682	0.144007513415	0.228354527591	0.0678692561034	1.3568768953e-11	2.0996115793e-05	100.0
0.000137322553696	-0.000158078502851	0.00155600417493	0.0165326661876	-0.0193940009497	0.187414701235	1.3568768953e-11	2.0996115793e-05	100.0
-0.000400710834088	-0.00115532166635	0.00195790256746	-0.0487818054486	-0.140722959272	0.235701565616	1.3568768953e-11	2.0996115793e-05	100.0
-0.000436443240011	-0.00320868960824	0.000372455272146	-0.0438363184726	-0.384703384376	0.0345315511161	1.3568768953e-11	2.0996115793e-05	100.0
0.000541871278239	0.000937349632076	0.00137196271183	0.0658072711697	0.114507140431	0.164911246253	1.35528320769e-11	2.0971455303e-05	100.0
-0.000911333901492	0.000457553280082	9.06209056156e-05	-0.110180650015	0.0568633391069	0.010875146531	1.35528320769e-11	2.0971455303e-05	100.0
0.00145043710291	0.0020074223386	0.000270372490315	0.174442302168	0.244286381116	0.0318594430979	1.35528320769e-11	2.0971455303e-05	100.0
-0.00148227610595	-0.00286222584484	0.000759153515478	-0.177579001627	-0.346102982978	0.0891466648959	1.35528320769e-11	2.0971455303e-05	100.0
0.000305273941483	-0.00278984405912	-0.000186497563718	0.0280504245208	-0.351007865551	-0.0143474375815	1.35528320769e-11	2.0971455303e-05	100.0
0.000342726457543	-0.0023728111328	0.000145654031926	0.0383141794089	-0.29686323353	0.0153134635877	1.35369052588e-11	2.0946810376e-05	100.0
0.000480811182101	-0.00185155244192	0.000324440396176	0.0569411106178	-0.229285964173	0.037835455896	1.35369052588e-11	2.0946810376e-05	100.0
0.000905064366936	0.00300415121945	0.000634945077698	0.105658772654	0.363868423717	0.0731721625115	1.35209935277e-11	2.0922188795e-05	100.0
0.000112888236397	-0.000727261951329	0.000121909875018	0.0139099988669	-0.0895533080939	0.0147164697904	1.35209935277e-11	2.0922188795e-05	100.0
-0.00126801088453	-0.000436056055817	-0.000332726501414	-0.153494430456	-0.0526452812045	-0.0395258925758	1.35209935277e-11	2.0922188795e-05	100.0
-0.000597712875836	0.00189754191114	-0.000235463497042	-0.0707863310827	0.235053091571	-0.0272343345128	1.35209935277e-11	2.0922188795e-05	100.0
0.00141388225374	0.00060062613704	-0.000633357624368	0.171345075351	0.0727292328882	-0.0757796744951	1.35209935277e-11	2.0922188795e-05	100.0
0.0015085138792	0.000955032212233	-0.000157495180224	0.182761279267	0.116029618106	-0.0184061120182	1.35209935277e-11	2.0922188795e-05	100.0
-0.00156095251949	-0.00282594994088	0.000365852639866	-0.186911680728	-0.342170631303	0.0426140659579	1.35209935277e-11	2.0922188795e-05	100.0
-0.000220070985623	0.00250143269533	0.00105001776833	-0.0260580441116	0.305610083379	0.121282771403	1.35050868255e-11	2.0897574995e-05	100.0
-0.00023528120448	0.0021090540542	0.0008735155582	-0.027805737588	0.259249833676	0.101630306419	1.35050868255e-11	2.0897574995e-05	100.0
-0.00033819755875	-0.00246234657844	0.000496893734371	-0.0378261765888	-0.304321516281	0.0554272537495	1.35050868255e-11	2.0897574995e-05	100.0
-0.000800616289186	-0.00179409198222	7.0404239136e-05	-0.0954895767755	-0.219961914312	0.00782725709661	1.35050868255e-11	2.0897574995e-05	100.0
0.000532683366081	0.00277783209745	0.000270804825894	0.0561083423171	0.341653946074	0.0264018120704	1.35050868255e-11	2.0897574995e-05	100.0
0.000715778655799	0.00098704935083	0.00127680161801	0.0868574359698	0.120615561394	0.153979773639	1.35050868255e-11	2.0897574995e-05	100.0
-0.00057469663739	0.000586354118528	0.000142689538869	-0.0693698592124	0.072561130376	0.0175477197438	1.35050868255e-11	2.0897574995e-05	100.0
-0.000563796167374	0.00129189270426	-0.000186124786434	-0.0677586062301	0.159694197697	-0.0223337073448	1.35050868255e-11	2.0897574995e-05	100.0
0.000630917395591	0.00304111521254	-0.000141415795706	0.0649447124745	0.368305180871	-0.014064588576	1.35050868255e-11	2.0897574995e-05	100.0
-0.000377415083195	0.00243699326798	-0.000362856079388	-0.0425882098824	0.30329409186	-0.0391341455973	1.35050868255e-11	2.0897574995e-05	100.0
0.00166620531652	0.00337694760471	-0.000298532179215	0.199722649047	0.407125416837	-0.0348225658915	1.35050868255e-11	2.0897574995e-05	100.0
0.000366222451808	-0.0024813755799	0.000669891413167	0.0420910483493	-0.30622609673	0.0752835218331	1.35050868255e-11	2.0897574995e-05	100.0
0.000188901545856	-0.00244507388266	0.00110804458362	0.0223368129923	-0.298830968667	0.128785462482	1.35050868255e-11	2.0897574995e-05	100.0
0.000627515822683	-0.00182284142778	0.000734862674686	0.0749672646491	-0.224486095706	0.0865507239003	1.35050868255e-11	2.0897574995e-05	100.0
0.000266189424012	-0.000503403228747	0.00112161478359	0.0321923476612	-0.0619264672824	0.134710343934	1.35050868255e-11	2.0897574995e-05	100.0
-0.000198580485772	-0.000689883646519	0.00102106759792	-0.024181350869	-0.0843903538935	0.122302319366	1.35050868255e-11	2.0897574995e-05	100.0
0.00122225692662	0.00110888145195	1.56697731835e-05	0.147561866813	0.134909335378	0.00202310539876	1.35050868255e-11	2.0897574995e-05	100.0
0.00149769547803	0.002186232862	0.000120884137544	0.179884337934	0.265625972956	0.0147713628384	1.35050868255e-11	2.0897574995e-05	100.0
-0.00150836125303	-0.00340218245366	0.00069777406805	-0.180767171168	-0.410574084505	0.0819900986169	1.35050868255e-11	2.0897574995e-05	100.0
0.000417546499805	-0.00238627822221	-0.000514901084017	0.048109184246	-0.295631026482	-0.0576385026698	1.35050868255e-11	2.0897574995e-05	100.0
0.00096526083028	-0.000711804600772	-0.00118356547324	0.116844391691	-0.0874649767883	-0.141656876061	1.35050868255e-11	2.0897574995e-05	100.0
0.000445705937899	-0.00185269872387	-0.0011065288587	0.0534341374026	-0.226990094319	-0.130646367094	1.35050868255e-11	2.0897574995e-05	100.0
0.00125653967827	0.00259273539206	0.00107415868781	0.150886476786	0.314542975669	0.126742163508	1.34891952104e-11	2.0872984541e-05	100.0
-0.000612806055976	0.00132853214755	0.000453044962451	-0.0737326544947	0.163946852284	0.0540308156899	1.34891952104e-11	2.0872984541e-05	100.0
-0.000295810400642	-0.000488883073334	-0.000542387373405	-0.0360121427169	-0.0598950866494	-0.0651440984484	1.34891952104e-11	2.0872984541e-05	100.0
-0.000797281733837	-0.00188663894947	-0.00115777068931	-0.0959879881498	-0.230091727521	-0.138217900298	1.34891952104e-11	2.0872984541e-05	100.0
0.000983482062556	0.00337419188688	-0.00072542691505	0.116146391555	0.407183119406	-0.0834462742279	1.34891952104e-11	2.0872984541e-05	100.0
-9.32424155821e-05	0.00279282855107	-0.000488661363159	-0.00959031300026	0.345062582071	-0.0462572553268	1.34891952104e-11	2.0872984541e-05	100.0
0.00126074099556	0.000256824029622	0.000460318235873	0.152613384499	0.0307010590718	0.0545900044813	1.34891952104e-11	2.0872984541e-05	100.0
0.000639795322989	-3.9860996827e-05	-0.000746315070513	0.0775532415563	-0.0052547423912	-0.0896790193592	1.34891952104e-11	2.0872984541e-05	100.0
-0.000323883373903	-0.00284836556621	-0.0013240102124	-0.038297794359	-0.345218562024	-0.155053752166	1.34891952104e-11	2.0872984541e-05	100.0
-0.000295221228567	0.000164148672846	0.00134122543323	-0.035684186239	0.0202138223201	0.161609453454	1.34733086242e-11	2.0848401868e-05	100.0
-0.000535254128834	-0.00215631246227	0.000806327721415	-0.0631162423898	-0.263897983891	0.0947122864589	1.34733086242e-11	2.0848401868e-05	100.0
0.0017604452104	0.0037202402419	0.00012247269613	0.211551363105	0.448245905246	0.0142800954038	1.34733086242e-11	2.0848401868e-05	100.0
0.000603203573993	0.00230390204986	-0.000331633154549	0.069735750112	0.283919108555	-0.0380356286592	1.34733086242e-11	2.0848401868e-05	100.0
0.0002012694673	0.00148062291484	-0.000911281303418	0.0245238919623	0.181702171108	-0.108416814291	1.34733086242e-11	2.0848401868e-05	100.0
-0.00139818459756	-0.000794172779025	-0.00203496556813	-0.169548536579	-0.0959705333912	-0.245588764499	1.34733086242e-11	2.0848401868e-05	100.0
-0.000594444125347	0.00099634116176	-0.000808497319942	-0.0715811551684	0.122677054061	-0.0964479964405	1.34733086242e-11	2.0848401868e-05	100.0
-0.000554021568584	0.00182703595974	-0.000596354583214	-0.0660256402009	0.225502660503	-0.0700091301475	1.34733086242e-11	2.0848401868e-05	100.0
0.000978179677727	0.00355643890939	-0.000376240870586	0.114503245735	0.427438243072	-0.042603253061	1.34733086242e-11	2.0848401868e-05	100.0
0.00193624202233	0.00340435705707	-0.000917769378251	0.233570579193	0.411406985889	-0.109100823835	1.34733086242e-11	2.0848401868e-05	100.0
0.000744145093169	0.00308693437453	-0.000959785961579	0.0876252102528	0.374056855107	-0.110982455375	1.34733086242e-11	2.0848401868e-05	100.0
-0.000442330962241	0.0022012408464	-0.00145236977601	-0.0530834146838	0.268514661085	-0.172164332415	1.34733086242e-11	2.0848401868e-05	100.0
-0.000316930542963	0.00265248286398	-0.00055206492038	-0.0353456494409	0.327687477272	-0.0586037426133	1.34733086242e-11	2.0848401868e-05	100.0
0.000485814420599	-0.000817356399846	0.000314322907612	0.0584724689749	-0.101013196061	0.0378250768659	1.34733086242e-11	2.0848401868e-05	100.0
0.00100286090155	0.000801678276026	0.000839601142799	0.121395862773	0.0977423444282	0.100305827193	1.34733086242e-11	2.0848401868e-05	100.0
-0.000783417020387	-0.00205753082828	0.00120154457379	-0.0941928938112	-0.251015585606	0.142574097316	1.34733086242e-11	2.0848401868e-05	100.0
0.000534772037681	-0.00124468655422	-0.000849457009551	0.0643427066067	-0.153062403158	-0.101270506371	1.34733086242e-11	2.0848401868e-05	100.0
0.00107214539505	0.00118722861541	-0.00180189558761	0.129790682626	0.144318161408	-0.216810819207	1.34733086242e-11	2.0848401868e-05	100.0
0.000796958074284	-0.000135564083353	-0.00146635669381	0.0964971067702	-0.0172764634088	-0.176086927096	1.34733086242e-11	2.0848401868e-05	100.0
0.000486890972079	0.000483048060957	-0.00106061194633	0.0590462570329	0.0591438767497	-0.127271831811	1.34733086242e-11	2.0848401868e-05	100.0
-0.000356466778106	-0.00257970625032	-9.00059243891e-05	-0.0360590325371	-0.322557760158	-0.00888880416044	1.34733086242e-11	2.0848401868e-05	100.0
-0.00117917254066	-0.00341374454409	0.000267372908738	-0.138933127799	-0.41097637427	0.0310184668636	1.34733086242e-11	2.0848401868e-05	100.0
0.000372346705026	-0.00270199797951	-0.000584245390419	0.0418556142946	-0.333016041155	-0.0625283424809	1.34733086242e-11	2.0848401868e-05	100.0
0.000340370982787	-0.00210479485715	-0.00136264653939	0.040808255483	-0.25698529728	-0.161222799526	1.34733086242e-11	2.0848401868e-05	100.0
-0.00036728589038	-0.00201253401851	-0.0018886847842	-0.0444094158036	-0.244820291177	-0.225922280772	1.34733086242e-11	2.0848401868e-05	100.0
-0.00110711216587	-0.00236395702509	-0.00169544900728	-0.133632002017	-0.286799133364	-0.202679557967	1.34733086242e-11	2.0848401868e-05	100.0
-0.00145721619185	-0.00336162482371	-0.000400912845834	-0.173930523914	-0.405332708006	-0.0464244825313	1.34733086242e-11	2.0848401868e-05	100.0
0.00110951992541	0.00351156837662	0.000794155671963	0.132076465626	0.422997422682	0.0928613517664	1.3457437125e-11	2.0823842541e-05	100.0
-0.000291592859563	-0.000446858254113	0.000481014221708	-0.035342423431	-0.0545675476589	0.0577789101403	1.3457437125e-11	2.0823842541e-05	100.0
-0.000907253257449	-0.00153940071849	-5.48639475876e-05	-0.108912558481	-0.188375309552	-0.00663334826053	1.3457437125e-11	2.0823842541e-05	100.0
-0.0003445100518	0.0026864719773	6.15836158248e-06	-0.0338929061995	0.339122517273	0.000963642314427	1.3457437125e-11	2.0823842541e-05	100.0
0.000633692222947	-0.000421393464346	-0.00012957259034	0.0765099921334	-0.0522975623668	-0.0155418547553	1.3457437125e-11	2.0823842541e-05	100.0
-0.000620546453246	-0.00190680309529	0.00102003829283	-0.074430679602	-0.233139908562	0.121106628339	1.3457437125e-11	2.0823842541e-05	100.0
0.000420957569465	0.00221055327748	0.0019285574181	0.0509389719964	0.269025700946	0.231025218863	1.34415706548e-11	2.0799290996e-05	100.0
-0.000905325580814	0.000779604777757	0.000532404183832	-0.10941548969	0.0962701619635	0.0636260982526	1.34415706548e-11	2.0799290996e-05	100.0
-0.000299773201257	0.00281813721437	-5.10536383463e-06	-0.0242991468428	0.357540435801	-0.00222729689731	1.34415706548e-11	2.0799290996e-05	100.0
0.000912416943044	-0.000911003256078	0.000267115040682	0.110199541774	-0.112414669252	0.0314957583265	1.34415706548e-11	2.0799290996e-05	100.0
0.0011065193966	0.0011352954509	0.00143102842158	0.134064290859	0.137870404596	0.172049071394	1.34415706548e-11	2.0799290996e-05	100.0
-0.000788625114769	-0.00311695997201	0.000735012926691	-0.0918985890616	-0.376729822079	0.0832998908156	1.34415706548e-11	2.0799290996e-05	100.0
-0.000287682258294	0.00287239471771	0.000441326021427	-0.0295000801831	0.353694121779	0.0408071951513	1.34098729174e-11	2.0750242378e-05	100.0
-0.000319780274232	0.00274907459762	0.000426955982442	-0.0339335558318	0.340107654822	0.0414019100039	1.34098729174e-11	2.0750242378e-05	100.0
0.000464508076157	0.00235833569341	0.00201077222859	0.0560657839138	0.286139433256	0.240505874471	1.34098729174e-11	2.0750242378e-05	100.0
-0.000202536357658	0.000550229954349	0.00163071782819	-0.0244131047285	0.0672870188064	0.195658221864	1.34098729174e-11	2.0750242378e-05	100.0
-0.000608635730401	0.00163224871402	0.000614388278375	-0.072924301311	0.201089551145	0.0721620734741	1.34098729174e-11	2.0750242378e-05	100.0
-0.00156175643976	-0.000445058624708	0.000526987513459	-0.189336791062	-0.0536758044673	0.0631247059812	1.34098729174e-11	2.0750242378e-05	100.0
-0.00118473660327	-0.00197652102671	0.000350540662956	-0.141892657599	-0.241123250521	0.0418705296743	1.34098729174e-11	2.0750242378e-05	100.0
0.00182040204219	0.0031325521295	0.000338534772474	0.218671566463	0.378076990297	0.0392952454526	1.34098729174e-11	2.0750242378e-05	100.0
-0.00107892408645	-0.000810542178526	-0.000443067128849	-0.130508921347	-0.0984254732421	-0.0534464054797	1.34098729174e-11	2.0750242378e-05	100.0
-0.000443176401574	0.00242245664744	-3.06389357379e-05	-0.0495531667618	0.30298067824	-0.00274400048876	1.34098729174e-11	2.0750242378e-05	100.0
0.00112574707268	0.00170428049314	-0.00114734026913	0.136049601524	0.20758061483	-0.137198463417	1.34098729174e-11	2.0750242378e-05	100.0
-0.00101744901366	0.0010299185989	-0.00115453316161	-0.123017294832	0.126415292699	-0.138064986238	1.34098729174e-11	2.0750242378e-05	100.0
0.00127390253008	0.00270398029743	-0.000688749760193	0.151970335268	0.328005708923	-0.0803146811344	1.34098729174e-11	2.0750242378e-05	100.0
-0.000526984625036	0.00180354300638	-0.00114212792836	-0.06321124647	0.220913999029	-0.135165349996	1.34098729174e-11	2.0750242378e-05	100.0
0.000698041926542	-0.00051263911128	0.00122147282521	0.0843729046845	-0.0630378803606	0.146247837692	1.34098729174e-11	2.0750242378e-05	100.0
-0.000609032585134	-0.0020908560123	0.00183557447753	-0.0735791616098	-0.254117706778	0.219405534897	1.34098729174e-11	2.0750242378e-05	100.0
0.000565593545463	0.00182771409887	0.000649796165027	0.0672723886527	0.224172256974	0.0768599247929	1.34098729174e-11	2.0750242378e-05	100.0
-0.000113800717853	-0.00202968682114	0.0010351086574	-0.0134182946456	-0.248941828088	0.122010046353	1.34098729174e-11	2.0750242378e-05	100.0
0.00103955376104	-0.000214653123268	-0.000424277858582	0.125928183884	-0.0268933197334	-0.0509335083043	1.34098729174e-11	2.0750242378e-05	100.0
6.82392477863e-05	0.000508166344442	0.00025894940496	0.0080994460504	0.0623085704217	0.031143549985	1.34098729174e-11	2.0750242378e-05	100.0
0.000525449784801	-0.000147506347582	-0.00126150249296	0.0637249873902	-0.0182039188041	-0.151428814676	1.34098729174e-11	2.0750242378e-05	100.0
-0.00167256510804	-0.00344949501029	-0.000126456395967	-0.200526806446	-0.416150445827	-0.0147789077424	1.34098729174e-11	2.0750242378e-05	100.0
-0.0007631360981	-0.00171154652785	-0.00167471170397	-0.092379438744	-0.20848330246	-0.20059491572	1.34098729174e-11	2.0750242378e-05	100.0
-0.0020171011039	-0.00366027630205	-0.000139320691882	-0.243101962889	-0.44136102246	-0.0159554008931	1.34098729174e-11	2.0750242378e-05	100.0
-0.00121424839966	-0.00159886713214	-0.000438413693023	-0.146306495493	-0.194580999798	-0.052617839256	1.33782103829e-11	2.0701248232e-05	100.0
-0.000420007369169	-0.00247307491216	-0.000453192777302	-0.0469671589842	-0.304776281085	-0.0498749529642	1.33782103829e-11	2.0701248232e-05	100.0
0.000174424273152	0.0028517828359	-0.000814093319979	0.019399891517	0.346850842718	-0.0894446963483	1.33782103829e-11	2.0701248232e-05	100.0
3.74745704104e-05	0.00290601588543	-0.000750713694951	0.00378727433665	0.353750791745	-0.0802940465724	1.33782103829e-11	2.0701248232e-05	100.0
0.000356818187707	-0.00250135952677	-9.20678181417e-05	0.0385444677545	-0.314010081735	-0.00880307976279	1.33782103829e-11	2.0701248232e-05	100.0
0.000493133357746	-0.00179326230443	-0.000309651901275	0.058537281064	-0.222042333341	-0.0361617957974	1.33782103829e-11	2.0701248232e-05	100.0
0.000409672925017	0.00126017892513	-0.00028960936565	0.0491238719947	0.154778986255	-0.0345240963354	1.33782103829e-11	2.0701248232e-05	100.0
0.000506626144653	0.000919136649984	-0.000195256730502	0.0612463318011	0.112797791885	-0.0237349353672	1.33782103829e-11	2.0701248232e-05	100.0
-0.000501632255906	0.000714498983507	0.00216497115316	-0.0607662644528	0.0871794202259	0.260615542493	1.33623891736e-11	2.0676766723e-05	100.0
-0.000797207326695	0.000927666201736	0.00136287276447	-0.0965487024801	0.113613536806	0.163144008217	1.33623891736e-11	2.0676766723e-05	100.0
0.00155507545663	0.00278318060038	0.00138120067153	0.187579182093	0.336666841751	0.164921843275	1.33623891736e-11	2.0676766723e-05	100.0
-0.000545672137398	0.00194607095601	4.45285823737e-05	-0.0643406730314	0.241517865373	0.00523666559564	1.33623891736e-11	2.0676766723e-05	100.0
0.000406694494389	0.00161974126233	0.00108090010094	0.0487179479163	0.19804594387	0.128879222445	1.33623891736e-11	2.0676766723e-05	100.0
-0.00127544863919	-0.000785651946582	-5.16236024494e-07	-0.154510926599	-0.0957229356109	4.92739979908e-05	1.33623891736e-11	2.0676766723e-05	100.0
-0.00154956762302	-0.00250466873236	7.82598842632e-05	-0.185971785443	-0.304602527439	0.00994026326711	1.33623891736e-11	2.0676766723e-05	100.0
-0.000972677735245	0.00104395234985	-0.000206070093577	-0.117406931716	0.128910801916	-0.0244326088084	1.33623891736e-11	2.0676766723e-05	100.0
0.00158847566137	0.00384844061186	4.5085268219e-05	0.190710118801	0.46312399458	0.00523155652746	1.33623891736e-11	2.0676766723e-05	100.0
0.000399107243864	-0.00278744620748	0.000537573995443	0.0439033474621	-0.343154488614	0.0559380507499	1.33623891736e-11	2.0676766723e-05	100.0
1.64925816093e-05	-0.00175534262347	0.00226225353734	0.00189540628513	-0.213707545894	0.271633787283	1.33623891736e-11	2.0676766723e-05	100.0
-0.000448087031181	-0.00251499127267	0.0014568970113	-0.0536096570334	-0.305550197935	0.172130108098	1.33623891736e-11	2.0676766723e-05	100.0
0.00115029253207	-7.37895114506e-05	-0.000145898045667	0.139278756024	-0.00985288789212	-0.017851971489	1.33623891736e-11	2.0676766723e-05	100.0
0.00124314809415	0.00162624075598	-0.000290902272394	0.149559538609	0.198104366338	-0.0343391462486	1.33623891736e-11	2.0676766723e-05	100.0
0.00057223076137	0.00191153855434	-0.000195141167053	0.0678352869215	0.235721581173	-0.0234740420783	1.33623891736e-11	2.0676766723e-05	100.0
-0.000484506077759	-0.00145389435713	0.00121296524677	-0.0586993015304	-0.178037864515	0.145731812044	1.33623891736e-11	2.0676766723e-05	100.0
-0.000436311289576	-0.00334500712883	0.000141740734349	-0.041222330659	-0.395255081988	0.011227033916	1.33623891736e-11	2.0676766723e-05	100.0
0.00057297559143	-0.0015527724181	-0.000877044709367	0.0688261726394	-0.190845741566	-0.104010291151	1.33623891736e-11	2.0676766723e-05	100.0
0.000458763892861	-0.00243295337686	-0.000677813050985	0.05343995301	-0.299770378625	-0.0766352704752	1.33623891736e-11	2.0676766723e-05	100.0
0.000252578592324	6.7004605621e-05	-0.000172413940374	0.0305705735434	0.00808550411363	-0.0211330671741	1.33465780223e-11	2.0652300778e-05	100.0
-0.000306965929081	0.00132913323645	-0.00057810141168	-0.0366984663212	0.16402643925	-0.0685444449736	1.33465780223e-11	2.0652300778e-05	100.0
0.00115255168395	0.00331095794367	-0.000672006826431	0.136667040826	0.398966573004	-0.0780628423921	1.33465780223e-11	2.0652300778e-05	100.0
-0.000296660136741	0.0029280816628	-0.000228681676196	-0.024641266543	0.36396388359	-0.0139227851021	1.33465780223e-11	2.0652300778e-05	100.0
0.00103366352533	0.00226353542584	-0.00110075329281	0.123971728452	0.275345015247	-0.131039194098	1.33465780223e-11	2.0652300778e-05	100.0
-0.00194182258852	-0.00367704274076	0.00024676743903	-0.233908942278	-0.443417337157	0.0290776271613	1.33465780223e-11	2.0652300778e-05	100.0
0.000251148320108	-0.00256407123547	-0.00104020595141	0.0297352863122	-0.313062064578	-0.119749505044	1.33465780223e-11	2.0652300778e-05	100.0
-0.000363828163177	0.00264478376041	0.000511525231475	-0.0404934088204	0.326814786903	0.0537865268885	1.33149858937e-11	2.0603415577e-05	100.0
-0.000282927299559	0.00269337501132	0.00111848244803	-0.0336412835203	0.328047823461	0.129181805009	1.33149858937e-11	2.0603415577e-05	100.0
-0.000507327985251	0.0020302225789	0.000925301382448	-0.0604894266598	0.249402378371	0.108612055702	1.33149858937e-11	2.0603415577e-05	100.0
-0.000447863936094	0.00261818046104	0.000366403873	-0.0494550180291	0.325222313982	0.0380483018849	1.33149858937e-11	2.0603415577e-05	100.0
-0.000151767727567	0.00286219162991	0.000471344664767	-0.0157105629699	0.35076362068	0.0423365930483	1.33149858937e-11	2.0603415577e-05	100.0
-0.000492077646724	0.00233901042537	0.00038423665611	-0.0567701831416	0.290256643492	0.0427539647812	1.33149858937e-11	2.0603415577e-05	100.0
-0.00011415304365	-0.000347889474726	0.000673643820921	-0.0139404769262	-0.0427929634391	0.0811148686634	1.33149858937e-11	2.0603415577e-05	100.0
-0.000984729674699	6.69498945148e-05	0.000103061863012	-0.119133598015	0.00896068531377	0.0131548969483	1.33149858937e-11	2.0603415577e-05	100.0
0.00167104174391	0.00357003319867	-0.000210119703669	0.20040811312	0.430088289608	-0.0245768870184	1.33149858937e-11	2.0603415577e-05	100.0
0.000278979975615	0.00222032725403	-0.000821208473858	0.0326798974047	0.272234436997	-0.0950458954802	1.33149858937e-11	2.0603415577e-05	100.0
-0.00100406917978	0.000952220773755	-0.00162090487428	-0.1215655743	0.11650544962	-0.194417989476	1.33149858937e-11	2.0603415577e-05	100.0
0.000301715099151	-0.00291578727303	0.000487139084153	0.0314702455836	-0.358017912401	0.0466512692261	1.33149858937e-11	2.0603415577e-05	100.0
0.00069635581023	-0.00181447273561	0.000983734265343	0.083424717564	-0.222652350636	0.1162243705	1.33149858937e-11	2.0603415577e-05	100.0
0.000770654077097	-0.00186704314322	0.00136179233024	0.0927370236672	-0.228243270631	0.16189523181	1.33149858937e-11	2.0603415577e-05	100.0
0.00091944425229	-0.00107463356355	0.00105356265957	0.111093391102	-0.131958973809	0.125941605145	1.33149858937e-11	2.0603415577e-05	100.0
0.00112445298916	0.00269233072553	-0.000340494423708	0.132502002728	0.327633080083	-0.0399542327122	1.33149858937e-11	2.0603415577e-05	100.0
-0.00162830736534	-0.00318568160356	0.000120491087698	-0.194763472703	-0.384818318654	0.01301638878	1.33149858937e-11	2.0603415577e-05	100.0
0.000779502304574	-0.00145263491554	-0.000963142727806	0.0938731783124	-0.178269447622	-0.114223374563	1.33149858937e-11	2.0603415577e-05	100.0
0.000335319589746	-0.000835980416866	-0.0016255244389	0.0406114783135	-0.102121383227	-0.195201355728	1.33149858937e-11	2.0603415577e-05	100.0
-0.00175129073759	-0.00283190882014	-0.000203690327178	-0.210083647917	-0.342166618863	-0.0236884324144	1.33149858937e-11	2.0603415577e-05	100.0
-0.00118682568622	-0.000766815404345	0.00148236862331	-0.143809156654	-0.0927942250862	0.17824696934	1.32991998874e-11	2.057898854e-05	100.0
-0.000184646105668	-0.000650933254226	0.00154630702682	-0.0225502282575	-0.0796221102416	0.185685749992	1.32991998874e-11	2.057898854e-05	100.0
0.000495260538638	-0.00229075064696	-0.00030079876919	0.0571770975588	-0.2847278682	-0.0336793519451	1.32991998874e-11	2.057898854e-05	100.0
0.00124698657258	0.00279067337674	0.00165741868303	0.150424442138	0.338065782209	0.197766684248	1.3283423939e-11	2.0554577067e-05	100.0
0.00106874307777	0.00162410388613	0.00213712005093	0.129499906642	0.197271730436	0.256720423863	1.3283423939e-11	2.0554577067e-05	100.0
-0.00100427900629	0.000942900395908	0.000687869465778	-0.121398952628	0.116129677812	0.0819965889704	1.3283423939e-11	2.0554577067e-05	100.0
-0.000662972243922	0.00171893109438	0.000436920259133	-0.0791861672777	0.212294116897	0.0512593524683	1.3283423939e-11	2.0554577067e-05	100.0
0.000691588907288	0.00294601775559	0.000696981789394	0.0796421741739	0.356387597874	0.0781048063592	1.3283423939e-11	2.0554577067e-05	100.0
-0.000663146161986	-0.000291849339176	0.00162490226487	-0.0804977833616	-0.035563595869	0.195651328635	1.3283423939e-11	2.0554577067e-05	100.0
-0.00160494240892	-0.00118104154941	0.00056721609085	-0.194119120206	-0.143224388203	0.068055041093	1.3283423939e-11	2.0554577067e-05	100.0
-0.000470721132082	0.00217203575672	9.01544581944e-05	-0.0546081581149	0.270412728237	0.0100577831519	1.3283423939e-11	2.0554577067e-05	100.0
0.00127732257335	0.00354047986032	0.000239388700985	0.151673259011	0.425695744934	0.0272641476195	1.3283423939e-11	2.0554577067e-05	100.0
-0.000438102451087	-0.00158191539447	-7.11271020852e-05	-0.0522744204074	-0.194838624357	-0.00786305920089	1.3283423939e-11	2.0554577067e-05	100.0
-0.000860773153237	-0.00183595024645	-0.00151132242747	-0.103961073687	-0.223023480856	-0.181146346791	1.3283423939e-11	2.0554577067e-05	100.0
0.000307300095134	0.00303387566692	-0.000900467197024	0.0350555961316	0.367233356435	-0.100940833874	1.3283423939e-11	2.0554577067e-05	100.0
-7.6573590148e-05	0.00292382804731	-0.000492070586309	-0.00794711524718	0.358398183903	-0.0440057638163	1.3283423939e-11	2.0554577067e-05	100.0
0.00159970920475	-0.000161395981955	0.000894196323812	0.193957848511	-0.020519101318	0.107222051768	1.3283423939e-11	2.0554577067e-05	100.0
0.00138717114454	0.00171476961343	0.00136451399859	0.167825770297	0.208612121864	0.163481231415	1.3283423939e-11	2.0554577067e-05	100.0
4.0440758613e-05	-0.00311641914038	0.0005633868958	0.00476656156854	-0.375682145304	0.0533055382677	1.3283423939e-11	2.0554577067e-05	100.0
0.000899944247268	-0.000496673283907	0.000238199330567	0.108826288533	-0.0617225348702	0.0283681338597	1.3283423939e-11	2.0554577067e-05	100.0
0.0012599139251	0.00176428723347	0.00113623978446	0.152187870283	0.214475924602	0.136100434667	1.3283423939e-11	2.0554577067e-05	100.0
-0.00196346005044	-0.00221241459649	0.000920278521852	-0.237267374138	-0.268204024769	0.109356415171	1.3283423939e-11	2.0554577067e-05	100.0
0.000408801840633	-0.00270087679249	-5.00597098766e-05	0.0413103214128	-0.33939179019	-0.0037970719316	1.3283423939e-11	2.0554577067e-05	100.0
0.00075089592562	-0.00108797291545	-0.000444428577552	0.0905432670803	-0.134287122174	-0.0529499309704	1.3283423939e-11	2.0554577067e-05	100.0
0.000583189846839	0.00232249408915	-0.000348597576135	0.0676216716315	0.286850730175	-0.0394913449114	1.3283423939e-11	2.0554577067e-05	100.0
-0.00017593016095	0.000193246379188	0.000506895228001	-0.02135399344	0.0237396100887	0.061218939047	1.3283423939e-11	2.0554577067e-05	100.0
0.000585786264811	0.00297774694777	0.00131955587059	0.069711756779	0.360069884535	0.154831535538	1.32518921583e-11	2.0505785248e-05	100.0
-0.000973905071364	-0.000375994787812	0.00125828336546	-0.118061646875	-0.0453651096087	0.151109906818	1.32518921583e-11	2.0505785248e-05	100.0
-0.00144820360448	-0.00141159852511	0.00131828020918	-0.175301631429	-0.171307529835	0.158545750141	1.32518921583e-11	2.0505785248e-05	100.0
-0.000556294857705	0.00215171593208	0.000177714092999	-0.0649918097723	0.267295728662	0.0201062380352	1.32518921583e-11	2.0505785248e-05	100.0
-0.000542594985257	0.00190589134127	-0.000329572347289	-0.0642879097174	0.23603683104	-0.0380007260883	1.32518921583e-11	2.0505785248e-05	100.0
0.000890835655123	-0.000461699072566	0.000630254166124	0.107736546247	-0.0573204705198	0.0755662969152	1.32518921583e-11	2.0505785248e-05	100.0
0.000859634047184	0.000951312915044	0.00166627021651	0.104130810555	0.115538675509	0.200315509826	1.32518921583e-11	2.0505785248e-05	100.0
-0.0012300252801	-0.00149674896068	0.00190857142788	-0.149158402453	-0.18190082273	0.229214070953	1.32518921583e-11	2.0505785248e-05	100.0
0.000393021338251	-0.00264461880967	-0.000134342143467	0.0408951069112	-0.331955264375	-0.0126206449273	1.32518921583e-11	2.0505785248e-05	100.0
0.000660700350376	-0.00156224561724	-0.000505761453676	0.0792229657344	-0.192750503211	-0.0596853712259	1.32518921583e-11	2.0505785248e-05	100.0
0.00146077426214	0.00066004617922	-0.000959174728013	0.176939257138	0.0796917828239	-0.115015659744	1.32518921583e-11	2.0505785248e-05	100.0
0.000326837564006	-0.00273666942641	-0.000708450609251	0.0372526437357	-0.335483732913	-0.0771644880446	1.32518921583e-11	2.0505785248e-05	100.0
-0.000106075292066	0.00100864019637	0.00242908039546	-0.0127572107133	0.12274488618	0.292361588533	1.32203905515e-11	2.045704012e-05	100.0
-0.00100703460026	0.00109838678707	0.00115309280956	-0.121756916909	0.134877070689	0.137935639261	1.32203905515e-11	2.045704012e-05	100.0
-0.000685938881749	0.000167218758201	0.00065450204704	-0.0831690891158	0.0208497706688	0.0782864539367	1.32203905515e-11	2.045704012e-05	100.0
-0.00119616344566	-0.0017345155793	-0.000363287375647	-0.143804820275	-0.211808873218	-0.0434104081429	1.32203905515e-11	2.045704012e-05	100.0
0.00176870035691	0.00380681388876	0.000749934866285	0.213190372296	0.460131243788	0.0887739852899	1.32203905515e-11	2.045704012e-05	100.0
-0.000849498427186	-0.000713079432219	0.00106366272779	-0.103077490067	-0.087168161265	0.128379278209	1.32203905515e-11	2.045704012e-05	100.0
-0.00153725789187	-0.00133253644251	-0.000290837081393	-0.185810635964	-0.161855627653	-0.0350232427697	1.32203905515e-11	2.045704012e-05	100.0
-0.000522747865114	0.00206915012441	-7.84146002353e-05	-0.0612036871084	0.257137874143	-0.00898560873586	1.32203905515e-11	2.045704012e-05	100.0
-0.000838826619342	-0.00150699116181	-4.34930058707e-05	-0.100984297378	-0.184687410924	-0.0051402157801	1.32203905515e-11	2.045704012e-05	100.0
-0.0011443303666	-0.00254787683987	-0.000614892505398	-0.136012203172	-0.310076972684	-0.0727963835126	1.32203905515e-11	2.045704012e-05	100.0
-0.000551123357974	-7.26630574696e-05	-0.00172483779911	-0.0667860473253	-0.00863860088874	-0.207439407013	1.32203905515e-11	2.045704012e-05	100.0
-0.00146571393533	-0.000538981820836	-0.00199703652928	-0.177767871341	-0.065011743888	-0.240433237573	1.32203905515e-11	2.045704012e-05	100.0
0.000905586567884	0.00157418254396	-0.00158660826554	0.109563045823	0.191647881383	-0.189671649894	1.32203905515e-11	2.045704012e-05	100.0
-9.28236664935e-05	0.00048625695161	-0.00258965973117	-0.0112176906647	0.0592381353286	-0.312072358107	1.32203905515e-11	2.045704012e-05	100.0
0.000813543087682	-0.000219199831539	0.00183373034507	0.098491660282	-0.0272183931532	0.220371077507	1.32203905515e-11	2.045704012e-05	100.0
-0.000134972982647	-0.002904563757	0.00119884932426	-0.0155587485045	-0.352210656567	0.13898506735	1.32203905515e-11	2.045704012e-05	100.0
-0.00170385457645	-0.00191502136668	0.00194415083951	-0.206607088876	-0.232310062614	0.233816683638	1.32203905515e-11	2.045704012e-05	100.0
0.00126682328908	-0.000174883843978	-0.000328138634696	0.153396203246	-0.0223973201812	-0.0394633106149	1.32203905515e-11	2.045704012e-05	100.0
0.0013486093775	0.00296164402359	0.000494569670797	0.160683706138	0.359082226563	0.0583214472923	1.32203905515e-11	2.045704012e-05	100.0
-0.000702742188897	-0.00220285820158	0.00141660394021	-0.0844145673678	-0.267874204766	0.168793769643	1.32203905515e-11	2.045704012e-05	100.0
0.000718944794647	0.00255133287843	0.000277029322965	0.0818541118437	0.313322582949	0.0314986743421	1.32203905515e-11	2.045704012e-05	100.0
-0.000578181082747	-0.00163149620485	0.00055854745964	-0.0693734143583	-0.200272641299	0.0660972812202	1.32203905515e-11	2.045704012e-05	100.0
-0.000492437354484	1.3075946976e-05	-0.00142469853222	-0.0597964205438	0.00171723027508	-0.171406009883	1.32203905515e-11	2.045704012e-05	100.0
-0.000294136165596	-0.000576794906233	-0.00122830514813	-0.0356589544093	-0.0701206138425	-0.147469272651	1.32203905515e-11	2.045704012e-05	100.0
-0.00153221082765	-0.00238668499504	-0.000986361895524	-0.184801685859	-0.289905112668	-0.116776140423	1.32203905515e-11	2.045704012e-05	100.0
-0.00190780207442	-0.00206929613979	-0.000676851954016	-0.230344073093	-0.250835401591	-0.0798795141795	1.32203905515e-11	2.045704012e-05	100.0
-0.000608629019704	0.000158846833105	0.00202526624525	-0.0737420686713	0.0197498687379	0.243988574788	1.31889191187e-11	2.0408341683e-05	100.0
0.00129500703468	0.00310478344562	-0.000119792065523	0.153006820339	0.374848089279	-0.0146084721085	1.31889191187e-11	2.0408341683e-05	100.0
0.000342386527404	0.000849672068628	-0.0011477717008	0.0414377034	0.103730298735	-0.138207816297	1.31889191187e-11	2.0408341683e-05	100.0
-0.00158187360169	-0.000879302690235	-0.000920999633787	-0.191602847303	-0.106528297586	-0.109856525855	1.31889191187e-11	2.0408341683e-05	100.0
-0.000408980429218	0.0025675385014	-0.000218905879775	-0.0442625603084	0.320996220177	-0.0220565899974	1.31889191187e-11	2.0408341683e-05	100.0
0.00104732614687	0.00359988942764	-0.00021539902831	0.123193966909	0.431810198148	-0.0242685652297	1.31889191187e-11	2.0408341683e-05	100.0
0.00214146573906	0.00318067603585	-0.000880503343755	0.258798653814	0.385046242865	-0.104508382404	1.31889191187e-11	2.0408341683e-05	100.0
-0.000565325919582	0.00213824443853	-0.00114115650605	-0.0677147457292	0.261468695734	-0.134183824312	1.31889191187e-11	2.0408341683e-05	100.0
0.000728854371254	-0.00188674929542	0.000368375222489	0.0867146624711	-0.233166949086	0.0429036870858	1.31889191187e-11	2.0408341683e-05	100.0
-1.59819699432e-05	-0.000780688906156	0.00218027584787	-0.00208751756465	-0.0952058982917	0.262241009781	1.31889191187e-11	2.0408341683e-05	100.0
0.0014454787423	0.000246715023364	-0.000776716260574	0.175058116783	0.0295227211716	-0.0927601299519	1.31889191187e-11	2.0408341683e-05	100.0
0.00110221275984	-0.000437285570469	-0.00127975478785	0.133562931734	-0.0540716073459	-0.153947127782	1.31889191187e-11	2.0408341683e-05	100.0
0.000489657554671	-0.00248610408818	-0.000872297036378	0.0575553512415	-0.304830205312	-0.100009037901	1.31889191187e-11	2.0408341683e-05	100.0
-0.000858360529593	-0.00230075552593	-0.00187096981983	-0.103602855682	-0.279352722153	-0.223556826699	1.31889191187e-11	2.0408341683e-05	100.0
-0.00107043129512	-0.00346967000193	-0.000370292607393	-0.125847796659	-0.416952941514	-0.0422153444836	1.31889191187e-11	2.0408341683e-05	100.0
