# x[AU] y[AU] z[AU] vx[AU/yr/2pi] vy[AU/yr/2pi] vz[AU/yr/2pi] m[MSUN] m[mtot] wf[%]
1.38373425706e-05	0.00133789708776	4.33993050523e-07	0.00259977043207	0.159817616425	0.000292956743799	5.45208873194e-06	0.906739158347	9.64799086198
-0.000185053950337	-0.013549947463	-1.22440996438e-06	-0.031008791361	-1.6203664251	-0.000115241197004	4.96225259069e-07	0.0825274304746	15.1959407177
-0.000205572644397	-0.0127546643978	1.23848271806e-05	-0.0303261222576	-1.53985825099	0.00117198956917	5.23118075706e-10	8.6999986063e-05	0.0
-0.000224169644989	-0.0121782366505	0.000192920725388	-0.033242844908	-1.46437484688	0.0213792361475	4.97493449738e-10	8.2738343796e-05	0.0
-0.000183524259273	-0.012800814673	-3.29655806371e-05	-0.0263560382933	-1.5448077317	-0.00210409570477	2.7341659668e-10	4.5472028602e-05	0.0
-0.000167165898137	-0.0128281791233	-0.000221395527049	-0.0252558113388	-1.54839181722	-0.0218720047924	2.6772206772e-10	4.4524969108e-05	0.0
-0.000137532147769	-0.013044240746	-0.000274385660343	-0.022716052472	-1.57700751019	-0.0237145989267	2.66891881698e-10	4.4386900523e-05	0.0
-0.000438234241445	-0.0125096284435	-0.00100436858029	-0.0581552887021	-1.50063608523	-0.115332435637	2.66891881698e-10	4.4386900523e-05	0.0
-0.000154970843973	-0.0124942710645	0.00014712382943	-0.0255350067503	-1.50469190456	0.0154223563546	2.66057219873e-10	4.4248087565e-05	0.0
-0.000135528908675	-0.0125487711825	0.000108651209318	-0.0224185745573	-1.51053124548	0.0117246695666	2.65218082244e-10	4.4108530235e-05	0.0
-0.00010873165293	-0.0127068144547	0.00033902673856	-0.0191399258285	-1.53059495634	0.0354823343539	2.65218082244e-10	4.4108530235e-05	0.0
-8.10732064651e-05	-0.0130112917784	-8.31498250864e-06	-0.0170648923495	-1.57688353864	-0.00104655838876	2.63525876679e-10	4.382709882e-05	0.0
-0.000198148950198	-0.0128010915746	0.000519702485358	-0.028915488048	-1.54016981964	0.0539228505798	2.61814510654e-10	4.354248082e-05	0.0
-0.000405668536157	-0.0118341477731	0.000760091301086	-0.0544706404546	-1.41976742433	0.0882864556472	2.61814510654e-10	4.354248082e-05	0.0
-0.000274927672951	-0.0123389141293	-0.00047963152761	-0.0380639395333	-1.48248004967	-0.0534802300729	2.61814510654e-10	4.354248082e-05	0.0
-0.000115289645931	-0.0121976976073	-0.000292437313414	-0.0203792349541	-1.4661735458	-0.0328650308093	2.6008312924e-10	4.3254534052e-05	0.0
-0.000169599031559	-0.0122700149194	-5.15431738729e-05	-0.0268253889637	-1.47531855257	-0.00501243243373	2.6008312924e-10	4.3254534052e-05	0.0
-0.000108512426935	-0.0125634305636	0.00050555833297	-0.0194616389915	-1.51067767486	0.0546179448373	2.59209643595e-10	4.3109264289e-05	0.0
-0.00069143033364	-0.010920654362	0.000654580414633	-0.0884957823696	-1.30852102043	0.0773607982477	2.54759689611e-10	4.236919058e-05	0.0
-0.000264715291238	-0.0125759586075	0.000457631646939	-0.0370367170542	-1.51292311094	0.0495281842046	2.53852258269e-10	4.2218275294e-05	0.0
-0.000316910282594	-0.0131083873575	0.000963382548599	-0.0425098026204	-1.57124987561	0.105637203504	2.53852258269e-10	4.2218275294e-05	0.0
-0.000488329250324	-0.012480157889	-0.00106061712094	-0.0629782166496	-1.49673508839	-0.121533682473	2.53852258269e-10	4.2218275294e-05	0.0
-0.000259753012561	-0.0122483195063	-0.000105312473	-0.0367521950361	-1.47324197759	-0.0118325777225	2.52938741847e-10	4.2066347996e-05	0.0
-0.000230496144121	-0.0115017601845	-0.00022882079728	-0.0340033340548	-1.38027748307	-0.0267528594959	2.52938741847e-10	4.2066347996e-05	0.0
-0.00049032138176	-0.0109128338636	-0.000158481854521	-0.0644080518346	-1.30792889304	-0.0187568166046	2.52938741847e-10	4.2066347996e-05	0.0
-0.000171565927215	-0.0130175534671	0.000488208380622	-0.0260862671725	-1.567882099	0.04738335897	2.51092598832e-10	4.1759315178e-05	0.0
-0.000384209744163	-0.0123676069121	0.000637251485639	-0.0511171466616	-1.48551078271	0.0717501619015	2.51092598832e-10	4.1759315178e-05	0.0
-0.000526572543021	-0.0125520064144	0.00120062857185	-0.0681423815652	-1.50469773585	0.138393519422	2.51092598832e-10	4.1759315178e-05	0.0
-0.00122043167176	-0.0104783841445	0.00152640848424	-0.152118622876	-1.25463342569	0.18135905452	2.51092598832e-10	4.1759315178e-05	0.0
-6.5257266022e-05	-0.0107781358983	-0.00125867174178	-0.0142903914623	-1.29125464401	-0.148831186739	2.51092598832e-10	4.1759315178e-05	0.0
-0.000180844945556	-0.0128437723051	-0.000376527422532	-0.0279783595454	-1.5486033645	-0.0371830673702	2.51092598832e-10	4.1759315178e-05	0.0
-0.000222793083371	-0.0123097915557	-0.000618774791886	-0.0331098675441	-1.47879437765	-0.0693589216456	2.51092598832e-10	4.1759315178e-05	0.0
-0.000641434857301	-0.0127841310572	-0.00102914320778	-0.0802221613433	-1.5316456846	-0.117442266227	2.51092598832e-10	4.1759315178e-05	0.0
-0.000735234630449	-0.0124158968902	-0.00121702179535	-0.0930703621911	-1.48809674546	-0.1407559971	2.51092598832e-10	4.1759315178e-05	0.0
-0.000147325314544	-0.0130079393249	0.00052709547644	-0.0236786204509	-1.56489841754	0.0505470545781	2.49220053609e-10	4.1447891399e-05	0.0
-0.000174111727855	-0.0132235671259	0.00063673786012	-0.0263867286701	-1.58719574371	0.0613527891725	2.48273396129e-10	4.1290452397e-05	0.0
-0.000145721586992	-0.0131460645536	-0.000383706017161	-0.0217074643838	-1.58650961959	-0.0316149512421	2.48273396129e-10	4.1290452397e-05	0.0
-0.000452470968546	-0.0110996095869	-0.000429935667233	-0.0601779150924	-1.33093709456	-0.0508166333946	2.47319597479e-10	4.1131825745e-05	0.0
-0.000203291902597	-0.0124668184946	0.000125121822412	-0.0303414846761	-1.50208937932	0.0143995473194	2.46358506792e-10	4.097198635e-05	0.0
-0.000332484540611	-0.0116530542082	0.000347960720727	-0.0458180650677	-1.39868419145	0.0408371834216	2.46358506792e-10	4.097198635e-05	0.0
-0.00189092773778	-0.0105214515657	0.00115609869359	-0.23220139459	-1.25935219083	0.137199252792	2.46358506792e-10	4.097198635e-05	0.0
-0.000108449056494	-0.0131739380887	0.00062910846697	-0.0197971516922	-1.58242973693	0.0615621022341	2.46358506792e-10	4.097198635e-05	0.0
-0.00107065571803	-0.00904025480558	-0.000717385573724	-0.134635299048	-1.08143756882	-0.0851654341249	2.46358506792e-10	4.097198635e-05	0.0
-0.000392802552958	-0.0130879640501	-0.000770137612995	-0.0505914583601	-1.57024161817	-0.0812950943114	2.46358506792e-10	4.097198635e-05	0.0
-0.000220234405823	-0.0129158807526	0.000741383201586	-0.0319164055307	-1.55149701161	0.0789433123476	2.45389822326e-10	4.0810884031e-05	0.0
-0.000265546702364	-0.0125432686389	0.000137130009973	-0.036745263621	-1.51062042197	0.0138228326068	2.45389822326e-10	4.0810884031e-05	0.0
-0.000482535434878	-0.0116841811452	0.000550955079964	-0.0634983153671	-1.4019639753	0.06417313709	2.45389822326e-10	4.0810884031e-05	0.0
-0.00048158764735	-0.0122357058368	-0.000814462894758	-0.0629992407118	-1.46846097031	-0.0931899412492	2.45389822326e-10	4.0810884031e-05	0.0
-0.00139174334104	-0.0126402429316	-0.00154427308844	-0.171153418912	-1.51315489866	-0.18151984732	2.45389822326e-10	4.0810884031e-05	0.0
-0.000742271691037	-0.0119923475569	0.000261853176404	-0.0930502098611	-1.43866350713	0.0302434339583	2.44413342922e-10	4.0648485333e-05	0.0
-0.000312040247957	-0.0121060601132	-0.000173718898815	-0.0437094595455	-1.45527124378	-0.0191859917401	2.43428917711e-10	4.0484765164e-05	0.0
-0.00029289451162	-0.0119683940455	-0.000364460551062	-0.0409622865897	-1.43778676234	-0.041578759826	2.43428917711e-10	4.0484765164e-05	0.0
-0.000981306151773	-0.0120432927806	-0.000264740811475	-0.121204101986	-1.44423431995	-0.0309189421339	2.43428917711e-10	4.0484765164e-05	0.0
-0.000581909640643	-0.0115280220142	0.000872231932911	-0.0755073392841	-1.38195307515	0.101378983143	2.42436244952e-10	4.0319673342e-05	0.0
-0.000257298147232	-0.00674859390027	0.00113373156066	-0.0370518050694	-0.805096599712	0.135389305197	2.41435123487e-10	4.0153176413e-05	0.0
-0.000666115054952	-0.0130374352995	0.00108562153245	-0.0827780140601	-1.56153741722	0.123723829106	2.41435123487e-10	4.0153176413e-05	0.0
-0.000200851271809	-0.0130715134497	0.000387385228278	-0.0292900431436	-1.57730697414	0.0346278806673	2.39406377768e-10	3.9815774863e-05	0.0
-0.00146742933106	-0.0108130952127	0.00267782588352	-0.181665906072	-1.29392536388	0.31856229712	2.39406377768e-10	3.9815774863e-05	0.0
-0.000999671817655	-0.0122514307278	0.00148925543758	-0.124477129678	-1.46688918422	0.174549690448	2.39406377768e-10	3.9815774863e-05	0.0
-0.000257923049796	-0.0122980379279	-0.000418381042605	-0.0374581997166	-1.47879856426	-0.0470488168652	2.39406377768e-10	3.9815774863e-05	0.0
-0.000163790861343	-0.0130203992088	-0.000295614963776	-0.0261142783265	-1.57315369251	-0.0230987315691	2.39406377768e-10	3.9815774863e-05	0.0
0.00059444360572	-0.000100842221867	0.00138514486283	0.0577192059034	0.0035034741868	0.149527082393	1.28553259541e-10	2.1379746386e-05	100.0
0.00058206264625	0.000294089659907	-0.000331816210737	0.0418691422545	0.0700601130197	-0.0284123609065	1.27777235764e-10	2.1250685547e-05	100.0
0.00106323395731	-0.000548636679192	-0.00136542595375	0.113951339199	-0.0529723453296	-0.153665683852	1.16947200612e-10	1.9449537869e-05	100.0
0.000493368371359	-4.09377826953e-06	-0.000164434982523	0.0392441544318	0.0333770278813	-0.0163543734815	1.13852006819e-10	1.8934774894e-05	100.0
-3.24852020217e-06	-0.000455476229028	-0.00116263995895	-0.00869124701462	-0.0354905092245	-0.124819392334	1.1307719e-10	1.8805914785e-05	100.0
0.00108848294496	-0.000741423363387	0.000823998871529	0.11714120052	-0.0729506487001	0.0933102344749	1.11525796215e-10	1.8547901835e-05	100.0
0.000245589064344	-0.000835361724905	0.000487813708167	0.0200498109147	-0.0783707987834	0.0538738294736	1.11525796215e-10	1.8547901835e-05	100.0
0.000515424536661	-0.000273317434751	0.000427373628728	0.0463634196399	-0.00620444056866	0.0421185391464	1.09971586194e-10	1.8289420516e-05	100.0
0.00065042942781	-0.00103151278175	3.32825378617e-05	0.0669236042794	-0.105049857113	0.0037049313391	1.09193198791e-10	1.8159966581e-05	100.0
0.000700072121414	2.01041860137e-05	0.000801673859988	0.0652923705249	0.0254603213864	0.0810407449363	1.0880370335e-10	1.8095189432e-05	100.0
0.0018474746292	-0.00107527869098	0.00171336077199	0.210155042679	-0.120557542806	0.200742859993	1.0685220295e-10	1.7770634584e-05	100.0
0.00128191924299	0.000937930104309	0.00162844230276	0.134179225694	0.117398265364	0.177687264133	1.05677782416e-10	1.7575316213e-05	100.0
0.00091523925407	0.000708392034887	-0.000552850555392	0.0722898270671	0.102262328604	-0.0448835108629	1.05677782416e-10	1.7575316213e-05	100.0
-9.08483213057e-05	0.000252458830826	0.000947579996003	-0.0190276389773	0.0578303416213	0.0867796366639	1.04893159062e-10	1.7444825175e-05	100.0
0.00104098700698	-0.00157878092245	0.00150355711179	0.11588102485	-0.178684580736	0.174897744706	1.04500344486e-10	1.7379496018e-05	100.0
0.00190965220082	-0.00183348401596	-0.000324086733542	0.21915156595	-0.210637181355	-0.0374261140455	1.04500344486e-10	1.7379496018e-05	100.0
0.000556341117454	-0.00061634939679	-0.000556055059512	0.0541333829378	-0.0518716358919	-0.0600288788582	1.04500344486e-10	1.7379496018e-05	100.0
0.000810677996301	0.000430792233582	-0.00061176342645	0.0684003563611	0.0778430089918	-0.0574457362314	1.03713508376e-10	1.7248636976e-05	100.0
0.000654411500711	-0.000892286881594	-0.00122821672936	0.067660023795	-0.092026664297	-0.138827596323	1.03713508376e-10	1.7248636976e-05	100.0
0.00101146616801	-0.00128527858686	6.15275294858e-05	0.109871574066	-0.138879114862	0.00652139424309	1.03319537132e-10	1.7183115453e-05	100.0
-0.000279169683062	-0.0003650491348	-0.000771125538554	-0.0384988700371	-0.0174528748048	-0.0823805312974	1.03319537132e-10	1.7183115453e-05	100.0
0.00212119037775	0.00180152009089	0.000143140035722	0.228742215453	0.208001178506	0.0153122967997	1.02925113278e-10	1.7117518657e-05	100.0
-0.000328481306579	-0.000614689034902	0.000990275267066	-0.0453649876482	-0.0535483010701	0.106391756056	1.01343042641e-10	1.6854403827e-05	100.0
-0.000322719119531	-0.00708028509927	-0.00131744918974	-0.0449430183656	-0.845371323891	-0.15646198572	1.01343042641e-10	1.6854403827e-05	100.0
0.00160157398169	-0.0041276095899	-0.00116726859148	0.184786536637	-0.489113908668	-0.138927812228	1.00946355741e-10	1.6788430663e-05	100.0
-0.000364830423145	-0.00194563978557	-1.87395820427e-05	-0.049724090874	-0.219234395471	-0.00114871764464	1.00946355741e-10	1.6788430663e-05	100.0
0.00189374758514	-0.00191908080621	-0.000279422624683	0.21626515808	-0.221235231895	-0.0324980460812	1.00151422953e-10	1.6656225058e-05	100.0
0.0016466715308	-0.00190959733079	0.00292396681071	0.189560661555	-0.223416058521	0.344565961056	9.93543779891e-11	1.6523668177e-05	100.0
0.00259488956095	-0.00232642003988	-0.00245155521034	0.302776618982	-0.27382183299	-0.289891298499	9.93543779891e-11	1.6523668177e-05	100.0
0.00188758845269	-0.000345744221077	-0.00328928546795	0.216598044376	-0.0371688464709	-0.38606952384	9.89550257233e-11	1.6457251735e-05	100.0
0.000979255054263	-0.00178558830925	0.00343513869051	0.110192655334	-0.208916534316	0.404515677841	9.73515315796e-11	1.6190573953e-05	100.0
0.000688995351389	-0.00269018353769	0.00294003633656	0.0754571370304	-0.316318722234	0.348636805498	9.73515315796e-11	1.6190573953e-05	100.0
0.00014152487165	-0.000160008403783	-7.41661161023e-05	0.00536166782293	0.0164930212033	-0.00694839877189	9.73515315796e-11	1.6190573953e-05	100.0
0.0033701703777	0.00194377208452	-0.000861753893065	0.38835489164	0.227928968163	-0.100194818059	9.73515315796e-11	1.6190573953e-05	100.0
0.000812907000955	-0.00278792334342	-0.000616688284321	0.0898257520378	-0.325190899444	-0.0717092312735	9.65459373287e-11	1.6056595236e-05	100.0
-0.00101607635429	-0.00165775133797	-0.00107660748496	-0.125652832843	-0.185645264639	-0.123429427378	9.65459373287e-11	1.6056595236e-05	100.0
0.00238501875234	0.00192651774395	-5.04982297659e-05	0.263231009014	0.224669371714	-0.00479140577252	9.65459373287e-11	1.6056595236e-05	100.0
0.000955092326658	0.000222952114819	-0.00106987666229	0.0929439173598	0.0416887087495	-0.111551849252	9.65459373287e-11	1.6056595236e-05	100.0
0.000596455268397	0.000445953403694	0.00161548734129	0.0558231447572	0.063111216449	0.170672152448	9.57375268422e-11	1.5922148149e-05	100.0
0.00159420597769	0.00123539246077	0.000590515556496	0.159030782942	0.145074492001	0.0587494512323	9.49261995404e-11	1.5787215966e-05	100.0
0.00272396210369	-0.0054943684794	0.000267562862003	0.319744339157	-0.654989865355	0.03112160434	9.49261995404e-11	1.5787215966e-05	100.0
-0.000445425246136	-0.000563338111523	-0.000296472619045	-0.0565480990329	-0.0407113324659	-0.0309062893945	9.49261995404e-11	1.5787215966e-05	100.0
0.00191443450044	-0.00216572131839	0.000493469145066	0.219898094257	-0.251590990138	0.0567273650412	9.49261995404e-11	1.5787215966e-05	100.0
0.000936539104898	-0.00189659101331	-0.000672375123919	0.103564694938	-0.215146379626	-0.078725771152	9.49261995404e-11	1.5787215966e-05	100.0
-0.000387433340614	-0.00126473568805	-0.000834800710235	-0.0515838640741	-0.134219243295	-0.0944081233601	9.49261995404e-11	1.5787215966e-05	100.0
0.00242539432869	0.000186045345798	-0.00152978665184	0.274886595482	0.025884899846	-0.174744201549	9.49261995404e-11	1.5787215966e-05	100.0
-0.000695516988064	-0.00100544353884	-0.00178338077602	-0.087944564164	-0.109176773327	-0.201792367055	9.49261995404e-11	1.5787215966e-05	100.0
0.000201866450443	0.00106056100623	0.00171745747689	0.0119900300139	0.13017352751	0.175621384248	9.41117039734e-11	1.5651756868e-05	100.0
0.00309108924443	-0.00257545494329	-0.00128976597412	0.361533442352	-0.304218283818	-0.152733544383	9.32939395616e-11	1.5515754126e-05	100.0
-0.00100352006086	0.000207173220842	0.00221208729724	-0.122477813549	0.0336419439141	0.247640165238	9.24726548552e-11	1.5379165923e-05	100.0
0.00143039841041	-0.000765797570005	0.00309851088522	0.16272537835	-0.0869204770881	0.362118424975	9.24726548552e-11	1.5379165923e-05	100.0
0.000315806757903	-7.41552367764e-05	0.00171235149779	0.0264929945695	0.00339292339463	0.187155476896	9.24726548552e-11	1.5379165923e-05	100.0
0.00249966080988	0.00122733632084	-0.00152981020993	0.282382762463	0.146822847746	-0.173805701913	9.24726548552e-11	1.5379165923e-05	100.0
-0.000231887901483	-0.0121018706545	0.00011083524864	-0.0353966795604	-1.45500110797	0.0127896650526	9.22454952803e-11	1.5341386919e-05	100.0
0.00138764342098	-0.00765841677451	0.000426309606464	0.159620839155	-0.915418081842	0.0508668388813	9.22454952803e-11	1.5341386919e-05	100.0
-0.000643842263331	-0.0107444181203	0.000137742690598	-0.083331418138	-1.28803534547	0.0153503367225	9.22454952803e-11	1.5341386919e-05	100.0
-0.00199763153353	-0.0121124604663	0.00304189150127	-0.244888573784	-1.44852538804	0.361680026037	9.22454952803e-11	1.5341386919e-05	100.0
-0.00117087288529	-0.0138118834883	0.00080078318949	-0.142440300844	-1.64919827981	0.0897359460472	9.22454952803e-11	1.5341386919e-05	100.0
-4.50697552261e-05	-0.0120318247591	-0.000333590939233	-0.0134465146433	-1.44582332938	-0.0381876538078	9.22454952803e-11	1.5341386919e-05	100.0
0.000358519766879	-0.0109494692139	8.33872620087e-05	0.0358607919017	-1.31313194039	0.0110039787248	9.22454952803e-11	1.5341386919e-05	100.0
-0.000714836071728	-0.00851631313426	-0.00088056590367	-0.0924549771689	-1.01877348086	-0.105052373145	9.22454952803e-11	1.5341386919e-05	100.0
6.11781978826e-05	-0.012145103469	-0.00109803697781	0.000143531540894	-1.4561512238	-0.126293746728	9.22454952803e-11	1.5341386919e-05	100.0
-0.00109873348899	-0.0125673565245	-0.00191840585182	-0.137254755314	-1.50400557434	-0.224935878973	9.22454952803e-11	1.5341386919e-05	100.0
-0.00143188629068	-0.0136749864041	-0.000543810428887	-0.172831068581	-1.63265789208	-0.0612206930635	9.22454952803e-11	1.5341386919e-05	100.0
-0.000159888659545	-0.0124935136453	0.0007134329803	-0.0267640130581	-1.50095570176	0.0798009078499	9.19162974548e-11	1.5286637891e-05	100.0
0.000373385419536	-0.0112093650274	0.0015957674314	0.0376731637739	-1.34281093218	0.188692570873	9.19162974548e-11	1.5286637891e-05	100.0
-0.000326849930492	-0.0124206462599	0.000351557461045	-0.046091884053	-1.49449410628	0.0393271295583	9.19162974548e-11	1.5286637891e-05	100.0
0.00142799496103	-0.0102879409172	0.000814020650496	0.164388314493	-1.23264210379	0.0963450223554	9.19162974548e-11	1.5286637891e-05	100.0
-0.000894704751169	-0.0134630547312	0.000982673670435	-0.109914297954	-1.60897820265	0.109744904867	9.19162974548e-11	1.5286637891e-05	100.0
-6.54147544655e-05	-0.0114721437823	-0.000890460823518	-0.0153708942322	-1.37577933922	-0.104966820534	9.19162974548e-11	1.5286637891e-05	100.0
0.0013172129968	-0.0097568916748	-0.000621727952348	0.15078152066	-1.16810608281	-0.0730831214071	9.19162974548e-11	1.5286637891e-05	100.0
-9.35807009184e-05	-0.0125092050892	-0.000810831430437	-0.0192840053759	-1.50258998088	-0.091670093526	9.19162974548e-11	1.5286637891e-05	100.0
0.000261817388361	-0.0115150854417	-0.00100524951342	0.023937416862	-1.38026564538	-0.116881241078	9.19162974548e-11	1.5286637891e-05	100.0
0.001780005562	0.000886678019943	0.000880701140086	0.188028493468	0.107467727264	0.0928484953431	9.16476486947e-11	1.5241958803e-05	100.0
-0.000587496703828	-0.00239932456652	0.000885446692992	-0.0758475864672	-0.276252201012	0.103176039684	9.16476486947e-11	1.5241958803e-05	100.0
-0.000173422195708	-0.0122684878963	-0.000169981146583	-0.0282675515536	-1.47505962103	-0.0201655148879	9.1588608327e-11	1.5232139775e-05	100.0
0.00133726161618	-0.00950953385528	-2.14948849409e-05	0.153582444069	-1.13878069199	-0.00220979696025	9.1588608327e-11	1.5232139775e-05	100.0
-0.00102688957217	-0.0132790368072	0.000362007259305	-0.12079536507	-1.58771669666	0.0375821390643	9.1588608327e-11	1.5232139775e-05	100.0
-0.000537249844359	-0.0127552952851	-0.00136804691358	-0.0704977312245	-1.52770584901	-0.157162415827	9.1588608327e-11	1.5232139775e-05	100.0
-4.3890660804e-05	-0.0122342439858	0.00128387822896	-0.011964062593	-1.46707822751	0.148661151552	9.09374544248e-11	1.5123846097e-05	100.0
-0.000434846198275	-0.0123787941134	0.00162507502923	-0.0584219460658	-1.48252744977	0.189202965183	9.09374544248e-11	1.5123846097e-05	100.0
-0.000271893972693	-0.0111665735587	0.000612239013887	-0.0402351397372	-1.33873091728	0.0718585969895	9.09374544248e-11	1.5123846097e-05	100.0
-0.000699891432612	-0.0114670745538	0.00086656999644	-0.0905655525932	-1.37515002154	0.101806426713	9.09374544248e-11	1.5123846097e-05	100.0
-0.00125982912997	-0.0117566743635	0.00181321797971	-0.157122594453	-1.40825224904	0.214037036006	9.09374544248e-11	1.5123846097e-05	100.0
-0.00175375480669	-0.0119436591473	0.00228511433793	-0.216522099591	-1.42970331571	0.270288478178	9.09374544248e-11	1.5123846097e-05	100.0
-0.00154225211409	-0.00914399176271	0.00143411021398	-0.191293279892	-1.09366394307	0.170566936085	9.09374544248e-11	1.5123846097e-05	100.0
-0.00181534571321	-0.0117065127298	0.00258818406424	-0.223133503624	-1.40057693119	0.306706737588	9.09374544248e-11	1.5123846097e-05	100.0
-5.5481846998e-05	-0.01297177402	-0.00010519779074	-0.0187323742597	-1.56998244213	-0.00809378766934	9.09374544248e-11	1.5123846097e-05	100.0
-0.000537777768176	-0.00972860762182	-0.00244554892859	-0.0714605742324	-1.16452754482	-0.29159393285	9.09374544248e-11	1.5123846097e-05	100.0
-0.00388128813487	-0.013213336719	0.00117632682776	-0.469776359702	-1.57865086389	0.140234891522	9.09374544248e-11	1.5123846097e-05	100.0
-9.85156803305e-05	-0.0128319063842	-0.000349283222472	-0.0214243693657	-1.54760406386	-0.0351367486756	9.09374544248e-11	1.5123846097e-05	100.0
0.000517404273629	-0.0110271912881	-0.00165325437236	0.0549012468136	-1.32128406294	-0.195478557902	9.09374544248e-11	1.5123846097e-05	100.0
-0.000660408181719	-0.0106986485818	-0.00208772921118	-0.085816020682	-1.28108178584	-0.247545898961	9.09374544248e-11	1.5123846097e-05	100.0
-0.00347884009	-0.0140098345337	-0.000656126813582	-0.421457262056	-1.67402351035	-0.0779611639684	9.09374544248e-11	1.5123846097e-05	100.0
-0.000958854499591	-0.0138686663138	-5.89378204292e-05	-0.111551574602	-1.65081081573	-0.00657885273198	9.09374544248e-11	1.5123846097e-05	100.0
-0.00156434690036	-0.0114909297008	-0.00223657794522	-0.193980032516	-1.37576714344	-0.265063997799	9.09374544248e-11	1.5123846097e-05	100.0
0.000875632703374	0.000220801094056	0.00119542966129	0.086177281973	0.0422629615413	0.124997736248	9.08187199203e-11	1.5104099312e-05	100.0
-0.000736393446207	-0.000386685119817	0.000227439977379	-0.087980198619	-0.0182066262285	0.023151472976	9.08187199203e-11	1.5104099312e-05	100.0
0.00297556310786	0.000633219846645	0.000403047720933	0.338534462757	0.076308034856	0.046564562944	9.08187199203e-11	1.5104099312e-05	100.0
0.000240281329151	-0.00581627743529	-0.00309953513483	0.0225237950472	-0.693350551009	-0.368890216505	9.08187199203e-11	1.5104099312e-05	100.0
0.000300166899962	-0.00385746896015	-0.00276119521539	0.029793318127	-0.456755374641	-0.327248570429	9.08187199203e-11	1.5104099312e-05	100.0
-0.00103296717732	-0.0100928049399	-2.60306734586e-05	-0.13010733862	-1.20897009935	-0.00272202084146	9.06139896503e-11	1.5070050535e-05	100.0
-0.00327767174282	-0.013334450749	0.0016079168058	-0.397681487822	-1.5946088811	0.190737190823	9.06139896503e-11	1.5070050535e-05	100.0
-0.00113971341913	-0.0129061608101	-0.0016246236589	-0.14203725688	-1.54397006611	-0.189226702676	9.06139896503e-11	1.5070050535e-05	100.0
-0.000747552359714	-0.0138034039952	-0.000173082444976	-0.0835288446222	-1.64194957647	-0.013711066595	9.06139896503e-11	1.5070050535e-05	100.0
0.000244175377203	-0.00170261669433	0.00078672717833	0.0217002494682	-0.190444727931	0.0907590142472	9.04026714006e-11	1.5034906109e-05	100.0
-0.000234842716729	-0.00386187279456	0.000932739751222	-0.0339474232547	-0.455390421075	0.110373130969	9.04026714006e-11	1.5034906109e-05	100.0
-0.000202105297853	-0.0132051047321	0.000684077387273	-0.030254550451	-1.58602494243	0.0670640300975	9.02918324139e-11	1.501647243e-05	100.0
0.00346618840297	0.00127139412727	0.00333248861182	0.405017027642	0.15058671319	0.392662836927	8.99856170825e-11	1.496554563e-05	100.0
0.00409138029362	0.00193871452731	0.00120647631571	0.477489095135	0.228967905671	0.140466394726	8.99856170825e-11	1.496554563e-05	100.0
0.00163239299288	0.00123600593073	-0.00175519215676	0.177446748242	0.149697849784	-0.195464926651	8.99856170825e-11	1.496554563e-05	100.0
-0.00107023159475	-0.000619898224661	-0.00283347172581	-0.132223328927	-0.0667635717625	-0.32831386183	8.99856170825e-11	1.496554563e-05	100.0
0.00157695224455	0.00168622878935	0.000132217490332	0.154765943613	0.190437652713	0.0114803350969	8.91480887315e-11	1.482625594e-05	100.0
0.00133425673097	-0.00152136386778	-0.00168557155065	0.150278306239	-0.173145628624	-0.197288192808	8.91480887315e-11	1.482625594e-05	100.0
-0.000750649539024	-0.00229937678625	-0.00211683120313	-0.0950198206231	-0.266351811567	-0.248632671806	8.91480887315e-11	1.482625594e-05	100.0
0.00176201144332	0.00172101412804	0.000116261387282	0.180221765182	0.195883266877	0.0123997961387	8.91480887315e-11	1.482625594e-05	100.0
0.00151812548746	-0.000413273629743	-0.00192620127547	0.169155302264	-0.0419864761337	-0.220662788344	8.91480887315e-11	1.482625594e-05	100.0
-0.000140419390087	-0.0128763830941	0.000382200888151	-0.0255106733329	-1.55242239686	0.0375459357389	8.90158765282e-11	1.4804267673e-05	100.0
-0.000597208624167	-0.011151231327	0.00141332046961	-0.0784562375919	-1.33567882656	0.166192012483	8.90158765282e-11	1.4804267673e-05	100.0
-0.00110691495578	-0.0131823414382	0.00137668041153	-0.137399235418	-1.57714793139	0.158702480152	8.90158765282e-11	1.4804267673e-05	100.0
-0.000101266740369	-0.0129076314052	0.000240365758281	-0.0219286053811	-1.55915201782	0.0221226144018	8.90158765282e-11	1.4804267673e-05	100.0
0.000301094673041	-0.0117558770715	0.000441475977773	0.0277852876323	-1.41087526349	0.0510069847244	8.90158765282e-11	1.4804267673e-05	100.0
0.000454580941713	-0.0101762445834	0.00122204279563	0.0474830806568	-1.21852867582	0.144779660691	8.90158765282e-11	1.4804267673e-05	100.0
-0.00101902948014	-0.0105654175785	0.00131555169214	-0.128997347857	-1.26543179537	0.155414585956	8.90158765282e-11	1.4804267673e-05	100.0
-0.00113756943574	-0.0130635308621	0.00162465018514	-0.141219159927	-1.56358208801	0.189002764715	8.90158765282e-11	1.4804267673e-05	100.0
-0.000391187713556	-0.0137711721341	0.000853251177725	-0.0509980625967	-1.64378551584	0.0900111475338	8.90158765282e-11	1.4804267673e-05	100.0
-0.000144380990585	-0.0124447010368	-0.000420231033328	-0.0256192222695	-1.49696589488	-0.0466333313525	8.90158765282e-11	1.4804267673e-05	100.0
0.000302015643154	-0.0108867732166	-0.000594886574452	0.0291303110266	-1.30518332976	-0.0692562570025	8.90158765282e-11	1.4804267673e-05	100.0
0.00168769656345	-0.0047049588661	-0.00122406714576	0.195209441136	-0.559007281083	-0.145078941538	8.90158765282e-11	1.4804267673e-05	100.0
0.000408489175562	-0.00624843822399	-0.000554377838681	0.0424824365535	-0.745031695743	-0.0652722926598	8.90158765282e-11	1.4804267673e-05	100.0
-8.3379140369e-05	-0.012866432522	-0.000544024315007	-0.019142654991	-1.54912282215	-0.0568966168099	8.90158765282e-11	1.4804267673e-05	100.0
-0.000383575024969	-0.0120209629408	-0.0011726448303	-0.0524238419318	-1.44145066477	-0.136039578787	8.90158765282e-11	1.4804267673e-05	100.0
-0.00199980080164	-0.011131992616	-0.000850253465406	-0.244703099412	-1.33222185049	-0.0988822827472	8.90158765282e-11	1.4804267673e-05	100.0
-0.00343688654607	-0.0123483973004	-0.00176478998521	-0.416946628352	-1.47715922126	-0.209489825145	8.90158765282e-11	1.4804267673e-05	100.0
0.00167037511985	-0.00127374334941	-0.00370562475332	0.192469515259	-0.149217995741	-0.436555621097	8.87276146987e-11	1.4756326728e-05	100.0
-0.000210974009652	-0.0130145102139	0.000921884545981	-0.0327305273867	-1.56240895143	0.101065397135	8.83850397542e-11	1.4699352945e-05	100.0
-5.43525043983e-05	-0.0128267039358	0.00145821949911	-0.0139373894343	-1.53660639986	0.168041540089	8.83850397542e-11	1.4699352945e-05	100.0
0.000120009187691	-0.0124011211471	-0.000217263486685	0.00514433863118	-1.49217448979	-0.0240950192518	8.83850397542e-11	1.4699352945e-05	100.0
-0.000282579627004	-0.00965019227042	-0.00124269696788	-0.0403876814663	-1.15532102898	-0.148116157496	8.83850397542e-11	1.4699352945e-05	100.0
0.0016689623464	-0.00809968747971	-0.000371450726177	0.193341547894	-0.969183203084	-0.043382042649	8.83850397542e-11	1.4699352945e-05	100.0
-0.00165036395775	-0.0139149410674	0.00103654183569	-0.200650541559	-1.66331914006	0.121482251341	8.83850397542e-11	1.4699352945e-05	100.0
-0.000914311254298	-0.0137975281162	-4.26071905982e-05	-0.104438599521	-1.6433037927	-0.00634965462327	8.83850397542e-11	1.4699352945e-05	100.0
-0.000847364729838	-0.0126897974377	-0.00170625392805	-0.1076458138	-1.52015281408	-0.199496683376	8.83850397542e-11	1.4699352945e-05	100.0
-0.000832106749632	-0.0117988053182	-0.00217014653752	-0.106061502747	-1.41231427034	-0.255977626034	8.83850397542e-11	1.4699352945e-05	100.0
-0.000984918395366	-0.0141688216536	-0.000442975946609	-0.118807933887	-1.68824837865	-0.0485290305686	8.83850397542e-11	1.4699352945e-05	100.0
0.000670652942522	-0.00237585993582	-0.00146443642115	0.0725491369761	-0.275909745211	-0.171500408726	8.83059337078e-11	1.4686196785e-05	100.0
0.00202709303997	-0.00321071929381	-0.00190739412536	0.235440741925	-0.379153073665	-0.224938458256	8.83059337078e-11	1.4686196785e-05	100.0
-0.00118551480305	-0.0012440733479	-0.00173026311203	-0.145376086651	-0.137025166002	-0.198528787159	8.83059337078e-11	1.4686196785e-05	100.0
-0.000796974618971	0.000179554046106	-0.0006019050464	-0.0891289846914	0.0524013282234	-0.0547836901039	8.83059337078e-11	1.4686196785e-05	100.0
0.000900306332903	-0.010570147704	2.90470802015e-05	0.10060022975	-1.26688028423	0.00409497128038	8.77586284933e-11	1.4595174226e-05	100.0
-4.47744535157e-05	-0.0127232942895	-0.000971089004411	-0.0135236866601	-1.52693671783	-0.109100879747	8.77586284933e-11	1.4595174226e-05	100.0
-0.000350538083722	0.000475143014713	0.0018457092649	-0.0471405708602	0.0672475298958	0.196948872561	8.74587999819e-11	1.4545309621e-05	100.0
0.00174675150206	-0.00153689819049	0.00132416635413	0.198947522348	-0.175390203086	0.153651201019	8.74587999819e-11	1.4545309621e-05	100.0
-0.000747751546774	-0.00136720058249	-0.000268441811478	-0.0930805240813	-0.146030775143	-0.0304178781072	8.74587999819e-11	1.4545309621e-05	100.0
0.00219385388552	0.000531136164941	0.00161514330678	0.246150339913	0.0672466076127	0.183707870614	8.74587999819e-11	1.4545309621e-05	100.0
0.000291087643088	-0.0033287708583	-0.000211091495335	0.028413456597	-0.390200624244	-0.0245959341333	8.74587999819e-11	1.4545309621e-05	100.0
-0.000364089426174	-0.00339756202379	-0.00113316470125	-0.0494332348988	-0.398937073006	-0.133780857642	8.74587999819e-11	1.4545309621e-05	100.0
0.000710695861662	0.000496931328522	-0.00272489892652	0.0750210703702	0.0640581599393	-0.311131472684	8.74587999819e-11	1.4545309621e-05	100.0
0.000579241836909	-0.000592809000229	-0.00272411300063	0.0612367204438	-0.064082860967	-0.314505830014	8.74587999819e-11	1.4545309621e-05	100.0
-0.000166340225383	-0.0130299190482	0.000422452097161	-0.0287829271454	-1.5709057806	0.0389705834433	8.74469818504e-11	1.4543344143e-05	100.0
-7.1070229892e-05	-0.0124538710557	0.00159552755546	-0.0159275914559	-1.49239265427	0.186052452331	8.74469818504e-11	1.4543344143e-05	100.0
-0.000230003731891	-0.013223119778	0.00117647178637	-0.0341821402578	-1.58329002876	0.131471953717	8.74469818504e-11	1.4543344143e-05	100.0
6.35599489946e-05	-0.01234805347	9.29390654823e-05	-0.00195205945183	-1.48565112098	0.0104723188866	8.74469818504e-11	1.4543344143e-05	100.0
-0.000573605163793	-0.0096491916265	-0.000114445937659	-0.0756237986746	-1.15581702548	-0.0137802611597	8.74469818504e-11	1.4543344143e-05	100.0
-0.00185948456558	-0.0132429221361	0.000867583717754	-0.225782437297	-1.58318241983	0.100118865468	8.74469818504e-11	1.4543344143e-05	100.0
-0.000333377604525	-0.0131420391948	-0.00141477224883	-0.0462666623758	-1.57317268995	-0.161753362324	8.74469818504e-11	1.4543344143e-05	100.0
0.000304459594023	-0.0123185355438	0.00104369733546	0.0280180569989	-1.47855823951	0.121152349293	8.71363912958e-11	1.4491689698e-05	100.0
-0.000391763306923	-0.0119782030293	0.000647275333565	-0.0540654703916	-1.43778861835	0.0739399122224	8.71363912958e-11	1.4491689698e-05	100.0
-0.000112052754873	-0.0125596312889	0.00027743478036	-0.0226205447174	-1.51267473179	0.0301600679152	8.71363912958e-11	1.4491689698e-05	100.0
-0.000456074194531	-0.010705653126	0.000743481331717	-0.0620474557708	-1.28309146681	0.0883970928972	8.71363912958e-11	1.4491689698e-05	100.0
0.00182236792345	-0.00967592204172	0.000481655610744	0.211348428455	-1.1589237235	0.0569729739452	8.71363912958e-11	1.4491689698e-05	100.0
-0.000385989172772	-0.00998257465305	0.00190806821805	-0.0529222453224	-1.19537732859	0.227672060688	8.71363912958e-11	1.4491689698e-05	100.0
-0.00211714612205	-0.0129238166369	0.00251317219651	-0.258960560535	-1.54492068698	0.297472667535	8.71363912958e-11	1.4491689698e-05	100.0
0.00142705222281	-0.00810561996655	-0.00162072455006	0.16454258328	-0.969452854603	-0.192608687466	8.71363912958e-11	1.4491689698e-05	100.0
-0.00363131123664	-0.0114292397071	-0.0012462079619	-0.440510619856	-1.36677552439	-0.147737099043	8.71363912958e-11	1.4491689698e-05	100.0
-0.00132383625257	-0.0114653765577	-0.00326608957958	-0.164759740307	-1.3721235276	-0.387970473204	8.71363912958e-11	1.4491689698e-05	100.0
-0.00376323787268	-0.0120148473123	-0.00182663427542	-0.455835292042	-1.4361121931	-0.216910206833	8.71363912958e-11	1.4491689698e-05	100.0
-7.76665756714e-05	-0.013618588229	-0.000943265769825	-0.0168665033279	-1.62824444538	-0.100392894311	8.71363912958e-11	1.4491689698e-05	100.0
-8.55277736918e-05	-0.0114353083296	-9.55302362803e-05	-0.0179039481417	-1.37224580053	-0.0107495328268	8.68267562498e-11	1.4440194163e-05	100.0
0.00190224170684	-0.00945472167005	-0.000626777885329	0.221155030521	-1.1320792773	-0.0743730050761	8.68267562498e-11	1.4440194163e-05	100.0
0.000208328812804	-0.0128371768095	-0.00122968056082	0.0167283200458	-1.53893974928	-0.140187801845	8.68267562498e-11	1.4440194163e-05	100.0
-0.000864240768635	-0.00104153055074	0.00155387327214	-0.107322600804	-0.11073780414	0.176718054014	8.66063858142e-11	1.4403544264e-05	100.0
-0.00131697326164	-0.00273562085934	0.00132050212049	-0.162532775969	-0.318878549886	0.154079424419	8.66063858142e-11	1.4403544264e-05	100.0
0.00061673968913	-0.0026251466398	0.00151953175942	0.0664051519098	-0.30585296226	0.179082757811	8.66063858142e-11	1.4403544264e-05	100.0
-0.00147139419271	-0.00472766674245	0.000346526727596	-0.181739880137	-0.560381442977	0.0407542856673	8.66063858142e-11	1.4403544264e-05	100.0
0.000437837226102	-0.000214541966412	0.000240899276269	0.0343783624191	0.00355372724611	0.0249536097347	8.66063858142e-11	1.4403544264e-05	100.0
-0.000587828366811	-0.0106834183068	9.98081670691e-05	-0.0778744819327	-1.28067615238	0.0119109035587	8.65180264223e-11	1.4388849177e-05	100.0
0.00220749987573	-0.00925483646606	-0.000221383634727	0.257591120629	-1.10820704584	-0.0264164013041	8.65180264223e-11	1.4388849177e-05	100.0
0.000571992610855	-0.00864384383915	0.00199948931987	0.0618332685686	-1.0348091448	0.238557560729	8.65180264223e-11	1.4388849177e-05	100.0
0.00306625789715	-0.00207938209157	0.00243463903166	0.35864517511	-0.244930643197	0.287901070609	8.65180264223e-11	1.4388849177e-05	100.0
-0.000251730770704	-0.0133476921935	-0.000569395349442	-0.0358776681073	-1.60304965009	-0.0500397747257	8.65180264223e-11	1.4388849177e-05	100.0
-0.000920222644319	-0.0137533548444	-0.00129179916329	-0.114724024838	-1.64362633252	-0.147707976018	8.65180264223e-11	1.4388849177e-05	100.0
-0.000613253599083	-0.0138039476226	-0.000505975652787	-0.0721563973759	-1.64472855903	-0.0481836789577	8.65180264223e-11	1.4388849177e-05	100.0
0.000391131803202	-0.0113765245951	-0.00107250458071	0.0390498831051	-1.36396402164	-0.125939673954	8.62103023933e-11	1.4337671465e-05	100.0
8.08827275173e-06	-0.00887552290609	-0.00193834597988	-0.00542147382256	-1.06190373679	-0.230115770874	8.62103023933e-11	1.4337671465e-05	100.0
-0.000485987397085	-0.00477338074666	-0.000785379397783	-0.0640372124302	-0.565958994729	-0.0938091712427	8.61781168436e-11	1.4332318672e-05	100.0
0.00390479834009	-0.0041299779323	0.000796842277716	0.461033438944	-0.491197506709	0.0952708965832	8.61781168436e-11	1.4332318672e-05	100.0
-0.000273328734525	-0.00233728474566	-0.00112685725626	-0.0384121626403	-0.268704116648	-0.131320287071	8.61781168436e-11	1.4332318672e-05	100.0
0.000147653962838	-0.0124194135091	-0.000126338989189	0.00754084205284	-1.49443403265	-0.0145276158799	8.59034332929e-11	1.4286635936e-05	100.0
0.00192527316681	-0.00549657503962	0.000651233793657	0.223664703526	-0.65517033763	0.0785717726816	8.59034332929e-11	1.4286635936e-05	100.0
-0.00456291866492	-0.0130628792954	0.00285074556272	-0.552170768319	-1.5617584997	0.338996170838	8.59034332929e-11	1.4286635936e-05	100.0
-0.000144774801176	-0.0131037446036	-0.0022643296802	-0.0241208692056	-1.56815833129	-0.265809523114	8.59034332929e-11	1.4286635936e-05	100.0
0.00166313404112	-0.00335789016809	0.00174999880797	0.192302678015	-0.39594834392	0.206821617837	8.57484397552e-11	1.4260858896e-05	100.0
-0.000140739963587	-0.00388597962444	0.00101277424251	-0.0230047198891	-0.458610557231	0.118984383546	8.57484397552e-11	1.4260858896e-05	100.0
-0.000932689984003	-0.00146567603806	-0.00253439896728	-0.116612893953	-0.167279118056	-0.29509327052	8.53172539691e-11	1.4189148208e-05	100.0
0.000503171717069	-0.0118828449916	0.000796036600005	0.0516792240546	-1.42566583414	0.0927882087595	8.52922598782e-11	1.418499143e-05	100.0
0.000826354029383	-0.00952309618468	0.00181100674811	0.0920129215373	-1.13953552668	0.214903768365	8.52922598782e-11	1.418499143e-05	100.0
-0.000294993606751	-0.0112562774398	0.00252117073916	-0.0418695399297	-1.34719736133	0.298762424513	8.52922598782e-11	1.418499143e-05	100.0
-0.000347647731727	-0.0135514894839	0.00133439446689	-0.0474774576073	-1.61993178245	0.151066895841	8.52922598782e-11	1.418499143e-05	100.0
0.000402832099314	-0.0126919837656	0.000568028523443	0.0375462142334	-1.52626747078	0.0639622301752	8.52922598782e-11	1.418499143e-05	100.0
4.23293130729e-05	-0.00909698211834	0.00187567322995	-0.00181905915424	-1.08870637521	0.22314185763	8.52922598782e-11	1.418499143e-05	100.0
-0.00119725540492	-0.0130936192242	0.00213342052742	-0.148946206537	-1.56550920905	0.250711510505	8.52922598782e-11	1.418499143e-05	100.0
0.00020420807311	-0.0114554256513	0.0002908168294	0.0165787741588	-1.37450426718	0.0338180161157	8.52922598782e-11	1.418499143e-05	100.0
0.00240019728041	-0.00781605850022	0.000935630098243	0.280816960833	-0.93497097704	0.111528418807	8.52922598782e-11	1.418499143e-05	100.0
-0.000493872997933	-0.0138685989887	0.000696680811714	-0.06152570436	-1.65273111864	0.0715754220835	8.52922598782e-11	1.418499143e-05	100.0
2.21076359063e-06	-0.0121096426468	-0.000756693552056	-0.00781853310853	-1.45397435538	-0.0870346054402	8.52922598782e-11	1.418499143e-05	100.0
0.00156668610157	-0.00958070869788	-0.0018110796325	0.180677684554	-1.14695805293	-0.215115279016	8.52922598782e-11	1.418499143e-05	100.0
0.00139438889387	-0.00919042683273	-0.00290501984351	0.160374992555	-1.09968234942	-0.345843317706	8.52922598782e-11	1.418499143e-05	100.0
0.00115095797189	-0.00732843921555	-0.0045548668919	0.13158067246	-0.875865226249	-0.543840097956	8.52922598782e-11	1.418499143e-05	100.0
0.000579325751092	-0.00529327463001	-0.00228733333067	0.0632611824228	-0.630309876988	-0.271835274898	8.52922598782e-11	1.418499143e-05	100.0
-0.00340292561403	-0.0150127388571	8.50137086543e-06	-0.412363192804	-1.79333126564	0.00113057095509	8.52922598782e-11	1.418499143e-05	100.0
2.15996994461e-05	-0.0132774187247	-0.000900856087118	-0.00624507672913	-1.59074447467	-0.0959381732476	8.52922598782e-11	1.418499143e-05	100.0
0.0012398962234	-9.15532163587e-05	0.00354429918173	0.139993038117	-0.00792810442674	0.414476872595	8.48845594854e-11	1.4117186607e-05	100.0
-0.000690332132715	-0.000157995573295	0.000706501954509	-0.0818539222907	0.00864009907852	0.0718317437497	8.48845594854e-11	1.4117186607e-05	100.0
-0.000427920317351	-0.0015073768199	0.000486756670334	-0.0566318218664	-0.163890595031	0.0558058161927	8.48845594854e-11	1.4117186607e-05	100.0
-8.78669125603e-05	-0.00646974078669	-0.000575673681778	-0.0162192643317	-0.771000782739	-0.0687772880745	8.48845594854e-11	1.4117186607e-05	100.0
0.000403951016871	-0.00507790515129	0.00100827046177	0.042529277572	-0.603869592747	0.120593426225	8.48845594854e-11	1.4117186607e-05	100.0
3.81365680929e-05	-0.00520369783753	-0.00282782487304	-0.00110610652165	-0.619107806443	-0.337774019666	8.48845594854e-11	1.4117186607e-05	100.0
0.000260917536061	-0.0124318688388	0.00144354769483	0.0231049369216	-1.49065905931	0.168464017653	8.46843553084e-11	1.4083890566e-05	100.0
0.000725288945841	-0.0116667605604	0.00165380251646	0.0793810845147	-1.3977839394	0.194608948453	8.46843553084e-11	1.4083890566e-05	100.0
0.000337326267973	-0.0120397394306	0.00231591262682	0.0332421818754	-1.44152065713	0.273281751523	8.46843553084e-11	1.4083890566e-05	100.0
0.000367220085306	-0.0129089491967	0.00178178238181	0.0364620003141	-1.5453950233	0.207068726808	8.46843553084e-11	1.4083890566e-05	100.0
2.40219382073e-05	-0.013480578246	0.000921516792017	-0.00531915144988	-1.61238570724	0.0977084343347	8.46843553084e-11	1.4083890566e-05	100.0
0.000150541525602	-0.0115237388055	-9.80240229783e-06	0.0100252389976	-1.3831119499	-0.00128636230608	8.46843553084e-11	1.4083890566e-05	100.0
0.000879396367371	-0.00718502304926	-0.000994248272345	0.098384781244	-0.858629464655	-0.119344585217	8.46843553084e-11	1.4083890566e-05	100.0
0.000712411602126	-0.00889663342715	0.00212522335915	0.0788103083416	-1.06461919475	0.254533386335	8.46843553084e-11	1.4083890566e-05	100.0
0.0026839398172	-0.00359057221788	0.00388150596792	0.314805320242	-0.427119165358	0.461967089791	8.46843553084e-11	1.4083890566e-05	100.0
0.00025335086643	-0.013116058674	-0.00121294047416	0.0218818126241	-1.57143186146	-0.137001328696	8.46843553084e-11	1.4083890566e-05	100.0
-0.000645881777721	-0.013448029048	-0.00166136967336	-0.0830475988156	-1.60813197904	-0.192519090423	8.46843553084e-11	1.4083890566e-05	100.0
-0.000289295282911	-0.014172328539	-0.000892141683404	-0.0402366501851	-1.68856755658	-0.0981523837941	8.46843553084e-11	1.4083890566e-05	100.0
5.48051738934e-05	-0.0130529766852	0.000298809889338	-0.00688454381495	-1.57617251624	0.026065993907	8.43815596916e-11	1.4033532501e-05	100.0
0.000672163489156	-0.00966301386066	0.00290137184165	0.0738619871454	-1.15642953213	0.344873527302	8.43815596916e-11	1.4033532501e-05	100.0
-0.000801441861966	-0.0118164400384	0.00322956015195	-0.102520972069	-1.41356503041	0.38326769669	8.43815596916e-11	1.4033532501e-05	100.0
0.000246973553187	-0.0070290850089	0.0033480570566	0.0230101221766	-0.840055636542	0.398712924344	8.43815596916e-11	1.4033532501e-05	100.0
0.000211979576057	-0.0123619552614	-0.000503583538358	0.0157276425787	-1.48596429254	-0.0574848185432	8.43815596916e-11	1.4033532501e-05	100.0
0.000962579905557	-0.00442681052505	-0.00246443881276	0.108087487193	-0.525727272522	-0.292585702409	8.43815596916e-11	1.4033532501e-05	100.0
-0.00381284502835	-0.0143632910037	0.00097081385504	-0.461477480323	-1.71556255093	0.115275657905	8.43815596916e-11	1.4033532501e-05	100.0
0.000112780356927	-0.0130033958378	-0.000291466189926	4.96208344973e-05	-1.56903888225	-0.0264532612497	8.43815596916e-11	1.4033532501e-05	100.0
0.000194554493676	-0.0099334438809	-0.00281005584413	0.0165219844942	-1.18876613478	-0.333874113591	8.43815596916e-11	1.4033532501e-05	100.0
-0.00193702209466	-0.0143951718171	0.000238733488818	-0.23565796491	-1.71751493113	0.0288125638745	8.43815596916e-11	1.4033532501e-05	100.0
-0.000249347972538	-0.0137866222724	-0.000531731927505	-0.0335821217454	-1.64096796308	-0.04525218892	8.43815596916e-11	1.4033532501e-05	100.0
0.000812037820602	-0.0115936439528	-0.00027647371866	0.0888766376117	-1.3909423868	-0.0326289136767	8.40794681338e-11	1.3983291527e-05	100.0
0.00186908410435	-0.00688007958191	-0.00100659526199	0.217234354648	-0.822296341537	-0.119878243832	8.40794681338e-11	1.3983291527e-05	100.0
0.00227495589494	-0.000428667822971	0.000562730915207	0.256914549799	-0.0430566371797	0.0628815058002	8.40794681338e-11	1.3983291527e-05	100.0
-0.00212193950799	-0.0138613939069	0.000422915093149	-0.257669275591	-1.6550174858	0.048013597235	8.40794681338e-11	1.3983291527e-05	100.0
0.00018169093378	-0.0121035981544	-0.00210736691314	0.0146012299414	-1.44912921937	-0.247957561211	8.40794681338e-11	1.3983291527e-05	100.0
-0.00213091470546	-0.0133989380311	-0.00255863920495	-0.260465666901	-1.60214322051	-0.302535525871	8.40794681338e-11	1.3983291527e-05	100.0
-0.00263847273269	-0.0133845588639	-0.00194114988637	-0.320837665664	-1.59977985871	-0.228828666111	8.40794681338e-11	1.3983291527e-05	100.0
-0.00077217641561	-0.00191042452765	0.00345764383811	-0.0981213849404	-0.222667765316	0.407880504099	8.40143929755e-11	1.3972468851e-05	100.0
-0.000133750064352	-0.00546010965482	0.00286728480715	-0.0217234072629	-0.650354294609	0.341443410714	8.40143929755e-11	1.3972468851e-05	100.0
0.00121727501159	4.9430171602e-05	-0.00195282583337	0.132804173281	0.0149323114874	-0.220599010219	8.40143929755e-11	1.3972468851e-05	100.0
0.000958645102092	-0.00275214274524	-0.00310014937278	0.108456322087	-0.324198456955	-0.366004736088	8.40143929755e-11	1.3972468851e-05	100.0
0.00148178984783	-0.00898858719184	-0.0014354127999	0.170542352395	-1.07581686368	-0.171278829256	8.37781309248e-11	1.393317601e-05	100.0
0.00350929061432	-0.00133763424054	-0.000405765591255	0.409738736391	-0.155750359628	-0.0475219009517	8.37781309248e-11	1.393317601e-05	100.0
0.000866199258476	-0.0122049196914	-0.00134979341888	0.0955322137396	-1.46301477103	-0.157592768327	8.37781309248e-11	1.393317601e-05	100.0
-0.00375611088948	-0.0119454777587	-0.00269822704696	-0.455456260792	-1.42885532465	-0.320021595823	8.37781309248e-11	1.393317601e-05	100.0
0.00427597449801	0.00038672727789	0.000874604395756	0.499974801857	0.0455598901366	0.101070121406	8.35767700795e-11	1.3899687604e-05	100.0
0.00347365338623	-0.00315142731915	0.00172611310062	0.408459802214	-0.373610062994	0.204385152316	8.35767700795e-11	1.3899687604e-05	100.0
-0.00141039507516	-0.00165820045272	-0.000569127785159	-0.171413730478	-0.184625831012	-0.0650842834341	8.35767700795e-11	1.3899687604e-05	100.0
0.00423221426032	0.0013897073773	-0.000214806091074	0.493638192202	0.163822339785	-0.0230729366397	8.35767700795e-11	1.3899687604e-05	100.0
0.00150914583633	0.00102906350311	-0.00236571256144	0.167123122776	0.125082722163	-0.268873178186	8.35767700795e-11	1.3899687604e-05	100.0
-0.000366087441704	-0.000893068107286	-0.00291706135521	-0.0502103757149	-0.100363299701	-0.338591179893	8.35767700795e-11	1.3899687604e-05	100.0
0.00183973784942	-0.00893206921093	0.0013585199231	0.213531653332	-1.0689002124	0.161715117604	8.34774474847e-11	1.3883169221e-05	100.0
-0.00132966479121	-0.0100508048762	0.00200334462294	-0.165628245688	-1.20291679812	0.237451858588	8.34774474847e-11	1.3883169221e-05	100.0
6.27155334431e-05	-0.0138894915153	0.000554655324402	-0.00263444294759	-1.65263657705	0.0515632676409	8.34774474847e-11	1.3883169221e-05	100.0
0.00197186949306	-0.00674538488468	0.00216176418806	0.229642605004	-0.805903300279	0.257428500221	8.34774474847e-11	1.3883169221e-05	100.0
0.000102465219814	-0.00760522453078	0.00495206366544	0.00604034243055	-0.90934192545	0.590594103755	8.34774474847e-11	1.3883169221e-05	100.0
0.00122811243202	-0.00740321996976	-0.00351942874051	0.140739805101	-0.885388968857	-0.42011698986	8.34774474847e-11	1.3883169221e-05	100.0
-0.00382603037023	-0.0122096695999	0.00118850584803	-0.463818138205	-1.4605429782	0.141684410184	8.34774474847e-11	1.3883169221e-05	100.0
-0.000453076745163	-0.00999455181951	-0.00314487162791	-0.0609245806858	-1.19562966562	-0.373550713201	8.34774474847e-11	1.3883169221e-05	100.0
-0.00331350560299	-0.0135979419605	-0.00165163248951	-0.401667346184	-1.62458158347	-0.195822502798	8.34774474847e-11	1.3883169221e-05	100.0
-0.000209039172247	-0.0137791450637	-0.00139970625224	-0.0312647755586	-1.64610013631	-0.159440068554	8.34774474847e-11	1.3883169221e-05	100.0
0.00134152211366	-0.00324984949167	0.00233934426434	0.153648013189	-0.383415951638	0.276628888888	8.31374876161e-11	1.3826630353e-05	100.0
0.00129654171575	-0.00557343488092	0.00194231165036	0.14967869862	-0.663678103297	0.231349542111	8.31374876161e-11	1.3826630353e-05	100.0
0.00027153825771	-0.000814992245541	-0.00155775848553	0.0238276821354	-0.0836002870775	-0.175337809961	8.31374876161e-11	1.3826630353e-05	100.0
-0.00112637279362	-0.00408131025577	-0.0036610589664	-0.140473301317	-0.484621324465	-0.434968100693	8.31374876161e-11	1.3826630353e-05	100.0
0.000149426899022	-0.0127490155761	0.000731905929728	0.00826355099643	-1.5319959984	0.0806538154609	8.28780419116e-11	1.378348183e-05	100.0
2.35489850231e-05	-0.0106628918349	0.00239027518371	-0.00417309775423	-1.2762918352	0.283302091722	8.28780419116e-11	1.378348183e-05	100.0
-0.00021201008248	-0.0131606758865	0.00172919199551	-0.031818972301	-1.57455895694	0.200353970397	8.28780419116e-11	1.378348183e-05	100.0
0.000299680043601	-0.0125303941796	-0.000304673626093	0.0251984313949	-1.50764533707	-0.0345093542795	8.28780419116e-11	1.378348183e-05	100.0
0.000508562841864	-0.0117641582809	-0.000656146024109	0.0525022534308	-1.41214972189	-0.0769015527852	8.28780419116e-11	1.378348183e-05	100.0
0.00226206179765	-0.00739658219681	-0.00142539242987	0.264252951707	-0.884259130799	-0.169647699675	8.28780419116e-11	1.378348183e-05	100.0
0.00370269581417	-0.00533953513284	-0.001351329384	0.436611250603	-0.637566989677	-0.160704339186	8.28780419116e-11	1.378348183e-05	100.0
0.00119168190901	-0.000747592265496	-0.000278125674332	0.126651982115	-0.0743491162457	-0.0305795016183	8.28780419116e-11	1.378348183e-05	100.0
0.00287301218165	-0.00163241424732	0.000907866943055	0.333638319772	-0.189570175926	0.106793915325	8.28780419116e-11	1.378348183e-05	100.0
-0.0026008430138	-0.0147748360793	0.00135196617414	-0.316173407959	-1.76605797691	0.160031863139	8.28780419116e-11	1.378348183e-05	100.0
0.00025397246368	-0.0126604186439	-0.0010679819142	0.0214209395762	-1.51927656664	-0.12218788833	8.28780419116e-11	1.378348183e-05	100.0
0.000182756248094	-0.0117310215265	-0.00192045687205	0.0145682769847	-1.40538476088	-0.226178623492	8.28780419116e-11	1.378348183e-05	100.0
0.000616677016246	-0.0118215252411	-0.00383855224171	0.0673427732438	-1.41503232866	-0.456492244739	8.28780419116e-11	1.378348183e-05	100.0
-0.00328833495335	-0.00959048551418	-0.00460624662253	-0.399776926613	-1.14641133644	-0.548605218939	8.28780419116e-11	1.378348183e-05	100.0
-0.00288556745728	-0.0131511071935	-0.00175129680218	-0.350424300917	-1.57289787699	-0.206587201302	8.28780419116e-11	1.378348183e-05	100.0
-0.00289092891768	-0.0142559615075	-0.000767186519721	-0.351162180387	-1.70198672953	-0.0903491684463	8.28780419116e-11	1.378348183e-05	100.0
0.000813358609388	-0.0114108030048	0.000729021620226	0.089378160032	-1.36871440208	0.0859946976156	8.25792191987e-11	1.3733784499e-05	100.0
0.00357033644972	-0.00736877738595	0.0014946872917	0.42135002475	-0.881339847369	0.177850367512	8.25792191987e-11	1.3733784499e-05	100.0
0.00291034659834	-0.00465790965814	0.0027059852003	0.341615995188	-0.554705838008	0.321334434541	8.25792191987e-11	1.3733784499e-05	100.0
-0.000230497803008	-0.00840235868411	0.00412759679961	-0.0336849384774	-1.00457909188	0.491381183893	8.25792191987e-11	1.3733784499e-05	100.0
-0.000152618013787	-0.0141183045983	0.00115405484137	-0.0247533639482	-1.68465571185	0.129756841545	8.25792191987e-11	1.3733784499e-05	100.0
0.000581042874944	-0.0119326510802	-0.000655077647833	0.060763569772	-1.43190485999	-0.0760679920181	8.25792191987e-11	1.3733784499e-05	100.0
0.0022515145766	-0.00792199195653	-0.00325750694498	0.263057079755	-0.947498325723	-0.38810689613	8.25792191987e-11	1.3733784499e-05	100.0
0.00291438052266	-0.00694071018485	-0.00355654825313	0.342855620553	-0.830108225809	-0.423511106991	8.25792191987e-11	1.3733784499e-05	100.0
-0.00247499947484	-0.0124921382842	-0.00145218003093	-0.301345660771	-1.49589311462	-0.172565823649	8.25792191987e-11	1.3733784499e-05	100.0
0.000224817268392	-0.0135463467863	-0.000501211795777	0.0115211184379	-1.62133283264	-0.0431749639257	8.25792191987e-11	1.3733784499e-05	100.0
0.000339442109252	-0.0131180960305	3.46873819675e-05	0.0220115589807	-1.5825015332	0.00350866906547	8.22809999648e-11	1.3684187534e-05	100.0
0.00272467102862	-0.00150589651788	0.00227749570028	0.316543063252	-0.175914374514	0.267998947424	8.22809999648e-11	1.3684187534e-05	100.0
-0.00142730442052	-0.0127157310074	-0.00200978817829	-0.17635524044	-1.52123315877	-0.235868738305	8.22809999648e-11	1.3684187534e-05	100.0
-0.0028292597323	-0.014508610165	-0.000779950996321	-0.343426327747	-1.73316976817	-0.0906015940936	8.22809999648e-11	1.3684187534e-05	100.0
0.0034078743568	0.000546809736818	-0.000685676394256	0.392979570508	0.0653627227954	-0.0790872890781	8.22534913778e-11	1.3679612569e-05	100.0
0.00361888181929	-0.00108744586242	-0.00284175578236	0.424377798932	-0.128211860082	-0.335211877194	8.22534913778e-11	1.3679612569e-05	100.0
-0.00192317627145	-0.00107497565579	-0.00273408529464	-0.234049756371	-0.122028300222	-0.318510491086	8.22534913778e-11	1.3679612569e-05	100.0
0.00274540584614	0.0015183590462	-0.000505003564158	0.309226380977	0.177005142961	-0.0556426505757	8.22534913778e-11	1.3679612569e-05	100.0
0.00225508717064	0.00179599555838	-0.00184537506816	0.254318335311	0.212041232458	-0.209937832422	8.22534913778e-11	1.3679612569e-05	100.0
0.00109373352291	-0.0116755868799	0.000214674572083	0.12275299977	-1.40008508223	0.0234953448119	8.16862210644e-11	1.3585269606e-05	100.0
0.00270194741261	-0.0083994150025	0.00396173891291	0.317237402675	-1.00509627157	0.472387120861	8.16862210644e-11	1.3585269606e-05	100.0
-6.16939835709e-05	-0.0125960917671	0.0029898693524	-0.0135784316146	-1.50670281672	0.353190244571	8.16862210644e-11	1.3585269606e-05	100.0
0.000928353334042	-0.0116749984918	0.000491552230041	0.102688259473	-1.40081705689	0.0581687801514	8.16862210644e-11	1.3585269606e-05	100.0
0.00449542337477	-0.00431089198391	0.00125442442658	0.531465164852	-0.514007079623	0.149519503715	8.16862210644e-11	1.3585269606e-05	100.0
-0.00429348483614	-0.0138321572227	0.00278147408297	-0.519728858875	-1.65372200039	0.330292995119	8.16862210644e-11	1.3585269606e-05	100.0
0.00220698366003	-0.00930377278024	-0.00101440066827	0.257442740592	-1.11381207683	-0.119874111278	8.16862210644e-11	1.3585269606e-05	100.0
0.00336697786361	-0.00767530125414	-0.00181493712163	0.396975392958	-0.918112606555	-0.216207985866	8.16862210644e-11	1.3585269606e-05	100.0
0.0016948269267	-0.011443175995	-0.00182124623903	0.195597688418	-1.37091949502	-0.215614182355	8.16862210644e-11	1.3585269606e-05	100.0
0.00230935870453	-0.0108348160633	-0.00266539715722	0.269822091674	-1.29753014461	-0.316836490628	8.16862210644e-11	1.3585269606e-05	100.0
0.000317921869586	-0.013289810125	-0.00166825805342	0.0306046951359	-1.58992694142	-0.192850667041	8.16862210644e-11	1.3585269606e-05	100.0
0.000491138004065	-0.0123345056842	6.08767233503e-05	0.0483310232385	-1.48268018298	0.00672425459078	8.10934537609e-11	1.3486686228e-05	100.0
0.000928396232715	-0.0108211487391	7.47327321885e-05	0.103361898333	-1.29701715879	0.00873291005039	8.10934537609e-11	1.3486686228e-05	100.0
0.00350088298931	-0.00441563543364	0.00030397255306	0.411785844909	-0.526251510327	0.0364821944625	8.10934537609e-11	1.3486686228e-05	100.0
0.00309253683776	-0.00176355676759	0.00100123909705	0.359977858203	-0.206714271685	0.11841836199	8.10934537609e-11	1.3486686228e-05	100.0
-0.0035882039295	-0.0108568672602	0.00248439182731	-0.435573260302	-1.29889910569	0.294917612895	8.10934537609e-11	1.3486686228e-05	100.0
-0.00379014527792	-0.0147923149397	0.00163192869402	-0.459155662148	-1.76750914993	0.192767459049	8.10934537609e-11	1.3486686228e-05	100.0
7.6872834942e-05	-0.0120523713985	-0.00264344902551	0.00244614514289	-1.44212038722	-0.312257935874	8.10934537609e-11	1.3486686228e-05	100.0
4.57745642392e-06	-0.0126876301114	-0.00315363135713	-0.00565538856533	-1.51761137705	-0.37305177424	8.10934537609e-11	1.3486686228e-05	100.0
-0.00018018792605	-0.0140988981008	-0.000532618119123	-0.0271664567835	-1.67433530279	-0.0534927797937	8.10934537609e-11	1.3486686228e-05	100.0
-0.00119833238315	-0.000628855833467	0.0020642793363	-0.146183833997	-0.0651462067571	0.234785870615	8.09130638129e-11	1.34566855e-05	100.0
0.00211027783733	-0.0042199803035	0.00062016392359	0.245939363847	-0.50075503007	0.0731867930748	8.09130638129e-11	1.34566855e-05	100.0
-0.00178900846047	-0.00812661736903	-0.00110409353961	-0.220126747001	-0.971027007492	-0.13212126578	8.09130638129e-11	1.34566855e-05	100.0
0.00167817222655	0.00165847565804	-0.000380777262173	0.169666733102	0.190882943261	-0.0364747027851	8.09130638129e-11	1.34566855e-05	100.0
0.00211028301688	-0.00905845539217	0.0017636674576	0.245946194339	-1.08420971411	0.209614498015	8.07977490231e-11	1.3437507449e-05	100.0
0.000108278387822	-0.0137808527384	0.000755521258432	0.00355712052231	-1.64352632341	0.0770410332321	8.07977490231e-11	1.3437507449e-05	100.0
0.000366257348568	-0.0125187613208	0.000262709578573	0.032865996789	-1.50600757274	0.0295152910865	8.07977490231e-11	1.3437507449e-05	100.0
0.00497394258446	-0.00243253900324	0.000556303880601	0.587558207467	-0.289666315562	0.0653312659695	8.07977490231e-11	1.3437507449e-05	100.0
-0.0020258713562	-0.00966762915029	0.00242957593453	-0.248551907691	-1.15648238286	0.288000053556	8.07977490231e-11	1.3437507449e-05	100.0
1.13837351022e-05	-0.013621323534	-0.00193380332672	-0.00540264242413	-1.62849082915	-0.225176506823	8.07977490231e-11	1.3437507449e-05	100.0
2.47900202259e-05	-0.0140796141699	-0.000535487359601	-0.00554370742899	-1.67311579459	-0.0528564669327	8.07977490231e-11	1.3437507449e-05	100.0
0.000227950042467	-0.0131761587232	0.0009185921171	0.0170041660066	-1.57997384188	0.100225219888	8.05024466047e-11	1.338839558e-05	100.0
6.12178497685e-05	-0.0134331284202	0.000502049467112	-0.00641294008058	-1.61114355155	0.0408204447879	8.05024466047e-11	1.338839558e-05	100.0
0.000812258279823	-0.0131603344592	0.00132396847003	0.0882475676458	-1.57599824728	0.152034504489	8.05024466047e-11	1.338839558e-05	100.0
0.00103154799088	0.00140720351102	0.000972196429732	0.0915923977323	0.165426476896	0.0904859203105	8.04621140877e-11	1.3381687862e-05	100.0
0.00399542144713	0.00242661005716	6.23161145268e-05	0.465495260906	0.284577550962	0.00641231401719	8.04621140877e-11	1.3381687862e-05	100.0
0.000307066614238	-0.01306770784	0.000389739370976	0.022099848828	-1.57242750104	0.0374694020265	8.02075967955e-11	1.3339358985e-05	100.0
0.0014289523657	-0.0109699201026	0.00248800313814	0.164113725629	-1.31385321718	0.29570619369	8.02075967955e-11	1.3339358985e-05	100.0
0.000328561804202	-0.011175291144	0.00307502226962	0.0327189215586	-1.3375260486	0.364585534544	8.02075967955e-11	1.3339358985e-05	100.0
0.000345821308953	-0.0136964862188	0.00103590836771	0.032078498273	-1.63686803518	0.114025913855	8.02075967955e-11	1.3339358985e-05	100.0
0.000329578149216	-0.0130076959331	-6.92753370787e-05	0.0229390704025	-1.56881123085	-0.00681483368965	8.02075967955e-11	1.3339358985e-05	100.0
0.00150454408634	-0.0116540078027	-0.000265144512187	0.171915851524	-1.39787927606	-0.0306398855071	8.02075967955e-11	1.3339358985e-05	100.0
0.00418946174112	-0.00588984230863	-0.00214533340427	0.494955181643	-0.704292784019	-0.255550264062	8.02075967955e-11	1.3339358985e-05	100.0
0.00239803675374	0.000627090231392	-0.00139247456809	0.270015717611	0.079139210654	-0.159751394745	8.02075967955e-11	1.3339358985e-05	100.0
0.00244233109723	-0.00375246445938	0.00205216649083	0.285074852531	-0.445356603353	0.244626836227	8.02075967955e-11	1.3339358985e-05	100.0
-0.00219025096124	-0.0147848165335	0.000142887672324	-0.266768659337	-1.76458123734	0.0154664988267	8.02075967955e-11	1.3339358985e-05	100.0
0.000609058444794	-0.0124887253693	-0.000589463030031	0.0627488562374	-1.4993295906	-0.0659210384747	8.02075967955e-11	1.3339358985e-05	100.0
0.00164730073935	-0.00968859972283	-0.00334639038268	0.190802282235	-1.15909898236	-0.397821180286	8.02075967955e-11	1.3339358985e-05	100.0
-0.00225526322829	-0.00816933218957	-0.00445654933028	-0.276077181262	-0.976060678364	-0.530329724069	8.02075967955e-11	1.3339358985e-05	100.0
-0.00404738402376	-0.0134747121264	-0.00192781167199	-0.489857492958	-1.61042867863	-0.228352342649	8.02075967955e-11	1.3339358985e-05	100.0
0.00196672166651	-0.00418111348974	0.00290408974217	0.228750836216	-0.496620005154	0.345548372244	8.00090521859e-11	1.3306338948e-05	100.0
-0.00123780315758	-0.0067855802235	0.00109257792591	-0.153956272673	-0.80940277389	0.130547453583	8.00090521859e-11	1.3306338948e-05	100.0
0.00258173879757	0.00129894318162	-0.000753796713833	0.289268284193	0.154957891767	-0.0849729015793	8.00090521859e-11	1.3306338948e-05	100.0
0.00265075074173	-0.00345216259565	-0.00338886636459	0.310646541264	-0.410540340011	-0.402070860791	8.00090521859e-11	1.3306338948e-05	100.0
-0.000278301431078	-0.00427217843382	-0.00454375081984	-0.039030979035	-0.508571833756	-0.540808394059	8.00090521859e-11	1.3306338948e-05	100.0
0.00202645805045	-0.0109509311017	0.00147856021115	0.235457141321	-1.31230185577	0.175525639944	7.99130990158e-11	1.3290380936e-05	100.0
0.00309010159073	-0.00782413534045	0.00256156415694	0.363751391934	-0.93601920656	0.305357243428	7.99130990158e-11	1.3290380936e-05	100.0
2.36968411175e-05	-0.0139212746736	0.00134973684442	-0.00404195146619	-1.66248981795	0.153418271421	7.99130990158e-11	1.3290380936e-05	100.0
0.000928234088161	-0.0122754482334	0.000132933689818	0.101346389929	-1.47393266343	0.0141453324349	7.99130990158e-11	1.3290380936e-05	100.0
0.00178758443157	-0.0106819878112	0.00046640103447	0.206631441026	-1.27996935275	0.0546828284167	7.99130990158e-11	1.3290380936e-05	100.0
0.00315295821567	-0.00627162259269	0.00222203975762	0.370738750371	-0.749683718588	0.264596975574	7.99130990158e-11	1.3290380936e-05	100.0
0.0055561268214	-0.00312880570118	0.00206614211609	0.65793719514	-0.373854576818	0.245319497582	7.99130990158e-11	1.3290380936e-05	100.0
-0.0027060779966	-0.0102376357072	0.0035282369636	-0.329870967977	-1.22434844333	0.419247964296	7.99130990158e-11	1.3290380936e-05	100.0
-0.000996521855842	-0.0141147285675	0.00249902141107	-0.124925253608	-1.68662547704	0.294607382217	7.99130990158e-11	1.3290380936e-05	100.0
0.00247776710541	-0.0110199507472	-0.00139351198653	0.289723882047	-1.32049960343	-0.165798437238	7.99130990158e-11	1.3290380936e-05	100.0
0.00288560926175	-0.00557509898989	-0.00126659549654	0.338684566669	-0.665140504693	-0.149691695949	7.99130990158e-11	1.3290380936e-05	100.0
-0.000322478464822	-0.0143421231797	0.000337971532345	-0.0429730882273	-1.70264602273	0.0358110801491	7.99130990158e-11	1.3290380936e-05	100.0
0.0012594581765	-0.0121929531107	-0.00114126092765	0.14233824268	-1.46204998552	-0.133709289164	7.99130990158e-11	1.3290380936e-05	100.0
0.00282647068472	-0.00921142195642	-0.00334642135391	0.331993031483	-1.10248614009	-0.39847143024	7.99130990158e-11	1.3290380936e-05	100.0
0.000423946134629	-0.0134735877842	-0.00108465564136	0.0411243202805	-1.61207999993	-0.120525484604	7.99130990158e-11	1.3290380936e-05	100.0
0.000340508350498	-0.0137040898912	-0.00114043043188	0.0319178097742	-1.63758621893	-0.127204508239	7.99130990158e-11	1.3290380936e-05	100.0
0.00124764418288	-0.0126427964426	0.00151103433399	0.141179365516	-1.51435221728	0.17618925793	7.96189532656e-11	1.3241461433e-05	100.0
0.000190038839791	-0.0134367814949	0.00100529914608	0.0132605034784	-1.60853299028	0.109668436007	7.96189532656e-11	1.3241461433e-05	100.0
0.00176095363448	-0.0115295715449	-0.000210168129412	0.20296912517	-1.38257026792	-0.0250542730708	7.96189532656e-11	1.3241461433e-05	100.0
0.00342206850301	-0.0010461298658	-7.55304683758e-05	0.398072500728	-0.121449802914	-0.00804247478688	7.96189532656e-11	1.3241461433e-05	100.0
-0.00482083028004	-0.0131035272951	0.00119040728285	-0.582467497025	-1.56583742714	0.140563905072	7.96189532656e-11	1.3241461433e-05	100.0
0.000222323100144	-0.0131516217029	-0.000372155119725	0.0105741041203	-1.58384854393	-0.0336853482522	7.96189532656e-11	1.3241461433e-05	100.0
0.00101245671166	-0.0114177579267	-0.00399705647522	0.114905470065	-1.36614661335	-0.474901336631	7.96189532656e-11	1.3241461433e-05	100.0
-0.000282240303578	-0.0145118793867	-0.000450549143739	-0.0390573040544	-1.72560221915	-0.0492098581165	7.96189532656e-11	1.3241461433e-05	100.0
-0.000905844113127	-0.000850181286905	0.00245889977076	-0.112721237136	-0.0936264747516	0.282894638482	7.95537272375e-11	1.3230613665e-05	100.0
-0.000914325165926	0.000202647868102	0.000782773306545	-0.10357010543	0.0496046569653	0.0734722615452	7.95537272375e-11	1.3230613665e-05	100.0
-0.000612821016743	0.000856486004115	0.00201727389098	-0.0767910482962	0.107655866054	0.216988567324	7.95537272375e-11	1.3230613665e-05	100.0
0.000153970117524	-0.00218072266693	0.000396061411628	0.0108771570322	-0.249097189353	0.045589188771	7.95537272375e-11	1.3230613665e-05	100.0
-0.00122867901628	-0.0065205564113	-0.00158734275795	-0.152835666131	-0.777639469259	-0.189174413366	7.95537272375e-11	1.3230613665e-05	100.0
0.00289487077084	-0.00146655337809	0.00172702861398	0.336644097742	-0.170593663758	0.203145724464	7.95537272375e-11	1.3230613665e-05	100.0
-0.000890970206704	0.00057822398922	-0.000172258576318	-0.0859705999378	0.109352361783	-0.00967566627893	7.95537272375e-11	1.3230613665e-05	100.0
0.00357037860987	0.00227894208604	-0.00140040001191	0.414333376213	0.267112023965	-0.163674099304	7.95537272375e-11	1.3230613665e-05	100.0
0.00454812110558	0.00185234563462	-0.00118644321486	0.533211381666	0.219756419209	-0.137962078654	7.95537272375e-11	1.3230613665e-05	100.0
0.000641178460757	-0.0124980933355	0.000757722435818	0.0670012367545	-1.50009263973	0.0861724919696	7.93251595448e-11	1.3192600477e-05	100.0
0.00179953774315	-0.0115112875975	0.00140969054508	0.208099501909	-1.3794094878	0.166163509911	7.93251595448e-11	1.3192600477e-05	100.0
0.00256886525251	-0.00997261765037	0.00256935290443	0.301065758851	-1.19391426641	0.30511657992	7.93251595448e-11	1.3192600477e-05	100.0
0.00213117678827	-0.00896579952458	0.00330299703042	0.248736901946	-1.0727896219	0.392670059916	7.93251595448e-11	1.3192600477e-05	100.0
-0.000288592721514	-0.0113701708744	0.00378294590292	-0.0407123769344	-1.35979080569	0.449015572578	7.93251595448e-11	1.3192600477e-05	100.0
0.000296715268247	-0.0133725655127	0.00180933214392	0.0284093557419	-1.59919415098	0.210075541435	7.93251595448e-11	1.3192600477e-05	100.0
0.00311741695933	-0.000145660084378	0.00361642086628	0.364535857425	-0.0158530513737	0.426955571189	7.90960386629e-11	1.3154495287e-05	100.0
-0.00133496642443	-0.000451666276838	0.000188837653282	-0.156580320688	-0.031383210553	0.0202330539043	7.90960386629e-11	1.3154495287e-05	100.0
0.000117891208474	-0.0133195481151	0.000389710428131	-0.00274129471159	-1.60253233806	0.0294784113415	7.87384773218e-11	1.3095029111e-05	100.0
0.000678539284383	-0.0128526395055	0.000999143752251	0.0713918043568	-1.54115886421	0.113369500501	7.87384773218e-11	1.3095029111e-05	100.0
0.00122058419104	-0.0125812169798	0.0024370505192	0.138974251885	-1.50617375216	0.287712397065	7.87384773218e-11	1.3095029111e-05	100.0
0.00146840349272	-0.0128901464919	0.00226409430726	0.168633471944	-1.54272176965	0.266615863658	7.87384773218e-11	1.3095029111e-05	100.0
0.000742093865979	-0.0124737885771	-1.81378953304e-05	0.0777562463037	-1.49887630292	-0.00208862888409	7.87384773218e-11	1.3095029111e-05	100.0
-0.000256443839839	-0.00823464836255	0.00365690071864	-0.037115342799	-0.984613699019	0.436171160024	7.87384773218e-11	1.3095029111e-05	100.0
-0.00129563311432	-0.0111202659284	-0.00490837279745	-0.161349589151	-1.3298578647	-0.584312024561	7.87384773218e-11	1.3095029111e-05	100.0
-0.00259830318574	-0.0152096495669	-0.00130265498558	-0.316459443447	-1.81645532788	-0.153384396492	7.87384773218e-11	1.3095029111e-05	100.0
0.00407585590682	-1.79016852424e-05	0.00350769437783	0.479562356729	-0.00123271265756	0.414481072204	7.8635986462e-11	1.3077983813e-05	100.0
0.00237019522364	-0.00237225514307	0.00413254527332	0.276901993162	-0.280499899348	0.490534781005	7.8635986462e-11	1.3077983813e-05	100.0
-0.00188099234898	-0.00428306675511	0.00174128214106	-0.230695527827	-0.507323353822	0.206331774406	7.8635986462e-11	1.3077983813e-05	100.0
-0.000986127306623	5.9182749412e-05	0.000297651927495	-0.110377169099	0.0382769572311	0.0279449981615	7.8635986462e-11	1.3077983813e-05	100.0
0.00320782049761	0.000286559315941	0.00053133969207	0.368416179624	0.0356542835194	0.05898748315	7.8635986462e-11	1.3077983813e-05	100.0
0.00397420753804	-0.000901401245011	0.00338808118891	0.467940683209	-0.105753473818	0.401752700526	7.8635986462e-11	1.3077983813e-05	100.0
-0.000828885169821	-0.000219519055762	2.16094315385e-05	-0.0962085141839	0.00436787265025	0.00235005640065	7.8635986462e-11	1.3077983813e-05	100.0
0.00303784721449	0.00227309266829	0.000159660293547	0.346972337726	0.265951569311	0.0170444130973	7.8635986462e-11	1.3077983813e-05	100.0
0.00205410266304	-0.00217062875936	-0.000691799474122	0.236637996704	-0.251827262148	-0.0809682585362	7.8635986462e-11	1.3077983813e-05	100.0
-0.00105146348991	-0.00327522151824	-0.00125955499191	-0.131124233029	-0.384456962935	-0.147829855167	7.8635986462e-11	1.3077983813e-05	100.0
0.000377448671875	-0.0129176429167	0.000251284481678	0.0308790353147	-1.55534522677	0.0246722533718	7.81527506073e-11	1.2997616656e-05	100.0
0.000974671421844	-0.00635106475222	0.00389567134541	0.110274789286	-0.758651843474	0.463123663953	7.81527506073e-11	1.2997616656e-05	100.0
-0.00115567719862	-0.00828292407106	0.00605019649033	-0.144639160831	-0.990479545897	0.721741560773	7.81527506073e-11	1.2997616656e-05	100.0
0.00209113757352	-0.00707256299404	0.000135731359143	0.243732546452	-0.845245192423	0.0158698955004	7.81527506073e-11	1.2997616656e-05	100.0
0.000735179755603	-0.0124789314324	-0.000302317806125	0.0771959752776	-1.49917539062	-0.0340666457578	7.81527506073e-11	1.2997616656e-05	100.0
0.00261933437726	-0.00246493660875	-0.00254823060693	0.305040168212	-0.292079291513	-0.300702563035	7.81527506073e-11	1.2997616656e-05	100.0
0.00246948206977	-0.00124030916177	-0.00143880021816	0.285198454934	-0.142468762024	-0.167781477595	7.81527506073e-11	1.2997616656e-05	100.0
-0.00317812868676	-0.01424359478	-0.00170409677903	-0.385724672124	-1.70300800932	-0.203997950788	7.81527506073e-11	1.2997616656e-05	100.0
0.000398837433466	-0.0129715586226	-0.000260753026861	0.0328008864285	-1.56205967748	-0.0265151491841	7.81527506073e-11	1.2997616656e-05	100.0
0.00125386173361	-0.0122809151628	-0.000305628870906	0.140756700054	-1.47367178396	-0.0343206253803	7.81527506073e-11	1.2997616656e-05	100.0
0.00444482356239	-0.00515939737624	-0.00512630435782	0.526035996834	-0.617323383354	-0.611461213589	7.81527506073e-11	1.2997616656e-05	100.0
0.003847200243	-0.00377383428119	-0.00352701141381	0.453660488998	-0.450210823004	-0.419183605515	7.81527506073e-11	1.2997616656e-05	100.0
-0.00422169727567	-0.0131055279492	-0.000481321568757	-0.51081709787	-1.56729769443	-0.0568302002752	7.81527506073e-11	1.2997616656e-05	100.0
-0.004174709081	-0.0157650652584	-0.000262250364864	-0.505145517124	-1.88290584199	-0.0314812631968	7.81527506073e-11	1.2997616656e-05	100.0
0.00035711801509	-0.0128703131147	-0.000409588322844	0.0296980812838	-1.5486434048	-0.0433127576734	7.81527506073e-11	1.2997616656e-05	100.0
0.00295448130894	-0.00743627348233	-0.00597926109238	0.347585382416	-0.890000647332	-0.713313451242	7.81527506073e-11	1.2997616656e-05	100.0
-0.000407763768706	-0.00901466290389	-0.00584149402221	-0.0550077773473	-1.07874374242	-0.697244392741	7.81527506073e-11	1.2997616656e-05	100.0
-0.00390864868553	-0.0149291414433	-0.000913527988804	-0.473067616939	-1.78364868773	-0.108203922445	7.81527506073e-11	1.2997616656e-05	100.0
0.000602596563214	-0.0132191307633	-0.000985564898552	0.0616190893232	-1.58400774329	-0.110088428295	7.81527506073e-11	1.2997616656e-05	100.0
0.00112862461879	-0.00186382109154	0.0025275310593	0.127112518757	-0.215761443076	0.296713417537	7.77082882819e-11	1.292369794e-05	100.0
-0.000341895004733	-0.00629222792206	0.0016558645319	-0.0467104764522	-0.750150838362	0.197340097899	7.77082882819e-11	1.292369794e-05	100.0
0.00225772932977	-0.0115143642797	0.000668042377558	0.262888638797	-1.3804550529	0.0784357521845	7.7275744668e-11	1.2851761431e-05	100.0
0.00486440322075	-0.00642966221083	0.00148225228456	0.575992466649	-0.769343033052	0.175418875883	7.7275744668e-11	1.2851761431e-05	100.0
-0.000619536396129	-0.0133115764535	0.00296273969259	-0.0800446197166	-1.5912192044	0.350027028029	7.7275744668e-11	1.2851761431e-05	100.0
0.00300140363061	-0.00896511055622	0.00040983891486	0.352918991017	-1.07328706518	0.0488194213837	7.7275744668e-11	1.2851761431e-05	100.0
0.00405233706458	-0.00643419677824	-5.86917194691e-05	0.478963830804	-0.769330502612	-0.00728075791582	7.7275744668e-11	1.2851761431e-05	100.0
-3.76543973985e-05	-0.0139113564308	0.000493398499328	-0.0124988211092	-1.65195328035	0.0439942228626	7.7275744668e-11	1.2851761431e-05	100.0
0.00487079735594	-0.00220944066693	-0.00122053489435	0.574998736401	-0.262706740631	-0.144086596494	7.7275744668e-11	1.2851761431e-05	100.0
0.00325628457839	-0.0023414568033	-0.00126137164531	0.38091215685	-0.27615932534	-0.148291169984	7.7275744668e-11	1.2851761431e-05	100.0
-0.000428550658228	-0.00537811317939	-0.00671818020134	-0.0575865839812	-0.642087993836	-0.801492184851	7.7275744668e-11	1.2851761431e-05	100.0
0.000114547233686	-0.00591601408241	-0.00408344718398	0.00735173776079	-0.705670953249	-0.48617524682	7.7275744668e-11	1.2851761431e-05	100.0
0.000246948679417	-0.0133950916916	-0.000475881299352	0.0131197894403	-1.60799737893	-0.042285444846	7.7275744668e-11	1.2851761431e-05	100.0
0.0008218179699	-0.0132070682153	-0.00162138286043	0.0901769329202	-1.58123775269	-0.18811055545	7.7275744668e-11	1.2851761431e-05	100.0
0.00024559390732	-0.0136088026218	-0.000429784908249	0.0123736759134	-1.62581966989	-0.0342891038761	7.7275744668e-11	1.2851761431e-05	100.0
0.0015666494961	-0.0120464935996	0.00179910442328	0.180152332066	-1.44309168881	0.211837112081	7.69836608045e-11	1.2803184841e-05	100.0
0.00106993006833	-0.0117537263356	0.00251145416978	0.121085700393	-1.40750263424	0.29730574051	7.69836608045e-11	1.2803184841e-05	100.0
0.00016382705643	-0.0136153592766	0.000576531342127	0.00650275288647	-1.62760203509	0.0522682862732	7.69836608045e-11	1.2803184841e-05	100.0
0.000461699855485	-0.0133522093767	0.00133836152402	0.0469373960154	-1.59763629333	0.152184350731	7.69836608045e-11	1.2803184841e-05	100.0
0.00347999636435	-0.0085510276912	-0.00086357016524	0.410381841849	-1.02370336439	-0.102646509252	7.69836608045e-11	1.2803184841e-05	100.0
0.00350070803829	-0.00648286640045	-0.00101474431374	0.412865545833	-0.774943642384	-0.120876859149	7.69836608045e-11	1.2803184841e-05	100.0
0.00167459426333	-0.0121475553348	-0.00162552158712	0.192859253728	-1.45529261378	-0.191069179277	7.69836608045e-11	1.2803184841e-05	100.0
0.0013548924079	-0.012219828903	-0.00239763812394	0.154990805049	-1.46359504961	-0.283591750391	7.69836608045e-11	1.2803184841e-05	100.0
-0.000152739420355	-0.00443854219865	0.003791035545	-0.0240580408604	-0.527818846056	0.450658804507	7.67698783487e-11	1.2767630592e-05	100.0
0.00255937928814	0.00173701223102	0.00061178969193	0.286107410017	0.204335857167	0.0679829987323	7.67698783487e-11	1.2767630592e-05	100.0
-0.00155922938922	-0.0079070933648	-0.00139115539102	-0.192859963306	-0.94464460688	-0.165166860321	7.67698783487e-11	1.2767630592e-05	100.0
-0.00107156910449	-0.00910856113876	-0.00386659410521	-0.134359258539	-1.08932747187	-0.461908293414	7.67698783487e-11	1.2767630592e-05	100.0
0.00442762662149	0.000735520779174	-0.00366448835237	0.521733083564	0.0882512420798	-0.433670193658	7.67698783487e-11	1.2767630592e-05	100.0
-0.000704411704371	-0.000183766257015	-0.0031871536707	-0.0892767923933	-0.0156827925465	-0.370056319683	7.67698783487e-11	1.2767630592e-05	100.0
0.00134810099012	-0.0116706481812	0.000699856061053	0.153259139519	-1.39928905139	0.0811902754285	7.66917278108e-11	1.2754633343e-05	100.0
0.0037285939507	-0.00775605772843	0.00345646498396	0.440102931524	-0.928055031199	0.410927742311	7.66917278108e-11	1.2754633343e-05	100.0
0.000311961368779	-0.0130979378499	0.00439618056014	0.0312023129164	-1.56658521772	0.522502072084	7.66917278108e-11	1.2754633343e-05	100.0
0.00336006683235	-0.00750077888575	5.25877067547e-05	0.395963106023	-0.897551265471	0.00641124881802	7.66917278108e-11	1.2754633343e-05	100.0
0.00103785107965	-0.0126787662012	-0.00134329188911	0.115784728033	-1.51903098905	-0.15564775925	7.66917278108e-11	1.2754633343e-05	100.0
-0.00228293244711	-0.013138967113	-0.00422327557922	-0.279164858218	-1.5704620452	-0.50216693369	7.66917278108e-11	1.2754633343e-05	100.0
0.00141464290273	-0.0124282297074	0.000286840771966	0.160106075264	-1.49119009662	0.0320341573661	7.6399845107e-11	1.2706090208e-05	100.0
0.00338653364396	-0.00381109604563	0.00496837867332	0.39868768734	-0.455098016818	0.591441363896	7.6399845107e-11	1.2706090208e-05	100.0
-0.0017869020845	-0.0099392708649	0.00623486623817	-0.219981837862	-1.18879430435	0.743306571786	7.6399845107e-11	1.2706090208e-05	100.0
0.00155320853193	-0.0122952867764	0.000316561204337	0.176950474428	-1.47551072835	0.0373349887446	7.6399845107e-11	1.2706090208e-05	100.0
-0.00423492095827	-0.0106365371035	0.00509662552757	-0.512983255034	-1.27153849856	0.607357721078	7.6399845107e-11	1.2706090208e-05	100.0
0.00254292500448	-0.0113174224418	-0.000346112778208	0.297321034035	-1.35652740324	-0.0401474149183	7.6399845107e-11	1.2706090208e-05	100.0
0.00519773407156	-0.00430557077147	-0.00231750271182	0.615415825856	-0.514847506489	-0.27506964688	7.6399845107e-11	1.2706090208e-05	100.0
-0.0033818532978	-0.0154312236524	0.000129032595642	-0.410282109446	-1.84260452194	0.014482656201	7.6399845107e-11	1.2706090208e-05	100.0
0.00169369281197	-0.0118288472778	-0.000483001301749	0.194577965748	-1.41815989407	-0.055444328781	7.6399845107e-11	1.2706090208e-05	100.0
0.00375901408228	-0.00561620517016	-0.00400326149181	0.443509381552	-0.671265311811	-0.476080956925	7.6399845107e-11	1.2706090208e-05	100.0
-0.00178257306025	-0.0150579627956	0.0003649227974	-0.218311426429	-1.79632602983	0.0434756538639	7.6399845107e-11	1.2706090208e-05	100.0
0.000716690290432	-0.0132147983547	-0.00224617774416	0.0787938492599	-1.58075837673	-0.263479477698	7.6399845107e-11	1.2706090208e-05	100.0
0.000161212217147	-0.0137292476403	-0.000455879111995	0.0045847142557	-1.63595278712	-0.0367514949624	7.6399845107e-11	1.2706090208e-05	100.0
0.000449445353409	-0.0130962643915	0.000697887095327	0.0415271549406	-1.57230140529	0.0753331982266	7.61080629831e-11	1.2657563801e-05	100.0
0.00111953384782	-0.0122329009714	0.00297824822643	0.127234849945	-1.46405997767	0.352382737379	7.61080629831e-11	1.2657563801e-05	100.0
0.00294376105228	0.00128662873415	0.000751594780954	0.334392646798	0.151208581364	0.0876119154606	7.58199520234e-11	1.2609647947e-05	100.0
0.00154781611942	-0.00214059295163	-0.00287538631852	0.177173653066	-0.251588652557	-0.339630466581	7.58199520234e-11	1.2609647947e-05	100.0
0.000419549466468	-0.0130399091696	0.000113784858156	0.0334811597276	-1.57127483235	0.0115749527603	7.58162808592e-11	1.2609037394e-05	100.0
0.00163131059572	-0.0117404661268	0.000200417215658	0.187103056121	-1.40820437922	0.0239497089441	7.58162808592e-11	1.2609037394e-05	100.0
0.00348172477845	-0.00885505992433	-0.00027322171143	0.410581258042	-1.06020271658	-0.032585527106	7.58162808592e-11	1.2609037394e-05	100.0
0.00272727039022	-0.00585151842639	-0.000736434620724	0.31963291267	-0.699118369245	-0.0876683101916	7.58162808592e-11	1.2609037394e-05	100.0
0.00300513104422	-0.000208902781081	0.00134477084506	0.346266556433	-0.0216800835932	0.157720022593	7.58162808592e-11	1.2609037394e-05	100.0
0.0039543226258	-0.000198409049381	0.00266375068439	0.463737863991	-0.0216227058919	0.315100508158	7.58162808592e-11	1.2609037394e-05	100.0
-0.00288249982632	-0.0121987061798	0.0037916948463	-0.350698206399	-1.4586007455	0.451225970827	7.58162808592e-11	1.2609037394e-05	100.0
-0.00064275023371	-0.0139327039873	0.00107331588069	-0.0806376652976	-1.66139538931	0.120966870049	7.58162808592e-11	1.2609037394e-05	100.0
0.000779829880493	-0.0125200727854	-0.000187771566471	0.082179524689	-1.5042887326	-0.0213862524101	7.58162808592e-11	1.2609037394e-05	100.0
0.00240046279021	-0.0111651176837	0.000308262812386	0.280326787548	-1.33813932142	0.038094133015	7.58162808592e-11	1.2609037394e-05	100.0
0.00288216500136	-0.00168620910043	-0.000490374640092	0.333448279009	-0.197539564727	-0.0568021017805	7.58162808592e-11	1.2609037394e-05	100.0
-0.00488331776396	-0.0127100408622	0.00251801290444	-0.59095565188	-1.52081392761	0.300499391473	7.58162808592e-11	1.2609037394e-05	100.0
-0.00421838927718	-0.0142103258165	0.00153623613555	-0.510168850106	-1.69761710576	0.182198076659	7.58162808592e-11	1.2609037394e-05	100.0
0.000994464534447	-0.0130143597926	-0.000400948410919	0.106868567568	-1.56202962427	-0.0435742881558	7.58162808592e-11	1.2609037394e-05	100.0
0.00234147279297	-0.00887727946986	-0.00482966046963	0.274234871865	-1.06225500507	-0.575257087325	7.58162808592e-11	1.2609037394e-05	100.0
-0.000394712906686	-0.00895887244871	-0.00624760460297	-0.0534165789875	-1.07162760573	-0.744877565056	7.58162808592e-11	1.2609037394e-05	100.0
-0.00486834811099	-0.0152636425633	-0.00181207818488	-0.588291606019	-1.8237174284	-0.215210334335	7.58162808592e-11	1.2609037394e-05	100.0
-0.00150085652897	-0.0155029083666	-0.000558153750052	-0.185109720516	-1.84971525584	-0.065580231667	7.58162808592e-11	1.2609037394e-05	100.0
0.000675998585721	-0.012898699111	-0.000682749182673	0.0698050743915	-1.54762102516	-0.0748945935103	7.58162808592e-11	1.2609037394e-05	100.0
0.0012106716682	-0.0126680172354	-0.00240245349087	0.137766816297	-1.51664159738	-0.283397243261	7.58162808592e-11	1.2609037394e-05	100.0
0.000429474135577	-0.01278977459	-0.00396586107773	0.0453472145775	-1.52997408529	-0.470979264295	7.58162808592e-11	1.2609037394e-05	100.0
-0.00156510307088	-0.0124422326835	-0.00478738353119	-0.193346325395	-1.48746831381	-0.569429711479	7.58162808592e-11	1.2609037394e-05	100.0
-0.00255324565345	-0.0138855498603	-0.00254548134447	-0.311176928005	-1.65887712215	-0.301288700789	7.58162808592e-11	1.2609037394e-05	100.0
0.00234727149482	-0.011526914221	-0.000216861984995	0.273518560061	-1.38199271607	-0.0271874334242	7.55244987352e-11	1.2560510987e-05	100.0
0.00384493240471	-0.00140732748531	0.00031764884445	0.449594717768	-0.166376595349	0.0363984153237	7.55244987352e-11	1.2560510987e-05	100.0
-0.0037712632962	-0.0141916498187	0.00383926472257	-0.457277215571	-1.69725907289	0.456443642023	7.55244987352e-11	1.2560510987e-05	100.0
0.000231164095767	-0.0136543778607	-0.00136921109921	0.019856774974	-1.63290116911	-0.155539301084	7.55244987352e-11	1.2560510987e-05	100.0
-0.00117701082366	0.000609291152578	0.00162043050717	-0.138641912831	0.0825648090788	0.171114958291	7.53403370431e-11	1.2529882979e-05	100.0
0.000415472268617	-0.00348068555811	0.00466911926541	0.0437046139654	-0.413405928006	0.555064992548	7.53403370431e-11	1.2529882979e-05	100.0
-0.000476421674176	-0.00470326837887	0.00310092485775	-0.0627934698639	-0.559043073697	0.36857065232	7.53403370431e-11	1.2529882979e-05	100.0
0.00422231397582	-0.000268102194211	0.00302779910964	0.496768085589	-0.0311568067259	0.357931760935	7.53403370431e-11	1.2529882979e-05	100.0
0.00414161509767	0.00242252656261	-7.48320205402e-05	0.483271649991	0.284376973893	-0.00804325748899	7.53403370431e-11	1.2529882979e-05	100.0
0.0014615221756	-0.012333287693	0.00081622757295	0.166287451028	-1.47846954224	0.0938034543097	7.52326663213e-11	1.2511976216e-05	100.0
0.00184558378203	-0.010801767619	0.00296012658133	0.214303465698	-1.29293616903	0.350958448388	7.52326663213e-11	1.2511976216e-05	100.0
0.000614508398661	-0.013144426823	0.00271671582555	0.0667235247718	-1.57293075573	0.320682660219	7.52326663213e-11	1.2511976216e-05	100.0
0.00306146463541	-0.010135743027	-0.000564238873248	0.360006462575	-1.21453781828	-0.0672313593336	7.52326663213e-11	1.2511976216e-05	100.0
0.0040213533925	-0.00433923634008	-0.000596489190625	0.474216385386	-0.517702116291	-0.0704345252931	7.52326663213e-11	1.2511976216e-05	100.0
-0.00116016767938	-0.0151973757679	0.0011549170503	-0.144223945406	-1.81352901407	0.135218201402	7.52326663213e-11	1.2511976216e-05	100.0
0.00154838212841	-0.0126814402433	-0.000737522154318	0.176152400187	-1.52027217408	-0.0841944640106	7.52326663213e-11	1.2511976216e-05	100.0
0.00200435519528	-0.0114066918033	-0.00327180390817	0.233421823498	-1.36543333601	-0.388464004566	7.52326663213e-11	1.2511976216e-05	100.0
0.000569440402276	-0.00150420457856	-0.00172239071629	0.0601477291344	-0.169300874755	-0.199281603576	7.48575035077e-11	1.2449582732e-05	100.0
-0.0012519826205	-0.00490182541034	-0.00149380416221	-0.155410013136	-0.582230228147	-0.17598193076	7.48575035077e-11	1.2449582732e-05	100.0
0.000384562673378	-0.013022287864	0.000195353742278	0.0300286750773	-1.56884523745	0.0187704909745	7.46488506238e-11	1.2414881583e-05	100.0
0.00384508029779	-0.00864503632404	0.000953592033446	0.454332263793	-1.0351723755	0.113456012298	7.46488506238e-11	1.2414881583e-05	100.0
0.00292283958785	-0.00680350271924	0.00124502067228	0.34331588466	-0.81348945665	0.148112813813	7.46488506238e-11	1.2414881583e-05	100.0
0.00579150295941	-0.000433996431802	0.00213802920077	0.685196722307	-0.0517557416083	0.252722637659	7.46488506238e-11	1.2414881583e-05	100.0
0.00325123371532	-0.00515529470193	0.00385793641346	0.382962006401	-0.615877441845	0.458972825094	7.46488506238e-11	1.2414881583e-05	100.0
4.11606389736e-05	-0.0140532698391	0.00059969558667	-0.00330131284786	-1.67179176359	0.0599400948456	7.46488506238e-11	1.2414881583e-05	100.0
0.000280773724529	-0.013200908649	0.000119918772627	0.013116105954	-1.59342765682	0.00989436226693	7.46488506238e-11	1.2414881583e-05	100.0
0.00301612960959	-0.0108779374538	7.36952688793e-05	0.354333507587	-1.30405316389	0.00843431405105	7.46488506238e-11	1.2414881583e-05	100.0
0.00396936527353	-0.00407712039387	-0.000786497270111	0.467678567345	-0.486698863625	-0.0941073392699	7.46488506238e-11	1.2414881583e-05	100.0
0.00295115751938	0.00107081879034	0.00213146367671	0.340220918677	0.128469764492	0.248662754842	7.46488506238e-11	1.2414881583e-05	100.0
0.00380526479452	-0.003324817813	0.00356024864049	0.448672473371	-0.3959797933	0.423500748588	7.46488506238e-11	1.2414881583e-05	100.0
-0.00183443373282	-0.0146219011532	0.00315211248906	-0.225337196789	-1.74698387259	0.37392521183	7.46488506238e-11	1.2414881583e-05	100.0
0.00038422577389	-0.0131282600929	-0.000154939860645	0.0277856370258	-1.58217517935	-0.0149012190615	7.46488506238e-11	1.2414881583e-05	100.0
0.00127124623352	0.00106147293145	-0.000573906540168	0.115327078119	0.13273517249	-0.0523108493802	7.46488506238e-11	1.2414881583e-05	100.0
0.00325570427521	-0.00347397278536	-0.00242197446504	0.382865138611	-0.412328479561	-0.288288231909	7.46488506238e-11	1.2414881583e-05	100.0
0.00299179334255	-0.00949071456871	-0.0016088307537	0.351868403365	-1.13632380546	-0.191032547933	7.46488506238e-11	1.2414881583e-05	100.0
0.00308863197543	-0.00808677515421	-0.00152736499391	0.363366197963	-0.967498410974	-0.18051594751	7.46488506238e-11	1.2414881583e-05	100.0
0.00516298861465	-0.00236858122447	-0.00192613932452	0.61122610248	-0.281440561474	-0.228230159345	7.46488506238e-11	1.2414881583e-05	100.0
0.004121760885	-0.00387463654548	-0.00276790913843	0.486999783699	-0.461716555997	-0.328887533652	7.46488506238e-11	1.2414881583e-05	100.0
0.00118640780681	-0.00521985799548	-0.00407393477232	0.135446480933	-0.622983101862	-0.484482104877	7.46488506238e-11	1.2414881583e-05	100.0
-0.00286133342812	-0.00833654101535	-0.00270711626031	-0.348760771845	-0.996128866857	-0.3215153398	7.46488506238e-11	1.2414881583e-05	100.0
0.000244601219474	-0.0133449144407	-0.000276376292814	0.00847892844402	-1.60549462581	-0.0187828434967	7.46488506238e-11	1.2414881583e-05	100.0
0.00107139532648	-0.0131914388685	-0.00228449092665	0.121039656655	-1.57859919623	-0.268543803773	7.46488506238e-11	1.2414881583e-05	100.0
6.23952767992e-05	-0.0140306933292	-0.00209827674051	0.00123893365338	-1.67613733941	-0.245383121188	7.46488506238e-11	1.2414881583e-05	100.0
0.000144555133778	-0.0145711532537	-0.00209354239753	0.0109747081184	-1.74002871977	-0.245601833856	7.46488506238e-11	1.2414881583e-05	100.0
0.000530237902544	-0.0134216220111	-0.000672962713834	0.0504834701619	-1.60731669205	-0.0700018370676	7.46488506238e-11	1.2414881583e-05	100.0
-6.38584684187e-05	-0.0137660144042	-0.000713299416099	-0.0150022332345	-1.64131134507	-0.070187752384	7.46488506238e-11	1.2414881583e-05	100.0
4.92258273192e-05	-0.0138322735138	-0.000535648873323	-0.00439705930745	-1.64536415391	-0.0479686278357	7.46488506238e-11	1.2414881583e-05	100.0
-0.000360748385064	-0.00892822302049	-0.00511219474737	-0.0493941308049	-1.06771145801	-0.610966180743	7.43713005477e-11	1.2368722114e-05	100.0
0.000369123731772	-0.0132344865768	0.000194955379402	0.0247750198115	-1.59327742154	0.01489622259	7.4064632607e-11	1.231772004e-05	100.0
0.000736514456753	-0.0128232386131	0.000487333660712	0.0763610745057	-1.54009510756	0.0535934821335	7.4064632607e-11	1.231772004e-05	100.0
0.00281124534682	-0.0105202658382	0.00189406628707	0.329955423332	-1.26033325047	0.225015676364	7.4064632607e-11	1.231772004e-05	100.0
0.00398954047051	-0.00840635688005	0.00231568927411	0.47142896621	-1.00612699211	0.275033041659	7.4064632607e-11	1.231772004e-05	100.0
0.00140859778922	-0.00720952269343	0.00598152309597	0.16241239907	-0.862322246562	0.713196284999	7.4064632607e-11	1.231772004e-05	100.0
-2.21097107861e-05	-0.00800970669163	0.00626095796355	-0.0087358856194	-0.957811938265	0.746366099787	7.4064632607e-11	1.231772004e-05	100.0
0.000288949879351	-0.0137060089158	0.000719797032111	0.0231805741262	-1.63600912686	0.0733368919104	7.4064632607e-11	1.231772004e-05	100.0
0.000239762491446	-0.0137493841074	0.00151170053893	0.0214917983873	-1.64295161895	0.173401278546	7.4064632607e-11	1.231772004e-05	100.0
