# x[AU] y[AU] z[AU] vx[AU/yr/2pi] vy[AU/yr/2pi] vz[AU/yr/2pi] m[MSUN] m[mtot] wf[%]
1.26992619514e-05	0.00131153666278	-7.12206162855e-08	0.00240794231838	0.156955131718	-0.00016172167629	5.43020318204e-06	0.906695869	20.10572401
-0.000182639795592	-0.0132820751066	3.01077793667e-06	-0.0309875108996	-1.59065606436	0.000345821836378	4.98950499278e-07	0.0833111287652	15.556698774
-0.00019369038528	-0.0125777565402	-0.00024440522849	-0.0286001956438	-1.52055967353	-0.0227222216155	5.65755379764e-10	9.4465722274e-05	0.0
-0.000415642462403	-0.0118362194456	-5.45870653478e-06	-0.0561382380973	-1.42471309222	-0.000659552131265	5.45376948106e-10	9.1063079834e-05	0.0
-0.000116313015965	-0.0127636526053	0.000175463937262	-0.0213857023862	-1.54764293478	0.0121094858018	2.99273612375e-10	4.9970533134e-05	0.0
-0.000256298495337	-0.0125946055822	9.41936619423e-05	-0.0352089967278	-1.52426954801	0.00870547742612	2.97222537931e-10	4.9628059628e-05	0.0
-0.000345978284068	-0.0122451034225	0.000136441017867	-0.0459848780052	-1.47575105206	0.0149275479885	2.97222537931e-10	4.9628059628e-05	0.0
-0.000287124631293	-0.0124386515209	-0.000136941421908	-0.0382704031897	-1.50205323725	-0.0137085628968	2.94098930333e-10	4.9106502329e-05	0.0
-0.000234884908766	-0.0122968471857	7.67236363612e-05	-0.0324596267356	-1.4826524548	0.00904188917171	2.94098930333e-10	4.9106502329e-05	0.0
-0.000185375816295	-0.0127217093178	0.000221220738284	-0.0260054586894	-1.54109569929	0.0187709177269	2.93044551841e-10	4.893044987e-05	0.0
-0.000282662553692	-0.0117840519645	-0.000546944484371	-0.0396051313866	-1.41643628032	-0.0626925529323	2.93044551841e-10	4.893044987e-05	0.0
-0.000329257061524	-0.0126926429087	-0.000519697902197	-0.0422005006681	-1.52864907476	-0.0522921438539	2.93044551841e-10	4.893044987e-05	0.0
-0.000140489231014	-0.0120227795	-0.000168685428749	-0.0230127699243	-1.44797500911	-0.0191052921656	2.9198338421e-10	4.875326381e-05	0.0
-0.000342358970842	-0.0121793297871	0.00017123815507	-0.0456189421648	-1.46820430824	0.0180955069314	2.90915276569e-10	4.8574918957e-05	0.0
-0.000293403035014	-0.0119509020518	0.000291350368191	-0.0403944851899	-1.43828222149	0.0325648268034	2.90915276569e-10	4.8574918957e-05	0.0
-0.000883625697287	-0.0118057638149	0.000138145905883	-0.110051710531	-1.41845902886	0.0160660052144	2.88757336042e-10	4.8214601728e-05	0.0
-0.000676368629691	-0.0113000789456	0.000516631075151	-0.0869500702079	-1.35718238071	0.0601896280706	2.86569322142e-10	4.7849263067e-05	0.0
-0.000651048588695	-0.0115905181269	-0.000400467770288	-0.0836533907644	-1.39285567238	-0.0459430294217	2.86569322142e-10	4.7849263067e-05	0.0
-0.000396518218257	-0.012498255049	-0.000725046629892	-0.0524106334624	-1.50364025825	-0.0794734150449	2.86569322142e-10	4.7849263067e-05	0.0
-0.000870448593624	-0.0111624834724	-0.000505680019455	-0.110192250209	-1.33951487461	-0.0594262591388	2.84349675881e-10	4.7478642663e-05	0.0
-0.001517408729	-0.0110111672198	-0.000275306813896	-0.187236685548	-1.32065713009	-0.0322696137018	2.84349675881e-10	4.7478642663e-05	0.0
-0.000179965083875	-0.0128288942959	-0.000577132104581	-0.0270674490463	-1.54448427291	-0.0556549707312	2.84349675881e-10	4.7478642663e-05	0.0
-0.0002062848517	-0.0130832690916	-0.000530913211213	-0.0283709912005	-1.57220913441	-0.0442939827119	2.84349675881e-10	4.7478642663e-05	0.0
-0.000570276230636	-0.0111422814436	0.00124821208775	-0.0743271723546	-1.33666580186	0.147132531749	2.83227456285e-10	4.7291262589e-05	0.0
-0.00173141343863	-0.0115887078191	-0.00129811257808	-0.212688323236	-1.38931894667	-0.153920566644	2.79808445689e-10	4.6720381044e-05	0.0
-8.56146810985e-05	-0.0128054101495	-0.000454992845336	-0.0171664809463	-1.54389430612	-0.0409825097351	2.79808445689e-10	4.6720381044e-05	0.0
-0.000336580393113	-0.0101547986692	0.000696583795093	-0.0471289792214	-1.2182209115	0.0827567337824	2.77482939144e-10	4.6332084859e-05	0.0
-0.000220284725249	-0.0124321574859	0.000334717510241	-0.032351104146	-1.50014269504	0.0342605066045	2.76305501215e-10	4.613548483e-05	0.0
-0.000295016389762	-0.0126442917399	0.000571249185634	-0.0398120461193	-1.52224915125	0.0579503595285	2.76305501215e-10	4.613548483e-05	0.0
-0.000411785535929	-0.0114300007427	-0.000982423270681	-0.0554792771723	-1.37206850614	-0.114641589713	2.76305501215e-10	4.613548483e-05	0.0
-0.000466737606787	-0.0111983810596	7.15992553964e-05	-0.062524992402	-1.34552876298	0.00923499321149	2.75117904721e-10	4.5937188597e-05	0.0
-8.59839500109e-05	-0.00973979897496	-0.00139129242646	-0.0167459914981	-1.16780167568	-0.166412529634	2.75117904721e-10	4.5937188597e-05	0.0
-0.000499508139523	-0.0116220590852	0.000790069520956	-0.0659501046868	-1.39618104751	0.091568770526	2.72710827923e-10	4.5535272404e-05	0.0
-0.000483873102152	-0.0120944903369	0.00094018878024	-0.0635906416437	-1.45285043926	0.107471980892	2.72710827923e-10	4.5535272404e-05	0.0
-0.000551766965531	-0.0107072472957	0.00106100102994	-0.0722351635397	-1.28462525277	0.125452549101	2.72710827923e-10	4.5535272404e-05	0.0
-0.000901905043091	-0.0110843833902	-0.000487354687054	-0.113421374356	-1.33108892556	-0.0567057868168	2.72710827923e-10	4.5535272404e-05	0.0
-0.00147077912961	-0.0104877763925	-0.0029364554765	-0.182402941242	-1.25643552035	-0.350178333181	2.72710827923e-10	4.5535272404e-05	0.0
-0.000956964109049	-0.0128181584552	-0.00167494553584	-0.119596029328	-1.53568239147	-0.196587655062	2.72710827923e-10	4.5535272404e-05	0.0
-0.000149355524029	-0.0124920298147	-0.000809531045752	-0.0243255284602	-1.502315781	-0.0891736692912	2.72710827923e-10	4.5535272404e-05	0.0
-0.00103274240647	-0.0119048990428	0.00115462771343	-0.128547558343	-1.42829836794	0.135452110425	2.70259043385e-10	4.5125891238e-05	0.0
0.0017663154985	0.000459784449018	0.000120047558357	0.185814369966	0.0661435191776	0.0131665384135	1.38701866259e-10	2.3159429756e-05	100.0
0.00095094216458	0.00018053823127	-5.93015390158e-05	0.0874719967219	0.0491818824283	-0.00493292985619	1.27628981076e-10	2.1310559849e-05	100.0
0.000824284186954	-0.000261665485316	9.51127220155e-05	0.0805556025266	-0.00596282528698	0.0101667485277	1.23923167058e-10	2.0691789953e-05	100.0
-1.86384723108e-05	6.13331182668e-05	-0.000611170726784	-0.0122182056994	0.0427026572617	-0.0567889341257	1.18953366156e-10	1.9861968711e-05	100.0
0.00152651204126	0.0010553130661	0.00017129032864	0.146536918064	0.129780765798	0.016987529939	1.18120816507e-10	1.972295562e-05	100.0
0.000290958508161	0.000119269146195	-0.000737947401213	0.0189059330061	0.044895908347	-0.0698728459917	1.18120816507e-10	1.972295562e-05	100.0
0.001149130615	-0.000273550189555	0.00119047356073	0.121910623882	-0.019018517955	0.13133581095	1.15613914215e-10	1.9304371292e-05	100.0
0.00092337975249	-0.000604580208935	-0.000933469915224	0.0972488456893	-0.0553528512997	-0.103307193773	1.15613914215e-10	1.9304371292e-05	100.0
0.0007696464544	-0.00225869509893	-0.00172832973692	0.0849817985743	-0.26211924484	-0.203664956643	1.15194647141e-10	1.9234365122e-05	100.0
8.00758462868e-05	-8.90986833077e-05	-0.000476295461403	-0.00126440143483	0.0238648834943	-0.046015679292	1.15194647141e-10	1.9234365122e-05	100.0
0.00135721891481	0.00147601886067	-0.000274186964594	0.122455925026	0.170840671343	-0.0241868799437	1.13934029681e-10	1.9023876379e-05	100.0
0.000541770632388	4.43799014072e-05	0.000342772750401	0.0451051222575	0.0389272441393	0.032296116386	1.13512851589e-10	1.8953551122e-05	100.0
0.00142838436216	0.000250842767804	-0.00136428972201	0.153008909246	0.0407623125482	-0.151180356011	1.13512851589e-10	1.8953551122e-05	100.0
0.000962568715425	-0.000521737075446	-0.00161524781161	0.103208843673	-0.0516278828849	-0.180823659678	1.11398965033e-10	1.8600589705e-05	100.0
0.0014002437887	-0.00103500232327	-0.000866627637903	0.155264559574	-0.11138935587	-0.098587233988	1.10549417391e-10	1.8458738413e-05	100.0
-5.18644266292e-06	-0.000953477439903	-0.000945256269146	-0.00802360772791	-0.0957671437767	-0.104900696588	1.10549417391e-10	1.8458738413e-05	100.0
0.00171468723919	0.00183847564523	-1.78919242652e-06	0.174722622878	0.211212721217	0.000572960486581	1.10549417391e-10	1.8458738413e-05	100.0
0.00350591298911	0.00116789137775	-0.000400978108955	0.405936194707	0.140922614219	-0.0475312764891	1.10123713207e-10	1.8387657422e-05	100.0
0.00163699806424	-0.000388250329361	0.000776243695626	0.179339201297	-0.0340887904824	0.0876605459957	1.08842678039e-10	1.8173759478e-05	100.0
0.000112370821512	-0.000802681710362	-0.000114431590643	0.00498078377391	-0.0723801645178	-0.0114134242	1.08842678039e-10	1.8173759478e-05	100.0
0.000889236635572	0.000166146767308	0.000467686844028	0.0796629579913	0.043474123299	0.0467635391968	1.08842678039e-10	1.8173759478e-05	100.0
0.000257747812282	-0.000344208450776	-0.000585124265295	0.0180259898906	-0.0138775820508	-0.0616295283415	1.08842678039e-10	1.8173759478e-05	100.0
-0.000231411740261	-0.00112472026709	-0.000853800220099	-0.0336842781239	-0.116746369092	-0.0960122809402	1.08842678039e-10	1.8173759478e-05	100.0
0.00282660196727	0.00156868477146	-2.28961347763e-05	0.31944101832	0.186791884167	-0.000608010902154	1.07124824614e-10	1.7886924796e-05	100.0
-0.000509259865722	0.0006467822562	0.00131628104951	-0.0617909054659	0.0934963658401	0.125814826864	1.06261346664e-10	1.7742747522e-05	100.0
0.001109012448	-0.000226908369345	0.00211881615017	0.121017906792	-0.0193880990152	0.240946473633	1.06261346664e-10	1.7742747522e-05	100.0
0.00290185659187	0.00087078681515	0.00114245372939	0.331837323571	0.105805723932	0.130670191203	1.06261346664e-10	1.7742747522e-05	100.0
0.000179785209403	-0.00736758807624	0.00309557030687	0.0153639848709	-0.881138266962	0.370548054253	1.05394650158e-10	1.7598032837e-05	100.0
-5.07090320858e-05	-0.00057714534604	0.000146050099107	-0.0135383774862	-0.041353356831	0.0156433179702	1.05394650158e-10	1.7598032837e-05	100.0
0.0019623049348	0.000151462945141	0.00111392021531	0.217450000633	0.0259692985612	0.123877729936	1.04524433358e-10	1.7452730359e-05	100.0
0.000499094127848	-0.00107068421302	0.000272042794978	0.050098412675	-0.109134369883	0.0299034254447	1.04524433358e-10	1.7452730359e-05	100.0
0.00424810514379	0.000920414105466	-0.000340973631986	0.496482823915	0.108520456707	-0.0407759194549	1.04524433358e-10	1.7452730359e-05	100.0
-1.0599864266e-06	-0.00112759392631	-0.00241284800453	-0.00696097498506	-0.125461595694	-0.28034859194	1.04524433358e-10	1.7452730359e-05	100.0
-0.000143193290979	-0.0120102312726	0.00138754598043	-0.0240005166538	-1.44078842447	0.161030716317	1.04423451196e-10	1.7435869092e-05	100.0
-0.000254516992727	-0.010942423117	0.000558623005321	-0.0380565328223	-1.31385600817	0.0661077920645	1.04423451196e-10	1.7435869092e-05	100.0
-0.00137213732187	-0.00859404089366	-0.000616802055907	-0.171078359899	-1.0290371014	-0.0727479178108	1.04423451196e-10	1.7435869092e-05	100.0
-0.00204310693561	-0.0141041780296	0.000269100275229	-0.248572832001	-1.68749332611	0.0317198545406	1.04423451196e-10	1.7435869092e-05	100.0
-0.00112224281666	-0.0117241207551	-0.00154708260156	-0.140501068732	-1.40594821541	-0.181452300031	1.04423451196e-10	1.7435869092e-05	100.0
-0.00141850956466	-0.0137900835155	-0.000449294542125	-0.172022147651	-1.64815267334	-0.0507777904682	1.04423451196e-10	1.7435869092e-05	100.0
-5.09039534946e-05	-0.000130172982482	0.000367307426763	-0.0140761004502	0.0198104411716	0.034299299722	1.0408801742e-10	1.7379860797e-05	100.0
-0.00102855584969	-0.00266895310402	0.00186800658039	-0.128680116127	-0.311582709748	0.220006719892	1.0408801742e-10	1.7379860797e-05	100.0
-0.000911906417395	-0.00832850138287	0.000483392075065	-0.115290874562	-0.997081773649	0.0572291311946	1.0408801742e-10	1.7379860797e-05	100.0
-0.00015947330622	-0.0116533602005	-0.00030438444191	-0.0268745817823	-1.40185162735	-0.0361107584732	1.04019673417e-10	1.7368449212e-05	100.0
0.000106756193977	-0.0103082051622	-0.000424100094869	0.0056125215837	-1.23715879594	-0.0504789091664	1.04019673417e-10	1.7368449212e-05	100.0
-5.4214230094e-05	-0.0126340482799	-0.000866962774959	-0.014271917286	-1.51856626068	-0.0946901638857	1.04019673417e-10	1.7368449212e-05	100.0
0.00163288716762	0.00191947914731	0.000440813143131	0.166345362545	0.219260865287	0.0451354698929	1.03650645974e-10	1.7306831691e-05	100.0
-0.000718309224103	-0.000715285921245	-0.00243070723178	-0.091206716604	-0.0771003844258	-0.279295959761	1.03650645974e-10	1.7306831691e-05	100.0
-0.00013623688083	-0.0111582352883	0.000164939660996	-0.0239247180092	-1.34049082001	0.0195047727141	1.03617907235e-10	1.7301365215e-05	100.0
0.000182982410564	-0.0108394436559	-5.32389653264e-05	0.0148283890447	-1.30201158064	-0.0067177135357	1.03617907235e-10	1.7301365215e-05	100.0
0.000120165018004	-0.0080633950828	0.000722613789917	0.00755939336171	-0.965568034835	0.085483741909	1.03617907235e-10	1.7301365215e-05	100.0
-0.00180213152459	-0.00945941646615	0.00204601884337	-0.222686223729	-1.13356373389	0.243369449236	1.03617907235e-10	1.7301365215e-05	100.0
0.000814561343753	-0.00901421743431	-0.000550178892606	0.0908384439271	-1.08021239175	-0.0652039581282	1.03617907235e-10	1.7301365215e-05	100.0
-0.00239333763258	-0.013824685621	0.000984107983831	-0.291597657667	-1.65385785308	0.115882069128	1.03617907235e-10	1.7301365215e-05	100.0
-0.000158019491878	-0.0119358429679	-0.00185129282599	-0.026089748895	-1.43178000557	-0.217684098829	1.03617907235e-10	1.7301365215e-05	100.0
-0.000329119138084	-0.0134106319783	-0.000857582173193	-0.0443904828473	-1.60356612586	-0.0898503392866	1.03617907235e-10	1.7301365215e-05	100.0
-0.000204717858668	-0.0113806702945	0.00137468301639	-0.031480427757	-1.36553755078	0.161138658302	1.0321810236e-10	1.7234608702e-05	100.0
-0.000271958145344	-0.0127946883759	0.00137801302536	-0.0390692477864	-1.53403094612	0.1577080503	1.0321810236e-10	1.7234608702e-05	100.0
-0.000246936394717	-0.0120152641284	0.00033503389322	-0.0375346399686	-1.44708225088	0.0381512253218	1.0321810236e-10	1.7234608702e-05	100.0
-0.000542687446012	-0.0112653853488	0.000589607669102	-0.0719177346154	-1.35350256492	0.0690292678425	1.0321810236e-10	1.7234608702e-05	100.0
-0.000184421654633	-0.0127457653914	-0.000122857469013	-0.0303429231047	-1.54736162219	-0.00837807025438	1.0321810236e-10	1.7234608702e-05	100.0
-0.000116927349762	-0.0113893816846	-0.00107195418671	-0.0209595890217	-1.36788569406	-0.125917870388	1.0321810236e-10	1.7234608702e-05	100.0
-0.00148051066919	-0.00790193336154	-0.00244127000118	-0.183924985389	-0.945565302824	-0.291166943804	1.0321810236e-10	1.7234608702e-05	100.0
0.00183075943119	-0.00510781236253	0.00143578329748	0.212787626685	-0.608482231543	0.17134481935	1.02820258792e-10	1.7168179674e-05	100.0
-0.00110756806273	-0.0135258745056	-0.000963945591573	-0.136268676501	-1.61811153667	-0.108703886348	1.02820258792e-10	1.7168179674e-05	100.0
-0.000267636752473	-0.00144405690087	-0.00165527929242	-0.0380784599035	-0.160455448665	-0.191086644564	1.02772986266e-10	1.7160286451e-05	100.0
0.00127690379513	0.000884704526881	-0.000513819369743	0.117032989857	0.115031656405	-0.0471808120236	1.02772986266e-10	1.7160286451e-05	100.0
-0.000231228750263	-0.0113783413276	-0.000518206482106	-0.035379370485	-1.36748969167	-0.0610991538173	1.02424275951e-10	1.7102061336e-05	100.0
-0.00050405111119	-0.0115286224619	-0.000388102030686	-0.0671465441665	-1.3861065283	-0.0448636006981	1.02424275951e-10	1.7102061336e-05	100.0
-0.000199086275471	-0.00601241015892	-0.00111629966168	-0.0305975990327	-0.71762598394	-0.133508497356	1.02424275951e-10	1.7102061336e-05	100.0
0.000556964111896	-0.00664084473209	5.40832714025e-05	0.0604316263696	-0.793738649697	0.00634872770109	1.02424275951e-10	1.7102061336e-05	100.0
-0.00022368628067	-0.0125305106158	-0.000930905249576	-0.0342291688317	-1.5062119722	-0.103579766687	1.02424275951e-10	1.7102061336e-05	100.0
-0.00137811046658	-0.0126777371926	-0.00203118305066	-0.170939798241	-1.51824639377	-0.239038302545	1.02424275951e-10	1.7102061336e-05	100.0
-0.00173741899102	-0.0128014841544	-0.00106883682663	-0.212360462821	-1.53286858143	-0.123995962359	1.02424275951e-10	1.7102061336e-05	100.0
0.0011325517442	-0.000104005219354	-0.00282150433469	0.125827722349	-0.0075100878629	-0.326538156507	1.02332647714e-10	1.7086761919e-05	100.0
-0.000205563880315	-0.012596762298	0.000210269889082	-0.0324726300866	-1.52407464879	0.0190911346538	1.02030053257e-10	1.7036236895e-05	100.0
-0.000282120638706	-0.0109976306361	0.00149847268655	-0.0409268932222	-1.32009905523	0.177440332064	1.02030053257e-10	1.7036236895e-05	100.0
-0.000942536986324	-0.0130791710246	0.00115975881667	-0.11734028485	-1.56678873911	0.131664956744	1.02030053257e-10	1.7036236895e-05	100.0
0.00111409333749	0.000532664132418	-0.000584649256776	0.10190378765	0.0815371574532	-0.0569509446881	1.01891303364e-10	1.7013069447e-05	100.0
0.00101922704318	-0.00215481557452	-0.00178379613367	0.114487782585	-0.249933298402	-0.208088082328	1.01891303364e-10	1.7013069447e-05	100.0
0.00111396376907	-0.0052945289367	0.00118831977988	0.126639785266	-0.631003445005	0.142524353344	1.0163769129e-10	1.6970723145e-05	100.0
-0.00182767113489	-0.00358042496791	0.00102034370794	-0.224890521359	-0.422253808143	0.121057086066	1.0163769129e-10	1.6970723145e-05	100.0
-0.000819011717458	-0.0130533513336	-0.00123741332162	-0.102951269147	-1.56320208435	-0.140750498079	1.0163769129e-10	1.6970723145e-05	100.0
-0.00114431448001	-0.0136358921458	-0.000802156438781	-0.140096978167	-1.62955448156	-0.0901930090417	1.0163769129e-10	1.6970723145e-05	100.0
-0.000229895335923	0.000172655478638	0.00104185054514	-0.0325975888476	0.047451442077	0.101797305555	1.01005345819e-10	1.6865138693e-05	100.0
0.00136303324623	-0.000344024974013	0.000671705506501	0.146100232879	-0.0260661449149	0.0729456157794	1.01005345819e-10	1.6865138693e-05	100.0
-0.000346530034715	-0.00103449757678	-0.000420433444244	-0.0465802826011	-0.102953404264	-0.0472914355154	1.01005345819e-10	1.6865138693e-05	100.0
-3.72632557543e-05	-0.00396568549762	0.000527060387184	-0.0107422453177	-0.468932611697	0.0638144832672	1.01005345819e-10	1.6865138693e-05	100.0
0.00111226162833	-0.00291899259366	-0.0010486944733	0.12619782483	-0.341655131703	-0.123700886362	1.01005345819e-10	1.6865138693e-05	100.0
0.00157941146164	0.000369541436093	-0.00215889694859	0.175550385331	0.0490405860664	-0.245577257424	1.01005345819e-10	1.6865138693e-05	100.0
0.000288716006731	-0.000197522745904	-0.00277388058024	0.0261931119042	-0.0173808909263	-0.319301688156	1.01005345819e-10	1.6865138693e-05	100.0
-3.79647942536e-05	-0.011831613243	0.000970788776407	-0.012336709474	-1.42188973909	0.112581649366	1.00857946059e-10	1.6840526953e-05	100.0
0.000430430030573	-0.00912673128843	0.00141472522543	0.0449862712763	-1.09380684854	0.168143577528	1.00857946059e-10	1.6840526953e-05	100.0
0.000170428321852	-0.00865034447446	0.00291418983606	0.0138557146624	-1.03595786607	0.34763901339	1.00857946059e-10	1.6840526953e-05	100.0
-0.000152677724677	-0.0110348084259	-0.000826232604325	-0.0260230424716	-1.32485487197	-0.0973807421533	1.00857946059e-10	1.6840526953e-05	100.0
6.58853936221e-05	-0.0118225661517	-0.0011300260888	-9.20334411892e-06	-1.42010413202	-0.131840303497	1.00857946059e-10	1.6840526953e-05	100.0
-0.000713613928664	-0.00155964102944	0.00143882553109	-0.0906629424559	-0.174515365527	0.164964541846	1.0011486218e-10	1.6716452206e-05	100.0
-0.00113777478612	-0.00309133852104	0.0024095544777	-0.142019795282	-0.363890711502	0.284753480317	1.0011486218e-10	1.6716452206e-05	100.0
0.00011515305164	-0.00151685410165	0.00119634812703	0.00643091576811	-0.168275726636	0.137066067344	1.0011486218e-10	1.6716452206e-05	100.0
-0.0026599639085	-0.00450655028862	0.000447649680558	-0.324505055893	-0.534645346354	0.053250843692	1.0011486218e-10	1.6716452206e-05	100.0
0.00256526195075	0.00099544627068	0.00085517575084	0.287751469916	0.118680844803	0.098222726691	1.0011486218e-10	1.6716452206e-05	100.0
-5.04256976353e-05	-0.0119501720227	0.000223246376995	-0.0145682063029	-1.43910488748	0.0261313409565	1.00084738518e-10	1.6711422376e-05	100.0
-0.00105799624232	-0.00897184760331	0.000558211699306	-0.134065637001	-1.07502141684	0.0668068995543	1.00084738518e-10	1.6711422376e-05	100.0
0.00249550345365	-0.00767654825116	0.000499783936677	0.292911260055	-0.91945460044	0.0594092121475	1.00084738518e-10	1.6711422376e-05	100.0
-0.00230996370692	-0.0118163635935	0.00195545913415	-0.282528704629	-1.41569771224	0.23165035359	1.00084738518e-10	1.6711422376e-05	100.0
-0.00117055940342	-0.0134706855497	0.000887225087422	-0.143402174039	-1.61052279817	0.1002065608	1.00084738518e-10	1.6711422376e-05	100.0
0.000222974732073	-0.0116292971836	-0.000218480747634	0.0184384359134	-1.39845266372	-0.0253589394148	1.00084738518e-10	1.6711422376e-05	100.0
0.000547161920033	-0.0104818211908	-0.00066278734216	0.0586314736116	-1.25812413901	-0.0786407938006	1.00084738518e-10	1.6711422376e-05	100.0
8.35602524254e-05	-0.00819429951686	-0.00116657833199	0.00331728823838	-0.981362818248	-0.139490328691	1.00084738518e-10	1.6711422376e-05	100.0
-0.00123617749714	-0.00476092968621	0.000621698591516	-0.154259005245	-0.56558979811	0.0743021777112	1.00084738518e-10	1.6711422376e-05	100.0
-0.00019018404036	-0.011653489179	-0.00135831265405	-0.0300780327257	-1.3984968295	-0.158726061149	1.00084738518e-10	1.6711422376e-05	100.0
-0.00112972489641	-0.0123217666988	-0.00211379720721	-0.141627606735	-1.47688639877	-0.249159682909	1.00084738518e-10	1.6711422376e-05	100.0
-0.00209775259228	-0.0135112857298	-0.00158723578049	-0.256507074068	-1.61627857794	-0.187100576915	1.00084738518e-10	1.6711422376e-05	100.0
-0.000156697203946	-0.0130853544562	-0.000916060533407	-0.0259689267067	-1.56956213633	-0.0975255114879	1.00084738518e-10	1.6711422376e-05	100.0
-0.000215042435942	-0.0128842978418	-0.00114520761257	-0.0323814482844	-1.54423564785	-0.127491179357	1.00084738518e-10	1.6711422376e-05	100.0
-0.000282863813957	-0.0124705970016	0.000513293635963	-0.040779779618	-1.50304338237	0.0541937616993	9.97004229382e-11	1.6647252153e-05	100.0
-0.000451075937186	-0.011725010475	0.000953106687233	-0.0610195390161	-1.40845841186	0.110272849067	9.97004229382e-11	1.6647252153e-05	100.0
-0.000231185335635	-0.0130898039874	0.000854512650493	-0.0337720277297	-1.56902607997	0.0889891194143	9.97004229382e-11	1.6647252153e-05	100.0
0.000231285206802	-0.0119192326405	0.000488016856586	0.0188962461599	-1.43423266204	0.0567800414381	9.97004229382e-11	1.6647252153e-05	100.0
0.00015440840661	-0.00881403412047	0.000919089881471	0.0116187231788	-1.05581504835	0.109407964353	9.97004229382e-11	1.6647252153e-05	100.0
-0.00133357368983	-0.0135453326964	0.00117841978114	-0.164334657225	-1.62052573688	0.135630515837	9.97004229382e-11	1.6647252153e-05	100.0
-0.000145795047135	-0.0120227906947	-0.000430756771553	-0.0256279396286	-1.44744306067	-0.0484036289133	9.97004229382e-11	1.6647252153e-05	100.0
-0.000623604305345	-0.0111823481349	-0.00087515962545	-0.0816349439604	-1.34273078853	-0.103183113784	9.97004229382e-11	1.6647252153e-05	100.0
-0.000197593401996	-0.0125942126862	-0.000572052970918	-0.0311878546811	-1.51844348063	-0.060441996241	9.97004229382e-11	1.6647252153e-05	100.0
-0.000320616571316	-0.0119076832188	-0.000834722894087	-0.0451900398557	-1.43106317256	-0.0955478793442	9.97004229382e-11	1.6647252153e-05	100.0
-0.000139814588838	-0.00764598360757	-0.000419434402484	-0.0229285785649	-0.914641834476	-0.0501984519588	9.96678853591e-11	1.6641819264e-05	100.0
0.00101211045045	-0.0011580186012	0.000239762498578	0.109075856073	-0.123434621621	0.0279954004104	9.96678853591e-11	1.6641819264e-05	100.0
-0.000992544630517	-0.0011248038386	-0.000949093820424	-0.121840782414	-0.11796374948	-0.107299954603	9.96678853591e-11	1.6641819264e-05	100.0
-8.17578230811e-05	-0.0124095249144	-0.000102865931861	-0.0189862654634	-1.49931043793	-0.0112506301038	9.93176160566e-11	1.6583333842e-05	100.0
0.000299034539373	-0.00786519594827	-7.16857052364e-05	0.0291071912774	-0.941297277578	-0.00858239234369	9.93176160566e-11	1.6583333842e-05	100.0
-0.00148673433819	-0.0134742310634	0.00118254616428	-0.182038118033	-1.61135558436	0.13757877794	9.93176160566e-11	1.6583333842e-05	100.0
-0.000533630390262	-0.0125717141935	-0.00176929072868	-0.0709457068451	-1.50736071278	-0.206617535918	9.93176160566e-11	1.6583333842e-05	100.0
0.00208310579323	-0.00605404335417	0.00238291612856	0.243770286446	-0.723057542018	0.284013146297	9.92196512897e-11	1.6566976397e-05	100.0
0.000510751752852	-0.00439925732105	0.00183722249069	0.0550067744152	-0.522043116887	0.217942927685	9.92196512897e-11	1.6566976397e-05	100.0
0.00100889078918	-0.000668412995012	-0.000702149538015	0.106652860085	-0.0636459491443	-0.0750692989596	9.87701599722e-11	1.6491923603e-05	100.0
-0.000763690029246	-0.0118438604875	0.00233204254812	-0.0984112074289	-1.42016396039	0.27637934214	9.85562266466e-11	1.645620257e-05	100.0
-0.000915818084769	-0.0124931685355	0.00241907114638	-0.116655196255	-1.49746863631	0.286216944479	9.85562266466e-11	1.645620257e-05	100.0
-6.31716566525e-05	-0.0115680738282	0.000656987819887	-0.0155750133497	-1.39046604792	0.0764549790778	9.85562266466e-11	1.645620257e-05	100.0
-0.00035130847355	-0.0115143185337	0.00139024781527	-0.0493417922393	-1.38278914894	0.164750416532	9.85562266466e-11	1.645620257e-05	100.0
0.00158218805664	-0.0093683146073	0.00239405470141	0.183144636578	-1.12270212046	0.285057754486	9.85562266466e-11	1.645620257e-05	100.0
-0.000658763436056	-0.0113432743578	0.00265715128518	-0.0856739453096	-1.35983288484	0.31514416663	9.85562266466e-11	1.645620257e-05	100.0
0.00176937224187	-0.00721964761027	0.00176239383138	0.205765777217	-0.863594593689	0.210426528742	9.85562266466e-11	1.645620257e-05	100.0
-0.00228117789226	-0.0112182354665	0.00412425076342	-0.27991451518	-1.3439935225	0.491968360946	9.85562266466e-11	1.645620257e-05	100.0
-0.000826756562518	-0.0092324772267	-0.00138785434518	-0.106378858174	-1.10635532187	-0.165227960643	9.85562266466e-11	1.645620257e-05	100.0
-0.00469873991067	-0.0131912211509	0.000782544740257	-0.569793603199	-1.57910438621	0.0929940628482	9.85562266466e-11	1.645620257e-05	100.0
-2.29265273573e-05	-0.0127115908014	-0.00021405994397	-0.0145957839708	-1.53910718131	-0.0182695013284	9.85562266466e-11	1.645620257e-05	100.0
-0.000359965090098	-0.0102778364666	-0.00166893749451	-0.0501481053246	-1.2323273017	-0.197993824939	9.85562266466e-11	1.645620257e-05	100.0
-0.00113036088561	-0.00968051672677	-0.0014434834411	-0.142268145634	-1.16026412196	-0.171162313765	9.85562266466e-11	1.645620257e-05	100.0
-0.0034217841505	-0.0134879913789	-0.000471076530256	-0.415497671453	-1.61464738038	-0.0557228651984	9.85562266466e-11	1.645620257e-05	100.0
-0.000891972331863	-0.0134779286909	-0.000121128114693	-0.101851602456	-1.60669402468	-0.0130514211645	9.85562266466e-11	1.645620257e-05	100.0
-8.13170643879e-05	-0.00977413216952	-0.00212495038561	-0.0168433678743	-1.17115565898	-0.252030889321	9.85562266466e-11	1.645620257e-05	100.0
-0.001583561432	-0.0139290443049	0.000124997951525	-0.192161750787	-1.66393678945	0.0154979354215	9.85562266466e-11	1.645620257e-05	100.0
0.000228656508999	-0.0133320969982	-0.000909057261535	0.0177799279687	-1.59518557906	-0.0970709688667	9.85562266466e-11	1.645620257e-05	100.0
0.00142590816903	9.74665993358e-05	0.00268941032762	0.159786283746	0.0158440667663	0.310555850726	9.83194114068e-11	1.6416660883e-05	100.0
-0.000356967792283	-9.67054968049e-05	0.000569321110805	-0.0452899473757	0.0211186914793	0.0544133189552	9.83194114068e-11	1.6416660883e-05	100.0
-0.000831151711306	-0.0102063564599	-0.000102151652624	-0.105720307954	-1.22423291317	-0.0125693892952	9.83194114068e-11	1.6416660883e-05	100.0
-0.00174842852339	-0.00451105275578	-0.000469669186468	-0.215706763937	-0.535032422593	-0.0563980720133	9.83194114068e-11	1.6416660883e-05	100.0
0.000348633539033	-0.000904284442399	1.03836895461e-05	0.0315253814642	-0.0865163695558	0.0018238998373	9.83194114068e-11	1.6416660883e-05	100.0
-0.000501935804351	-0.00315565041883	-0.00277778758077	-0.0662438143881	-0.371829707606	-0.330703410136	9.83194114068e-11	1.6416660883e-05	100.0
0.00148818115691	-0.00588762268586	-0.000773674066672	0.171745073132	-0.703058570818	-0.0929456237966	9.81775938284e-11	1.6392981214e-05	100.0
-0.00251528746846	-0.0139442034979	0.00238647460582	-0.30726454089	-1.67060567025	0.284262674299	9.81775938284e-11	1.6392981214e-05	100.0
-0.000726438098293	-0.0125543557259	-0.00167242724538	-0.0930352028742	-1.50478765847	-0.194599639662	9.81775938284e-11	1.6392981214e-05	100.0
-0.000771858355067	-0.0135848414546	-0.000202017735718	-0.0881108122933	-1.61847561398	-0.0172985480361	9.81775938284e-11	1.6392981214e-05	100.0
-0.000168073929484	-0.012790359716	0.000748751797842	-0.0278324391296	-1.53844386217	0.0783260557532	9.78002685482e-11	1.632997818e-05	100.0
-0.000264046255005	-0.000140137362731	0.00182581221218	-0.0380276721305	-0.00255604485833	0.202245462379	9.74138910821e-11	1.6265463679e-05	100.0
-0.00177245445386	-0.00509809972409	0.00276965063781	-0.218476087564	-0.607250850491	0.329927482896	9.74138910821e-11	1.6265463679e-05	100.0
-0.000426195161587	0.000262252120357	-0.00122070547546	-0.0542838420516	0.0526771526666	-0.121134524063	9.74138910821e-11	1.6265463679e-05	100.0
0.00153423497698	-0.00139658038889	-0.00291822724667	0.175920113672	-0.161431138706	-0.343008604656	9.74138910821e-11	1.6265463679e-05	100.0
0.00289423900891	0.000935683548937	0.000879300458051	0.329418921697	0.11103499046	0.100212004177	9.69589684531e-11	1.6189504004e-05	100.0
0.00128144392098	8.10236631931e-05	0.000978719775455	0.133359922921	0.023681045447	0.105965984876	9.69589684531e-11	1.6189504004e-05	100.0
-0.00142001975172	-0.00163413218307	-0.000739763260213	-0.173023360929	-0.181956766516	-0.0853632691015	9.69589684531e-11	1.6189504004e-05	100.0
0.00259752318547	0.00179978397761	-0.000225073491745	0.290930224106	0.210303361636	-0.0234051657733	9.69589684531e-11	1.6189504004e-05	100.0
-5.0116474472e-05	-0.000414089435185	-0.00312697353633	-0.0130811121025	-0.0439292029669	-0.36350902782	9.69589684531e-11	1.6189504004e-05	100.0
0.00152167067041	-0.00265256612192	0.00228618216924	0.175141219091	-0.31133573668	0.270506346522	9.65026879963e-11	1.6113317609e-05	100.0
-0.00158539107141	-0.00407965448522	0.00042640153566	-0.195528423516	-0.482272511272	0.0493772746255	9.65026879963e-11	1.6113317609e-05	100.0
0.000776124520534	-0.0034757076025	-0.00287666129134	0.0868751278107	-0.411701669046	-0.341061359375	9.65026879963e-11	1.6113317609e-05	100.0
-4.88812592778e-05	-0.0126616001032	0.000409847694797	-0.0159018853149	-1.5290372387	0.0401336596559	9.63031878781e-11	1.6080006529e-05	100.0
-0.00089655671583	-0.0102965083633	0.00170050540124	-0.114642008908	-1.23418755857	0.201373860982	9.63031878781e-11	1.6080006529e-05	100.0
-0.000573628135344	-0.0127797114067	0.00229743070461	-0.0755879623286	-1.53100546386	0.27062978759	9.63031878781e-11	1.6080006529e-05	100.0
0.000594435372408	-0.0121263236115	0.000673531431086	0.0618301989886	-1.45865854506	0.0780589578047	9.63031878781e-11	1.6080006529e-05	100.0
0.00100351897716	-0.00994023148753	0.00102891861421	0.113514774605	-1.19210671296	0.122062361408	9.63031878781e-11	1.6080006529e-05	100.0
0.00108385988678	-0.00830225551666	0.00164906621188	0.12307929409	-0.994559647784	0.195886871909	9.63031878781e-11	1.6080006529e-05	100.0
-0.00105308852688	-0.0117212826018	0.00269017091003	-0.132691823786	-1.40437591212	0.318726408075	9.63031878781e-11	1.6080006529e-05	100.0
-0.000648249703055	-0.0134278786563	0.00126745832406	-0.0830125711653	-1.60673333695	0.143798922034	9.63031878781e-11	1.6080006529e-05	100.0
0.000163123026744	-0.0117599451568	-0.000459652651493	0.0107603238187	-1.41422612299	-0.0532319019396	9.63031878781e-11	1.6080006529e-05	100.0
0.000815577617911	-0.0101458218797	-0.00103084132507	0.0908772323176	-1.21705851454	-0.122109391308	9.63031878781e-11	1.6080006529e-05	100.0
0.000798071172279	-0.00827079636569	-0.00178547716548	0.0892249345994	-0.990758952278	-0.212962906984	9.63031878781e-11	1.6080006529e-05	100.0
0.00291703402026	-0.00311969654565	-0.000959859840305	0.342049533162	-0.369597867577	-0.113708937736	9.63031878781e-11	1.6080006529e-05	100.0
-0.000814222173886	-0.0131929352615	0.00019482939083	-0.090058948793	-1.57696111292	0.0179970089122	9.63031878781e-11	1.6080006529e-05	100.0
1.27996516551e-06	-0.0125705227681	-0.000491026303171	-0.0100195944879	-1.51606516657	-0.0513738017075	9.63031878781e-11	1.6080006529e-05	100.0
-7.14169846202e-05	-0.0114459690595	-0.00204790554856	-0.0156235820373	-1.37335417109	-0.242703946088	9.63031878781e-11	1.6080006529e-05	100.0
-0.00156894052744	-0.0103863267848	-0.00369036560558	-0.194615938711	-1.24437926276	-0.440105416663	9.63031878781e-11	1.6080006529e-05	100.0
0.000319095044185	-0.00824776765155	-0.00252106653033	0.0319759389131	-0.987539891665	-0.299830235599	9.63031878781e-11	1.6080006529e-05	100.0
0.00390697617957	0.00176268145212	0.000163269868359	0.454640359754	0.20797859089	0.0207162518179	9.55855506998e-11	1.5960180687e-05	100.0
0.0014620584456	0.00105144757124	-0.00159396880172	0.155466399628	0.12783393799	-0.174982129182	9.55855506998e-11	1.5960180687e-05	100.0
-0.00129337649416	-0.000476462113521	-0.0022141929718	-0.157948502883	-0.0474781914822	-0.25286142656	9.55855506998e-11	1.5960180687e-05	100.0
0.000166050302934	-0.0121740735525	0.00092986798889	0.0114105174287	-1.46284449503	0.105705937843	9.55614618274e-11	1.5956158502e-05	100.0
0.000197302920021	-0.0125177336993	0.00147771268619	0.0157606203005	-1.50172787662	0.170921371222	9.55614618274e-11	1.5956158502e-05	100.0
0.000435006033953	-0.0122758010846	-0.000133217553557	0.0414756135249	-1.47918799488	-0.0144910486416	9.55614618274e-11	1.5956158502e-05	100.0
0.00217417674395	-0.00716883779416	-0.00112835785082	0.253987754024	-0.858120357684	-0.134415241139	9.55614618274e-11	1.5956158502e-05	100.0
0.00121225821191	-0.00418827682124	-0.00088686348261	0.13788995504	-0.496521607142	-0.10561704916	9.55614618274e-11	1.5956158502e-05	100.0
0.0014332040607	-0.00301726062462	0.00189094978088	0.164549432881	-0.355076997839	0.224005470012	9.55614618274e-11	1.5956158502e-05	100.0
-0.00388187562365	-0.013908975903	0.000825628191912	-0.470871404077	-1.66354218282	0.0972677857363	9.55614618274e-11	1.5956158502e-05	100.0
0.000449202910132	-0.0108118131002	-0.00253345699659	0.0467657261602	-1.29615456712	-0.30067963989	9.55614618274e-11	1.5956158502e-05	100.0
-0.000483816298269	-0.0110328591936	-0.00319169202888	-0.0649800781308	-1.32196729465	-0.379725121797	9.55614618274e-11	1.5956158502e-05	100.0
-0.00269318621478	-0.0142570582082	-0.00114766684971	-0.327949602916	-1.70493886841	-0.135444844438	9.55614618274e-11	1.5956158502e-05	100.0
0.00191808724374	-0.00874753305964	-0.000294070855348	0.223244121834	-1.04835199617	-0.0349615675846	9.48238092604e-11	1.5832990637e-05	100.0
0.00057756375392	-0.0121920137149	-0.00111550388544	0.0604005194042	-1.46376552412	-0.128390011105	9.48238092604e-11	1.5832990637e-05	100.0
-0.000125912511227	-0.0129188709208	0.000553018534889	-0.0238627823958	-1.55737514962	0.0516484508617	9.44564413846e-11	1.5771650218e-05	100.0
0.000169704590615	-0.011955440458	0.00156238465772	0.0126246247418	-1.43462615394	0.182642743429	9.44564413846e-11	1.5771650218e-05	100.0
0.000242525165868	-0.0127565644409	0.00131191931196	0.020915363684	-1.52962271938	0.149526951714	9.44564413846e-11	1.5771650218e-05	100.0
0.000313469180033	-0.0121467611203	0.000184449702251	0.0276864962877	-1.46334960027	0.0212682012186	9.44564413846e-11	1.5771650218e-05	100.0
0.002053669802	-0.00465708960823	0.00048979304311	0.238939053193	-0.554296637953	0.0583034393149	9.44564413846e-11	1.5771650218e-05	100.0
-0.00299729448756	-0.0126731552664	0.00218840824183	-0.364866594762	-1.51777239771	0.259459334477	9.44564413846e-11	1.5771650218e-05	100.0
0.000205545719662	-0.0124233901191	-0.00163748892831	0.0172105178264	-1.48898852017	-0.189873064297	9.44564413846e-11	1.5771650218e-05	100.0
0.00024462602085	-0.00567782280092	0.000762101149345	0.0229283507655	-0.676543582555	0.0904971755247	9.41980014785e-11	1.5728497801e-05	100.0
-0.000662555438772	-0.00490425362679	-0.00163323176016	-0.0854579228007	-0.582885636857	-0.195304719266	9.41980014785e-11	1.5728497801e-05	100.0
0.00486306048974	0.000236908454847	-0.000306034049915	0.572336938284	0.0283686582957	-0.0343997269851	9.41980014785e-11	1.5728497801e-05	100.0
0.000565254104736	-0.0113441524171	0.000798009384234	0.0599760689952	-1.36219098271	0.0929529922143	9.40899787274e-11	1.5710460947e-05	100.0
0.00102969462606	-0.0101178920898	0.00142993984439	0.116200287467	-1.21331972474	0.169473149538	9.40899787274e-11	1.5710460947e-05	100.0
6.22305846436e-05	-0.0135011230437	0.00103077975367	-0.000733943391909	-1.61504699783	0.112683681317	9.40899787274e-11	1.5710460947e-05	100.0
0.000477606337876	-0.0124315116452	0.000249574070194	0.0456396054586	-1.49824543337	0.0277302250458	9.40899787274e-11	1.5710460947e-05	100.0
0.000376698460488	-0.0103158596515	0.000685988775708	0.037554661787	-1.23800442776	0.0817481338338	9.40899787274e-11	1.5710460947e-05	100.0
0.000846938826115	-0.00857270240679	0.000473389192297	0.0946320642152	-1.02707842097	0.0562687539534	9.40899787274e-11	1.5710460947e-05	100.0
0.0029101662433	-0.00479310854824	0.00076380281795	0.341766403304	-0.571538504254	0.0905323807425	9.40899787274e-11	1.5710460947e-05	100.0
-0.00347773065262	-0.0104157486976	0.00386121580112	-0.423203616754	-1.24684016737	0.459848723448	9.40899787274e-11	1.5710460947e-05	100.0
7.9838978029e-05	-0.0136482763541	0.000304651409507	-0.00438362900262	-1.61928538748	0.0215736520923	9.40899787274e-11	1.5710460947e-05	100.0
3.99723724818e-05	-0.0138578393937	0.000861021791736	-0.00346723415468	-1.6531889803	0.0937834184074	9.40899787274e-11	1.5710460947e-05	100.0
0.00362238180025	-0.0015788335619	0.000215767507512	0.424380379552	-0.184011478221	0.0273123318456	9.40899787274e-11	1.5710460947e-05	100.0
0.00292656291143	-0.00329653756415	0.00010025357395	0.343158057085	-0.390422610538	0.0120499699901	9.40899787274e-11	1.5710460947e-05	100.0
-0.000120639355631	-0.00767302716361	-0.0054618677515	-0.0209877116155	-0.9185709193	-0.652823108879	9.40899787274e-11	1.5710460947e-05	100.0
-0.00241135487104	-0.0105894881604	-0.00237204874635	-0.294891930553	-1.26775707186	-0.281560611235	9.40899787274e-11	1.5710460947e-05	100.0
0.000208349758243	-0.0129434500848	-0.000610979398432	0.012418010934	-1.55556110547	-0.0602028982841	9.40899787274e-11	1.5710460947e-05	100.0
0.000369149917426	-0.0131789090351	-0.00167868835977	0.0365296150143	-1.57830748046	-0.194379078363	9.40899787274e-11	1.5710460947e-05	100.0
0.00224256173507	0.00219044407876	0.000231407617996	0.247288993354	0.252476890498	0.0253442156169	9.37320653568e-11	1.5650699173e-05	100.0
0.000252264839683	-0.0109510288344	3.93757897391e-05	0.0225218347685	-1.31550770257	0.0050550318079	9.37244212887e-11	1.5649422822e-05	100.0
0.00266244518332	-0.00761869865839	0.000112036667197	0.312849348073	-0.91261195762	0.0138462144266	9.37244212887e-11	1.5649422822e-05	100.0
0.000129046967679	-0.0140436504749	0.000834912186688	0.00737354858779	-1.67424232074	0.0929350950579	9.37244212887e-11	1.5649422822e-05	100.0
8.12094184105e-05	-0.012723448025	-0.00071213977192	-0.000593465303574	-1.53110351362	-0.0756502198772	9.37244212887e-11	1.5649422822e-05	100.0
0.00126528550924	-0.0115634654979	-0.0018367878706	0.144104077194	-1.38669241592	-0.216383582658	9.37244212887e-11	1.5649422822e-05	100.0
0.00113774489352	-0.00942173678278	-7.40543928076e-05	0.129262436151	-1.12952912076	-0.00910704866921	9.33596684888e-11	1.558851905e-05	100.0
0.00198662825834	-0.00817341363001	0.000301612799272	0.231618158481	-0.97911266601	0.0359992279573	9.33596684888e-11	1.558851905e-05	100.0
0.00201824077406	-0.00283478809629	0.00151044908402	0.233485745219	-0.334451737919	0.178817211317	9.33596684888e-11	1.558851905e-05	100.0
0.00249617349788	-0.0039424266754	0.00205955615109	0.292195518894	-0.469011725361	0.244994481996	9.33596684888e-11	1.558851905e-05	100.0
0.000623743484652	-0.0124936895609	-0.00100218723635	0.0650839728875	-1.49984625649	-0.113535783247	9.33596684888e-11	1.558851905e-05	100.0
-0.000392855245546	-0.013807254917	-0.00254314807804	-0.0535638300495	-1.65215209834	-0.300027017838	9.33596684888e-11	1.558851905e-05	100.0
-0.000278090524299	-0.0142769108478	-0.00232161584015	-0.0398244968871	-1.70773254807	-0.273607872643	9.33596684888e-11	1.558851905e-05	100.0
0.00144991406746	-0.00141427970706	0.000670446745536	0.162501136463	-0.157977476158	0.0758688099395	9.32644193777e-11	1.5572615045e-05	100.0
-0.00221312176892	-0.00665014435282	-0.00034248607342	-0.271414938564	-0.794037128412	-0.0411239094044	9.32644193777e-11	1.5572615045e-05	100.0
0.00391329193772	0.000660082767114	-0.000320039872947	0.455713746776	0.0786037253736	-0.0369581173921	9.32644193777e-11	1.5572615045e-05	100.0
0.000150757250538	-0.00213966126725	-0.00282239686637	0.0114820340994	-0.249807060014	-0.331819329523	9.32644193777e-11	1.5572615045e-05	100.0
0.00104857145985	-0.0107361539338	-0.000994979310959	0.118306892506	-1.28843847214	-0.117187459661	9.29957203277e-11	1.5527749631e-05	100.0
0.000776756767434	-0.00819944665028	-0.00291538758399	0.0867793121845	-0.982230904105	-0.348173107245	9.29957203277e-11	1.5527749631e-05	100.0
-0.000954963900165	3.48330237892e-05	0.00145507421784	-0.115001231387	0.0185465538359	0.154521367353	9.27949126716e-11	1.5494220227e-05	100.0
-0.000620587148497	5.83562694987e-05	0.00078031593086	-0.0729267531618	0.0361807538899	0.0754493965034	9.27949126716e-11	1.5494220227e-05	100.0
0.00253599517577	-0.00312829362858	0.000399891744596	0.296715495183	-0.369019914127	0.0478286818525	9.27949126716e-11	1.5494220227e-05	100.0
0.00152256040894	-0.00483787853365	-0.00178797381071	0.176675024448	-0.575542351215	-0.213090157429	9.27949126716e-11	1.5494220227e-05	100.0
0.001771532513	-0.000119528771047	-0.000129264886282	0.191488008741	-0.00305952151973	-0.0170683149923	9.27949126716e-11	1.5494220227e-05	100.0
-0.000863838503418	0.000210534400521	-0.000262808200632	-0.0934728040441	0.0612507068459	-0.0220182083979	9.27949126716e-11	1.5494220227e-05	100.0
0.00326419341088	0.00135359739609	-0.00034128998326	0.37525244274	0.160853642137	-0.038405646486	9.27949126716e-11	1.5494220227e-05	100.0
0.00021752982051	-0.0124695953577	-3.21224899393e-05	0.0142128195303	-1.50566956907	-0.00340766556464	9.26325768053e-11	1.5467114564e-05	100.0
0.00244139225158	-0.00471382069491	-0.000509988300161	0.28532233933	-0.561799527985	-0.0607536210064	9.26325768053e-11	1.5467114564e-05	100.0
-0.00260801869247	-0.00848183872379	0.00421222217884	-0.319190220489	-1.01499216817	0.50283142221	9.26325768053e-11	1.5467114564e-05	100.0
5.45554699603e-06	-0.0120597532195	-0.0027646780659	-0.00642665255079	-1.44517880063	-0.327177155997	9.26325768053e-11	1.5467114564e-05	100.0
-0.000729412363822	-0.0137247065121	-0.000312091657518	-0.0860358904586	-1.633842536	-0.0304459417825	9.26325768053e-11	1.5467114564e-05	100.0
-0.000704135329514	-0.000809121166522	0.000363304383102	-0.0868276758514	-0.0740615979038	0.0400795836757	9.23235452383e-11	1.5415514718e-05	100.0
0.000973275244418	-0.0114327061582	0.000928524000843	0.108488784003	-1.37277225126	0.109197289978	9.19084019372e-11	1.5346197107e-05	100.0
0.00272472868372	-0.00761686882753	0.00178152651841	0.320325317464	-0.911889350159	0.211690938245	9.19084019372e-11	1.5346197107e-05	100.0
0.000246145769266	-0.00924423034986	0.00276571349889	0.0226902111421	-1.10682862793	0.328623309654	9.19084019372e-11	1.5346197107e-05	100.0
-2.13464927325e-05	-0.0131350419375	0.00173179314905	-0.00946345274607	-1.57280508089	0.200283879468	9.19084019372e-11	1.5346197107e-05	100.0
0.000716081826892	-0.0119067256871	-4.19363713223e-06	0.0762512396498	-1.43233091452	-0.00224990037593	9.19084019372e-11	1.5346197107e-05	100.0
0.00355302399929	-0.00505306586459	0.00138091177751	0.419146014565	-0.603518526809	0.163828405206	9.19084019372e-11	1.5346197107e-05	100.0
-0.00143007826381	-0.0124604538579	0.00267862762789	-0.177298589803	-1.49222756593	0.316840395023	9.19084019372e-11	1.5346197107e-05	100.0
0.0010000891131	-0.0113147534024	0.000540572381997	0.111717900946	-1.35915465759	0.0639459089038	9.19084019372e-11	1.5346197107e-05	100.0
0.00299894025657	-0.00660532355345	0.000754419885069	0.353062604904	-0.790408259301	0.089724728099	9.19084019372e-11	1.5346197107e-05	100.0
-0.000537774577616	-0.0143534704909	0.00222024068308	-0.0708607458035	-1.71653570709	0.261736413624	9.19084019372e-11	1.5346197107e-05	100.0
0.000402954135917	-0.0117477847718	-0.00105467019639	0.0399899693331	-1.41143318214	-0.123500351235	9.19084019372e-11	1.5346197107e-05	100.0
0.000777652629985	-0.00924035732415	-0.00162318460225	0.0862115409031	-1.10732734927	-0.192800785342	9.19084019372e-11	1.5346197107e-05	100.0
0.00258853274601	-0.00844668342796	-0.00228633904767	0.30393714661	-1.01200814545	-0.272148918882	9.19084019372e-11	1.5346197107e-05	100.0
0.00236951984244	-0.00569995013492	-0.00250352415324	0.277668935765	-0.681122728216	-0.297967182907	9.19084019372e-11	1.5346197107e-05	100.0
0.00232028365281	-0.00102789698056	-0.0006866185578	0.264804908505	-0.115394748131	-0.079108810947	9.19084019372e-11	1.5346197107e-05	100.0
-0.00260042506969	-0.0146866976022	0.000217320290074	-0.316689407921	-1.75695024497	0.0262895640873	9.19084019372e-11	1.5346197107e-05	100.0
0.000351122692497	-0.0129850916334	-0.0012022391183	0.0329261098883	-1.55689937557	-0.135676115854	9.19084019372e-11	1.5346197107e-05	100.0
0.000203978250741	-0.0133023798974	-0.00055037351041	0.010274027839	-1.59225877098	-0.0492735328642	9.19084019372e-11	1.5346197107e-05	100.0
0.00318581691323	0.000531073296627	0.00149750785878	0.368333916379	0.0653417546221	0.172707429879	9.1850266788e-11	1.5336490122e-05	100.0
0.000801297020533	-0.000958367959444	0.00293837410902	0.0876054978094	-0.108314248329	0.343647472736	9.1850266788e-11	1.5336490122e-05	100.0
-0.00148165255891	-0.00581108293997	0.00204669034651	-0.183554568256	-0.693077332698	0.243849687622	9.1850266788e-11	1.5336490122e-05	100.0
-0.000468958302085	-0.000318840027962	0.000328823582761	-0.0583094032141	-0.0072202803705	0.0326776822359	9.1850266788e-11	1.5336490122e-05	100.0
0.00248827243642	0.00086621418302	0.000484551960832	0.277194166141	0.104734605557	0.0523335693273	9.1850266788e-11	1.5336490122e-05	100.0
-0.000545776172221	-0.00094134658442	0.000113790351075	-0.0691581839332	-0.0903869262809	0.0129223450953	9.1850266788e-11	1.5336490122e-05	100.0
0.00352697309949	0.0019563290585	0.000420608780109	0.408036903044	0.229454020022	0.0482281608775	9.1850266788e-11	1.5336490122e-05	100.0
-0.000936548756706	-0.00256628683867	-0.00201485423502	-0.117661426489	-0.299245951069	-0.237118774312	9.1850266788e-11	1.5336490122e-05	100.0
0.000147545519456	-0.012758696268	0.000454809465226	0.00504745416049	-1.53841973317	0.0440822321856	9.1186842145e-11	1.5225716296e-05	100.0
0.000836252750555	-0.0116789514465	0.00130818191692	0.0921833275112	-1.40180052529	0.153244942302	9.1186842145e-11	1.5225716296e-05	100.0
0.000637274505291	-0.0111207876463	0.00198349772448	0.0690375659057	-1.3337650443	0.234788082731	9.1186842145e-11	1.5225716296e-05	100.0
0.00131415551431	-0.0109356177527	0.00252092352522	0.150646322895	-1.31079704114	0.298831256784	9.1186842145e-11	1.5225716296e-05	100.0
9.22838379477e-05	-0.0120183740269	0.00220886888051	0.00378111244161	-1.44055715901	0.260003430157	9.1186842145e-11	1.5225716296e-05	100.0
0.000468672850602	-0.0130426188091	0.00155844517351	0.0479804252701	-1.56228206873	0.17968594252	9.1186842145e-11	1.5225716296e-05	100.0
0.000229988300896	-0.0128448729932	3.33662560285e-05	0.00867320463068	-1.55461739042	0.00215896214095	9.1186842145e-11	1.5225716296e-05	100.0
0.000955636094024	-0.0114104007057	0.000105904195961	0.106061019797	-1.3713491341	0.0125910479299	9.1186842145e-11	1.5225716296e-05	100.0
0.00319891756955	-0.00627185920174	-0.000294181031849	0.377081914511	-0.750241364587	-0.0353075070649	9.1186842145e-11	1.5225716296e-05	100.0
0.00175842295201	-0.00205933755012	0.000318276466237	0.200147494325	-0.238814235191	0.0366296186839	9.1186842145e-11	1.5225716296e-05	100.0
0.00181810397038	-0.00605840052709	0.00246945469686	0.211564249633	-0.724343584768	0.293862608688	9.1186842145e-11	1.5225716296e-05	100.0
-0.00130734686814	-0.0140048343001	0.00132383261903	-0.161550495108	-1.67391037165	0.153928461865	9.1186842145e-11	1.5225716296e-05	100.0
0.00066785134903	-0.012411382001	-0.00181680851163	0.0721530242727	-1.4882303967	-0.212491378712	9.1186842145e-11	1.5225716296e-05	100.0
-0.000426705652001	-0.013258013772	-0.00288268486538	-0.0575614572181	-1.58725324504	-0.340850297457	9.1186842145e-11	1.5225716296e-05	100.0
-0.000407960294571	-0.0143021460171	-0.00161996577068	-0.0551581019443	-1.70926178522	-0.1889617491	9.1186842145e-11	1.5225716296e-05	100.0
-0.00239405347739	-0.00641037811449	0.0012707563579	-0.293122118044	-0.765275426857	0.151386873948	9.08975745171e-11	1.5177416489e-05	100.0
0.000134098671366	-0.012788750925	0.00025886135624	0.00135561683247	-1.54637092234	0.0221249933778	9.08270177574e-11	1.5165635434e-05	100.0
0.000957999159409	-0.00705917879485	0.0023727182266	0.107934856909	-0.844529911726	0.282100188214	9.08270177574e-11	1.5165635434e-05	100.0
8.70568981768e-05	-0.0101883880036	0.00372739583057	0.00394657473209	-1.22044888429	0.443356986218	9.08270177574e-11	1.5165635434e-05	100.0
0.00206918859588	-0.00299862069969	0.00175345743267	0.239972440482	-0.354474612365	0.206667235302	9.08270177574e-11	1.5165635434e-05	100.0
0.000687081572412	-0.0122197044212	-0.000495985395927	0.0724138138769	-1.47034622999	-0.0571505886435	9.08270177574e-11	1.5165635434e-05	100.0
0.00324256749665	-0.0060828017246	-0.000604702167622	0.38201302298	-0.727724988956	-0.0707537176243	9.08270177574e-11	1.5165635434e-05	100.0
-0.00385248042872	-0.0145908852097	-0.000141873609335	-0.467326516812	-1.74590749892	-0.0178513645699	9.08270177574e-11	1.5165635434e-05	100.0
0.000192619050005	-0.0126918469495	-0.000254115178292	0.00917885929345	-1.53296254489	-0.0233798414735	9.08270177574e-11	1.5165635434e-05	100.0
0.00267767626969	-0.00907346841067	-0.00284208742077	0.314528357115	-1.08744049843	-0.338102766294	9.08270177574e-11	1.5165635434e-05	100.0
-0.00284751946045	-0.0147974078016	0.000225011396489	-0.346753944612	-1.76875021812	0.027457679245	9.08270177574e-11	1.5165635434e-05	100.0
5.07092065282e-05	-0.0135471586876	-0.00113925228088	-0.00137720865372	-1.61924832698	-0.126805212677	9.08270177574e-11	1.5165635434e-05	100.0
0.000982233871528	-0.0113165575966	-0.000705074698567	0.109600109473	-1.35948955983	-0.0841126371031	9.0467696269e-11	1.5105638543e-05	100.0
0.00346079323507	-0.00550746212319	-0.000823253078361	0.40827927733	-0.658066819775	-0.0979819623162	9.0467696269e-11	1.5105638543e-05	100.0
0.00146728725779	-0.000316440345364	0.000476856513433	0.156466810589	-0.0233474607097	0.0536154368385	9.0467696269e-11	1.5105638543e-05	100.0
0.00430894332723	-0.00419267261081	0.000537989266575	0.510239214252	-0.50038728273	0.0639597871607	9.0467696269e-11	1.5105638543e-05	100.0
-0.0031783042904	-0.0146812599446	0.00209887695293	-0.38698885887	-1.75607747582	0.249230039077	9.0467696269e-11	1.5105638543e-05	100.0
0.00023928199095	-0.0127585401869	-0.000492651437478	0.0155785228522	-1.53716219666	-0.0496044609629	9.0467696269e-11	1.5105638543e-05	100.0
0.00119887828363	-0.0110837556981	-0.00275014103774	0.136645345489	-1.32849191035	-0.326159081075	9.0467696269e-11	1.5105638543e-05	100.0
-0.00283396165899	-0.0130711278299	-0.0039996764597	-0.345854950539	-1.56527307917	-0.47633313989	9.0467696269e-11	1.5105638543e-05	100.0
-0.00359747785835	-0.013547729038	-0.00291280306271	-0.437294182098	-1.62173328378	-0.34594215267	9.0467696269e-11	1.5105638543e-05	100.0
0.00270689343929	-0.00891339813368	-0.000681576851481	0.317976998989	-1.06871986844	-0.0807001010717	9.01089279697e-11	1.5045734019e-05	100.0
0.00166653535477	0.000123888662802	-0.000499870662023	0.17764010831	0.0278327571395	-0.0548360998442	9.01089279697e-11	1.5045734019e-05	100.0
0.00129913417752	-0.0115488784507	-0.0015560086516	0.147922682155	-1.3856544563	-0.183266947506	9.01089279697e-11	1.5045734019e-05	100.0
-0.00296773570822	-0.0112812647747	-0.00393494898307	-0.362089512772	-1.35144148168	-0.468718093911	9.01089279697e-11	1.5045734019e-05	100.0
0.000632667475881	-0.00211076897367	0.0022400532602	0.0686785292672	-0.24508041944	0.262182045475	8.99364335394e-11	1.5016932153e-05	100.0
0.00465305796301	0.000747681452661	0.000218060541439	0.546419202288	0.0885150997264	0.0243471282948	8.99364335394e-11	1.5016932153e-05	100.0
0.00154558916165	-0.00182684336001	-0.00030500048634	0.175367371384	-0.208149868076	-0.0340676306679	8.99364335394e-11	1.5016932153e-05	100.0
0.000926270977331	-0.00338878555114	-0.0027424322369	0.104640894922	-0.400819378762	-0.326248305327	8.99364335394e-11	1.5016932153e-05	100.0
0.00271879084399	0.000740513964214	-0.000957066294527	0.308366170701	0.090674074182	-0.107368311739	8.99364335394e-11	1.5016932153e-05	100.0
-0.000515801278607	0.000112925882761	-0.00266632571094	-0.0673040277462	0.0210541640668	-0.304736582309	8.99364335394e-11	1.5016932153e-05	100.0
0.00238021725506	-0.00837241267967	0.000264312708048	0.278872082463	-1.00305839803	0.0306291787098	8.97506122798e-11	1.4985905069e-05	100.0
0.00292271638162	-0.0040234764554	0.00526541768666	0.343987028316	-0.480438864366	0.628749351166	8.97506122798e-11	1.4985905069e-05	100.0
-8.33076590441e-05	-0.0137268556069	0.000682088657095	-0.0174524466303	-1.63656905163	0.0690062142908	8.97506122798e-11	1.4985905069e-05	100.0
0.000205428291748	-0.0127831456588	6.20293053356e-05	0.00749166508982	-1.5469251108	0.00384746090772	8.97506122798e-11	1.4985905069e-05	100.0
0.00228798446628	-0.00166431530319	0.00134483674299	0.264066179511	-0.193037333062	0.157191701479	8.97506122798e-11	1.4985905069e-05	100.0
0.0025977909205	-0.0047739405095	0.00386184544243	0.305027035369	-0.570056386191	0.46059301888	8.97506122798e-11	1.4985905069e-05	100.0
0.000229186928327	-0.0128318589845	-5.90278663599e-05	0.00915278946287	-1.55281441175	-0.00392823711954	8.97506122798e-11	1.4985905069e-05	100.0
0.00162893902761	-0.00171199201534	-0.00211820721918	0.18559525265	-0.198833478939	-0.248537068676	8.97506122798e-11	1.4985905069e-05	100.0
0.00178502956045	-0.00113641708251	0.000904684175963	0.202008679591	-0.124908102829	0.105168547095	8.97506122798e-11	1.4985905069e-05	100.0
0.00108895677557	-0.00587375105801	-0.00560424386462	0.124153354063	-0.702719952192	-0.669482859086	8.97506122798e-11	1.4985905069e-05	100.0
-0.00329450101933	-0.0131056340309	-0.00137947180715	-0.400054833893	-1.56865076454	-0.163335528416	8.97506122798e-11	1.4985905069e-05	100.0
0.000382963930295	-0.0133949900839	-0.00191020069506	0.0386735220785	-1.60285617974	-0.222649356827	8.97506122798e-11	1.4985905069e-05	100.0
2.5917606989e-05	-0.0135595876673	-0.000797723911655	-0.00498071778691	-1.61817359557	-0.082898349806	8.97506122798e-11	1.4985905069e-05	100.0
0.000539895012931	-0.0122205369531	0.000727769640708	0.0550410139166	-1.46918513852	0.0822485087367	8.90353387278e-11	1.4866473889e-05	100.0
0.0021404185158	-0.0100979346947	0.00237848050367	0.249632604868	-1.21041949988	0.282307084569	8.90353387278e-11	1.4866473889e-05	100.0
0.000887774522983	-0.0125226580047	0.00257970897222	0.0991245280592	-1.50025619263	0.304421388781	8.90353387278e-11	1.4866473889e-05	100.0
0.000720123550328	-0.0120683357327	-1.96692569362e-05	0.0759448570318	-1.45201281231	-0.00144457491337	8.90353387278e-11	1.4866473889e-05	100.0
0.00162519226786	-0.0098816852819	-0.000353519225418	0.187648012266	-1.18517343322	-0.0413951239665	8.90353387278e-11	1.4866473889e-05	100.0
0.00290031896818	-0.00639173824745	-0.000468409384666	0.34103788982	-0.764714316497	-0.0551317208815	8.90353387278e-11	1.4866473889e-05	100.0
0.00337143361941	-0.00203008298794	-0.00189150199328	0.395401799361	-0.239867297258	-0.223832792911	8.90353387278e-11	1.4866473889e-05	100.0
0.00422083753048	-0.0021323872208	0.000201549022208	0.497323317356	-0.25266569161	0.0247507458011	8.90353387278e-11	1.4866473889e-05	100.0
0.00280654284961	-0.00221765222137	-0.000477049932637	0.32747591276	-0.260065305766	-0.0566489288694	8.90353387278e-11	1.4866473889e-05	100.0
-0.00439480106116	-0.0127544514415	0.00192812976769	-0.532866160748	-1.52726173273	0.229857125287	8.90353387278e-11	1.4866473889e-05	100.0
2.61186412883e-05	-0.014144149771	0.000737112395344	-0.00436479639657	-1.68522710554	0.0822677572924	8.90353387278e-11	1.4866473889e-05	100.0
0.000704320458419	-0.0121836518673	-0.000924744198983	0.0751480558942	-1.46391683629	-0.106344656952	8.90353387278e-11	1.4866473889e-05	100.0
0.00196968990348	-0.0105743966502	-0.00247879237061	0.229169521921	-1.2676862943	-0.294328588063	8.90353387278e-11	1.4866473889e-05	100.0
0.00149718659304	-0.00752059428343	-0.00473635124213	0.172977979445	-0.900348614692	-0.564820620977	8.90353387278e-11	1.4866473889e-05	100.0
-0.00211796996881	-0.00927536774559	-0.00443773069278	-0.260343435125	-1.11070531549	-0.528975090196	8.90353387278e-11	1.4866473889e-05	100.0
-0.00444407640884	-0.0113798028998	-0.00433361548354	-0.539257610105	-1.36235676752	-0.516984548065	8.90353387278e-11	1.4866473889e-05	100.0
-0.00347704199984	-0.0149070295878	-0.00100183282101	-0.422640960627	-1.78256863516	-0.118747498024	8.90353387278e-11	1.4866473889e-05	100.0
0.00303100985862	0.00182068555117	0.000640682987629	0.346218033889	0.213240080396	0.0749530677209	8.89661900858e-11	1.4854927951e-05	100.0
0.00254945665781	0.000519576696689	-9.69827354702e-05	0.285570463108	0.0654490070687	-0.00920733690496	8.89661900858e-11	1.4854927951e-05	100.0
-0.0010020742711	0.000295608697036	-0.000889758026683	-0.113295055413	0.0596389332341	-0.0864470206438	8.89661900858e-11	1.4854927951e-05	100.0
0.000218246801637	-0.0127008811363	0.000213881698264	0.0111660429983	-1.53458205006	0.0201954578048	8.86782802858e-11	1.4806854865e-05	100.0
0.00149841913532	-0.00999997488467	0.000686127372734	0.172326211502	-1.19954230527	0.0812461678978	8.86782802858e-11	1.4806854865e-05	100.0
0.00305771870749	-0.00773518929972	0.00126788324902	0.360228077451	-0.926908095433	0.151083705938	8.86782802858e-11	1.4806854865e-05	100.0
0.00227419203227	-0.00207668986588	0.00203312667832	0.26395774588	-0.24388699011	0.238738784247	8.86782802858e-11	1.4806854865e-05	100.0
0.000366389337191	-0.00571265722781	0.00418493498103	0.0372651511847	-0.682528102565	0.49832768886	8.86782802858e-11	1.4806854865e-05	100.0
0.000443023696968	-0.0137979967545	0.00203932144717	0.0460249669487	-1.65005775423	0.238978716861	8.86782802858e-11	1.4806854865e-05	100.0
0.000917330143122	-0.0116627132889	-0.000643899024152	0.101263236571	-1.40116357386	-0.0749274240481	8.86782802858e-11	1.4806854865e-05	100.0
0.00387475640587	-0.00697843818776	-0.00181858319933	0.458058819638	-0.835697167392	-0.21591030275	8.86782802858e-11	1.4806854865e-05	100.0
0.00175582987065	-0.00374771266226	-0.00290387511705	0.20340601944	-0.445793438965	-0.34467287371	8.86782802858e-11	1.4806854865e-05	100.0
0.00236097440403	-0.00361721408806	-0.00127734087207	0.275440645557	-0.429105753999	-0.15109316889	8.86782802858e-11	1.4806854865e-05	100.0
-0.00235145127878	-0.0150714322179	7.70997651239e-05	-0.28767088782	-1.8011190569	0.00874577343331	8.86782802858e-11	1.4806854865e-05	100.0
0.00011589318644	-0.0135963043223	-0.000668701200037	0.00371202454498	-1.62259490794	-0.0663658673243	8.86782802858e-11	1.4806854865e-05	100.0
-5.50562958421e-06	-0.0136306730133	-0.000416385337916	-0.011358702168	-1.61949789072	-0.0335727790366	8.86782802858e-11	1.4806854865e-05	100.0
-0.000912066437454	0.000859592070651	0.00103279349183	-0.100182269936	0.116956941207	0.089828191292	8.84774726297e-11	1.4773325462e-05	100.0
0.00122944738905	-0.00184330594807	0.00324144531029	0.140136034	-0.215343008984	0.382428502456	8.84774726297e-11	1.4773325462e-05	100.0
-0.000278185951821	-0.00376700314211	0.00387361952619	-0.0392224703585	-0.447398921982	0.461198883085	8.84774726297e-11	1.4773325462e-05	100.0
0.00427237760738	0.000707365450891	0.000101820265206	0.499892483586	0.0845978850025	0.00985996378443	8.84774726297e-11	1.4773325462e-05	100.0
0.00321802079413	0.00183662729278	-0.000385077076528	0.369486107422	0.214631735173	-0.0444165841499	8.84774726297e-11	1.4773325462e-05	100.0
0.00186067514482	0.0001110124828	-0.000259706414645	0.20060596954	0.0241187287212	-0.0289060510782	8.83215738734e-11	1.474729462e-05	100.0
0.0027861971871	-0.00371640743681	0.00096350933269	0.326995642386	-0.441243356148	0.114172909188	8.83215738734e-11	1.474729462e-05	100.0
-0.00236710892811	-0.0112469378423	-0.00499352042128	-0.290114793622	-1.34679817519	-0.59534802315	8.83215738734e-11	1.474729462e-05	100.0
-0.00326619653364	-0.0139139259346	-0.00214110774974	-0.397232561946	-1.66476706512	-0.253704698658	8.83215738734e-11	1.474729462e-05	100.0
0.00249709988212	0.0014573017436	-0.00026171150053	0.277337992948	0.172045661415	-0.0301955860149	8.79862909674e-11	1.4691311517e-05	100.0
0.00307654636858	-0.0028920272146	-0.00134525145979	0.360995960581	-0.342388907985	-0.158373644908	8.79862909674e-11	1.4691311517e-05	100.0
-0.000641098266588	-0.00423026660506	-0.00193951633952	-0.0829598136258	-0.502287526222	-0.228889807778	8.79862909674e-11	1.4691311517e-05	100.0
0.00145531947922	-0.0115151771756	0.000283677999041	0.16629044342	-1.38280783744	0.0318501419323	8.7609066267e-11	1.4628325277e-05	100.0
0.00357360969644	-0.00359855578359	0.00242269774298	0.421607179671	-0.428767868707	0.287755250474	8.7609066267e-11	1.4628325277e-05	100.0
-0.00129443325345	-0.0116583646053	0.00515985513997	-0.161599794846	-1.39609454007	0.615061022507	8.7609066267e-11	1.4628325277e-05	100.0
0.00186666406964	-0.0114589958552	0.000190431102292	0.215912334862	-1.37623996843	0.0220993833693	8.7609066267e-11	1.4628325277e-05	100.0
0.00406095744984	-0.00343526393321	0.00163419493831	0.479511234899	-0.409759906465	0.194740323314	8.7609066267e-11	1.4628325277e-05	100.0
-0.00389395761948	-0.0128214358715	0.00172646757385	-0.472511519258	-1.53487564629	0.203789859924	8.7609066267e-11	1.4628325277e-05	100.0
0.00171673452081	-0.00975381500667	-0.00101544812302	0.198830260788	-1.16970412663	-0.120396783223	8.7609066267e-11	1.4628325277e-05	100.0
0.00256908127804	-0.00869139911227	-0.00137865369216	0.30140764847	-1.04164659861	-0.163824051359	8.7609066267e-11	1.4628325277e-05	100.0
0.00121711787225	-0.0113414680567	-0.00142042749235	0.13821726451	-1.36130096924	-0.167697894304	8.7609066267e-11	1.4628325277e-05	100.0
0.00122054784988	-0.0101722822416	-0.00204690714726	0.139298144421	-1.21978652772	-0.243149578479	8.7609066267e-11	1.4628325277e-05	100.0
0.000400743891571	-0.0131474173228	-0.00217336813591	0.0407429456679	-1.57513643768	-0.254974036237	8.7609066267e-11	1.4628325277e-05	100.0
0.00128089206406	-0.00479392696196	-0.00288655168519	0.147192570443	-0.571434304732	-0.343826728259	8.74924439393e-11	1.4608852529e-05	100.0
0.000767698265909	0.00075925966465	0.00218499390239	0.0786636082489	0.0945381941461	0.242582222281	8.69959818353e-11	1.4525956894e-05	100.0
-0.000694902541016	-0.000176893238053	0.0004022534569	-0.0816030362596	0.00967678893254	0.038973754783	8.69959818353e-11	1.4525956894e-05	100.0
0.000295342382651	-0.00160714763268	0.000666231356133	0.0270492463844	-0.178169888899	0.0760623210331	8.69959818353e-11	1.4525956894e-05	100.0
0.000471690707079	-0.00683383586221	-0.00222135287164	0.0507976938311	-0.816883343437	-0.266023396825	8.69959818353e-11	1.4525956894e-05	100.0
-0.00127671924157	-0.00142369241757	-0.000100431781667	-0.155286646201	-0.154333544773	-0.0106144855137	8.69959818353e-11	1.4525956894e-05	100.0
0.00192823713727	-0.000380430987685	-0.000590549766622	0.214795974977	-0.0343178680927	-0.0680549197737	8.69959818353e-11	1.4525956894e-05	100.0
0.00239863963732	-0.00433385937297	-0.00183039153992	0.280834282065	-0.51535841898	-0.218024997597	8.69959818353e-11	1.4525956894e-05	100.0
-0.000143640243571	-0.0051411558438	-0.00250575954521	-0.0233851323343	-0.612033466147	-0.298785539802	8.69959818353e-11	1.4525956894e-05	100.0
-0.00160271049192	-0.00263205415356	-0.00164737605353	-0.196938718157	-0.306895863303	-0.193987289378	8.69959818353e-11	1.4525956894e-05	100.0
0.000508838086885	-0.0122128138532	5.88544762001e-05	0.0498699097501	-1.47082364827	0.00649680157284	8.68975141692e-11	1.4509515479e-05	100.0
0.002216208443	-0.0109138998046	-6.21180850925e-05	0.258523680207	-1.30999005977	-0.00767645278989	8.68975141692e-11	1.4509515479e-05	100.0
0.00384478700444	-0.00281676263357	0.000523568471526	0.45271521012	-0.334805821225	0.0620320632218	8.68975141692e-11	1.4509515479e-05	100.0
-0.00098509970931	-0.00781968806458	0.00451674126221	-0.124607346141	-0.936055985246	0.539345064034	8.68975141692e-11	1.4509515479e-05	100.0
-0.00335339174584	-0.0141083617268	0.00386908598513	-0.408122161569	-1.68845361402	0.460923247453	8.68975141692e-11	1.4509515479e-05	100.0
0.00142831202724	-0.0120507048627	-0.00265202816774	0.164031301455	-1.44407490092	-0.313676138008	8.68975141692e-11	1.4509515479e-05	100.0
0.000445381443347	-0.0127532815485	-0.00329541655856	0.046756656862	-1.52732473996	-0.390506601415	8.68975141692e-11	1.4509515479e-05	100.0
-0.000283800146722	-0.0144810851536	-0.00111519723181	-0.0403546346749	-1.72873081484	-0.128921208198	8.68975141692e-11	1.4509515479e-05	100.0
0.00271186721055	-0.00871766473813	0.000853276827957	0.318605033491	-1.04479114821	0.100725654205	8.65419644249e-11	1.4450148366e-05	100.0
3.81717476792e-06	-0.0135396682735	0.00108829497665	-0.0069984030001	-1.61813310525	0.120384202702	8.65419644249e-11	1.4450148366e-05	100.0
0.00073064564187	-0.0123614553446	0.000187580252183	0.0758846235069	-1.48799377756	0.0210794215809	8.65419644249e-11	1.4450148366e-05	100.0
0.00377956567165	-0.000911212134318	0.0023152382439	0.443784131764	-0.106745279368	0.274422506054	8.65419644249e-11	1.4450148366e-05	100.0
-3.31804152083e-05	-0.00926640775844	0.0043367351855	-0.0105803169771	-1.11024488859	0.516945836349	8.65419644249e-11	1.4450148366e-05	100.0
0.000536893999722	-0.0131793830118	-0.00201410447849	0.0570027497926	-1.57794486575	-0.235384369943	8.65419644249e-11	1.4450148366e-05	100.0
0.00132242845285	0.00100254823888	0.000162526131951	0.117402567767	0.127754384802	0.0173504063797	8.64967537856e-11	1.4442599422e-05	100.0
-0.000878822033795	0.000164922660895	-0.000615219547607	-0.0986812874193	0.0494206358325	-0.0566877362823	8.64967537856e-11	1.4442599422e-05	100.0
0.000483750775311	-0.0129502279507	0.000694694086445	0.0454075809272	-1.55544066297	0.0737228228753	8.61866158403e-11	1.4390814841e-05	100.0
0.000858804276484	-0.0128278614583	0.00125247502256	0.0937515224605	-1.53863866141	0.143727313621	8.61866158403e-11	1.4390814841e-05	100.0
0.00128255161729	-0.0019789266429	-0.002837717794	0.145642546233	-0.230641750143	-0.335522929611	8.59946089204e-11	1.4358754921e-05	100.0
-0.0018006939322	-0.0048178056416	-0.00205645637014	-0.221946481866	-0.57277883341	-0.243559700697	8.59946089204e-11	1.4358754921e-05	100.0
0.00189198059361	-0.000284823734346	-0.00144079095452	0.212103835315	-0.0259152053359	-0.164068010373	8.59946089204e-11	1.4358754921e-05	100.0
-0.000587727351837	-0.00334501350032	-0.00338158645676	-0.0765713503394	-0.396594663118	-0.400928891509	8.59946089204e-11	1.4358754921e-05	100.0
0.00226472104626	-0.0106454792194	0.00206615874179	0.264657916606	-1.27683248398	0.245421809629	8.58313175457e-11	1.4331489714e-05	100.0
0.00132676523898	-0.00907352244219	0.00582596011903	0.152863529672	-1.08695646121	0.695954166799	8.58313175457e-11	1.4331489714e-05	100.0
0.000412807419571	-0.0132014855904	0.00118279098427	0.0405085460066	-1.58060423204	0.132800839817	8.58313175457e-11	1.4331489714e-05	100.0
0.000317502010903	-0.0128600309182	-4.58991538226e-05	0.01884139556	-1.55437394908	-0.00380224308895	8.58313175457e-11	1.4331489714e-05	100.0
0.00195510403271	-0.0110705313074	5.68655000462e-06	0.22691152972	-1.32913927871	0.0016426955985	8.58313175457e-11	1.4331489714e-05	100.0
0.00416042775634	-0.00515335483615	-0.0013227348032	0.492079765026	-0.616537921014	-0.157130013767	8.58313175457e-11	1.4331489714e-05	100.0
0.00181755534225	-0.000311977438272	-0.000500054354965	0.198876263134	-0.0271492116508	-0.0560615482538	8.58313175457e-11	1.4331489714e-05	100.0
0.00214297527144	-0.000981430965782	-3.57039781235e-05	0.243908384173	-0.107396050758	-0.0048056364234	8.58313175457e-11	1.4331489714e-05	100.0
-0.00301983281591	-0.0152898919269	0.000802056487426	-0.367779577855	-1.82830613551	0.0944709749623	8.58313175457e-11	1.4331489714e-05	100.0
0.000761697032898	-0.0123545001847	-0.000392613239541	0.0802732867395	-1.48583500531	-0.0427131347949	8.58313175457e-11	1.4331489714e-05	100.0
0.00202586439701	-0.0074378182971	-0.00286210738112	0.236160441276	-0.890322359046	-0.339940134193	8.58313175457e-11	1.4331489714e-05	100.0
-0.00169049962708	-0.00778784260864	-0.00489574724976	-0.20922292803	-0.932121369779	-0.583836551529	8.58313175457e-11	1.4331489714e-05	100.0
-0.00461665647865	-0.0131376528797	-0.00220498730334	-0.559406426	-1.57240996513	-0.262186636528	8.58313175457e-11	1.4331489714e-05	100.0
-0.000777141214618	-0.00218404957785	0.00387384999799	-0.0991598975194	-0.256828632709	0.458693916936	8.54895472398e-11	1.4274423392e-05	100.0
0.00213018526587	-0.0104578980555	0.000965622682088	0.248316408488	-1.25486254644	0.114394519317	8.54760695409e-11	1.4272172983e-05	100.0
0.00352668956745	-0.00721476234889	0.00155828432804	0.416425837887	-0.864150442963	0.185037854645	8.54760695409e-11	1.4272172983e-05	100.0
0.000658992293077	-0.0134912260466	0.00209310341307	0.0716108649442	-1.6144090089	0.245032798011	8.54760695409e-11	1.4272172983e-05	100.0
0.00122852644974	-0.0122299545925	0.000251738595094	0.137356870072	-1.47020907413	0.0283913004153	8.54760695409e-11	1.4272172983e-05	100.0
0.00215120642683	-0.0109011748354	0.000433452529388	0.250694019165	-1.308482032	0.0511200710957	8.54760695409e-11	1.4272172983e-05	100.0
0.00361239877006	-0.00446618431227	0.00162291458143	0.426126905506	-0.533453470985	0.192902277442	8.54760695409e-11	1.4272172983e-05	100.0
0.00235781285936	-0.00118797103226	0.00183577513574	0.271672832382	-0.136840111832	0.214421023133	8.54760695409e-11	1.4272172983e-05	100.0
-0.00394766213554	-0.00919364555835	0.00408762492152	-0.47971193143	-1.10062744476	0.486940197283	8.54760695409e-11	1.4272172983e-05	100.0
-0.00177151914175	-0.0134653790844	0.00385511302615	-0.218570037859	-1.61168401903	0.458371109065	8.54760695409e-11	1.4272172983e-05	100.0
0.00158608947427	-0.0112712040767	-0.000534441674964	0.182240080726	-1.35368670632	-0.062566362987	8.54760695409e-11	1.4272172983e-05	100.0
0.00351034248959	-0.00614694697242	-0.00208139872274	0.4143207654	-0.735645821042	-0.24803170908	8.54760695409e-11	1.4272172983e-05	100.0
-0.00106382389512	-0.0146284908125	0.000638445847291	-0.132500342692	-1.74608534552	0.0741966397859	8.54760695409e-11	1.4272172983e-05	100.0
0.00166552682183	-0.0116960107174	-0.000599927426948	0.191380159334	-1.40433124735	-0.0692244148932	8.54760695409e-11	1.4272172983e-05	100.0
0.00300289445891	-0.00775755636808	-0.00214843505844	0.353375979241	-0.929094658753	-0.254817231012	8.54760695409e-11	1.4272172983e-05	100.0
0.000498941432106	-0.0131873156949	-0.000880295018999	0.0486811386995	-1.57998961768	-0.0953376134852	8.54760695409e-11	1.4272172983e-05	100.0
0.000131870340886	-0.0135429116572	-0.00158641680647	0.00813127060102	-1.62072737745	-0.183008432827	8.54760695409e-11	1.4272172983e-05	100.0
0.000978876351012	-0.0123665178605	0.00139059652518	0.108817632196	-1.48380628279	0.161605160395	8.51208718261e-11	1.421286465e-05	100.0
0.000677389971367	-0.0130948534664	0.000972148718625	0.070674501952	-1.56979872475	0.107993343518	8.51208718261e-11	1.421286465e-05	100.0
0.00159170043234	-0.011723925846	-0.00010602233767	0.182373086464	-1.40867561847	-0.0122101061243	8.51208718261e-11	1.421286465e-05	100.0
0.00469839772425	-0.00371985808385	-0.00131687985416	0.556098207362	-0.444832235587	-0.157056184861	8.51208718261e-11	1.421286465e-05	100.0
-0.00404974749724	-0.0137640155055	0.00142245310046	-0.490982913183	-1.64703167669	0.168008652789	8.51208718261e-11	1.421286465e-05	100.0
0.00156200144592	-0.00996873482705	-0.00395268508578	0.18070009246	-1.19439834769	-0.470379751693	8.51208718261e-11	1.421286465e-05	100.0
-0.000639045765409	-0.0144620923338	-0.000414501481203	-0.0815163350604	-1.72402564991	-0.0466345726661	8.51208718261e-11	1.421286465e-05	100.0
0.000745997479695	-0.012420586872	0.000366407211356	0.078020767651	-1.49402387912	0.0394165474252	8.47656238213e-11	1.415354792e-05	100.0
0.00206743216012	-0.0111554680838	0.000896936431328	0.240413448395	-1.33873008812	0.105059058507	8.47656238213e-11	1.415354792e-05	100.0
0.00289324863806	-0.00785834763355	0.00240205892717	0.340454685357	-0.941274920296	0.285697059766	8.47656238213e-11	1.415354792e-05	100.0
0.00287642129976	-0.005575778835	0.00315451196312	0.338001378978	-0.666691011669	0.374714818653	8.47656238213e-11	1.415354792e-05	100.0
0.000272690398567	-0.0110737857681	0.00474005390132	0.0261769450669	-1.32650494284	0.564594065503	8.47656238213e-11	1.415354792e-05	100.0
0.000412014923565	-0.012928906932	0.00238058682054	0.042490092621	-1.54804694899	0.279991390259	8.47656238213e-11	1.415354792e-05	100.0
0.000952251943918	-0.0124570339817	0.000640790443035	0.103662292137	-1.49621048166	0.0712883428291	8.40549266521e-11	1.4034880871e-05	100.0
0.00103345845804	-0.0120566858222	0.00201976602238	0.116321634259	-1.44570538569	0.237536839468	8.40549266521e-11	1.4034880871e-05	100.0
0.000971395311645	-0.0127316838956	0.00200715791111	0.108731841372	-1.52609958894	0.235283673707	8.40549266521e-11	1.4034880871e-05	100.0
0.000425676822605	-0.0125387243831	-9.89507285948e-05	0.0375060563007	-1.51244148754	-0.0111077457176	8.40549266521e-11	1.4034880871e-05	100.0
0.00313912166712	-0.00170636701649	0.000867365493258	0.365465713586	-0.200789865898	0.103116219439	8.40549266521e-11	1.4034880871e-05	100.0
0.00172571231697	-0.00494477774656	0.001299856389	0.200152934852	-0.589096673531	0.153882105577	8.40549266521e-11	1.4034880871e-05	100.0
-0.000829671051528	-0.0102524456085	-0.00527477863447	-0.105883733996	-1.22800925323	-0.628695094963	8.40549266521e-11	1.4034880871e-05	100.0
-0.00423217927205	-0.0146759920253	-0.00204671439458	-0.513312297138	-1.75574874943	-0.243035494239	8.40549266521e-11	1.4034880871e-05	100.0
-0.00017692067456	-0.00141874039862	0.00379022641122	-0.0276327065137	-0.165110257408	0.446832583001	8.39553023179e-11	1.4018246323e-05	100.0
-0.00103855327254	-0.00254131351456	0.00310264982301	-0.130265147156	-0.298591505071	0.366583688334	8.39553023179e-11	1.4018246323e-05	100.0
0.00224747706626	-0.000754338285244	0.00360196375576	0.261194268846	-0.0866117634988	0.425188757996	8.39553023179e-11	1.4018246323e-05	100.0
-0.00124252727068	-0.00426826939783	0.00365467647161	-0.154796848828	-0.507370185228	0.435625244756	8.39553023179e-11	1.4018246323e-05	100.0
-0.000167510595644	-0.00329172244856	0.000130339791113	-0.0263790539474	-0.386314347778	0.0150443257535	8.39553023179e-11	1.4018246323e-05	100.0
-0.00132417195287	-0.00541126929442	-0.00167678042633	-0.164982319281	-0.644583465717	-0.199884375982	8.39553023179e-11	1.4018246323e-05	100.0
0.00288438711481	0.000714185028437	-0.000250659491773	0.326471402742	0.0859911176492	-0.028151966698	8.39553023179e-11	1.4018246323e-05	100.0
-0.000801258954751	0.000618386622264	-0.000669674224381	-0.0827635503745	0.103859537311	-0.050524158994	8.39553023179e-11	1.4018246323e-05	100.0
0.00163871305563	0.00123805143986	-0.000672890419021	0.166324265361	0.146957104202	-0.0677307641891	8.39553023179e-11	1.4018246323e-05	100.0
0.000270272231488	-0.01286180366	0.0003021561548	0.0155273361155	-1.55286221291	0.0281163792425	8.33437265838e-11	1.3916129851e-05	100.0
0.00265557675194	-0.0027816158376	0.00353828896918	0.310642989193	-0.330733234057	0.419870642683	8.33437265838e-11	1.3916129851e-05	100.0
0.0013999404307	-0.0067279818442	0.00713483339974	0.161444037737	-0.805744296878	0.852706545876	8.33437265838e-11	1.3916129851e-05	100.0
0.00368310306264	-0.00798152120423	4.37381034401e-05	0.435397885679	-0.956745272685	0.00477196408933	8.33437265838e-11	1.3916129851e-05	100.0
0.000750406936106	-0.0125124679652	-0.000181420898125	0.077578159969	-1.50648832969	-0.0195900860057	8.33437265838e-11	1.3916129851e-05	100.0
0.00287989974339	-0.00100714475484	-0.00226079951872	0.334881762643	-0.11686709977	-0.266059714926	8.33437265838e-11	1.3916129851e-05	100.0
-0.00347453704687	-0.0136849035994	0.00175381536142	-0.421881164419	-1.63922489034	0.209931926637	8.33437265838e-11	1.3916129851e-05	100.0
0.000266034288876	-0.0127687167021	-0.000131043056317	0.0151136683592	-1.54315130435	-0.0107597717236	8.33437265838e-11	1.3916129851e-05	100.0
0.00114525260599	-0.0119143544695	-3.99618038721e-05	0.127966292762	-1.43194679068	-0.00269641753459	8.33437265838e-11	1.3916129851e-05	100.0
0.00367659096588	-0.00454011975807	-0.00249952064184	0.43381261547	-0.542652674431	-0.296806618433	8.33437265838e-11	1.3916129851e-05	100.0
0.00253164446311	-0.00195021850241	-0.00321361845781	0.295234861196	-0.230357414408	-0.380732635865	8.33437265838e-11	1.3916129851e-05	100.0
-0.00427189312501	-0.012532436079	-3.00807705106e-05	-0.518101696011	-1.50048163426	-0.00279249179013	8.33437265838e-11	1.3916129851e-05	100.0
-0.00413033851885	-0.0151101689003	0.00034939353598	-0.500643306342	-1.8069610379	0.0416129476552	8.33437265838e-11	1.3916129851e-05	100.0
0.000303806450355	-0.0128657279552	-0.000248011874209	0.0188876045828	-1.55327999788	-0.0224012362812	8.33437265838e-11	1.3916129851e-05	100.0
0.00219797970146	-0.00424463502615	-0.00416978093205	0.25655773934	-0.506791924284	-0.496338540012	8.33437265838e-11	1.3916129851e-05	100.0
0.00237201892259	-0.00474702000989	-0.00418953132098	0.277950457682	-0.566811506353	-0.499740237853	8.33437265838e-11	1.3916129851e-05	100.0
-0.00402773617125	-0.0142099712566	-0.000479152476821	-0.488371015445	-1.70010273408	-0.0562971206794	8.33437265838e-11	1.3916129851e-05	100.0
0.000910949075962	-0.012988161762	-0.000931028182743	0.0985084249851	-1.55825764715	-0.104581926051	8.33437265838e-11	1.3916129851e-05	100.0
