# x[AU] y[AU] z[AU] vx[AU/yr/2pi] vy[AU/yr/2pi] vz[AU/yr/2pi] m[MSUN] m[mtot] wf[%]
9.38078786749e-05	0.00472311914034	8.76808787767e-07	0.0149623178603	0.566873867311	0.000271602765817	3.96717462471e-06	0.662028260376	9.35692509421
-0.000196825262981	-0.0094801201335	1.11049928949e-06	-0.0307117065882	-1.13783140544	0.000167501437046	1.95419220496e-06	0.326108777225	8.44634941668
0.000509853295853	0.00194116415422	-0.000596085501222	0.0567118172575	0.24475338823	-0.0678234283608	2.97953049329e-10	4.972136535e-05	0.0
4.70868162624e-05	-0.0085233694252	-0.000137331668692	0.000268425471098	-1.05122642265	-0.0109308523866	2.94873948312e-10	4.9207535715e-05	0.0
-0.000234215481143	-0.0070906390421	0.000402750035425	-0.0303273357838	-0.860272525025	0.0464447341835	2.92922598782e-10	4.8881901313e-05	0.0
0.000106431318029	-0.00840086516084	0.000240689573552	0.00739772305968	-1.03202023649	0.0226580439675	2.92922598782e-10	4.8881901313e-05	0.0
-0.00031893395365	-0.00688716730913	3.99060037911e-05	-0.0401675220187	-0.835153175688	0.00458670328366	2.92922598782e-10	4.8881901313e-05	0.0
-0.000173225668572	-0.00839489347625	-0.00134758428343	-0.0224506131595	-1.01672896888	-0.14952751434	2.92922598782e-10	4.8881901313e-05	0.0
-0.000480009282412	-0.00673948307875	0.000905099411819	-0.0596781920994	-0.815487136692	0.105883876826	2.89953129793e-10	4.8386366688e-05	0.0
-0.000694264353189	-0.00609649939082	0.000255539169375	-0.0853498069514	-0.736389530223	0.0300315747919	2.89953129793e-10	4.8386366688e-05	0.0
-0.000164313019677	-0.0076727506784	-0.00125672388818	-0.0216806273776	-0.929460509992	-0.143635176733	2.89953129793e-10	4.8386366688e-05	0.0
-8.67172501005e-05	-0.00808208844513	0.00105789508901	-0.0127579265757	-0.981559348206	0.117557855846	2.86929850589e-10	4.7881852403e-05	0.0
-0.000654107691755	-0.00699603511202	-0.00222467701434	-0.0807720527921	-0.84384826584	-0.262357744842	2.86929850589e-10	4.7881852403e-05	0.0
-0.000571087907664	-0.00579187458863	-0.000434223884084	-0.0710642083485	-0.699857274369	-0.0513419361173	2.84882598178e-10	4.7540214063e-05	0.0
-0.000188014687357	-0.00760201427787	3.93642989786e-05	-0.0249552909935	-0.925955391791	0.00508229355884	2.84882598178e-10	4.7540214063e-05	0.0
-0.000261934383235	-0.00711623483221	-0.00124018558681	-0.0338090433868	-0.861513116654	-0.144213871158	2.84882598178e-10	4.7540214063e-05	0.0
1.18495352354e-05	-0.00845628680262	-0.000893001184141	-0.00228331948117	-1.02965637986	-0.0934982332392	2.83849090004e-10	4.7367745825e-05	0.0
-0.00105318027144	-0.00776436302913	0.00198175414431	-0.127231345062	-0.936356471926	0.232307461995	2.80706875135e-10	4.684338397e-05	0.0
-0.00047013926348	-0.00881703099334	0.00106243669276	-0.0532373489828	-1.06758083636	0.110124382781	2.80706875135e-10	4.684338397e-05	0.0
-0.000199216453694	-0.00795138480805	0.000852483050215	-0.0254926152391	-0.967212846606	0.0949235434727	2.78575739136e-10	4.648774743e-05	0.0
0.000106953045442	-0.00782185804667	0.000847931107552	0.00965368261761	-0.950509175736	0.0942754293265	2.78575739136e-10	4.648774743e-05	0.0
-0.000269097191916	-0.00721607116631	2.74609881222e-05	-0.0343447399587	-0.876659662779	0.00335938104168	2.7749867989e-10	4.6308011541e-05	0.0
-0.000360617837798	-0.00772222647952	-0.000245770871998	-0.0433697637984	-0.940448317034	-0.0287132483242	2.75320723974e-10	4.5944561856e-05	0.0
-0.000432756764331	-0.00717104116041	-0.000843537412528	-0.0540637889128	-0.869218805121	-0.0973522824134	2.75320723974e-10	4.5944561856e-05	0.0
-0.000827783779345	-0.00598664210265	-0.00294325842674	-0.101679200918	-0.720886467924	-0.350814025594	2.75320723974e-10	4.5944561856e-05	0.0
-0.000346752580216	-0.00803939303462	0.000322814034264	-0.0418692653599	-0.982198165624	0.0341683433919	2.74219424985e-10	4.5760780923e-05	0.0
-0.000314980965441	-0.00780838019642	0.000218330198513	-0.0391599707219	-0.952497051765	0.0243346340645	2.74219424985e-10	4.5760780923e-05	0.0
-0.000992632263448	-0.00568215892153	0.00173983455274	-0.121508622671	-0.684928694108	0.206576141261	2.74219424985e-10	4.5760780923e-05	0.0
-0.000690422094891	-0.00733094736956	0.000999054759474	-0.0837013146455	-0.887874584486	0.11609710954	2.74219424985e-10	4.5760780923e-05	0.0
-0.000386205952014	-0.00873596276595	-0.000750072475998	-0.0422930065567	-1.06448086555	-0.0717759957785	2.74219424985e-10	4.5760780923e-05	0.0
-0.000359271963207	-0.00574422064799	-0.00115150246854	-0.0457357515738	-0.693809777812	-0.136242453241	2.7310952642e-10	4.5575564923e-05	0.0
4.30937549614e-05	-0.00631498135488	0.000370348784142	0.00208594420687	-0.764406242862	0.0431398102424	2.70863176211e-10	4.5200701837e-05	0.0
-0.000583497078184	-0.0087022998082	0.00117110491326	-0.0680433581693	-1.05399484053	0.125487404656	2.69726271958e-10	4.5010979222e-05	0.0
-0.000315910386223	-0.00815212444331	-0.00036423838189	-0.0381760522314	-0.997063023917	-0.0378812601375	2.69726271958e-10	4.5010979222e-05	0.0
-0.000446722120858	-0.0033480622639	-0.00189310947004	-0.0561336482693	-0.402154024295	-0.226157495545	2.69726271958e-10	4.5010979222e-05	0.0
-0.000479833000771	-0.00620404296029	0.00102711898586	-0.0600432348954	-0.749892086006	0.120705309049	2.67423597037e-10	4.4626716865e-05	0.0
-0.00147502658218	-0.00766168763791	0.0017532503832	-0.177106155707	-0.923203738204	0.204656114409	2.67423597037e-10	4.4626716865e-05	0.0
-0.000214886793312	-0.00370084593223	-0.000454185404064	-0.0285732580254	-0.445117746003	-0.0544736609007	2.67423597037e-10	4.4626716865e-05	0.0
7.40403343455e-05	-0.0015061852736	0.00222629589934	0.00618429846198	-0.17873194642	0.266186227847	2.67423597037e-10	4.4626716865e-05	0.0
-0.000479877064353	-0.00755599695444	-0.000414264351197	-0.0583524054756	-0.918991762663	-0.0469180423394	2.65080338149e-10	4.4235681997e-05	0.0
-6.67520376258e-05	-0.00392662325494	0.000253074369313	-0.010544067329	-0.4725086765	0.0300520523536	2.65080338149e-10	4.4235681997e-05	0.0
0.000127409296227	-0.0054854640423	0.00234920586266	0.0124849534127	-0.660749684193	0.279032842214	2.63892741656e-10	4.4037500038e-05	0.0
-0.00104568797542	-0.0082455396078	0.00158122677357	-0.124125270662	-0.994456097026	0.18103085965	2.63892741656e-10	4.4037500038e-05	0.0
0.00194058671077	0.00178878252851	-0.000236027931873	0.227062498582	0.222244424118	-0.0262557808215	1.24825368248e-10	2.0830421953e-05	100.0
0.00111331941638	0.00184227013674	-0.0011063520852	0.12926900806	0.230004337898	-0.128274539056	1.24825368248e-10	2.0830421953e-05	100.0
0.000435090412981	0.00369860688686	-5.8247862459e-05	0.0345415761361	0.481324607558	-0.00732082992147	1.23998350491e-10	2.0692412115e-05	100.0
0.00048370903709	0.00339454540465	-0.000127511314778	0.0474804527896	0.437142509859	-0.0118993184814	1.23998350491e-10	2.0692412115e-05	100.0
0.00203794073815	0.00139593167712	-0.00189864041735	0.24104949649	0.172433335733	-0.223999674821	1.23171986502e-10	2.0554511375e-05	100.0
0.00139720375378	0.00148907915666	-0.00225368145049	0.164611568882	0.184182142673	-0.266640708878	1.23171986502e-10	2.0554511375e-05	100.0
-0.000158741961379	0.000856727138363	-0.000361312115801	-0.0214724002677	0.110457870426	-0.0439937915775	1.22759106248e-10	2.0485611359e-05	100.0
0.00103854334994	0.00427042652359	0.00236317217709	0.117280427162	0.514046671488	0.270290943481	1.21521219832e-10	2.0279037193e-05	100.0
0.000691440334785	-0.00148103034531	0.000638912078031	0.0810403518774	-0.175421300345	0.0765035443941	1.21521219832e-10	2.0279037193e-05	100.0
0.0015855096108	0.00439050133633	-0.0011428482592	0.172915955786	0.528169436467	-0.125067669776	1.21521219832e-10	2.0279037193e-05	100.0
0.00282962056719	0.00356870081253	-6.83300858573e-05	0.328956781513	0.431383431036	-0.00506654607578	1.21521219832e-10	2.0279037193e-05	100.0
0.00137978017557	0.00214715528314	-0.00250494949317	0.160837053699	0.261362626711	-0.293891905809	1.21521219832e-10	2.0279037193e-05	100.0
0.000502412663124	0.0041446243302	0.00108883178817	0.0473897694937	0.511718990902	0.102033535524	1.20696615991e-10	2.0141430181e-05	100.0
-0.00031725411085	5.99300933138e-05	0.00203085424858	-0.0404560478284	0.0115473017331	0.241236802563	1.20696615991e-10	2.0141430181e-05	100.0
0.000491537001389	-0.000847322928106	0.00129197261756	0.0569634650493	-0.0988011738581	0.153381759127	1.20696615991e-10	2.0141430181e-05	100.0
0.000627066343819	0.00257700038902	0.00313725231024	0.0721191126483	0.314006584472	0.369415015885	1.20284490085e-10	2.0072656047e-05	100.0
0.000261032967383	0.00269345542229	0.000102309217159	0.0273091732038	0.343216783193	0.0111064999959	1.20284490085e-10	2.0072656047e-05	100.0
0.00165648412548	0.00248592612649	0.000178744467557	0.189725978813	0.307559990225	0.0212777067035	1.19460489723e-10	1.9935149742e-05	100.0
0.00197589843309	0.00239375229222	0.0006407575774	0.230558778914	0.29679204964	0.0741688800323	1.19048615267e-10	1.9866417569e-05	100.0
0.000638319095179	0.000965611726919	0.000329337310875	0.073393464511	0.124043449083	0.0378646281249	1.19048615267e-10	1.9866417569e-05	100.0
0.00274226023686	0.0032697608718	0.00174046353696	0.321760258517	0.394325878519	0.202895727331	1.19048615267e-10	1.9866417569e-05	100.0
0.000874330784843	0.00261240427161	0.00161981620705	0.0989823716887	0.322740760256	0.186368554505	1.19048615267e-10	1.9866417569e-05	100.0
0.00139695793999	0.00504562587815	-7.66323041722e-05	0.137970495737	0.594661121483	-0.0062623488239	1.19048615267e-10	1.9866417569e-05	100.0
0.000562612622139	0.00202765084176	0.00104998858744	0.064058033715	0.255041046361	0.121996938344	1.18225017224e-10	1.9728978402e-05	100.0
0.00240924490712	0.00405979916364	0.000685541411386	0.275092121825	0.488470314992	0.0797844306355	1.18225017224e-10	1.9728978402e-05	100.0
0.00252884405105	0.00320934341327	-0.00154420087351	0.295016284721	0.388494564228	-0.181196580241	1.18225017224e-10	1.9728978402e-05	100.0
0.00046752578334	0.00291938978414	-0.00123749313953	0.0509310911344	0.36497034021	-0.138168822121	1.18225017224e-10	1.9728978402e-05	100.0
0.000379482362352	0.00166920819642	0.000595623909385	0.0418346727413	0.210908911568	0.0694201460465	1.17813293638e-10	1.9660271406e-05	100.0
1.57309603926e-05	-0.000487895107788	4.37137025373e-06	-0.000145062358864	-0.053966908765	0.000677280943322	1.17813293638e-10	1.9660271406e-05	100.0
0.000698853275657	0.00379572077098	0.00191851973245	0.0768035314451	0.461853136784	0.214277684319	1.17401620341e-10	1.9591572802e-05	100.0
6.86378976115e-06	0.00321676223063	1.7307651034e-05	-0.00248760591833	0.415142124295	-0.0011326118603	1.16578324038e-10	1.9454183988e-05	100.0
0.000298684295043	-0.00141550325295	0.00102042086211	0.0338041763435	-0.167682348857	0.121780551733	1.16578324038e-10	1.9454183988e-05	100.0
0.00133921503356	0.000447294537094	0.000139825734184	0.157956514095	0.0599896467573	0.0173464774269	1.16578324038e-10	1.9454183988e-05	100.0
0.000347214694066	0.00256029224405	-0.00348971656867	0.0384895202636	0.31094637118	-0.412513041628	1.16578324038e-10	1.9454183988e-05	100.0
0.00089750754427	0.00469163654794	-0.00184428833438	0.097263018116	0.562584378189	-0.203069532182	1.16578324038e-10	1.9454183988e-05	100.0
0.00108513289046	0.000933565430287	-0.000120123476831	0.127101426563	0.119354179589	-0.012720771708	1.15755027735e-10	1.9316795173e-05	100.0
0.00114445908554	-2.68433188548e-05	-0.0020242925727	0.135426540049	0.00021059067478	-0.241169199667	1.15755027735e-10	1.9316795173e-05	100.0
0.000314510998331	0.00181512411072	0.000304698114604	0.0344027916702	0.229981194401	0.0365125819927	1.15343354438e-10	1.924809657e-05	100.0
0.000203788471817	-0.00225743428646	-0.000977428701463	0.022523715166	-0.269875116797	-0.11683973521	1.15343354438e-10	1.924809657e-05	100.0
0.00209582582033	0.00361881080016	-0.000545740763829	0.237784890017	0.441364812848	-0.0629258682001	1.14931630852e-10	1.9179389574e-05	100.0
0.00154636086087	0.00140797321155	0.00161801274756	0.182641467756	0.175386818464	0.190302295614	1.13696258933e-10	1.8973235018e-05	100.0
-0.000164935995576	0.00302488329969	0.000546465328941	-0.0208595585582	0.386452470638	0.0589894183464	1.13284283897e-10	1.8904486061e-05	100.0
0.000537587209742	0.00333043085145	-2.69803505151e-05	0.0529640467762	0.427538718948	-0.0014559050036	1.13284283897e-10	1.8904486061e-05	100.0
5.03373759524e-05	0.00114678734388	-0.00189790405392	0.003985471528	0.144209486857	-0.224274593905	1.13284283897e-10	1.8904486061e-05	100.0
0.000806332674226	0.00219062548522	0.00128339019587	0.0924198092305	0.272977397081	0.147286763595	1.12460132665e-10	1.8766954579e-05	100.0
0.00351558520619	0.00466244115686	0.000163869069294	0.412735014996	0.55820820299	0.0184899479427	1.12460132665e-10	1.8766954579e-05	100.0
-0.00023931203224	0.00353402773245	0.00125725984093	-0.0296442456615	0.439233992276	0.131119868698	1.11635528824e-10	1.8629347567e-05	100.0
0.00203714660733	0.00168200833503	0.00169474690859	0.240633188453	0.208154097662	0.200225024587	1.11635528824e-10	1.8629347567e-05	100.0
0.00055657200431	0.000241907422369	5.22827082197e-05	0.0647993483947	0.0348513117336	0.0054721882987	1.11635528824e-10	1.8629347567e-05	100.0
0.000506799428015	0.00280125717117	0.00110833426555	0.0550338532485	0.351040610713	0.125032553342	1.11635528824e-10	1.8629347567e-05	100.0
-0.000329307056748	0.00253935315043	-0.000631144436396	-0.0404263870255	0.322356209386	-0.0724876269901	1.11635528824e-10	1.8629347567e-05	100.0
0.00155780046273	0.000818862099486	0.000807806989595	0.183567181899	0.1046425002	0.0963878379781	1.11635528824e-10	1.8629347567e-05	100.0
0.000392114237659	0.000362164915473	-0.000352624172371	0.0447827397958	0.0497521694164	-0.0408669416062	1.11635528824e-10	1.8629347567e-05	100.0
-0.00125018662101	0.00126515511614	-0.00241910765178	-0.151527725438	0.157338594156	-0.284987867792	1.11635528824e-10	1.8629347567e-05	100.0
0.000755501675265	0.00349811532592	-0.00173540326146	0.0833169298132	0.430306601811	-0.195270474923	1.11635528824e-10	1.8629347567e-05	100.0
-0.000403656469323	0.00386671653075	0.000929882812563	-0.0437436565435	0.487562601514	0.08793016794	1.10810371793e-10	1.8491648241e-05	100.0
0.00152971057348	0.00579970863068	0.000330432895119	0.166102917749	0.68167273848	0.0362063361711	1.10810371793e-10	1.8491648241e-05	100.0
0.00118449239806	0.00354591722474	-0.001278451034	0.13147493685	0.436952680763	-0.141047789549	1.10810371793e-10	1.8491648241e-05	100.0
0.00122032687428	-0.000960142948345	-0.000811447170685	0.143797877707	-0.112600627687	-0.0967242005033	1.09984560994e-10	1.8353839816e-05	100.0
-0.000716609575714	0.00332404379343	0.00150357403222	-0.0845419834786	0.41184515549	0.165995324366	1.0957132871e-10	1.8284881054e-05	100.0
-0.000696920759381	0.00322679236858	0.0010220207421	-0.0809396946294	0.405410086552	0.110380796397	1.0957132871e-10	1.8284881054e-05	100.0
0.00148856059667	0.00355534602766	0.00186295740164	0.170005829337	0.43132623374	0.21264802701	1.0957132871e-10	1.8284881054e-05	100.0
0.00212380570795	0.00538501769825	0.00166830832479	0.244040423255	0.641575369929	0.192166271945	1.09157945556e-10	1.8215897115e-05	100.0
0.000969812667461	-1.00723470124e-05	-0.00446672161016	0.114635838327	0.000694766621941	-0.533308552284	1.09157945556e-10	1.8215897115e-05	100.0
-0.000256272482119	0.00334778604807	-0.00144581059294	-0.0316378654871	0.416459091847	-0.15826497861	1.09157945556e-10	1.8215897115e-05	100.0
0.000468639091646	0.00394800632794	-0.0017181480672	0.049247884471	0.481457859853	-0.186414308807	1.09157945556e-10	1.8215897115e-05	100.0
8.17518584909e-05	0.00390372634589	-0.000795695324024	0.00405858834424	0.494343488902	-0.065758103598	1.09157945556e-10	1.8215897115e-05	100.0
0.000290747440639	0.00192182516118	0.00236050721028	0.0322607886023	0.237333436424	0.276873481642	1.08744361243e-10	1.8146879608e-05	100.0
-0.000791124444059	0.00278043198171	0.000716745803789	-0.0932038848156	0.350980238455	0.0795287640887	1.08744361243e-10	1.8146879608e-05	100.0
0.00180862449521	0.00306573134928	0.000128658847174	0.205195213712	0.378434930469	0.0140831728411	1.08330475189e-10	1.8077811748e-05	100.0
-0.00176515544409	-0.00141583032064	-0.00131093246356	-0.214472363681	-0.166665346765	-0.156627273061	1.08330475189e-10	1.8077811748e-05	100.0
-0.000398532155645	0.00204887506016	-0.000799300206417	-0.0489159985757	0.259003834744	-0.091363935058	1.08330475189e-10	1.8077811748e-05	100.0
-9.44221643524e-05	0.00319733761284	-0.00012549594854	-0.0121444423325	0.412159645624	-0.0100342336872	1.08330475189e-10	1.8077811748e-05	100.0
0.000924477273793	0.00441049321707	-0.000627702901496	0.0788866870475	0.535311780998	-0.0516243360282	1.07916387977e-10	1.8008710318e-05	100.0
0.000952349412685	0.00433526136733	0.00141957810547	0.100844506915	0.525440538639	0.149627440335	1.07502049314e-10	1.7939566928e-05	100.0
8.69304213299e-05	-0.0078879869224	0.0011282005052	0.00623634244992	-0.957773833279	0.12790555346	1.07096913708e-10	1.7871959311e-05	100.0
8.32556968005e-05	-0.00782577653627	0.00237758149876	0.00668923343475	-0.94346023873	0.278051519112	1.06695851584e-10	1.7805031463e-05	100.0
0.00172911278563	0.00474005811207	0.00248238397072	0.199869553301	0.567743792257	0.287557783853	1.06672466771e-10	1.7801129087e-05	100.0
0.00241565383818	0.000754019218737	0.00288177504534	0.287007266423	0.0930941550027	0.342613306967	1.06672466771e-10	1.7801129087e-05	100.0
-0.000173494457398	0.00363444413858	4.07583362936e-05	-0.0179052016792	0.477032259232	0.00493082376668	1.06672466771e-10	1.7801129087e-05	100.0
0.00270973995594	0.00501723126438	-0.00115746904972	0.31410526869	0.598578765646	-0.133088804673	1.06672466771e-10	1.7801129087e-05	100.0
5.79706843495e-05	-0.00757998021024	0.000457532710992	0.00340392772367	-0.922502934137	0.0513661018911	1.06295091201e-10	1.7738153969e-05	100.0
0.000111860785409	-0.00628933540081	-0.000150368447336	0.010078564404	-0.761474785605	-0.0181975828644	1.06295091201e-10	1.7738153969e-05	100.0
0.00144753570794	-0.0042078452753	0.00142935196096	0.171109224696	-0.507014444455	0.170054020012	1.06295091201e-10	1.7738153969e-05	100.0
-0.00208272753076	-0.00795634685862	0.00215493937936	-0.250294803423	-0.956548820045	0.252935541226	1.06295091201e-10	1.7738153969e-05	100.0
-0.000534292248265	-0.00588936820101	-4.32681495045e-05	-0.0669643952069	-0.711955912904	-0.00506517027022	1.06295091201e-10	1.7738153969e-05	100.0
0.000752204711561	-0.00690324170369	-0.00102736181712	0.0864609291567	-0.835199108648	-0.118848791701	1.06295091201e-10	1.7738153969e-05	100.0
0.00114876939736	-0.00707902712883	-0.00124038285493	0.133456000081	-0.855664494959	-0.14389271179	1.06295091201e-10	1.7738153969e-05	100.0
0.000161581984669	-0.00717858113003	-0.00156749257662	0.0161935634439	-0.867937955573	-0.182362960887	1.06295091201e-10	1.7738153969e-05	100.0
-0.00124550166281	-0.00702437021853	-0.00296968715017	-0.15158587817	-0.845769022014	-0.352017516572	1.06295091201e-10	1.7738153969e-05	100.0
-0.00262980112724	-0.00771292681507	-0.00143981508288	-0.315696359022	-0.927714770183	-0.169011862829	1.06295091201e-10	1.7738153969e-05	100.0
-0.0012702660062	-0.00975956886999	-0.000662645284603	-0.140025093338	-1.16341444407	-0.0706956988076	1.06295091201e-10	1.7738153969e-05	100.0
9.73073677311e-05	-0.00806611487352	-0.000845662642978	0.00758240782167	-0.980587328523	-0.0908954175837	1.06295091201e-10	1.7738153969e-05	100.0
-0.000454320622219	-0.00727859352212	0.00175462223888	-0.0573049737133	-0.879356307827	0.204651547542	1.05894582267e-10	1.7671318435e-05	100.0
0.00176374827533	-0.000721183058256	0.00072231849173	0.209027313812	-0.0834263264076	0.0870885912501	1.05894582267e-10	1.7671318435e-05	100.0
-1.79818498994e-05	0.00331922875103	0.001818934781	-0.00457666820493	0.409154406359	0.203747885774	1.05841727559e-10	1.7662498226e-05	100.0
-0.000475190836409	0.00218357474589	0.00123469082471	-0.057957823233	0.274002925791	0.141963960092	1.05841727559e-10	1.7662498226e-05	100.0
0.00201618489748	0.00113516874769	0.0024663064596	0.239296349127	0.140114252384	0.291843976709	1.05841727559e-10	1.7662498226e-05	100.0
-0.000712663312259	0.00273994691878	2.85267360166e-05	-0.083222453151	0.348564743836	0.00244337476186	1.05841727559e-10	1.7662498226e-05	100.0
-7.40147805927e-05	-0.00823027885316	0.000454902117019	-0.0126148524793	-1.00755209713	0.0477694798807	1.05494375072e-10	1.7604533255e-05	100.0
0.000528180240583	-0.0066961945201	0.0012062611091	0.0599366502655	-0.810183512413	0.141429886729	1.05494375072e-10	1.7604533255e-05	100.0
0.0015067019843	-0.00664919143231	0.00337546775644	0.178084134581	-0.801163669977	0.402434392676	1.05494375072e-10	1.7604533255e-05	100.0
-0.00066916866411	-0.00850506334246	0.00162215414855	-0.0803199085769	-1.02604482973	0.182731388617	1.05494375072e-10	1.7604533255e-05	100.0
0.000215912413906	-0.00454830963313	0.000127418895909	0.0231017993674	-0.548259063786	0.0161356512878	1.05494375072e-10	1.7604533255e-05	100.0
-0.00102678352594	-0.00993540791019	0.000417264844178	-0.106932973146	-1.18001675576	0.0383967676909	1.05494375072e-10	1.7604533255e-05	100.0
-0.00193678952738	-0.00174841085783	-0.000659963847059	-0.235171794334	-0.207084907335	-0.0793209915061	1.05425829909e-10	1.7593094677e-05	100.0
-0.000464033188876	0.00251809738807	-0.000535642500826	-0.055654236769	0.319672081731	-0.0601293282996	1.05425829909e-10	1.7593094677e-05	100.0
0.00221574341412	0.0045804733827	-0.00170005045119	0.255448587566	0.550325439228	-0.19542299662	1.05425829909e-10	1.7593094677e-05	100.0
0.00315833132243	0.0047909020179	-0.000910371483783	0.369139034485	0.573849530734	-0.104158620658	1.05425829909e-10	1.7593094677e-05	100.0
-0.0014798536444	0.000663035104068	-0.00133925036922	-0.178908286819	0.08619379692	-0.157445010296	1.0500958023e-10	1.7523632383e-05	100.0
-0.00150089386687	-0.00044741535136	-0.00280820451036	-0.182300661234	-0.049725930985	-0.334667444382	1.0500958023e-10	1.7523632383e-05	100.0
-0.000253833269995	-0.00770294977467	-0.000540389987362	-0.0331426818057	-0.93813142539	-0.0606787039802	1.04694765322e-10	1.747109717e-05	100.0
0.00100853080357	0.00102816481913	-0.00132551386809	0.117185309689	0.129873007639	-0.157396658091	1.04694765322e-10	1.747109717e-05	100.0
-0.000699377337394	-0.00487544353049	0.000930623103715	-0.0859210068355	-0.587372449396	0.111160637796	1.04694765322e-10	1.747109717e-05	100.0
-0.000655464790676	-0.00955075308034	-0.000922904495258	-0.0702048857553	-1.14340294696	-0.0868595557303	1.04694765322e-10	1.747109717e-05	100.0
0.00111908146745	0.000151420430171	0.0027152429441	0.132095022585	0.0220505205446	0.323773707011	1.04175924203e-10	1.7384514774e-05	100.0
-0.00032268068623	0.00236188750379	-0.000108552394169	-0.0396782625959	0.300642484671	-0.0129051142459	1.04175924203e-10	1.7384514774e-05	100.0
0.000586237834427	0.00172872743576	-0.00235196042286	0.066951100747	0.213553690502	-0.27609310839	1.04175924203e-10	1.7384514774e-05	100.0
-0.000326251731616	0.00221919576239	-0.00184468961944	-0.0407687305587	0.275592717711	-0.214157868853	1.04175924203e-10	1.7384514774e-05	100.0
0.00213567245239	0.00552771679738	-0.000668261279764	0.241657614441	0.655861967479	-0.0751195229081	1.04175924203e-10	1.7384514774e-05	100.0
0.00147744559128	0.00369820165261	-0.00258789457476	0.170972683979	0.446694535344	-0.300387189612	1.04175924203e-10	1.7384514774e-05	100.0
-0.00134268898708	-0.00369791529814	0.001876339552	-0.164452271684	-0.443767143975	0.223452432474	1.0389606079e-10	1.7337812144e-05	100.0
-0.00171533288749	-0.00745249515239	0.00340077093571	-0.207878592206	-0.895207164311	0.403258242182	1.0389606079e-10	1.7337812144e-05	100.0
0.000722416412241	-0.00147102832614	0.00175065246821	0.0840753297473	-0.174917795088	0.209646551846	1.0389606079e-10	1.7337812144e-05	100.0
-0.00131178323984	-0.00863903521055	0.00156293207574	-0.154551809238	-1.03944263553	0.17854467355	1.0389606079e-10	1.7337812144e-05	100.0
0.0010900203383	-0.00683402075121	-0.00163306192272	0.12674472007	-0.826100581745	-0.192179895991	1.0389606079e-10	1.7337812144e-05	100.0
-0.000394009677278	-0.00821272235461	-0.00106738875502	-0.0491889613596	-0.998035156774	-0.118163019255	1.0389606079e-10	1.7337812144e-05	100.0
-0.000357033212124	-0.00428580045117	-0.00400522663669	-0.0455316703024	-0.514805343572	-0.478509185638	1.0389606079e-10	1.7337812144e-05	100.0
-0.00235709023043	-0.00966227458343	-0.00124162748655	-0.280015368863	-1.15970200757	-0.143759077122	1.0389606079e-10	1.7337812144e-05	100.0
0.000256065407166	-0.0070098119418	-0.00211856311695	0.0269726503122	-0.845927954912	-0.248867538397	1.0389606079e-10	1.7337812144e-05	100.0
-0.000261123948751	-0.0091788149482	0.000810734886282	-0.0303372286481	-1.11237768479	0.0662102702601	1.03098110608e-10	1.7204653001e-05	100.0
0.00109052168829	-0.00598534574229	-0.000640762118749	0.127321866761	-0.723415109329	-0.0746380848325	1.03098110608e-10	1.7204653001e-05	100.0
-0.000239578312447	-0.00643694385959	-0.00115769816869	-0.0317961337205	-0.778194345656	-0.135568557726	1.03098110608e-10	1.7204653001e-05	100.0
0.00219795766351	-0.000765376393355	-0.00167732666358	0.261331452395	-0.0895889234996	-0.200106463905	1.03098110608e-10	1.7204653001e-05	100.0
0.000624288033533	-0.00296924744611	-0.000178676767757	0.0723672947996	-0.356335921317	-0.0205299835982	1.03098110608e-10	1.7204653001e-05	100.0
-0.00210680435494	-0.009847948781	0.000175723031217	-0.245725443064	-1.1774718698	0.0196722120275	1.03098110608e-10	1.7204653001e-05	100.0
2.92399707551e-05	-0.0084894628156	-0.00157812255753	-0.000234436729602	-1.02588109063	-0.176742467405	1.03098110608e-10	1.7204653001e-05	100.0
-0.000640189289893	-0.00829319737169	-0.00212516231122	-0.0787684259534	-0.999495511965	-0.246005157473	1.03098110608e-10	1.7204653001e-05	100.0
-0.000862880922676	-0.00904315165898	-0.000842451361442	-0.0936623558772	-1.09116272081	-0.0828888456673	1.03098110608e-10	1.7204653001e-05	100.0
-0.000903793395637	-0.00925470295882	-0.000968817213586	-0.0989192824806	-1.11193840453	-0.0986789110741	1.03098110608e-10	1.7204653001e-05	100.0
2.24333069354e-05	0.00419102430747	0.00144580005068	-0.000705131465325	0.512567102252	0.146156890523	1.02922397622e-10	1.7175330631e-05	100.0
0.00177554907277	-0.00165136380902	0.0029890290885	0.210904023306	-0.196809895228	0.35766214074	1.02922397622e-10	1.7175330631e-05	100.0
-0.000730225203466	0.000841182604145	-0.000257135673596	-0.0888601482472	0.109354958618	-0.0302145056613	1.02922397622e-10	1.7175330631e-05	100.0
-0.000715591324189	0.00321199183338	-0.00268742891873	-0.0869694339457	0.391464131607	-0.311701950609	1.02922397622e-10	1.7175330631e-05	100.0
-0.0003361288124	0.00156887793651	-0.00237684233169	-0.042035721138	0.193893838961	-0.278532502828	1.02922397622e-10	1.7175330631e-05	100.0
0.00167034135172	0.000498015460744	0.00387788604621	0.198333222619	0.062088471795	0.461901503314	1.02503683737e-10	1.7105457119e-05	100.0
-0.00119347059898	0.00161493729202	0.000713960754322	-0.143465581909	0.203877727012	0.0827457604536	1.02503683737e-10	1.7105457119e-05	100.0
0.00203146362417	0.00589350115656	0.000119094971437	0.229331903697	0.697265170146	0.0120591611371	1.02503683737e-10	1.7105457119e-05	100.0
-0.00117628451185	-0.000685640675833	-0.00206759013349	-0.143452619506	-0.0782144785272	-0.246365840278	1.02503683737e-10	1.7105457119e-05	100.0
0.000201633167878	-0.00329505999934	-0.00285633777801	0.022743374326	-0.395530305378	-0.341017825169	1.02503683737e-10	1.7105457119e-05	100.0
-0.000243549372605	-0.00873002253969	0.00112003866028	-0.0305606218361	-1.05827296604	0.116587203822	1.01902316857e-10	1.7005103112e-05	100.0
-0.000538351487806	-0.00752780404581	0.000978490308552	-0.0670167231533	-0.913357052828	0.11281316935	1.01902316857e-10	1.7005103112e-05	100.0
-0.000420536912615	-0.00638240357127	0.00242817919132	-0.0530035562906	-0.770077494693	0.288654112166	1.01902316857e-10	1.7005103112e-05	100.0
-0.000841925415386	-0.0090106786052	0.00152086409757	-0.0988986798397	-1.08411466849	0.168404281911	1.01902316857e-10	1.7005103112e-05	100.0
0.000533756306586	-0.006301788729	-0.00062565817992	0.0607069377472	-0.762763184338	-0.0736365109043	1.01902316857e-10	1.7005103112e-05	100.0
0.00163786028239	-0.00361391436483	-0.000697756770612	0.194092868343	-0.435040141573	-0.0833487870337	1.01902316857e-10	1.7005103112e-05	100.0
-0.000757661493306	-0.0105944455692	0.00184837092544	-0.0906230491992	-1.26745629555	0.213198677708	1.01902316857e-10	1.7005103112e-05	100.0
-1.96873800985e-05	-0.00930242543887	-0.00123055944552	-0.00590346826506	-1.11868348198	-0.125024672366	1.01902316857e-10	1.7005103112e-05	100.0
0.00132652540221	-0.000153436510644	0.00316997262161	0.156917948454	-0.0159304641281	0.378191542984	1.01664747268e-10	1.6965458328e-05	100.0
-0.000927643374606	0.00290003989281	-0.000292568698172	-0.107549856543	0.367892455486	-0.0326342250703	1.01664747268e-10	1.6965458328e-05	100.0
-0.00114019645288	-0.00533567445837	-0.00167937969347	-0.13996710292	-0.64285633329	-0.198843496129	1.01503970389e-10	1.6938628443e-05	100.0
-0.00366225322123	-0.00880632537038	0.00244269776488	-0.440766941529	-1.0572412749	0.29219242312	1.01503970389e-10	1.6938628443e-05	100.0
-0.000930455605208	-0.00775787649028	-0.00277804828615	-0.114400177769	-0.934561527269	-0.327755087544	1.01503970389e-10	1.6938628443e-05	100.0
-0.00387098695984	-0.0103780518562	-0.000835652365338	-0.464445133607	-1.2428757051	-0.0980699349205	1.01503970389e-10	1.6938628443e-05	100.0
0.00335892091665	-0.000803747435023	-0.00177875020476	0.401006758877	-0.0952061924782	-0.212460539122	1.01105724502e-10	1.6872170559e-05	100.0
0.00118324184938	-0.00304351010178	0.000216973203476	0.139965697516	-0.365725465846	0.0253531994551	1.01105724502e-10	1.6872170559e-05	100.0
-0.000815159814638	-0.00921676887009	-0.00134202182712	-0.0944541092314	-1.10818195306	-0.144551956158	1.01105724502e-10	1.6872170559e-05	100.0
0.00252122489267	0.00537925518856	0.00119373140496	0.291253227133	0.640604618231	0.137513673554	1.00823748912e-10	1.6825115457e-05	100.0
-0.0008717735939	-0.00640617525267	-0.00144031318341	-0.106334857697	-0.773031181856	-0.171327870134	1.00823748912e-10	1.6825115457e-05	100.0
-0.000508034091043	-0.000142723964192	-0.00155849771564	-0.0628723371025	-0.012667008841	-0.18512210539	1.00823748912e-10	1.6825115457e-05	100.0
0.00069295794402	-0.00123896248872	-0.00201900780557	0.0802839602818	-0.146626516896	-0.240170268969	1.00823748912e-10	1.6825115457e-05	100.0
-0.00204540489599	-0.00163429535231	-0.00341063215414	-0.247928621055	-0.194314229629	-0.406789727688	1.00823748912e-10	1.6825115457e-05	100.0
-0.000333094609287	0.00266009915808	-0.00127181060539	-0.0409070108088	0.333415023797	-0.143864667445	1.00823748912e-10	1.6825115457e-05	100.0
-0.000131778506557	0.00432630700645	-0.00176793372929	-0.0181170318889	0.524104462897	-0.18841526374	1.00823748912e-10	1.6825115457e-05	100.0
-1.07589921292e-05	-0.00763559069026	-0.000638107679075	-0.00447501510136	-0.928646518282	-0.0714157736851	1.00707528904e-10	1.6805721067e-05	100.0
0.00198257139184	0.00171580761664	-0.000685381673751	0.23269006522	0.211873021103	-0.0792417773781	1.00707528904e-10	1.6805721067e-05	100.0
-0.00227194515944	-0.00597647115668	-0.000258822109144	-0.274414135517	-0.720495506889	-0.0304771042127	1.00707528904e-10	1.6805721067e-05	100.0
-0.00138830610976	-0.00883384917657	-0.00177003336158	-0.164943112669	-1.06296008543	-0.202778186756	1.00707528904e-10	1.6805721067e-05	100.0
-0.00401694580764	-0.00969047895813	-0.000912050945188	-0.482188961007	-1.16181571324	-0.106558872923	1.00707528904e-10	1.6805721067e-05	100.0
0.00386114689051	0.00578532753782	-0.000396944169019	0.455827813193	0.69000012121	-0.0468781255177	1.00402419951e-10	1.6754805549e-05	100.0
0.00227832602907	-0.000200526882045	0.000554768355403	0.269949422859	-0.0215502581094	0.0663642373163	9.99804875105e-11	1.6684394936e-05	100.0
8.2161170052e-05	-0.00662681789367	0.00177723965847	0.00654868958076	-0.800716098568	0.209748974169	9.99112382887e-11	1.6672838867e-05	100.0
0.00060132534875	-0.00256759725244	-0.00154114879651	0.0695071306015	-0.307485113973	-0.184064569325	9.99112382887e-11	1.6672838867e-05	100.0
-0.00262734637145	-0.00984475671952	0.000707626764771	-0.311749889578	-1.17830611719	0.0815477617277	9.99112382887e-11	1.6672838867e-05	100.0
-0.000642272426943	-0.00866051863264	-0.00141502092489	-0.0765161020414	-1.04532628179	-0.155869948839	9.99112382887e-11	1.6672838867e-05	100.0
-0.000391784414008	0.00356508726317	0.00292804530078	-0.0490077761826	0.432605247988	0.339955302696	9.95580018808e-11	1.6613892008e-05	100.0
-4.64621124337e-05	0.00133591704631	0.000989847738856	-0.00709983666603	0.169328293149	0.114955178182	9.95580018808e-11	1.6613892008e-05	100.0
-0.0020011153618	-0.00386261535412	0.0026028695746	-0.242603294221	-0.46311304348	0.310897633118	9.95580018808e-11	1.6613892008e-05	100.0
-0.00270862830469	-0.000284254299583	-0.0021243844946	-0.327247849316	-0.0305938049919	-0.251982408347	9.95580018808e-11	1.6613892008e-05	100.0
0.000480694680823	-0.00118368790733	-0.00269183608915	0.0553661916001	-0.139182142459	-0.320029802071	9.95580018808e-11	1.6613892008e-05	100.0
0.000646125800018	0.00347717499578	-0.00310148751589	0.0735389090383	0.420022749525	-0.361716370926	9.95580018808e-11	1.6613892008e-05	100.0
-3.12142591759e-06	0.00360452549763	-0.00203709414836	-0.00327307889722	0.439824383034	-0.227863874027	9.95580018808e-11	1.6613892008e-05	100.0
9.3646446072e-05	0.00180764250477	0.00257600781727	0.0092135307242	0.223071299399	0.302325044201	9.91348624822e-11	1.6543279981e-05	100.0
-0.000662622084767	0.00184320486782	0.00182218418287	-0.0806812188173	0.229576154846	0.212246036103	9.91348624822e-11	1.6543279981e-05	100.0
-0.0015880214761	-0.00459230974335	0.000336123971322	-0.192435689252	-0.552222150676	0.0401327474078	9.91348624822e-11	1.6543279981e-05	100.0
-0.00376401360183	-0.00105268451792	0.0013294063739	-0.454290914886	-0.122688613557	0.159904792803	9.91348624822e-11	1.6543279981e-05	100.0
0.00410736048404	0.00439842308885	0.000769184596155	0.486084854517	0.527631017876	0.0890948807376	9.91348624822e-11	1.6543279981e-05	100.0
0.00109109581618	0.00134141656657	-0.00551185215466	0.128894752808	0.162282897886	-0.658323458343	9.91348624822e-11	1.6543279981e-05	100.0
0.000157244451475	0.0015904723309	-0.0043916552954	0.0168894120612	0.194125429286	-0.522408290289	9.91348624822e-11	1.6543279981e-05	100.0
-0.000148907743732	-0.00464166175622	0.00111341319753	-0.0211696886267	-0.559403861898	0.132388888723	9.91150482532e-11	1.6539973452e-05	100.0
0.000519489358267	-0.00403902148321	0.000975151819724	0.0595025451196	-0.486293435023	0.116936938844	9.91150482532e-11	1.6539973452e-05	100.0
0.00216105241376	-0.00215182142108	0.00131819747893	0.256820486876	-0.257946578228	0.15749455364	9.91150482532e-11	1.6539973452e-05	100.0
-0.00363929138959	-0.0075457637025	0.00240700709198	-0.43805239816	-0.905543332283	0.284857208851	9.91150482532e-11	1.6539973452e-05	100.0
-5.62392512549e-05	-0.00842991758572	0.000132744847143	-0.0120123982858	-1.038470455	0.0143566527982	9.91150482532e-11	1.6539973452e-05	100.0
0.000295794257846	-0.00753044895444	-0.00015732368186	0.0311873607562	-0.916413467405	-0.017925627003	9.91150482532e-11	1.6539973452e-05	100.0
0.0012302410057	-0.00651728307019	-0.00196050449721	0.143669892561	-0.786566312451	-0.231323518405	9.91150482532e-11	1.6539973452e-05	100.0
-0.00017510252308	-0.00639646845121	-0.00251532116533	-0.0236301530966	-0.771132820901	-0.297782133699	9.91150482532e-11	1.6539973452e-05	100.0
-0.00273794503534	-0.0100464185016	-0.00185338244918	-0.328152484575	-1.20484008845	-0.218104021473	9.91150482532e-11	1.6539973452e-05	100.0
-0.00137072572257	-0.00587932459436	-0.00123294987447	-0.166525138235	-0.709097598224	-0.146363224823	9.87110693146e-11	1.6472558856e-05	100.0
-0.000757883118787	0.00233039379383	-0.000886316388793	-0.0906008408403	0.293301675432	-0.100491433101	9.87110693146e-11	1.6472558856e-05	100.0
5.48451282422e-05	-0.00810293257269	0.00122357727074	0.00314708245613	-0.983090678805	0.137509683867	9.83187073479e-11	1.640708286e-05	100.0
-0.000293470538963	-0.00850121707915	0.00147557896437	-0.0364922638861	-1.02829302534	0.164776161615	9.83187073479e-11	1.640708286e-05	100.0
-0.00315901226721	-0.00120824679365	0.00204828592022	-0.381796425819	-0.142303069239	0.244134157407	9.8286622378e-11	1.6401728632e-05	100.0
-0.00496889934637	-0.00354720725039	0.00203096003164	-0.599864113502	-0.424743999028	0.243213891254	9.8286622378e-11	1.6401728632e-05	100.0
-0.000309148893942	-0.00819120670212	0.000339130202212	-0.0388220677848	-1.00280495115	0.0358953878439	9.79204614603e-11	1.6340624976e-05	100.0
0.00227226412234	-0.00267328305603	0.00183362868854	0.270095346798	-0.321057677618	0.218937607746	9.79204614603e-11	1.6340624976e-05	100.0
-0.00418725916545	-0.00872628415693	0.00494353183986	-0.505074342024	-1.0470323644	0.59020721727	9.79204614603e-11	1.6340624976e-05	100.0
0.00115459158357	-0.00444250547244	-0.000399440219446	0.135634381472	-0.535573754143	-0.0480236937452	9.79204614603e-11	1.6340624976e-05	100.0
-0.00160060432551	-0.00903980552646	0.00161112642013	-0.189117004049	-1.08324507745	0.18468735852	9.79204614603e-11	1.6340624976e-05	100.0
-0.000190569189632	-0.00785074354137	-0.000950571908508	-0.0260591842749	-0.954125718832	-0.107068182325	9.79204614603e-11	1.6340624976e-05	100.0
0.000967005786467	-0.0057843997563	0.00145807254962	0.112415799282	-0.698116900662	0.172589905705	9.75221652829e-11	1.6274158699e-05	100.0
0.00226547043447	-0.00502245734504	0.00424968336077	0.269367920477	-0.603731765262	0.506911906526	9.75221652829e-11	1.6274158699e-05	100.0
0.000133189616167	-0.0078498964892	0.0034617250718	0.012965318429	-0.944164558826	0.409639986567	9.75221652829e-11	1.6274158699e-05	100.0
0.000176075443138	-0.00419130092572	-0.000673205858471	0.0180674895916	-0.504477866803	-0.079280008793	9.75221652829e-11	1.6274158699e-05	100.0
-0.00245455708355	-0.00578040256906	-0.00110676623581	-0.29643158837	-0.696182161278	-0.13113702891	9.74356163281e-11	1.6259715712e-05	100.0
-0.000785934936773	-0.00399345764799	-0.00321488823791	-0.0968552549706	-0.479402432388	-0.384101605834	9.74356163281e-11	1.6259715712e-05	100.0
0.000514334088052	-0.00694732416669	0.000147940151865	0.0572695366305	-0.8428559611	0.0164566213128	9.67251203186e-11	1.6141150616e-05	100.0
-0.000147867202691	-0.00801082375633	0.000146082022429	-0.0206344546641	-0.979889628513	0.0160311822809	9.67251203186e-11	1.6141150616e-05	100.0
0.00154501770064	0.00335808782966	0.00162950812822	0.176353713454	0.408970906071	0.185707766697	9.67251203186e-11	1.6141150616e-05	100.0
0.000391823158216	-0.00626917455169	-0.000327415161505	0.0435395818994	-0.758841761874	-0.0389829789869	9.67251203186e-11	1.6141150616e-05	100.0
0.00474143937772	-0.00131878096203	-0.000973040074293	0.567179729087	-0.158486593913	-0.117104324261	9.67251203186e-11	1.6141150616e-05	100.0
-0.00356028685848	-0.00962729792851	0.00248079799153	-0.428297966372	-1.15485756336	0.294030497317	9.67251203186e-11	1.6141150616e-05	100.0
-0.00044505639721	0.00374424609541	0.00240797674529	-0.0550358345641	0.453320759242	0.273827032738	9.6581592883e-11	1.6117199259e-05	100.0
-0.000206233951958	0.00121060375126	0.00390780876228	-0.0266609219735	0.148605326228	0.463812209185	9.6581592883e-11	1.6117199259e-05	100.0
0.000284736820442	0.00121109048038	0.00171148200327	0.0322704078563	0.152335705404	0.200605473613	9.6581592883e-11	1.6117199259e-05	100.0
-0.00102180227883	0.00357707998721	0.000455905608662	-0.112254764152	0.452244314796	0.0443482760469	9.6581592883e-11	1.6117199259e-05	100.0
-0.00396891415688	-0.00176892814779	-0.0010068578829	-0.479213994153	-0.209585332917	-0.120867532356	9.6581592883e-11	1.6117199259e-05	100.0
-0.00234489558059	-0.000746615306537	0.000149071330011	-0.283518152588	-0.085233513559	0.0167655819653	9.6581592883e-11	1.6117199259e-05	100.0
0.000511997740493	-0.000977620405796	-0.00174520007002	0.0598033358807	-0.114290850214	-0.208352079007	9.6581592883e-11	1.6117199259e-05	100.0
0.00106824755381	0.000475077109109	-0.00299766098415	0.125651050001	0.0605547410946	-0.356533463467	9.6581592883e-11	1.6117199259e-05	100.0
-0.000193326164548	0.00117482507924	-0.00171897177832	-0.0247983086747	0.147800186522	-0.201241602732	9.6581592883e-11	1.6117199259e-05	100.0
0.000678673206409	0.00396243301523	-0.00168200938438	0.0717548406071	0.481326587423	-0.182889578219	9.6581592883e-11	1.6117199259e-05	100.0
-0.000817495949693	0.00334566644751	-0.00164329237695	-0.0959650771355	0.412811340056	-0.183014432592	9.6581592883e-11	1.6117199259e-05	100.0
-7.18816348032e-05	-0.00563844627596	0.000517840728097	-0.0116604379659	-0.680771094391	0.0601456915102	9.59275221653e-11	1.6008050219e-05	100.0
4.23427475749e-05	-0.00462766147292	0.0023140078316	0.00186937147857	-0.557595536532	0.275922522355	9.59275221653e-11	1.6008050219e-05	100.0
0.00114945831726	-0.00436968849564	-0.0015288961669	0.134449335746	-0.52628839423	-0.181725036167	9.59275221653e-11	1.6008050219e-05	100.0
0.00217077174629	0.00192511574424	-0.00221591759427	0.256006749723	0.234969964752	-0.26126075723	9.59275221653e-11	1.6008050219e-05	100.0
-0.00217129571858	-0.0064895751577	-0.000779949934073	-0.261538343083	-0.782095421859	-0.093150714755	9.59275221653e-11	1.6008050219e-05	100.0
0.00124858362506	-0.00791749144395	-0.00160144177841	0.144049298129	-0.956204918008	-0.184760692379	9.59275221653e-11	1.6008050219e-05	100.0
0.000130357209155	-0.00796672982191	-0.00364541175872	0.0131819488071	-0.957910591096	-0.431855213861	9.59275221653e-11	1.6008050219e-05	100.0
-0.00325420629981	-0.00966506521807	-0.0016801575643	-0.389944317914	-1.15769110105	-0.197576627507	9.59275221653e-11	1.6008050219e-05	100.0
0.00442746024914	0.00342481930293	0.00108391393307	0.525774775958	0.411624707375	0.12582054884	9.57244514627e-11	1.5974162489e-05	100.0
0.00108310035211	0.00280926182374	0.00364126143414	0.126315905735	0.340408145397	0.430534575407	9.57244514627e-11	1.5974162489e-05	100.0
-0.00135018831715	0.000976069714941	-7.43847377969e-06	-0.162848248546	0.125163772092	-0.00178577395805	9.57244514627e-11	1.5974162489e-05	100.0
-8.84815425652e-06	-0.000580925450826	-0.0029954824341	-0.00307256609544	-0.067187970392	-0.356130763173	9.57244514627e-11	1.5974162489e-05	100.0
-0.00128461640323	-0.00296948856251	-0.0049666831292	-0.156995050718	-0.355511130894	-0.594592596768	9.57244514627e-11	1.5974162489e-05	100.0
0.00222536975615	0.00305945327222	-0.00440535205185	0.263462803081	0.368052302475	-0.522862532882	9.57244514627e-11	1.5974162489e-05	100.0
-0.000742956022502	0.00367156246523	-0.0027638369802	-0.0898894460563	0.445265241832	-0.319349689822	9.57244514627e-11	1.5974162489e-05	100.0
0.000182406143064	-0.00786275744833	0.000224364392735	0.0159334011893	-0.959743432687	0.0253796744735	9.55284213491e-11	1.5941449668e-05	100.0
0.000895430370989	-0.00608809054018	7.77674518599e-05	0.103534995143	-0.736353220082	0.00894124526592	9.55284213491e-11	1.5941449668e-05	100.0
0.00265129617824	0.000347655777189	0.00258981638948	0.315161060975	0.0435366693066	0.30861224598	9.55284213491e-11	1.5941449668e-05	100.0
0.00507616582019	-0.000376147001783	0.00338853168797	0.607693992047	-0.0445559051823	0.404941654578	9.55284213491e-11	1.5941449668e-05	100.0
0.00021447128459	-0.00511110356914	-0.00217240741161	0.022515574099	-0.615656051606	-0.257226458457	9.55284213491e-11	1.5941449668e-05	100.0
-0.00273090591583	-0.0104116359351	-0.000320916387054	-0.325202696563	-1.24415219916	-0.0375580206015	9.55284213491e-11	1.5941449668e-05	100.0
0.0029273932782	0.00381579606901	0.0022476166982	0.344657946865	0.459534545441	0.262978683179	9.52945732146e-11	1.5902425907e-05	100.0
-0.00054909871036	0.00344739985868	-3.67637994048e-05	-0.0583758788304	0.445082403334	-0.00323021775642	9.52945732146e-11	1.5902425907e-05	100.0
0.00294898478766	-0.00376222981254	0.00329048914585	0.351433935386	-0.452105486534	0.392175547922	9.51291193732e-11	1.5874815547e-05	100.0
-0.0007887275312	-0.00804270492334	0.00369498025108	-0.0967965817831	-0.966490110493	0.43772688763	9.51291193732e-11	1.5874815547e-05	100.0
0.00282275174803	0.00143734724962	-0.000841278700901	0.333746891472	0.176133842533	-0.0989228069106	9.51291193732e-11	1.5874815547e-05	100.0
-0.00260266571227	-0.00855975168435	0.00137477605762	-0.311667177109	-1.03034168751	0.161839742079	9.51291193732e-11	1.5874815547e-05	100.0
0.000317754669706	-0.00861335443192	-0.00276996939122	0.0353542757538	-1.03556078056	-0.323615515814	9.51291193732e-11	1.5874815547e-05	100.0
0.00168380213342	0.00419074099582	0.00294357355549	0.195898864832	0.503953108751	0.343744043103	9.48638400378e-11	1.5830546657e-05	100.0
-0.000455862265512	0.00385878123839	0.000282061270248	-0.0413813077491	0.503064205907	0.0220084062172	9.48638400378e-11	1.5830546657e-05	100.0
-0.00108670795118	-0.000278136916082	0.00362381394564	-0.13294254112	-0.0299231532341	0.433001318461	9.44322016425e-11	1.5758516348e-05	100.0
-0.00473090330717	-0.00151280103254	0.00112607400133	-0.571174674745	-0.178804283487	0.134697477519	9.44322016425e-11	1.5758516348e-05	100.0
-0.00154111234552	0.00117842976999	-0.000780427753642	-0.185403062452	0.149684142907	-0.0909635782107	9.44322016425e-11	1.5758516348e-05	100.0
3.48352723813e-05	-0.00899001236119	0.000902371911701	-0.00225712556525	-1.09269205701	0.0845586443908	9.43297107827e-11	1.574141303e-05	100.0
0.00212165362017	-0.00571052813548	-0.00184824960567	0.251453201984	-0.68887246996	-0.219573156442	9.43297107827e-11	1.574141303e-05	100.0
0.000391650652512	-0.00412176687138	-0.00238191632543	0.0436263345559	-0.495852988744	-0.283591037701	9.43297107827e-11	1.574141303e-05	100.0
-0.00116197758128	-0.00980753945183	0.00039066610178	-0.122994721186	-1.16580090659	0.0389858249239	9.43297107827e-11	1.574141303e-05	100.0
0.000751879456463	-0.00870407724259	-0.00102510070265	0.0803096718895	-1.05570611571	-0.110368331079	9.43297107827e-11	1.574141303e-05	100.0
-0.000153052691953	-0.00636965163128	-0.00315871848569	-0.0217941402539	-0.767264918787	-0.374964199551	9.43297107827e-11	1.574141303e-05	100.0
-0.00308173047807	-0.00139192465899	0.00416338538888	-0.372819800324	-0.165625316144	0.497264888436	9.39996077386e-11	1.5686326586e-05	100.0
-0.000851584129065	-0.0010734514246	0.000267349431812	-0.103894978556	-0.125491579257	0.0320911262896	9.39996077386e-11	1.5686326586e-05	100.0
0.00205013372299	0.000781742779244	0.00375228563811	0.243507231022	0.0961138485629	0.446125383384	9.35660583263e-11	1.5613977373e-05	100.0
-0.000138747710939	-0.000168354137062	0.00146588384249	-0.0180922183801	-0.0154060803571	0.174518491026	9.35660583263e-11	1.5613977373e-05	100.0
0.00510527759751	0.00506216467204	-0.000331445080989	0.60748206868	0.605363112292	-0.0405099903829	9.35660583263e-11	1.5613977373e-05	100.0
-9.59019080076e-06	-0.00708526821298	-0.000216975966951	-0.00497173336154	-0.860226756472	-0.0245836647643	9.35291958139e-11	1.5607825885e-05	100.0
0.00172900021477	-0.00320196185038	-0.00168488927102	0.204754431846	-0.385128390048	-0.201206869195	9.35291958139e-11	1.5607825885e-05	100.0
0.00226988950746	-0.000476191416847	0.000501408429692	0.268971240263	-0.0547816588083	0.0613875144748	9.35291958139e-11	1.5607825885e-05	100.0
0.00158508818575	0.00274626827573	0.00110474433203	0.181430034608	0.338034544138	0.127576728876	9.35291958139e-11	1.5607825885e-05	100.0
-0.00294986232167	-0.0112412493836	0.00198362988699	-0.354889642266	-1.34710254008	0.235053057884	9.35291958139e-11	1.5607825885e-05	100.0
-0.000125733707993	-0.00907729491901	-0.00117359434635	-0.0173659153036	-1.09551623295	-0.118762954852	9.35291958139e-11	1.5607825885e-05	100.0
-0.000232245897869	-0.0096878808523	-0.00147542252137	-0.0288178832317	-1.15863665238	-0.158830079672	9.35291958139e-11	1.5607825885e-05	100.0
-7.31166877965e-05	-0.0100330759688	-0.00147621769706	-0.0111578794327	-1.19707937278	-0.160878298996	9.35291958139e-11	1.5607825885e-05	100.0
0.00103383320235	-0.00517889103377	0.000988431595103	0.120766302343	-0.625336452845	0.117931353961	9.31284354303e-11	1.5540948391e-05	100.0
0.00353554547759	-0.00173171597448	-0.00317799928151	0.422067370521	-0.207964927309	-0.378963628007	9.31284354303e-11	1.5540948391e-05	100.0
-0.00246457251834	-0.0088475152628	-0.00149368302807	-0.293433564809	-1.06108018702	-0.176197210124	9.31284354303e-11	1.5540948391e-05	100.0
0.000332552551632	-0.00457345652454	-0.00374913479414	0.0371536648374	-0.550185202815	-0.446453377071	9.31284354303e-11	1.5540948391e-05	100.0
-0.0030275860016	-0.0105418029235	-0.000393176355678	-0.361747675506	-1.26065678657	-0.0456607283832	9.31284354303e-11	1.5540948391e-05	100.0
9.85198618071e-05	-0.00761843580037	-0.000695658258123	0.00699085480425	-0.926508382697	-0.0793238756862	9.27273230172e-11	1.5474012151e-05	100.0
0.00297615403486	0.00594150497839	-0.00058459598073	0.34770155688	0.705675015344	-0.0681510293916	9.26959421062e-11	1.5468775414e-05	100.0
0.00192423761764	0.00394016098091	-0.00440219831197	0.227647152391	0.474986578437	-0.522584795011	9.26959421062e-11	1.5468775414e-05	100.0
-0.00133049377353	0.000705954053061	-0.00382431270133	-0.161505115655	0.0877651356994	-0.454734139367	9.26959421062e-11	1.5468775414e-05	100.0
0.000383772655769	-0.00469668769417	0.00257168185369	0.0427193010081	-0.565117751637	0.305957332276	9.23258585747e-11	1.5407017165e-05	100.0
0.00324173882122	-0.00319900000682	-0.00158853974998	0.386652169482	-0.385016961359	-0.188797089006	9.23258585747e-11	1.5407017165e-05	100.0
-0.0026536292684	-0.0109715185933	0.000882722067915	-0.317267055376	-1.31172109197	0.10375116909	9.23258585747e-11	1.5407017165e-05	100.0
0.000822070819755	-0.00754769901013	-0.00321761793666	0.0951401563556	-0.908446643976	-0.380437372702	9.23258585747e-11	1.5407017165e-05	100.0
-0.000899084848137	-0.00207251522545	0.00156908794705	-0.110440593832	-0.246353159965	0.185857885955	9.22592747188e-11	1.5395905884e-05	100.0
-0.000624916185796	-0.00580553031575	0.00297415398427	-0.0774309756097	-0.698977085859	0.354492465329	9.22592747188e-11	1.5395905884e-05	100.0
0.000658732050068	-0.00834458671142	0.00102183362941	0.0709860407505	-1.01251126122	0.111907005755	9.1923891233e-11	1.5339938258e-05	100.0
0.00214609303667	0.00215791986289	0.00324467253383	0.253545754879	0.261802568051	0.384968193732	9.1923891233e-11	1.5339938258e-05	100.0
0.00358297937639	-0.00247839241511	0.0031585679659	0.428204863723	-0.297569669502	0.377094529018	9.1923891233e-11	1.5339938258e-05	100.0
0.000477872884002	-0.00841864995609	5.31458904114e-06	0.0452290720229	-1.03194680368	0.000305334528383	9.1923891233e-11	1.5339938258e-05	100.0
0.00241833164314	-0.00401764988618	-0.000119442067487	0.287412161718	-0.484202047718	-0.0146635005704	9.1923891233e-11	1.5339938258e-05	100.0
0.00238979867793	0.000998499795091	0.00193343893417	0.282804134053	0.122605292877	0.229537661747	9.1923891233e-11	1.5339938258e-05	100.0
-0.00081454658258	-0.00212574588804	0.00549531772627	-0.100684430102	-0.254616941791	0.657640230936	9.1923891233e-11	1.5339938258e-05	100.0
0.00235169488452	-0.0025670786472	0.00033829226929	0.279367597296	-0.308428982421	0.0410828690633	9.1923891233e-11	1.5339938258e-05	100.0
0.00155657910718	0.00387043692327	0.000937007235291	0.170404767703	0.472045909227	0.10305787943	9.1923891233e-11	1.5339938258e-05	100.0
0.00303812508255	-0.00187830202165	0.0022860108069	0.362567172881	-0.225533024878	0.273279484142	9.1923891233e-11	1.5339938258e-05	100.0
0.00201728545084	-0.00124849715384	-0.00350862092571	0.239687313325	-0.148933176471	-0.419106624373	9.1923891233e-11	1.5339938258e-05	100.0
0.00239169118836	0.000873542181841	-0.0017266747276	0.283130458219	0.107997473195	-0.204439132787	9.1923891233e-11	1.5339938258e-05	100.0
0.00188586551319	-0.00496385551756	-0.00359189483858	0.22365069322	-0.597363564314	-0.428632922354	9.1923891233e-11	1.5339938258e-05	100.0
0.00206664539537	-0.00399373901276	-0.00402087960875	0.245767314262	-0.48048699649	-0.480147066001	9.1923891233e-11	1.5339938258e-05	100.0
-0.00377105653684	-0.00862563370897	-0.000637593887224	-0.452280695575	-1.03436046998	-0.0741253139093	9.1923891233e-11	1.5339938258e-05	100.0
-0.000671620687914	-0.00646737999119	-0.00406289233006	-0.0832783427532	-0.777867138785	-0.483906544072	9.1923891233e-11	1.5339938258e-05	100.0
-0.000910282822762	-0.00799871804459	-0.00332147181444	-0.110985312304	-0.961984297667	-0.393155396418	9.1923891233e-11	1.5339938258e-05	100.0
0.00204830056916	-0.00398679326898	0.00185349503026	0.242932189712	-0.479996488106	0.220413839353	9.15215215719e-11	1.5272792212e-05	100.0
0.00134592084946	-0.00599825594844	-0.000258912135144	0.157424415136	-0.725182618691	-0.0294696131283	9.15215215719e-11	1.5272792212e-05	100.0
-0.000593031760719	0.00403878049649	0.00125963960502	-0.0661595076904	0.498086227121	0.126300685362	9.1382570519e-11	1.5249604545e-05	100.0
-0.00103692122758	0.00350465406858	0.00165840769163	-0.121605831297	0.430851191517	0.184268045286	9.1382570519e-11	1.5249604545e-05	100.0
-0.00175566423293	0.000711365322862	0.00318436365391	-0.212685114396	0.0886076958423	0.377072040499	9.1382570519e-11	1.5249604545e-05	100.0
-0.00165452173585	0.00150357769123	0.00275492957969	-0.199968781841	0.185341546711	0.324819967265	9.1382570519e-11	1.5249604545e-05	100.0
0.000830405153287	0.00109920419964	0.00519079923074	0.0975201855256	0.1333875933	0.618718596876	9.1382570519e-11	1.5249604545e-05	100.0
-0.000436668010777	0.000599758049818	0.00172704931147	-0.0541917752639	0.0778141110507	0.203596333048	9.1382570519e-11	1.5249604545e-05	100.0
-0.0011934622395	-0.0015042175351	0.00116377362582	-0.145234131751	-0.17757591482	0.138304453511	9.1382570519e-11	1.5249604545e-05	100.0
-0.00247432420427	-0.00646381342412	0.00137078452107	-0.298020195165	-0.778066290087	0.163897281041	9.1382570519e-11	1.5249604545e-05	100.0
0.00193288332138	0.00548665239578	0.000802691411169	0.216887262474	0.649903336493	0.0879578484311	9.1382570519e-11	1.5249604545e-05	100.0
0.00172889946394	0.00377049025872	0.00448970394537	0.204074810122	0.454163942415	0.533538732062	9.1382570519e-11	1.5249604545e-05	100.0
0.0033647531022	-0.00180182523012	0.00330618712322	0.402564670473	-0.215624098051	0.395551094198	9.1382570519e-11	1.5249604545e-05	100.0
-0.00146764927704	-0.0071840593945	0.00185814034638	-0.176952233779	-0.866144164886	0.220585384226	9.1382570519e-11	1.5249604545e-05	100.0
-0.00316085609225	-0.0038761707879	0.000618393696482	-0.381744647838	-0.464403430169	0.0750089529586	9.1382570519e-11	1.5249604545e-05	100.0
-0.00095270629731	-0.000918103927598	-0.000355500369786	-0.116011019416	-0.106353194861	-0.0418841873198	9.1382570519e-11	1.5249604545e-05	100.0
-0.001502142966	0.00193386804482	-1.74262985924e-05	-0.179172276055	0.243863176093	-0.0011148579402	9.1382570519e-11	1.5249604545e-05	100.0
4.25959410664e-05	-0.00808281086651	-0.000214187254625	0.00362684199997	-0.987808602134	-0.0223339096229	9.1382570519e-11	1.5249604545e-05	100.0
-0.00208906283998	-0.00853875289149	-0.000874289732387	-0.247022044197	-1.02905358912	-0.101395328913	9.1382570519e-11	1.5249604545e-05	100.0
0.00163477190187	-0.000359347558013	-0.00305891247542	0.193219336815	-0.0411154847476	-0.365521438271	9.1382570519e-11	1.5249604545e-05	100.0
-0.00107672858762	0.00311621891039	-0.00110445710736	-0.125481487081	0.389070332614	-0.122039436652	9.1382570519e-11	1.5249604545e-05	100.0
0.00435553301067	0.00509392004154	0.000962014459341	0.516118195279	0.608993279166	0.116260598119	9.1382570519e-11	1.5249604545e-05	100.0
0.00447793736693	0.00325517240313	-0.0021439940223	0.532934722025	0.39072441855	-0.253477772588	9.1382570519e-11	1.5249604545e-05	100.0
-0.00124993000184	0.00316325504685	-0.00117501429136	-0.145751918335	0.392996188658	-0.129729678638	9.1382570519e-11	1.5249604545e-05	100.0
0.0037694544409	0.00487218036707	-0.000791408809938	0.444120303927	0.58266350546	-0.0909669968354	9.1382570519e-11	1.5249604545e-05	100.0
-0.000651268688987	0.00388260079152	-0.000628081938007	-0.0662248496885	0.491892698684	-0.0534638254769	9.1382570519e-11	1.5249604545e-05	100.0
0.000389273212516	-0.00830387517274	0.000745818839519	0.0384519322277	-1.01213306839	0.0801494074572	9.11186993015e-11	1.5205570637e-05	100.0
0.00127865912914	-0.00724697097978	0.00120269522359	0.148241182319	-0.876780433013	0.140019025299	9.11186993015e-11	1.5205570637e-05	100.0
0.000852087568182	-0.00499841457944	0.00584094309345	0.0997062086123	-0.600620278625	0.698266826671	9.11186993015e-11	1.5205570637e-05	100.0
-8.83499519689e-05	-0.00767957912318	0.00435617246817	-0.0132589009408	-0.922852497551	0.517826178825	9.11186993015e-11	1.5205570637e-05	100.0
0.000225309626803	-0.00795233480753	0.000471167545194	0.0208065322476	-0.970373046852	0.0519174567957	9.11186993015e-11	1.5205570637e-05	100.0
0.000801786792678	-0.00609551769021	0.000688893060227	0.0921868127816	-0.737032307103	0.0810278598921	9.11186993015e-11	1.5205570637e-05	100.0
0.000887251310189	-0.00103781018602	0.00459202972513	0.103677803847	-0.123506135291	0.548610218391	9.11186993015e-11	1.5205570637e-05	100.0
0.00116503712763	-0.00224220011081	0.0062294025953	0.137508579239	-0.268816986249	0.745759782548	9.11186993015e-11	1.5205570637e-05	100.0
0.00162453653092	-0.0047553919358	-0.000293366227712	0.191712786134	-0.573679531715	-0.0339552333851	9.11186993015e-11	1.5205570637e-05	100.0
0.0040307259999	0.00158699772449	0.000960592914375	0.480379117807	0.193393810803	0.11376628458	9.11186993015e-11	1.5205570637e-05	100.0
7.25268916812e-05	-0.00976683288113	-0.00237922657445	0.00597534212333	-1.1702629632	-0.274515373067	9.11186993015e-11	1.5205570637e-05	100.0
0.000154998166802	0.00461997628226	0.0016183591692	0.0124904387006	0.555215402209	0.167124805604	9.05011390667e-11	1.510251434e-05	100.0
-0.000372572847349	0.00338221290525	0.00428315599054	-0.0471829252138	0.407947143223	0.506366599097	9.05011390667e-11	1.510251434e-05	100.0
-0.00206464258191	-0.00401234177312	0.00431302486614	-0.250466165525	-0.481450790392	0.515603102382	9.05011390667e-11	1.510251434e-05	100.0
-0.00189554335174	-0.00549659937252	0.00292895859754	-0.229675723037	-0.660992183672	0.348901661487	9.05011390667e-11	1.510251434e-05	100.0
-0.00109401898646	0.000609146087993	0.00150230049056	-0.132601586608	0.079032468671	0.177787354071	9.05011390667e-11	1.510251434e-05	100.0
-0.00110613269685	0.00373840106101	0.000542711113408	-0.120322402068	0.471000929402	0.0548526786672	9.05011390667e-11	1.510251434e-05	100.0
-0.00126922011765	-0.0103387344704	0.000944334194725	-0.145130360325	-1.23659172664	0.107284199137	9.05011390667e-11	1.510251434e-05	100.0
-0.0028869806048	-0.0037588715614	-0.00356075510351	-0.349357595856	-0.450389367351	-0.426678208261	9.05011390667e-11	1.510251434e-05	100.0
-0.00256031014992	-0.000801170854834	-0.00123175855677	-0.309243571173	-0.0924569696172	-0.146209209035	9.05011390667e-11	1.510251434e-05	100.0
0.00306717469937	-0.000811302632063	0.00397853548199	0.365677063124	-0.096758966402	0.474809725597	9.03114957731e-11	1.5070867329e-05	100.0
-0.00121993277723	-0.00843052223737	0.00250548159888	-0.147368985381	-1.01270041358	0.292461808966	9.03114957731e-11	1.5070867329e-05	100.0
0.000548194699926	-0.00508067239088	0.00353437190353	0.0634402898492	-0.61068287174	0.421416975263	8.96146283323e-11	1.4954576521e-05	100.0
-0.0009581589306	-0.00633750637976	0.00331537804047	-0.116753922073	-0.762447341918	0.395679638656	8.96146283323e-11	1.4954576521e-05	100.0
-0.00211290941951	-0.00727361227542	-0.00223511289376	-0.255180363254	-0.876272158081	-0.265826246592	8.96146283323e-11	1.4954576521e-05	100.0
-0.00132029527336	-0.00355569022066	-0.00231617628733	-0.160469213244	-0.42656234371	-0.275948739803	8.96146283323e-11	1.4954576521e-05	100.0
0.000961195682714	-0.00810771377376	0.00229402065607	0.110957447048	-0.976842139041	0.267329151844	8.95020794882e-11	1.4935794763e-05	100.0
0.000488392006164	-0.00910178259242	0.00162557396768	0.0526844367053	-1.09556761265	0.180075050321	8.95020794882e-11	1.4935794763e-05	100.0
0.00353262583877	0.00273989342604	0.00205654780266	0.418718339003	0.331040543873	0.244183727103	8.95020794882e-11	1.4935794763e-05	100.0
0.000986928396836	0.00345982952129	0.00177781741549	0.110088533358	0.424112473525	0.201691433656	8.95020794882e-11	1.4935794763e-05	100.0
-0.000837769510378	-0.00570448204621	0.00530746570279	-0.103531487037	-0.685743957294	0.634250688515	8.95020794882e-11	1.4935794763e-05	100.0
-0.00336067051942	-0.0091196310998	0.00268034983749	-0.40411010088	-1.09348637697	0.316952700511	8.95020794882e-11	1.4935794763e-05	100.0
0.00178873999374	0.00347469885526	-4.51844814807e-05	0.198598778645	0.426139941789	-0.00595953516038	8.95020794882e-11	1.4935794763e-05	100.0
-0.00369337014467	-0.00997428273423	0.00162841791645	-0.443291790665	-1.19501797718	0.191228612882	8.95020794882e-11	1.4935794763e-05	100.0
0.00205251677376	0.00201901895092	-0.00286912188918	0.242597109251	0.246305346687	-0.339864606827	8.95020794882e-11	1.4935794763e-05	100.0
0.000567891677111	0.00391516589373	-0.000621916253251	0.0466537292788	0.496657216763	-0.0555431210707	8.95020794882e-11	1.4935794763e-05	100.0
-0.000469181327439	-0.00567510092722	-0.00603477074998	-0.0590527143439	-0.681877380541	-0.721778479089	8.95020794882e-11	1.4935794763e-05	100.0
-0.00343614995357	-0.00876822654602	-0.00306764557097	-0.413773106788	-1.05248243495	-0.36436260391	8.95020794882e-11	1.4935794763e-05	100.0
-0.00455582888286	-0.00557408435119	-0.00195334246846	-0.550073644938	-0.669490359455	-0.233669491883	8.91693613683e-11	1.4880271924e-05	100.0
-0.00107418871531	-0.00698464076334	-0.002696257448	-0.130871612582	-0.841009778786	-0.32031904322	8.91693613683e-11	1.4880271924e-05	100.0
0.0035937350139	0.00565132701892	-0.00033771803758	0.422773413314	0.672840019192	-0.0405548510528	8.91693613683e-11	1.4880271924e-05	100.0
0.000712745459886	-0.00130714811872	-0.00250617883333	0.0828449383356	-0.154956690812	-0.298914864244	8.91693613683e-11	1.4880271924e-05	100.0
-0.0026162325908	-0.00310893284111	-0.00411750482088	-0.316739476339	-0.372442919557	-0.492169297054	8.91693613683e-11	1.4880271924e-05	100.0
0.00264208686341	0.00450636921806	-0.00378424754137	0.312572951432	0.540599265339	-0.447470554111	8.91693613683e-11	1.4880271924e-05	100.0
-0.00143648734861	0.00321048258603	-0.003375222521	-0.173215809478	0.389301513974	-0.396650632315	8.91693613683e-11	1.4880271924e-05	100.0
-0.000783461991682	0.00407979412651	0.00145911904427	-0.0894611912858	0.498605377177	0.152699164419	8.87227365764e-11	1.4805740737e-05	100.0
-0.00144626314678	0.00363491217706	0.00134925322122	-0.167966100439	0.447421638931	0.148366857389	8.87227365764e-11	1.4805740737e-05	100.0
-0.0011415188471	0.00115442918908	0.00449150415688	-0.139166218679	0.140920354242	0.534050672255	8.87227365764e-11	1.4805740737e-05	100.0
-0.00100533269509	0.00124084253667	0.00291358580246	-0.122205774475	0.153783459521	0.345138932512	8.87227365764e-11	1.4805740737e-05	100.0
0.00339578484676	0.00462118470246	0.0018085442537	0.399873969419	0.553292387245	0.211121727485	8.87227365764e-11	1.4805740737e-05	100.0
-0.00134451859066	0.00363194011471	6.88109869334e-05	-0.149072775649	0.457349021843	0.00784704566513	8.87227365764e-11	1.4805740737e-05	100.0
0.00503878005337	0.005521500796	0.00223079063872	0.600117293685	0.6600198432	0.26434909186	8.87227365764e-11	1.4805740737e-05	100.0
-0.0038832130237	-0.00123903408961	-0.00294287339278	-0.469094050414	-0.145632805656	-0.353406732351	8.87227365764e-11	1.4805740737e-05	100.0
-0.00272088230999	-0.00642146440785	-0.000944137142789	-0.327580444114	-0.772740811853	-0.111524503671	8.87227365764e-11	1.4805740737e-05	100.0
0.00405850829219	0.00550724006588	-0.000540682899834	0.479705760148	0.656897006011	-0.0622102578361	8.87227365764e-11	1.4805740737e-05	100.0
0.00106155146893	-0.0057438566777	0.00180114883313	0.1238925231	-0.693018959341	0.213180211873	8.86901487073e-11	1.4800302587e-05	100.0
0.00256531911106	-0.00433052080614	0.00519082067683	0.305684487625	-0.520867683982	0.620169800948	8.86901487073e-11	1.4800302587e-05	100.0
0.00018339079105	-0.00888778181921	0.00375529505508	0.0193861848009	-1.06752485719	0.444058998642	8.86901487073e-11	1.4800302587e-05	100.0
0.000598485668787	-0.00835709307526	8.16506416692e-05	0.0599653812247	-1.02222352029	0.00708939532885	8.86901487073e-11	1.4800302587e-05	100.0
0.00208152732217	-0.00486383587838	0.00105858381138	0.246740329907	-0.586764694127	0.12601669897	8.86901487073e-11	1.4800302587e-05	100.0
0.00268691233758	0.000361820716329	0.00330600904622	0.319512626465	0.0445137300949	0.393069596663	8.86901487073e-11	1.4800302587e-05	100.0
-0.00102605413407	-0.00745564735501	0.00520231951684	-0.125828675587	-0.896438582193	0.621036370684	8.86901487073e-11	1.4800302587e-05	100.0
0.00356173375869	-0.00141788690559	-0.00293435515149	0.425064509401	-0.169975097362	-0.350385104642	8.86901487073e-11	1.4800302587e-05	100.0
-0.00335566127079	-0.00971216757699	0.000738284821857	-0.402057219858	-1.16627121785	0.0879630295093	8.86901487073e-11	1.4800302587e-05	100.0
0.00149986064514	-0.00660368360243	-0.00342065520997	0.176804565687	-0.795130072059	-0.406506319745	8.86901487073e-11	1.4800302587e-05	100.0
-0.000854294219376	-0.00703781613317	-0.00576313814064	-0.105274976695	-0.84590890816	-0.688303074966	8.86901487073e-11	1.4800302587e-05	100.0
-0.00351951452401	-0.0105427014129	-0.00155366691145	-0.422359478799	-1.26179055183	-0.183188541906	8.86901487073e-11	1.4800302587e-05	100.0
0.00101751146248	-0.00755080606238	0.00195045684878	0.117405178693	-0.911715883959	0.227769730818	8.82831523734e-11	1.4732384459e-05	100.0
0.00288477103251	-0.000535375479405	0.00256869896504	0.343656701442	-0.062906236644	0.306134739886	8.82831523734e-11	1.4732384459e-05	100.0
0.00241163662044	-0.0041338671779	-0.00218725016686	0.286576734673	-0.497906100983	-0.260252148966	8.82831523734e-11	1.4732384459e-05	100.0
0.00128326267213	-0.00603456735264	-0.00325278733543	0.150882070132	-0.726965605092	-0.386903108971	8.82831523734e-11	1.4732384459e-05	100.0
0.000661326616676	-0.00757600498655	0.000867523563556	0.0734267647011	-0.91970270167	0.0996918322467	8.78754519807e-11	1.466434884e-05	100.0
0.00135717539194	-0.00596083466127	0.000666711523716	0.159070687738	-0.720135231347	0.0776685330775	8.78754519807e-11	1.466434884e-05	100.0
0.000773258479741	-0.00813334042327	-0.000246547168702	0.083179537877	-0.991370911856	-0.0262782920494	8.78754519807e-11	1.466434884e-05	100.0
0.00191960954348	-0.00478910033296	-0.000809867314375	0.227402569743	-0.577718953636	-0.0953173383654	8.78754519807e-11	1.466434884e-05	100.0
0.00394683548507	0.00115268555704	-0.00213784610799	0.470440779934	0.139842654496	-0.254509164451	8.78754519807e-11	1.466434884e-05	100.0
-0.00408241766204	-0.01076168239	0.00135337928008	-0.490529193959	-1.28819277349	0.160015555831	8.78754519807e-11	1.466434884e-05	100.0
0.000867310527636	-0.008984374676	-0.00136220188975	0.0951407891758	-1.08505575122	-0.150236316371	8.78754519807e-11	1.466434884e-05	100.0
0.000771669145088	-0.00860211321845	-0.00311508882673	0.0889074520053	-1.03490718784	-0.366631626943	8.78754519807e-11	1.466434884e-05	100.0
-0.00228485906772	-0.000832712095347	0.00589411874971	-0.276893007208	-0.0983260169563	0.705625007128	8.78250614794e-11	1.4655939849e-05	100.0
-0.00293653490063	-0.000996053280456	0.00303286784456	-0.354895784071	-0.11647919089	0.362100430332	8.78250614794e-11	1.4655939849e-05	100.0
0.0022822061099	0.00502611057291	0.00163569711009	0.263398667984	0.599746371483	0.1869773885	8.78250614794e-11	1.4655939849e-05	100.0
0.00029892372047	-0.00210486386629	0.00517657142944	0.0336024506625	-0.25129700111	0.619932381529	8.78250614794e-11	1.4655939849e-05	100.0
-0.00223506973659	-0.00404256187551	0.000497105369502	-0.270111917637	-0.485184784229	0.0590692023185	8.78250614794e-11	1.4655939849e-05	100.0
0.00176936420513	0.00134963390645	-0.000228817379792	0.207330131264	0.168414499213	-0.0268922039975	8.78250614794e-11	1.4655939849e-05	100.0
-0.00160941488568	-0.000229181826229	-0.00244371498277	-0.195767150767	-0.024134421432	-0.290409062807	8.78250614794e-11	1.4655939849e-05	100.0
-0.000576756066067	0.00136799120143	-0.00133517597828	-0.0703103768631	0.17243446264	-0.155484532534	8.78250614794e-11	1.4655939849e-05	100.0
-0.00101829166336	0.00342886430756	-0.000647343312574	-0.114424039379	0.431990672404	-0.0668598612309	8.78250614794e-11	1.4655939849e-05	100.0
0.00286658288927	0.00579002895835	-0.00140856625669	0.335299975721	0.689285592043	-0.163331924469	8.78250614794e-11	1.4655939849e-05	100.0
0.00386655252788	0.00621838736084	-0.00219354839922	0.458495580953	0.743238440848	-0.258537788301	8.78250614794e-11	1.4655939849e-05	100.0
0.00402229787245	4.27603590062e-05	0.00203495445413	0.479931342174	0.00578357025868	0.242219295925	8.74669972391e-11	1.4596187337e-05	100.0
-0.000650858652155	-0.00981378046713	0.00176220511286	-0.0774328481254	-1.17438818343	0.197866141101	8.74669972391e-11	1.4596187337e-05	100.0
-0.00132171858473	0.00345306699536	0.000767759480416	-0.150725315522	0.431211292042	0.0816623122062	8.73739608845e-11	1.4580661755e-05	100.0
0.00199967393527	-0.00771893928701	0.00353223239086	0.236527128731	-0.929090746226	0.419021193853	8.70577378588e-11	1.452789156e-05	100.0
0.00316891190437	-0.00150746431019	0.000618881633654	0.37798480033	-0.17998874908	0.0735258097952	8.70577378588e-11	1.452789156e-05	100.0
0.0024523540435	0.0035887633035	0.000918927870074	0.282882602841	0.434419659832	0.107227917114	8.70577378588e-11	1.452789156e-05	100.0
-0.00215987106366	-0.0110859724289	0.00234130885842	-0.259386851434	-1.32854933752	0.27617967568	8.70577378588e-11	1.452789156e-05	100.0
0.000414870133977	-0.00923097019656	-0.00094174545721	0.0387578864076	-1.11293267034	-0.0891721234372	8.70577378588e-11	1.452789156e-05	100.0
0.00178257637473	0.00203608825309	-0.00189398105337	0.208660261193	0.248883763676	-0.222535767838	8.66476738397e-11	1.4459461507e-05	100.0
-0.0016323907137	-0.0100291038086	-0.000659885138526	-0.186932034184	-1.19946748616	-0.0769443090207	8.66476738397e-11	1.4459461507e-05	100.0
-0.000197036621966	-0.00772606974278	-0.00472561489426	-0.0261923124539	-0.927990189471	-0.562373571191	8.66476738397e-11	1.4459461507e-05	100.0
0.000322261719097	-0.00881528427329	-5.00691703208e-05	0.0196722927386	-1.08929839818	-0.00289778681588	8.6236704602e-11	1.4390880395e-05	100.0
0.00382118912566	-0.00303854831277	-0.00125774293758	0.45645235723	-0.36615420584	-0.150009145876	8.6236704602e-11	1.4390880395e-05	100.0
0.00098744057438	0.00349776020809	0.000716365884812	0.103856938179	0.437573942707	0.075325126472	8.6236704602e-11	1.4390880395e-05	100.0
0.000642796720274	-0.00932930842712	-0.00080537318704	0.0614020795172	-1.12581631522	-0.075405446967	8.6236704602e-11	1.4390880395e-05	100.0
0.000116324460753	-0.00934859698107	-0.0025398720879	0.0113226952142	-1.12179807798	-0.294287060558	8.6236704602e-11	1.4390880395e-05	100.0
-0.000273331077105	0.000101086989877	0.00414278731796	-0.0356331404745	0.0145703604373	0.494546573211	8.60108022751e-11	1.4353182602e-05	100.0
-0.00163144611128	0.00133294906824	-0.000462591037033	-0.195840074475	0.169138424346	-0.0537391077636	8.60108022751e-11	1.4353182602e-05	100.0
0.0022207979872	0.0058351385002	7.65188103911e-05	0.253068612576	0.689872452335	0.00859959456035	8.60108022751e-11	1.4353182602e-05	100.0
-0.000831963691379	-0.00434236408547	-0.00227862074804	-0.102465943624	-0.522234148164	-0.271359895964	8.60108022751e-11	1.4353182602e-05	100.0
-0.00249120258307	0.00114500343219	-0.00184852165212	-0.299838951397	0.142791503401	-0.216979520916	8.60108022751e-11	1.4353182602e-05	100.0
0.00583606237518	0.00352829078242	-0.0021994879881	0.697125080414	0.423186254391	-0.26041512741	8.60108022751e-11	1.4353182602e-05	100.0
-0.00200409575027	0.00251060865674	-0.00200550410802	-0.239652338371	0.308393413232	-0.23279771417	8.60108022751e-11	1.4353182602e-05	100.0
0.000873436423918	-0.00866966955232	7.9074033525e-05	0.0890897355959	-1.0585871656	0.00840140059167	8.58248301458e-11	1.4322148222e-05	100.0
0.0031550883262	0.000493332933628	-0.000241553066216	0.374469834069	0.0615119385188	-0.029031425909	8.58248301458e-11	1.4322148222e-05	100.0
-0.00434563955715	-0.00749109004464	0.00365641750976	-0.524025134903	-0.899773921244	0.435601920976	8.58248301458e-11	1.4322148222e-05	100.0
0.00116917592431	-0.00821630652127	-0.000897624597073	0.131626184858	-0.996232511653	-0.100530267645	8.58248301458e-11	1.4322148222e-05	100.0
0.00265598520882	-0.00113136303163	-0.00560742583778	0.316845591327	-0.135105443673	-0.671660312783	8.58248301458e-11	1.4322148222e-05	100.0
0.000594094875229	-0.00865103706787	0.000294351633643	0.0562631860173	-1.05920936564	0.0277408365214	8.5412050471e-11	1.425326499e-05	100.0
0.00221900006428	-0.00534670644406	0.00121960506908	0.263253976267	-0.645252535772	0.144339323338	8.5412050471e-11	1.425326499e-05	100.0
0.00369918791859	0.00327991756937	-0.00043604502227	0.436996072954	0.395673536198	-0.0512077524712	8.5412050471e-11	1.425326499e-05	100.0
0.00403580110161	0.00231118530105	-0.000588876023347	0.479684513325	0.279801602935	-0.0695575140082	8.5412050471e-11	1.425326499e-05	100.0
-0.00341129179728	-0.00960639043909	-0.00401495306457	-0.411308949458	-1.15220085991	-0.477617478476	8.5412050471e-11	1.425326499e-05	100.0
-0.00390785719492	-0.00947682825943	-0.00193946435288	-0.469539548457	-1.13610525348	-0.228494089358	8.5412050471e-11	1.425326499e-05	100.0
-0.00447658738501	-0.00519534353673	-0.000860587375192	-0.540349717618	-0.624046083513	-0.102579134685	8.50933129492e-11	1.4200075185e-05	100.0
-0.00242471854601	-0.00650228307113	-0.00356065306396	-0.293208849136	-0.781386451202	-0.425414710365	8.50933129492e-11	1.4200075185e-05	100.0
-0.000103163978744	0.00383242364779	0.00209987195887	-0.0154690728704	0.464531076617	0.234087387814	8.46317520506e-11	1.4123051512e-05	100.0
-0.00171750867481	0.00270587301347	0.000904429359234	-0.203000367172	0.337191990223	0.102882730119	8.46317520506e-11	1.4123051512e-05	100.0
-0.00080643846898	-0.00271813006627	0.000846475910168	-0.0993903556166	-0.325510796623	0.0996938139181	8.46317520506e-11	1.4123051512e-05	100.0
-0.00348747491437	-0.00702776439919	0.00083348398902	-0.420181909544	-0.845867744677	0.100313390079	8.46317520506e-11	1.4123051512e-05	100.0
-0.000177504459801	-0.00362068631569	0.00174654773037	-0.0234923591388	-0.43494695422	0.208725323985	8.46317520506e-11	1.4123051512e-05	100.0
-0.00150715985198	-0.0004695432689	-0.000809917913825	-0.18247870623	-0.0517200745573	-0.0958085356066	8.46317520506e-11	1.4123051512e-05	100.0
-0.00188868940078	-0.00222687318523	-0.00441018329173	-0.229186958853	-0.266223513021	-0.5270481433	8.46317520506e-11	1.4123051512e-05	100.0
0.0012154427825	0.00111367847203	-0.00528598361093	0.143482586739	0.135326507489	-0.63009061034	8.46317520506e-11	1.4123051512e-05	100.0
0.000693394307717	-0.00897414124759	0.000581407461697	0.06649357787	-1.09037545309	0.052889249243	8.45833731462e-11	1.4114978209e-05	100.0
0.000879390396765	-0.00904807199706	0.000856801089817	0.0922355071154	-1.0935875036	0.0867161433648	8.45833731462e-11	1.4114978209e-05	100.0
0.000872914726653	0.00448002568976	0.000715652371849	0.0741061475805	0.546062986525	0.0609563599095	8.45833731462e-11	1.4114978209e-05	100.0
-0.00232714793012	-0.00695065066123	0.00175857430556	-0.280229950417	-0.836663495617	0.206201817983	8.45833731462e-11	1.4114978209e-05	100.0
0.00433586293678	-0.000625750312481	-0.000696927483073	0.517818618494	-0.0750233252384	-0.0833003736654	8.45833731462e-11	1.4114978209e-05	100.0
-0.00105716895073	-0.0106642397544	0.00137431301607	-0.125509216535	-1.27152674369	0.156145781588	8.45833731462e-11	1.4114978209e-05	100.0
0.00110032429419	0.00226408989884	-0.00407972215871	0.129321684172	0.274494464868	-0.484443092313	8.45833731462e-11	1.4114978209e-05	100.0
-0.00129179311768	-0.00427312301358	-0.00223229893211	-0.157438482949	-0.513726856547	-0.266407686417	8.45833731462e-11	1.4114978209e-05	100.0
0.000433948540432	-0.00873028994724	-0.000401842259978	0.0369652279156	-1.07009096415	-0.0357349237264	8.45833731462e-11	1.4114978209e-05	100.0
0.00237059341848	-0.00638562886751	-0.00171542074295	0.280764442555	-0.770370903016	-0.20245216344	8.45833731462e-11	1.4114978209e-05	100.0
0.00268459446061	0.000997355184815	-0.00405541379193	0.319742778907	0.121636268068	-0.483404118357	8.45833731462e-11	1.4114978209e-05	100.0
0.00226579125026	-0.00206232153885	-0.00325152516365	0.269695768753	-0.246491323928	-0.387788764604	8.45833731462e-11	1.4114978209e-05	100.0
-0.00256717928626	-0.00384303910557	-0.00658739261434	-0.311411887046	-0.461348906018	-0.788434288861	8.45833731462e-11	1.4114978209e-05	100.0
-0.00398594633406	-0.0089258545563	-0.00260245318251	-0.479633984796	-1.07058601681	-0.309092881336	8.45833731462e-11	1.4114978209e-05	100.0
-0.00162211505434	-0.00372521441283	0.00585968989517	-0.197609207107	-0.446884899694	0.701573005415	8.4168280135e-11	1.4045708936e-05	100.0
-0.00208404973153	-0.00617356070684	0.00154623728679	-0.251366672517	-0.743045423831	0.183544666731	8.4168280135e-11	1.4045708936e-05	100.0
0.0023393388898	0.00126725135113	0.00030614291349	0.276693289893	0.157936482527	0.0367597608964	8.4168280135e-11	1.4045708936e-05	100.0
-0.00131897990344	0.00214092860915	-0.0013506609323	-0.157558863518	0.267669008832	-0.156886567218	8.4168280135e-11	1.4045708936e-05	100.0
0.00119569320695	0.0050639832516	-0.00100986341071	0.123471408612	0.598768300709	-0.102736138101	8.4168280135e-11	1.4045708936e-05	100.0
0.00320459512302	-0.00509837881202	0.00171245143585	0.381837987713	-0.614599511668	0.202895675558	8.37504211781e-11	1.3975978091e-05	100.0
0.00318369789016	-0.00361215569895	0.00406730548051	0.379929954217	-0.434867269178	0.485536313306	8.37504211781e-11	1.3975978091e-05	100.0
0.00024343711453	-0.00901653737375	0.00310976414372	0.0266373905328	-1.08232527539	0.365110862597	8.37504211781e-11	1.3975978091e-05	100.0
0.00119178984999	-0.0084355754617	0.000132144691489	0.131042805479	-1.02614384072	0.0133369739644	8.37504211781e-11	1.3975978091e-05	100.0
0.00379645250218	-0.00255341620581	0.00141040788263	0.45336278273	-0.307326587355	0.168225791757	8.37504211781e-11	1.3975978091e-05	100.0
0.0018151792853	0.00285858774085	0.00357817429717	0.214135179095	0.345482839551	0.423773675989	8.37504211781e-11	1.3975978091e-05	100.0
-0.00460599860771	-0.00742064414891	0.00469531005263	-0.555461119993	-0.890616407606	0.560150277665	8.37504211781e-11	1.3975978091e-05	100.0
-0.00130785166811	0.00343612863442	0.000925511516188	-0.150036276503	0.427413303961	0.0986430783539	8.32351003535e-11	1.388998315e-05	100.0
-0.000137351870243	0.00292236453236	0.00394040770421	-0.019027813116	0.354047854922	0.465058001972	8.32351003535e-11	1.388998315e-05	100.0
-0.00170657556157	0.00148604002457	0.00177144264407	-0.205376548329	0.185302410693	0.207558446386	8.32351003535e-11	1.388998315e-05	100.0
0.00149411170804	0.0020263244813	0.00626075024569	0.176999821793	0.244041777169	0.747324165032	8.32351003535e-11	1.388998315e-05	100.0
-0.00143882883662	0.00134255410689	0.0013845249776	-0.173331551901	0.168985883846	0.161984286273	8.32351003535e-11	1.388998315e-05	100.0
0.00372517945705	0.00448335734527	0.00138684167214	0.439450536257	0.53615863786	0.161961084802	8.32351003535e-11	1.388998315e-05	100.0
-0.00133303071338	-0.00484564708641	0.00124571283219	-0.161837173958	-0.582899350005	0.148093945095	8.32351003535e-11	1.388998315e-05	100.0
-0.00352416702967	-0.00595420881408	-0.000265097030863	-0.424942443653	-0.71599378926	-0.0314190267099	8.32351003535e-11	1.388998315e-05	100.0
-0.000867520390449	0.0040819903325	-0.000133568642618	-0.0804828529715	0.522012544333	-0.0108686086043	8.32351003535e-11	1.388998315e-05	100.0
-0.0013655904089	-0.00974079087678	0.000483546120353	-0.149676442429	-1.16895907426	0.0525758386239	8.32351003535e-11	1.388998315e-05	100.0
-0.00247286958243	-0.00719795160761	-0.00272225414984	-0.298256027808	-0.865499523095	-0.324655724996	8.32351003535e-11	1.388998315e-05	100.0
-0.00221255262927	-0.00103338671631	-0.00403563140408	-0.268476570157	-0.122454035899	-0.481556225232	8.32351003535e-11	1.388998315e-05	100.0
-0.00174814618949	-0.0026821414763	-0.00510182262454	-0.212284978673	-0.320807078895	-0.609957784512	8.32351003535e-11	1.388998315e-05	100.0
0.00401234248858	0.0062492533354	1.448500322e-05	0.474795321584	0.744929601179	0.0028896588016	8.32351003535e-11	1.388998315e-05	100.0
0.00481073695068	0.00332713200336	-0.00489592899687	0.575693342897	0.400153179129	-0.584337840597	8.32351003535e-11	1.388998315e-05	100.0
-0.00223824805997	0.000918565824012	-0.00295519605969	-0.270062556588	0.114292504096	-0.350315408296	8.32351003535e-11	1.388998315e-05	100.0
0.00152325688523	0.00272324621463	-0.00521158533034	0.180049958044	0.328577811769	-0.620221924093	8.32351003535e-11	1.388998315e-05	100.0
0.000804642100832	0.000530192068028	-0.00424068346783	0.094184974216	0.0658950313611	-0.504253818323	8.32351003535e-11	1.388998315e-05	100.0
0.00410344431052	0.000480057203963	0.00241820271764	0.489473025036	0.0587444683724	0.28769548639	8.29127419574e-11	1.3836189105e-05	100.0
-0.00015590901615	-0.00260017885729	0.00753529928752	-0.0214115905161	-0.312152922862	0.902619410815	8.29127419574e-11	1.3836189105e-05	100.0
-0.000391611867287	-0.00951558871018	0.00296289581433	-0.0489503884068	-1.14114298205	0.347011299695	8.29127419574e-11	1.3836189105e-05	100.0
0.00148277030971	0.00456226424518	-0.00061970705819	0.153019605251	0.550092156603	-0.0638398552104	8.29127419574e-11	1.3836189105e-05	100.0
0.00298439288902	-0.00226434084078	0.000913759731608	0.356170727127	-0.272122184548	0.109708234209	8.29127419574e-11	1.3836189105e-05	100.0
-0.0029030168908	-0.00883601954703	-0.00430561880424	-0.350566945317	-1.06048737616	-0.512190867732	8.29127419574e-11	1.3836189105e-05	100.0
-0.00384329776794	-0.0105285475978	-0.00294408556177	-0.462647850995	-1.2615593557	-0.349469614321	8.29127419574e-11	1.3836189105e-05	100.0
0.00423268471855	0.00147900436132	-0.00210599269753	0.504371675229	0.177998874656	-0.25117296658	8.2492016475e-11	1.3765979905e-05	100.0
-0.00452340099825	-0.00873223655181	0.0012760993802	-0.543681744729	-1.04663680877	0.150331585859	8.2492016475e-11	1.3765979905e-05	100.0
0.00216957956301	-0.00649804431394	-0.000518826606273	0.256063255409	-0.785340177176	-0.0601215055456	8.2492016475e-11	1.3765979905e-05	100.0
0.00134527772206	-0.00876959228538	-0.000473443605946	0.148500875701	-1.06262369128	-0.0482939350873	8.2492016475e-11	1.3765979905e-05	100.0
-0.00482504186679	-0.00724614614518	-0.00308811341765	-0.581389712581	-0.869627941488	-0.367138804207	8.2492016475e-11	1.3765979905e-05	100.0
0.00100151314106	-0.00897137574232	-0.00218101062484	0.115011155584	-1.07905682424	-0.251384537155	8.2492016475e-11	1.3765979905e-05	100.0
-0.00105618294392	-0.00156245595119	0.00622927597331	-0.1293807773	-0.186616851701	0.745349826329	8.22932204157e-11	1.3732805512e-05	100.0
-0.00322250787404	-0.00235579335402	0.00205755292645	-0.389339038215	-0.28077434919	0.245123619665	8.22932204157e-11	1.3732805512e-05	100.0
0.00414246447801	0.00118211319087	0.00448486787406	0.495170525323	0.142501877425	0.535238255655	8.22932204157e-11	1.3732805512e-05	100.0
-0.00096794339647	0.000246001687028	0.000848486136307	-0.117463251217	0.0358239104727	0.101217656556	8.22932204157e-11	1.3732805512e-05	100.0
0.000642478425597	-0.00879300953914	0.000514568856454	0.0616638390579	-1.07267878631	0.0487717629775	8.20699331647e-11	1.3695544114e-05	100.0
0.00126022387496	-0.00777444381834	0.00139638804518	0.145175569402	-0.940390696919	0.161468212031	8.20699331647e-11	1.3695544114e-05	100.0
0.00293578731973	-0.0060460895417	0.00327800839721	0.349450047692	-0.728071381571	0.389912552176	8.20699331647e-11	1.3695544114e-05	100.0
0.00107775785254	-0.00451812097015	0.00385084864727	0.126799316119	-0.543252334552	0.459394376376	8.20699331647e-11	1.3695544114e-05	100.0
0.00299776200885	0.00131082446603	-0.00475969870479	0.357325980025	0.158484403575	-0.568247781029	8.20699331647e-11	1.3695544114e-05	100.0
-0.00381102982778	-0.0104573891178	-0.00100426778247	-0.457419745656	-1.25169888342	-0.1200117099	8.20699331647e-11	1.3695544114e-05	100.0
0.00372223697125	-0.00152390523189	-0.00391892493601	0.444533215105	-0.18292128323	-0.467596199386	8.20699331647e-11	1.3695544114e-05	100.0
0.00266447328745	-0.000996173462982	-0.00701989048097	0.317785671622	-0.119454886603	-0.840939981419	8.20699331647e-11	1.3695544114e-05	100.0
-0.00244784325757	-0.0103062564393	-0.000856905577667	-0.290640132335	-1.23268299077	-0.10031812235	8.20699331647e-11	1.3695544114e-05	100.0
-0.00224603443844	-0.0115219279715	-0.000286799205799	-0.269010298751	-1.37555191028	-0.0340497062167	8.20699331647e-11	1.3695544114e-05	100.0
0.000614230153772	-0.00250482799866	-0.00590377813894	0.0710442542233	-0.300461124981	-0.70597117185	8.20699331647e-11	1.3695544114e-05	100.0
-0.00407321538748	-0.0112416453552	-0.000227165821773	-0.48939068605	-1.34485891171	-0.0263361889369	8.20699331647e-11	1.3695544114e-05	100.0
0.000332804964189	-0.00954335406727	-0.00078278957917	0.0265043394866	-1.14287171688	-0.0645568456283	8.20699331647e-11	1.3695544114e-05	100.0
0.00273041656909	-0.00117858438202	0.00624363890809	0.325773577585	-0.141473077688	0.747413290424	8.16464920265e-11	1.3624881735e-05	100.0
-0.00194059497807	-0.00509886436472	0.00671733988457	-0.235835329331	-0.612459644725	0.803470140705	8.16464920265e-11	1.3624881735e-05	100.0
0.00412790458608	-0.00170332151312	-0.00121339626634	0.493109159169	-0.204601586802	-0.144129875669	8.16464920265e-11	1.3624881735e-05	100.0
0.00122974454689	-0.00773903724286	-0.0021645726771	0.142923073949	-0.93319135314	-0.2526841348	8.16464920265e-11	1.3624881735e-05	100.0
0.00271683163476	0.00378066680537	0.00432744636826	0.322413860431	0.455003626278	0.513906601363	8.13419865525e-11	1.3574066923e-05	100.0
-0.00175990683275	0.000342443144106	0.000717748385974	-0.212509516668	0.0471734061688	0.0848134254841	8.13419865525e-11	1.3574066923e-05	100.0
0.00378933634715	0.000643257028424	0.000218439505322	0.451163257391	0.0787137907214	0.0254708056812	8.13419865525e-11	1.3574066923e-05	100.0
-0.00133185053556	0.00347220260261	-0.000269260303783	-0.149480631976	0.436843003039	-0.0261020406427	8.13419865525e-11	1.3574066923e-05	100.0
0.00103179799423	-0.00827750953276	-0.000205987971124	0.112690450662	-1.00771331564	-0.0208578480334	8.12215924807e-11	1.3553975981e-05	100.0
0.00293486813526	-0.00507043101022	-0.00139404802785	0.349365384718	-0.611432283525	-0.165291650892	8.12215924807e-11	1.3553975981e-05	100.0
0.00174230090589	-0.00747052206873	-0.00164761676845	0.203938131839	-0.901794161483	-0.19213904714	8.12215924807e-11	1.3553975981e-05	100.0
-0.00421976277594	-0.00704700761092	-0.00386145195902	-0.509256856713	-0.846385690437	-0.459885447275	8.12215924807e-11	1.3553975981e-05	100.0
-0.00560196748836	-0.00880401758352	-0.00258781426412	-0.674735297309	-1.05614527719	-0.307505554531	8.12215924807e-11	1.3553975981e-05	100.0
0.00117287895007	-0.00827506805817	0.00162939454946	0.13433446713	-0.999067548816	0.186736045217	8.07951842371e-11	1.3482818461e-05	100.0
0.00270672598337	-0.00542714296822	-0.00248029864405	0.322040623305	-0.653892190303	-0.294738103935	8.07951842371e-11	1.3482818461e-05	100.0
0.00181436565835	-0.00185626886259	-0.00601787019065	0.215675604655	-0.222831803921	-0.72045128568	8.07951842371e-11	1.3482818461e-05	100.0
-0.00441824556538	-0.00845849862888	-0.0066245001913	-0.534488560749	-1.01663404835	-0.794995771951	8.07951842371e-11	1.3482818461e-05	100.0
-0.00022556321328	-0.00188819803563	0.00423445191236	-0.0296176363102	-0.22573270992	0.506054340055	8.0380694705e-11	1.3413649894e-05	100.0
-0.0022380109713	0.000125624856076	-0.000239243771001	-0.269947445699	0.0207668528812	-0.0283923701831	8.0380694705e-11	1.3413649894e-05	100.0
0.00381163886586	-0.00325376947721	0.00137184730177	0.455181008631	-0.391891306832	0.162791841185	8.03671667161e-11	1.341139239e-05	100.0
0.00197094586166	-0.00605894230097	0.0019745482477	0.233075481508	-0.730758341387	0.233407886559	7.95062032618e-11	1.3267717813e-05	100.0
0.00177935643445	-0.00679968065882	0.000266462699104	0.208586819565	-0.823079206303	0.0312232434282	7.95062032618e-11	1.3267717813e-05	100.0
0.00216656301479	-0.00473990927299	0.000715044512328	0.2569893868	-0.571873310636	0.0852624062123	7.95062032618e-11	1.3267717813e-05	100.0
0.00195696699639	-0.00630019120927	-0.00018659516867	0.230819153422	-0.761804948878	-0.021339711485	7.95062032618e-11	1.3267717813e-05	100.0
0.00404340890134	-0.000214211884468	-0.00222881558253	0.482544544558	-0.0246249824077	-0.264526928294	7.95062032618e-11	1.3267717813e-05	100.0
-0.00136194545876	-0.0106409331487	0.000325447845823	-0.158110808004	-1.26454399603	0.0360008460503	7.95062032618e-11	1.3267717813e-05	100.0
0.00295836669666	-0.00438832582308	-0.00385191902909	0.35265437165	-0.528015562412	-0.459142614684	7.95062032618e-11	1.3267717813e-05	100.0
0.00155129870535	0.00472583307544	0.000454923899388	0.159950648479	0.563035630975	0.0478410315992	7.94084899445e-11	1.3251411755e-05	100.0
0.000550973863621	-0.000404314685129	-0.00192832784264	0.0642016287343	-0.0448409620782	-0.229676336197	7.94084899445e-11	1.3251411755e-05	100.0
-0.00345501234992	-0.00168850538011	-0.0024661784152	-0.41726258069	-0.200330946476	-0.293322184482	7.94084899445e-11	1.3251411755e-05	100.0
0.00154109210105	0.00571293621026	-0.000599106533373	0.168334162825	0.671344337816	-0.0643424853373	7.94084899445e-11	1.3251411755e-05	100.0
0.00394596789385	0.00545118206886	-0.00168699073603	0.467271039962	0.652790289521	-0.197282010822	7.94084899445e-11	1.3251411755e-05	100.0
-0.00156319384645	0.00268656427441	-0.00274955709426	-0.18782155323	0.327855031185	-0.321503712067	7.94084899445e-11	1.3251411755e-05	100.0
-0.00309970708727	-0.00187855403747	0.00356599182718	-0.374704132813	-0.223648547141	0.42526019802	7.89180123411e-11	1.3169562564e-05	100.0
0.00436284326947	0.00478689217052	-4.5453023585e-05	0.517296927971	0.572938638265	-0.00741932730145	7.89180123411e-11	1.3169562564e-05	100.0
-0.00127252716586	0.00351130174382	-0.000282597323967	-0.142312907841	0.442522286665	-0.0291220583936	7.89180123411e-11	1.3169562564e-05	100.0
0.00134600718371	-0.00028138308881	-0.00353487004331	0.159221904748	-0.0312348689838	-0.420579189851	7.89180123411e-11	1.3169562564e-05	100.0
-0.00201158865766	-0.00514927126834	-0.00382129310133	-0.243697268535	-0.618811061739	-0.455457846377	7.89180123411e-11	1.3169562564e-05	100.0
0.00397834453549	0.0026113364399	-0.00515471301966	0.474894222687	0.314237991778	-0.614476064829	7.89180123411e-11	1.3169562564e-05	100.0
-0.000456015634974	-0.00023489980942	-0.00368268896236	-0.057041798753	-0.0260612549845	-0.437536834335	7.89180123411e-11	1.3169562564e-05	100.0
0.00392313124581	-0.00133228703462	-0.000650536716637	0.468188686205	-0.16015963272	-0.0768038455639	7.86381489286e-11	1.3122859934e-05	100.0
-0.0013902147878	-0.00365960508581	0.00321960494682	-0.169486227577	-0.439701757524	0.384492501838	7.86381489286e-11	1.3122859934e-05	100.0
-0.00132452406062	-0.0110471708452	0.00066110393983	-0.156779153285	-1.31574057245	0.0741982268003	7.86381489286e-11	1.3122859934e-05	100.0
0.00309701802915	-0.000298591306875	-0.00256790083463	0.368657560419	-0.0353135002799	-0.30548285389	7.86381489286e-11	1.3122859934e-05	100.0
0.00276834181417	0.00206590727899	-0.00154537383225	0.32697519644	0.251178191246	-0.180750631212	7.86381489286e-11	1.3122859934e-05	100.0
-0.00512678608406	-0.0110946341992	0.00146831217077	-0.617809901121	-1.33067377574	0.17498805554	7.86381489286e-11	1.3122859934e-05	100.0
-0.00390176957973	-0.0111995147194	0.000475724369705	-0.4685802908	-1.33979765457	0.0556805110932	7.86381489286e-11	1.3122859934e-05	100.0
0.00191159165122	-0.00533389508337	-0.00486597879164	0.226888861828	-0.641448604872	-0.580556293132	7.86381489286e-11	1.3122859934e-05	100.0
-0.000301015758709	-0.00509235576245	-0.00682430192838	-0.0388619237487	-0.611769275339	-0.816306362395	7.86381489286e-11	1.3122859934e-05	100.0
-0.00307986930652	-0.0110326972201	-0.000913888687454	-0.369191678783	-1.31898661257	-0.107097204184	7.86381489286e-11	1.3122859934e-05	100.0
0.00134534273201	-0.00896760006625	-0.00162684596232	0.154002566184	-1.08017280092	-0.184464995819	7.86381489286e-11	1.3122859934e-05	100.0
-0.00103253482605	-0.00820568258596	-0.00328145518678	-0.125826167464	-0.985939539672	-0.387043867377	7.86381489286e-11	1.3122859934e-05	100.0
0.00232831048825	0.00496144899648	0.00372737576445	0.274635817455	0.5941930384	0.440035826777	7.84245173425e-11	1.308720984e-05	100.0
-0.00189558631646	0.00259455749312	0.000418587942756	-0.224062078523	0.324235444924	0.0480662909892	7.84245173425e-11	1.308720984e-05	100.0
0.00367078671341	0.00630428537049	0.000594830009937	0.433336733553	0.750777725927	0.069160817783	7.84245173425e-11	1.308720984e-05	100.0
-0.00133715167598	-0.00916068497692	-0.000995633654564	-0.152635103884	-1.10436015369	-0.109664951549	7.84245173425e-11	1.308720984e-05	100.0
-0.00328075195959	-0.00230063896317	-0.00143544325842	-0.396413876197	-0.274123443633	-0.169930140055	7.84245173425e-11	1.308720984e-05	100.0
0.00147801514464	0.005543599012	-0.00196594452397	0.168234403922	0.659646946504	-0.223442662958	7.84245173425e-11	1.308720984e-05	100.0
0.000965695923371	-0.00732470578473	0.0042681410194	0.113146270298	-0.880467971628	0.5072919079	7.82012300915e-11	1.3049948443e-05	100.0
0.0051635095361	0.00226562745889	0.00179675049947	0.616673675872	0.272973836507	0.214745747286	7.82012300915e-11	1.3049948443e-05	100.0
-0.00144156382147	-0.010491657893	0.00225033243672	-0.173066551048	-1.25512994972	0.262440861945	7.82012300915e-11	1.3049948443e-05	100.0
0.00117433742611	-0.00742955829651	0.000206198476099	0.134388210211	-0.901882959573	0.0249122482782	7.82012300915e-11	1.3049948443e-05	100.0
0.00253270368948	-0.00409529519968	-0.00108099752325	0.301182277017	-0.493894997963	-0.129410935641	7.82012300915e-11	1.3049948443e-05	100.0
0.00440170649755	0.00336952342678	0.00465816374578	0.525572771827	0.404884050478	0.554916815187	7.79278037888e-11	1.3004320016e-05	100.0
-0.00207630275776	0.00119416642198	0.00114382032812	-0.249710947173	0.150716587739	0.134799957648	7.79278037888e-11	1.3004320016e-05	100.0
0.00458071236137	0.00347080227914	0.00216880399722	0.544868932673	0.416205354521	0.255826027782	7.79278037888e-11	1.3004320016e-05	100.0
0.000309232645682	-0.00713244782434	0.00442669662142	0.0344276794106	-0.85829130984	0.528250561085	7.79278037888e-11	1.3004320016e-05	100.0
-0.00409600646061	-0.00290462625823	-0.000295875230983	-0.494697694652	-0.346895038882	-0.0364050237601	7.79278037888e-11	1.3004320016e-05	100.0
-0.00184591402577	0.00224550220674	-7.98704566054e-05	-0.2192218855	0.281549103445	-0.00989134976563	7.79278037888e-11	1.3004320016e-05	100.0
0.00334943185859	0.00643094067515	0.0012585161052	0.39481166275	0.766357239252	0.147638561239	7.79278037888e-11	1.3004320016e-05	100.0
-0.00161681783443	-0.00777400400259	-0.000773506386478	-0.192210424722	-0.939494954153	-0.0895228462366	7.79278037888e-11	1.3004320016e-05	100.0
-0.00414796529594	-0.0047559764978	-0.00236153698637	-0.500812099353	-0.570353196162	-0.282076882056	7.79278037888e-11	1.3004320016e-05	100.0
