# x[AU] y[AU] z[AU] vx[AU/yr/2pi] vy[AU/yr/2pi] vz[AU/yr/2pi] m[MSUN] m[mtot] wf[%]
0.000100600871931	0.00465378202541	1.02359540633e-06	0.0155361728844	0.559689802011	0.000394658288214	3.97257366438e-06	0.66186628815	19.3447563949
-0.000217881555658	-0.00933946103019	2.13709843432e-06	-0.0335802070028	-1.12254423712	0.000312191244778	1.96394398181e-06	0.32721062545	9.12142782681
-0.000983791778929	-0.00844498774941	0.00026148467682	-0.106834038983	-1.02952173858	0.0272620175871	3.2071029485e-10	5.3433202341e-05	0.0
-0.000256732827261	-0.00778948757323	-0.000338211909155	-0.0320102871993	-0.951907790435	-0.036105485724	3.1368519515e-10	5.2262757925e-05	0.0
-0.000393849149806	-0.00750106415452	-0.000416094408568	-0.0483247951167	-0.914166558417	-0.0464735897119	3.06368112167e-10	5.1043666484e-05	0.0
-0.000394457111701	-0.00698864304089	0.000221705232366	-0.0494271846902	-0.849670138808	0.0251555351406	3.03856382042e-10	5.062518979e-05	0.0
-0.000596340269701	-0.00703024430949	-0.000330694155355	-0.0731241524116	-0.854608998067	-0.0388606715642	3.03856382042e-10	5.062518979e-05	0.0
-0.00130863223242	-0.00607203877013	-0.000646072026946	-0.15865031251	-0.73373329696	-0.0759205451383	3.0130497317e-10	5.0200102261e-05	0.0
-9.47195339659e-05	-0.00763503206934	0.000357779207428	-0.0140526390087	-0.932201952462	0.0388863964735	3.00013678859e-10	4.9984961085e-05	0.0
-0.000192196094607	-0.00682590635363	4.7693791768e-05	-0.0254070342091	-0.829233394437	0.00518394549441	3.00013678859e-10	4.9984961085e-05	0.0
-0.000761120289729	-0.00709369680153	-0.000861208752285	-0.0927669029059	-0.860390501552	-0.0989341485382	3.00013678859e-10	4.9984961085e-05	0.0
4.90001235084e-05	-0.00817489114636	0.000555385442067	0.0013191498648	-1.00141194861	0.0567458832639	2.96073865837e-10	4.9328553012e-05	0.0
-8.42905509416e-05	-0.0079743450807	-0.000512675057066	-0.0119955105485	-0.974650197131	-0.0533753697677	2.96073865837e-10	4.9328553012e-05	0.0
-0.000650371628799	-0.00656804504431	-0.000404504825195	-0.0803026829035	-0.796632469103	-0.0471484782818	2.93388937223e-10	4.8881219902e-05	0.0
-0.000765864859867	-0.0062835589188	-0.000394958063464	-0.0935887018058	-0.760921008421	-0.0462169408031	2.93388937223e-10	4.8881219902e-05	0.0
-0.000869287785591	-0.00604348902701	-0.00100794706024	-0.106679771281	-0.73084257456	-0.118727530674	2.93388937223e-10	4.8881219902e-05	0.0
-0.000507969831445	-0.00809199931079	-0.00238639329116	-0.0629291888019	-0.976402592378	-0.279341768276	2.92027790211e-10	4.865444064e-05	0.0
0.000271252096585	0.00359739205426	-0.00018025421289	0.0213431249902	0.471378709757	-0.0136895923867	1.53619717672e-10	2.5594418358e-05	100.0
0.000892302764908	0.00389471003861	-0.000553562878746	0.0832392210402	0.488520919597	-0.0500136909919	1.38354362902e-10	2.3051073777e-05	100.0
0.00123353613963	0.00270014576631	0.00040965643523	0.139326581973	0.338689545104	0.0469611753341	1.37935699307e-10	2.2981320679e-05	100.0
0.00135502587504	0.000808891468066	-0.000145325075011	0.1597724804	0.103454501076	-0.0175938206438	1.36680865188e-10	2.2772254097e-05	100.0
0.00111864676815	0.00340276174038	0.000708269999995	0.120967463156	0.426000769774	0.0753424594782	1.35845147274e-10	2.2633016021e-05	100.0
0.00105861302991	0.00326018629836	0.000316976792845	0.113179074904	0.411171021624	0.0332244888827	1.34175622464e-10	2.2354858261e-05	100.0
0.00133861469226	0.00358163684077	-0.000542585410081	0.143619424272	0.445315874874	-0.0577387641731	1.33758568145e-10	2.2285373283e-05	100.0
0.000582882501302	0.00373509539371	0.000611859668682	0.0527592375186	0.475461563519	0.0545788696699	1.33341664697e-10	2.2215913442e-05	100.0
0.000314199029773	0.00308294365175	0.000451061884392	0.0314392008962	0.394995454687	0.0468112608679	1.33341664697e-10	2.2215913442e-05	100.0
0.0016017109537	0.00305665501735	0.000653693866306	0.181346329004	0.379182715174	0.0736151648337	1.31674905832e-10	2.1938216514e-05	100.0
0.00138124477175	0.00192156039197	0.0004499304651	0.16138860193	0.241257372262	0.0525166494131	1.31674905832e-10	2.1938216514e-05	100.0
0.001465651843	0.00285819943987	-0.000119110883909	0.166046514806	0.357605405475	-0.0123670220764	1.31674905832e-10	2.1938216514e-05	100.0
0.00106799576907	0.00449932299832	-0.000523911706599	0.0936664862154	0.54478789793	-0.045559760273	1.31674905832e-10	2.1938216514e-05	100.0
0.000901742953418	0.00220306660916	-0.00121381376012	0.103339849983	0.274858413192	-0.140524771246	1.30842054444e-10	2.1799456026e-05	100.0
0.00175042994452	0.00253634761454	-0.000826727160095	0.203408634308	0.315020092651	-0.0957907249141	1.30842054444e-10	2.1799456026e-05	100.0
0.00128544563469	0.00433188421137	0.000360777965177	0.123165235892	0.526204952439	0.0332050654169	1.30425704185e-10	2.1730088351e-05	100.0
0.00176156685437	0.00199566611499	0.000220361161437	0.20590665616	0.248849258562	0.0263360744467	1.30425704185e-10	2.1730088351e-05	100.0
0.0017387424009	0.00035321353356	-0.00101994125368	0.20660349134	0.046650257837	-0.121747305585	1.30425704185e-10	2.1730088351e-05	100.0
0.000509097424787	0.00321447379264	0.000136494415712	0.0493110195466	0.412494284141	0.0165744566802	1.28344506078e-10	2.138334214e-05	100.0
0.000718799766045	0.00193755271277	-0.00110561526876	0.0821053104996	0.243365751449	-0.128639738181	1.28344506078e-10	2.138334214e-05	100.0
0.00147704735205	0.0020094269942	0.00236356054572	0.174008712052	0.246841182086	0.279249457336	1.27512107299e-10	2.1244657062e-05	100.0
0.000941375760103	0.00232381969979	0.0011436177011	0.10841396453	0.290744113854	0.131628355952	1.27512107299e-10	2.1244657062e-05	100.0
0.00202183038024	0.00359905501643	0.000891782973085	0.230637927578	0.44044637932	0.101635950193	1.2667965823e-10	2.1105963604e-05	100.0
0.000864887945026	0.00211754784803	-0.000117671194668	0.0993754131201	0.267735050454	-0.0133450924788	1.2667965823e-10	2.1105963604e-05	100.0
0.000718300965897	0.00373799677959	-0.000625910600832	0.0679542679242	0.472785055304	-0.0575981846545	1.2667965823e-10	2.1105963604e-05	100.0
0.00149106652659	0.00388983059864	0.00119027004239	0.164428541479	0.473669447452	0.1302910204	1.24181204645e-10	2.06896989e-05	100.0
0.00131218826051	0.00334470135095	-0.000916737397052	0.146069158788	0.4140414917	-0.0988395818332	1.24181204645e-10	2.06896989e-05	100.0
0.000600728781864	0.00373375741022	-0.000964862732234	0.0594991014897	0.468049033458	-0.0952998902643	1.24181204645e-10	2.06896989e-05	100.0
0.000706426611659	0.00388993603797	0.000983292748297	0.0695843528485	0.485045883818	0.0966872101301	1.23764502356e-10	2.0620272574e-05	100.0
0.00209932028819	0.00568952610948	0.000282955337987	0.237225694477	0.67918902288	0.0319200148627	1.23347749777e-10	2.0550837868e-05	100.0
0.00128680399507	0.00391509318702	-9.30788418501e-05	0.129669553453	0.487442873184	-0.00874764773067	1.23347749777e-10	2.0550837868e-05	100.0
3.90874303942e-05	0.00288624040623	-0.000735934324699	0.00152976962765	0.367186963559	-0.0799073922577	1.23347749777e-10	2.0550837868e-05	100.0
-0.000141908303044	0.00320926212341	-0.000445406675504	-0.0171039466825	0.413500377803	-0.0448085907514	1.23347749777e-10	2.0550837868e-05	100.0
0.000818803176053	0.00441104348232	0.000776163706186	0.0699573199567	0.535069803511	0.064692224593	1.21679331345e-10	2.0272864441e-05	100.0
-0.000157316142388	0.00350070014325	0.00067807667352	-0.0187856472345	0.449644285573	0.0648594206417	1.2084421691e-10	2.0133726911e-05	100.0
0.000945508989588	0.00368549378223	0.000776262627714	0.0963790629873	0.458656521884	0.0769522907292	1.2084421691e-10	2.0133726911e-05	100.0
0.000234618724577	0.00267210335247	0.000289693581895	0.0244274273847	0.341429396148	0.0315452007215	1.2084421691e-10	2.0133726911e-05	100.0
0.00180364440481	0.0034353497002	5.37989783801e-05	0.201991510709	0.42363064691	0.00589034826546	1.20426408244e-10	2.0064116251e-05	100.0
-8.96884738146e-05	0.00248905588173	-0.000573200600328	-0.0128257260532	0.316753874322	-0.0642766791996	1.20426408244e-10	2.0064116251e-05	100.0
0.000483660513197	0.00203084676719	-0.00165169083513	0.0544739039421	0.252740974632	-0.192152934774	1.20008398417e-10	1.9994472077e-05	100.0
0.00131203572739	0.00233024333922	-0.00128744629538	0.152034299804	0.289905467853	-0.148961673833	1.20008398417e-10	1.9994472077e-05	100.0
0.00161953440611	0.00455512221331	0.000153802455579	0.167796268596	0.545602725272	0.0188300640808	1.19590187431e-10	1.9924794388e-05	100.0
0.00105223780582	0.00353322346399	0.0012323041259	0.114465977035	0.436569191157	0.135050485865	1.19171775285e-10	1.9855083184e-05	100.0
0.000472325533514	0.00166707498799	3.6443109716e-05	0.0541608425557	0.211944113707	0.00421553193327	1.19171775285e-10	1.9855083184e-05	100.0
0.00114675302528	0.00398852131269	-0.00080413405844	0.117075442086	0.491151756285	-0.079845188315	1.19171775285e-10	1.9855083184e-05	100.0
0.000210747243116	0.00377730832448	-0.000614903909993	0.0157672967758	0.486868080193	-0.0491667574526	1.19171775285e-10	1.9855083184e-05	100.0
2.66081487883e-05	0.002201721162	-0.000596628784222	0.000768485774848	0.279741561591	-0.0690915538576	1.17915030149e-10	1.9645698209e-05	100.0
0.00112469900903	0.00377449439513	0.00134667311745	0.123253035317	0.463604666789	0.146326287021	1.17495612204e-10	1.9575819429e-05	100.0
4.32454009721e-05	0.00230131748961	0.000850218758695	0.00297401769378	0.291435175766	0.0971300767839	1.17495612204e-10	1.9575819429e-05	100.0
0.00174741472534	0.00283574624555	-0.00144184096866	0.20313204277	0.349286976019	-0.167180192992	1.17495612204e-10	1.9575819429e-05	100.0
0.00154383545327	0.0015887880951	-0.00115057060709	0.181691966187	0.198705104947	-0.13480275754	1.17495612204e-10	1.9575819429e-05	100.0
0.000171843639964	-0.00239190020423	0.00235491912225	0.0178733206736	-0.286378815674	0.281337926153	1.17381856402e-10	1.9556866696e-05	100.0
-0.00152519572319	-0.00386776223888	0.00239045683863	-0.186692189658	-0.464986890728	0.285031194251	1.17381856402e-10	1.9556866696e-05	100.0
0.0019629508974	0.00305984112239	0.00260050285295	0.230426801348	0.371669745361	0.306610770464	1.16655871097e-10	1.9435911053e-05	100.0
-0.00031151400796	0.00257465726696	-0.000544949392759	-0.0372750807836	0.328172265977	-0.0611664946897	1.16655871097e-10	1.9435911053e-05	100.0
0.000314884462169	-0.0080936090964	0.000603349413408	0.0310373545834	-0.989605068821	0.0645993858284	1.16446413574e-10	1.9401013557e-05	100.0
-1.42081987428e-05	-0.00640565111412	0.00209443336716	-0.0049639434816	-0.774169473555	0.248623682347	1.16446413574e-10	1.9401013557e-05	100.0
-0.000859509290128	-0.00246680617941	0.00180094127516	-0.106382049486	-0.29561461643	0.216026138634	1.16446413574e-10	1.9401013557e-05	100.0
7.19502481796e-05	-0.00830540025995	-5.64728964708e-05	0.00202716293209	-1.02501257148	-0.00543231746632	1.15979270494e-10	1.9323183344e-05	100.0
-0.00149125477392	-0.000651338694114	-0.00182648502516	-0.181503719161	-0.074425627481	-0.217642881619	1.15979270494e-10	1.9323183344e-05	100.0
-0.00198930151925	-0.00715405443468	-0.00246738190465	-0.240214623439	-0.860980870722	-0.291989191943	1.15979270494e-10	1.9323183344e-05	100.0
0.00198449383498	-0.000481322606706	-0.000536697864537	0.236471958336	-0.0545813754825	-0.0631558158942	1.15814923031e-10	1.9295801587e-05	100.0
0.000729345416813	0.00171026907858	-0.000573047144233	0.0842078240183	0.216597961092	-0.0655541082533	1.15814923031e-10	1.9295801587e-05	100.0
0.0017500799356	0.00423174192459	0.000120094081433	0.186599886329	0.509875698079	0.0133057075883	1.15814923031e-10	1.9295801587e-05	100.0
0.00153112805041	0.00271853456802	-0.000790189478278	0.174694472104	0.337295451509	-0.0894582604797	1.15814923031e-10	1.9295801587e-05	100.0
0.00195736528862	0.00301814925411	-0.0017984942144	0.229144522178	0.369754892456	-0.209613984456	1.15814923031e-10	1.9295801587e-05	100.0
-0.000201295330482	0.00315174158111	-0.000742289546973	-0.0244524548773	0.401777954316	-0.0769444015008	1.15814923031e-10	1.9295801587e-05	100.0
0.000891897053452	-0.000758511838498	0.000990311542115	0.104101627989	-0.0878627724914	0.118243619527	1.15045939843e-10	1.9167682113e-05	100.0
1.05985617414e-05	-0.00395002626672	0.00073553569603	-0.00147976816129	-0.475857795779	0.0870637113289	1.15045939843e-10	1.9167682113e-05	100.0
-0.000267579821783	-0.00787179446265	-0.000771311438058	-0.03377658473	-0.960270362708	-0.0856592600995	1.15045939843e-10	1.9167682113e-05	100.0
-0.000272770169268	-0.00598134453801	-0.000792213133018	-0.0355526615621	-0.723813013993	-0.0929127214798	1.15045939843e-10	1.9167682113e-05	100.0
-0.00179115524971	-0.0098129601366	9.70601837316e-05	-0.20608060378	-1.17474273518	0.0134535133218	1.15045939843e-10	1.9167682113e-05	100.0
-0.000327486605048	-0.00876469824848	-0.00114598230241	-0.0395309601471	-1.06197547642	-0.118011616458	1.15045939843e-10	1.9167682113e-05	100.0
0.00397391293545	0.00377634725392	0.000501415245825	0.470597099344	0.454479113174	0.0593734989303	1.14972667428e-10	1.9155474274e-05	100.0
-0.000302091546822	0.00353515366833	-0.000589961601031	-0.0320342024973	0.455600819658	-0.0557256420926	1.14972667428e-10	1.9155474274e-05	100.0
-0.000442935896901	-0.0081243819455	0.000193420567556	-0.0526139341555	-0.997684446675	0.0192801032798	1.14579752272e-10	1.9090011096e-05	100.0
-0.000452549737454	-0.00838792790785	-4.32919324901e-05	-0.050736777244	-1.03579451685	-0.00505659600583	1.14579752272e-10	1.9090011096e-05	100.0
0.000436592167077	-0.00423686408065	0.00222451739054	0.0495696869899	-0.510735703963	0.266234000942	1.14579752272e-10	1.9090011096e-05	100.0
-0.00161615463535	-0.00568614915981	0.00363086316382	-0.19718649562	-0.684782584776	0.433916866728	1.14579752272e-10	1.9090011096e-05	100.0
0.00137478069412	-0.000600663990012	0.00132386173101	0.162774294135	-0.0684717126179	0.157389491397	1.14579752272e-10	1.9090011096e-05	100.0
0.00045853307892	-0.00131716534793	0.00263587266045	0.0528145672646	-0.15596808332	0.315140651715	1.14579752272e-10	1.9090011096e-05	100.0
-1.87340370714e-05	-0.00776594494269	-0.000481857334604	-0.00656711181432	-0.948422040347	-0.0516036168991	1.14579752272e-10	1.9090011096e-05	100.0
-0.000977392917197	-0.00288940808708	-0.00260544040297	-0.120032762485	-0.346739567626	-0.311762246482	1.14579752272e-10	1.9090011096e-05	100.0
-0.00141099708152	-0.00283785519783	-0.00201838159051	-0.172422766177	-0.340355280793	-0.241851446945	1.14579752272e-10	1.9090011096e-05	100.0
-0.000204451115827	-0.00889400675006	-0.00247469091537	-0.0264684984333	-1.07097057628	-0.287848945363	1.14579752272e-10	1.9090011096e-05	100.0
-0.00288031850864	-0.00913100957793	-0.0032335852551	-0.347626115024	-1.09768024527	-0.385069425974	1.14579752272e-10	1.9090011096e-05	100.0
-0.000242694218334	0.00175448840376	0.000907316463295	-0.0304265966561	0.222016996734	0.104293878048	1.14550986437e-10	1.9085218451e-05	100.0
0.00124366059516	0.00152796613949	0.00177422031709	0.14654126344	0.19107079271	0.209925129138	1.14550986437e-10	1.9085218451e-05	100.0
0.00212830233345	0.000483857239788	-0.00257166838298	0.253788565349	0.0616664522101	-0.306250181492	1.14550986437e-10	1.9085218451e-05	100.0
0.000101343947732	0.00223646462275	-0.00121123101173	0.00941997257159	0.280916488576	-0.138053839918	1.14550986437e-10	1.9085218451e-05	100.0
0.00031083005533	0.00379224950727	0.00083292956903	0.0276746581733	0.481679130841	0.0752679826475	1.14128953416e-10	1.9014903977e-05	100.0
0.000856478821192	0.00116225533991	0.00061901683987	0.100284542299	0.148268481082	0.0733112482343	1.14128953416e-10	1.9014903977e-05	100.0
0.000217070179763	0.000789914667749	0.000155131025745	0.0242674693952	0.103405418649	0.0186893315507	1.14128953416e-10	1.9014903977e-05	100.0
0.00266874077861	0.00430294907319	0.000530939156462	0.307631358112	0.517519606271	0.0595856161675	1.14128953416e-10	1.9014903977e-05	100.0
-5.47257425583e-05	0.00333627308854	-0.00159903444842	-0.0101445206455	0.412597633797	-0.175563729919	1.14128953416e-10	1.9014903977e-05	100.0
0.000364059502947	0.0030718930325	-0.00117174930532	0.0384377467547	0.384340263458	-0.12676527228	1.14128953416e-10	1.9014903977e-05	100.0
-0.000430923916847	-0.00869122003152	0.000749848888658	-0.0484512436041	-1.06080721749	0.0685716235555	1.1411376586e-10	1.9012373594e-05	100.0
0.000353415249339	-0.00687299529792	-0.000353175123789	0.0386752224286	-0.835139584007	-0.0404425824217	1.1411376586e-10	1.9012373594e-05	100.0
0.00210488655097	-1.51701434972e-05	-0.000701441228267	0.24961205394	0.00187415855003	-0.0831720744613	1.13706467787e-10	1.8944514094e-05	100.0
-0.000112750140527	0.00224695763267	-0.00080757798052	-0.0150615115614	0.284664908751	-0.0911807575938	1.13706467787e-10	1.8944514094e-05	100.0
-0.000141817613712	0.00104148543673	0.00158392406985	-0.0188415209218	0.1329342029	0.186397706385	1.13283630128e-10	1.8874065559e-05	100.0
0.000383138621799	0.00174267419148	0.000442752442652	0.0433096510254	0.221493877875	0.0503756155471	1.13283630128e-10	1.8874065559e-05	100.0
-0.000617962718182	-0.00559986597844	0.00103580852311	-0.0775805977326	-0.677339366804	0.123669333349	1.13182647966e-10	1.8857241028e-05	100.0
-9.78377288829e-05	-0.00816292741458	0.00117478850707	-0.0149371171143	-0.992136492015	0.128927028519	1.12717365613e-10	1.8779720829e-05	100.0
2.37192592708e-05	-0.00821561926282	-0.000432097949192	-0.00143191469623	-1.00887086258	-0.0438271004226	1.12717365613e-10	1.8779720829e-05	100.0
-0.000136233861563	-0.00591687799665	-0.000675689537405	-0.0196418080443	-0.716873113367	-0.0801532541106	1.12717365613e-10	1.8779720829e-05	100.0
-0.00115846082507	-0.00970963775422	0.000238342276853	-0.120531375133	-1.15723984229	0.0219940118847	1.12717365613e-10	1.8779720829e-05	100.0
0.00222981311645	0.000491127108469	-0.00266975005614	0.265303142335	0.0619955624432	-0.319071758484	1.12436647272e-10	1.8732950643e-05	100.0
-6.29793693802e-05	0.00117824266719	-0.00141536122633	-0.0100511913258	0.149417843709	-0.166358999584	1.12436647272e-10	1.8732950643e-05	100.0
3.90809139505e-05	-0.00582440988667	0.000867805580872	0.00150288346914	-0.704949574391	0.102423575656	1.11787354096e-10	1.8624772595e-05	100.0
-0.000191622816393	-0.00424132055644	0.00392140011201	-0.0260682036766	-0.510221159917	0.469793612045	1.11787354096e-10	1.8624772595e-05	100.0
0.000330078500222	-0.00514190126076	0.00037536383059	0.0365274189761	-0.621655650345	0.0447209047529	1.11787354096e-10	1.8624772595e-05	100.0
0.00128256058854	-0.00243168081917	0.00192669849612	0.151699153954	-0.291695673773	0.230923814885	1.11787354096e-10	1.8624772595e-05	100.0
-0.000157784922857	-0.00658576680557	0.00301164792555	-0.0215485264458	-0.7946642247	0.358748794726	1.11787354096e-10	1.8624772595e-05	100.0
0.000384283934477	0.00382815745391	0.0015952320044	0.0397074756898	0.470710413357	0.171318130189	1.11587803688e-10	1.8591525713e-05	100.0
0.00021835960839	0.00305361033839	0.00100731526508	0.0219998276894	0.385513254433	0.108357045843	1.11587803688e-10	1.8591525713e-05	100.0
0.00117439567968	-0.00253539678276	0.000569251129909	0.139203358431	-0.303365085197	0.068032252056	1.11587803688e-10	1.8591525713e-05	100.0
-0.000681049527064	-0.000799453573305	-0.0003780889007	-0.0841463274783	-0.0916388131664	-0.0455727323652	1.11587803688e-10	1.8591525713e-05	100.0
-0.000481726787218	-0.000410550128278	-0.00132762876765	-0.0599859919668	-0.0445462652175	-0.159184729324	1.11587803688e-10	1.8591525713e-05	100.0
0.000693420426806	0.00119105191669	0.00143775139401	0.0802524917087	0.150520838785	0.170345671076	1.11587803688e-10	1.8591525713e-05	100.0
0.000241214090663	0.0012269626448	-0.000692480841106	0.0269349849336	0.157088318105	-0.0811125507318	1.11587803688e-10	1.8591525713e-05	100.0
0.00286551294222	0.00340373812553	-0.00160030349108	0.337204236669	0.412930367651	-0.186229132905	1.11587803688e-10	1.8591525713e-05	100.0
-2.69551585683e-05	0.00286380131873	-0.00119955693347	-0.0057950347308	0.359794870574	-0.132722106904	1.11587803688e-10	1.8591525713e-05	100.0
-0.000559745514914	-0.00750678898065	-0.000323565793146	-0.0683350503196	-0.914879572301	-0.0365611133364	1.10857845479e-10	1.846990815e-05	100.0
0.00168679372908	-0.00152574565194	1.4213807955e-05	0.199818714688	-0.18176188824	0.00148456141793	1.10857845479e-10	1.846990815e-05	100.0
-0.000912396736339	-0.000599275130365	0.0012323051921	-0.111905208805	-0.0676600460303	0.146202604262	1.10857845479e-10	1.846990815e-05	100.0
0.000773938120899	0.00447780929552	0.00100074860705	0.0713269160839	0.544444426365	0.0917372635556	1.10736998798e-10	1.8449774012e-05	100.0
6.35208652017e-05	0.00135995619976	0.000720018110458	0.00603357918116	0.173661977553	0.0847220150211	1.10736998798e-10	1.8449774012e-05	100.0
-0.000419571950345	0.00231465914916	0.000155029364385	-0.0499921607433	0.295189944953	0.0172212500892	1.10736998798e-10	1.8449774012e-05	100.0
0.000923291160119	0.0025932201273	-0.00154151920686	0.105100716456	0.322128305493	-0.176870684232	1.10736998798e-10	1.8449774012e-05	100.0
-0.000404940396047	0.00138821047939	-0.00218574580032	-0.0506206049191	0.173904926884	-0.257569863786	1.10736998798e-10	1.8449774012e-05	100.0
0.000264196539416	-0.00549047447585	0.00137440025101	0.0285550485223	-0.663596991974	0.162234211848	1.10393216895e-10	1.8392496874e-05	100.0
-0.000356788099003	-0.00716830718367	0.00353409296326	-0.0456198117585	-0.863885185878	0.420441577099	1.10393216895e-10	1.8392496874e-05	100.0
0.00140003993105	-0.00441246491411	-0.00275460983898	0.165565821591	-0.531930696592	-0.329423164747	1.10393216895e-10	1.8392496874e-05	100.0
0.000309807098645	-0.00175621487613	-0.00266788266098	0.0349953179983	-0.209937385552	-0.319575414627	1.10393216895e-10	1.8392496874e-05	100.0
-0.00078434661918	-0.00711422845673	-0.00237496302853	-0.0960831017819	-0.858529528094	-0.279592903678	1.10393216895e-10	1.8392496874e-05	100.0
-0.00209424374982	-0.0093221333778	-0.000150854391579	-0.243890536822	-1.11968659061	-0.0146805104827	1.10393216895e-10	1.8392496874e-05	100.0
0.00480937044674	0.00299996331953	0.000989502573849	0.573611375563	0.361368485859	0.115605045552	1.10310842004e-10	1.8378772481e-05	100.0
-0.00109170788899	-0.00385372589571	0.000929793642578	-0.13375593735	-0.463845038313	0.110875615191	1.10310842004e-10	1.8378772481e-05	100.0
-0.000880296602577	-0.00274134728055	-0.000492624111922	-0.108311417097	-0.328348723748	-0.0594785182775	1.10310842004e-10	1.8378772481e-05	100.0
-0.000130890567669	0.00169842454168	0.000266523671924	-0.0166082442833	0.216637801091	0.0319111015231	1.10310842004e-10	1.8378772481e-05	100.0
-0.000330089314647	-0.00806921721647	0.00111685295545	-0.041600646408	-0.981599444942	0.124048708846	1.09928688891e-10	1.8315102355e-05	100.0
-0.00017672264997	0.00273560861973	0.00039546796125	-0.0215051897115	0.350041656242	0.0430619052589	1.09884132021e-10	1.8307678782e-05	100.0
0.000280946016513	-0.00595561806482	0.00328127796802	0.0305936329156	-0.717674742536	0.390746239906	1.09464160888e-10	1.8237707837e-05	100.0
-0.00197431228137	-0.000978281410525	0.00257725215637	-0.239811630043	-0.114811490064	0.307523847026	1.09456868849e-10	1.8236492918e-05	100.0
6.9605471537e-05	-0.000755423108973	0.000637412363464	0.0067303488853	-0.0866136969225	0.0754241677523	1.09456868849e-10	1.8236492918e-05	100.0
-0.000383568935343	0.00218728242433	-0.000856920168383	-0.0464241820196	0.27719224249	-0.0982826019721	1.09456868849e-10	1.8236492918e-05	100.0
0.000378557793664	0.00241952063767	0.00276305593105	0.0420038942373	0.296574707576	0.324706164584	1.09029002198e-10	1.8165206509e-05	100.0
-0.00136704242462	-0.000183336203869	-0.000392263822783	-0.166089689247	-0.0169093697347	-0.0471171357249	1.09029002198e-10	1.8165206509e-05	100.0
0.000125523062134	-0.00639172332444	0.000480272358188	0.0117380831461	-0.774876754619	0.0560462022605	1.08999632884e-10	1.8160313319e-05	100.0
0.000250244826847	-0.00623345212339	-4.91226001989e-05	0.0268679027289	-0.755420324033	-0.00622031881709	1.08999632884e-10	1.8160313319e-05	100.0
0.00120399849856	-0.00538028838207	0.000657671241974	0.141550540546	-0.650864002838	0.077536010894	1.08999632884e-10	1.8160313319e-05	100.0
-4.51983240267e-05	-0.00553983337485	-0.000295007050331	-0.00844784875573	-0.670060806694	-0.0350995131257	1.08999632884e-10	1.8160313319e-05	100.0
-0.000389751763639	-0.00571326977811	-0.00182649230107	-0.0502016136463	-0.690141516159	-0.216480584699	1.08999632884e-10	1.8160313319e-05	100.0
-0.00296238849601	-0.0105386390089	0.000595843750823	-0.354735893303	-1.26225479598	0.0701335866632	1.08999632884e-10	1.8160313319e-05	100.0
0.000585835815523	-0.00711901222535	-0.00138094681203	0.066437834364	-0.86243506759	-0.160298681224	1.08999632884e-10	1.8160313319e-05	100.0
-0.00120140069701	-0.00761693712062	-0.00149711341379	-0.145620209884	-0.922230041148	-0.173667144887	1.08999632884e-10	1.8160313319e-05	100.0
0.00074182555728	-0.00349073155364	-0.002299266132	0.086889302997	-0.420070526313	-0.274160001445	1.08999632884e-10	1.8160313319e-05	100.0
-0.00293337616462	-0.0032244214224	-0.00347004957745	-0.355921939867	-0.387312225094	-0.415719874696	1.08999632884e-10	1.8160313319e-05	100.0
-0.00330884289458	-0.0101363291309	-1.38644460833e-05	-0.396320622202	-1.21429370978	-0.00107027730683	1.08999632884e-10	1.8160313319e-05	100.0
-0.000927592238851	-0.00747749565262	-0.00178395828838	-0.11351147833	-0.903988411267	-0.207752094037	1.08999632884e-10	1.8160313319e-05	100.0
-0.00165622720605	-0.00966089209584	-4.68864478136e-06	-0.187874225578	-1.15319252794	0.000820371420602	1.08999632884e-10	1.8160313319e-05	100.0
0.00185183362045	0.00249185134257	0.00145045674116	0.215770520687	0.305868826143	0.167273983379	1.08600532067e-10	1.8093819555e-05	100.0
-0.000693207812483	0.000729833428906	0.00051365302777	-0.0846283936404	0.0956448190337	0.0597667731096	1.08600532067e-10	1.8093819555e-05	100.0
0.00461617478182	0.00428313131933	-0.00021552269019	0.548354509827	0.512786980835	-0.0265933105688	1.08600532067e-10	1.8093819555e-05	100.0
0.000361794948616	-0.00735132307602	0.000952457090621	0.0392513480215	-0.89261294207	0.107714398286	1.0853510488e-10	1.80829188e-05	100.0
0.00180948128495	0.000990255083423	-0.000252794284444	0.213122162414	0.124827908115	-0.0307225649676	1.0853510488e-10	1.80829188e-05	100.0
0.000212827034088	-0.00804756701995	4.38539702444e-05	0.0185825469459	-0.98735702886	0.00195413904441	1.08070526586e-10	1.8005515903e-05	100.0
-0.000997657554092	-0.00572325780864	0.00110412754939	-0.123105175597	-0.691526141975	0.130355882725	1.08070526586e-10	1.8005515903e-05	100.0
0.00106062455714	-0.00552827287381	0.00276087726261	0.124574509909	-0.666721213477	0.328835307965	1.08070526586e-10	1.8005515903e-05	100.0
-0.000764013372886	-0.00801837415658	0.00250816098233	-0.093972135687	-0.966939798678	0.293975621538	1.08070526586e-10	1.8005515903e-05	100.0
0.00111735605746	-0.00515561801549	-0.000270173935096	0.131335773869	-0.623367446034	-0.0319666646032	1.08070526586e-10	1.8005515903e-05	100.0
-0.00379682849991	-0.00988139976514	0.00130710683972	-0.456453622998	-1.18521205147	0.153947541123	1.08070526586e-10	1.8005515903e-05	100.0
0.00206050029855	0.00388785631138	-0.00165743761773	0.238045823021	0.471247401169	-0.190180563182	1.0774178137e-10	1.7950744011e-05	100.0
-0.000197102870469	0.00309094781962	-0.00288673270642	-0.0256546967516	0.37770956059	-0.33709494923	1.0774178137e-10	1.7950744011e-05	100.0
-0.00160806526145	-0.00691533788522	0.00236900899065	-0.194966954237	-0.834111842828	0.281044407445	1.07311400222e-10	1.7879038664e-05	100.0
-0.001285749435	-0.00575508594401	0.00138714329796	-0.15656649923	-0.694524296739	0.163787289409	1.07311400222e-10	1.7879038664e-05	100.0
0.000160388168299	-0.00716855694457	-0.000866021881553	0.0151398540031	-0.871363995663	-0.100274382743	1.07141118548e-10	1.7850668215e-05	100.0
0.00277024369773	0.00274503958752	1.91538852879e-05	0.32519578451	0.335743925325	0.00279113115804	1.07141118548e-10	1.7850668215e-05	100.0
0.0017387449401	0.000780714933665	-0.00017745816451	0.205650675051	0.0999761540221	-0.0217905919192	1.07141118548e-10	1.7850668215e-05	100.0
-0.000323373326877	0.00359923563123	0.00147139697056	-0.0388658690764	0.445657218853	0.157088195487	1.06448576041e-10	1.7735284442e-05	100.0
0.000458332458505	0.00313125223366	0.00176633861708	0.0508765378204	0.387287765372	0.199478550487	1.06448576041e-10	1.7735284442e-05	100.0
0.000929627526844	0.00307506703042	0.00170815698455	0.104328325715	0.3778610745	0.192646713793	1.06448576041e-10	1.7735284442e-05	100.0
0.00043365436942	0.00186081204717	0.00126481200023	0.0494641789579	0.233875225548	0.14635977902	1.06448576041e-10	1.7735284442e-05	100.0
-0.0014365046514	-0.0058790662985	0.000652883962659	-0.174708132422	-0.71047710809	0.0772492885269	1.06448576041e-10	1.7735284442e-05	100.0
-0.00232949447896	-0.00306697396041	0.00012953895426	-0.282740504907	-0.367556348018	0.0152985476679	1.06448576041e-10	1.7735284442e-05	100.0
0.00297648931771	0.00483150626749	0.00131441476894	0.34824251812	0.581035586265	0.15232168924	1.06448576041e-10	1.7735284442e-05	100.0
0.00152561535416	0.00176077163931	0.00287630098702	0.179801794136	0.216428509433	0.34163086281	1.06448576041e-10	1.7735284442e-05	100.0
0.000868359616231	-0.000888345192403	0.000272327458094	0.102526634046	-0.103172536442	0.0320898797195	1.06448576041e-10	1.7735284442e-05	100.0
-0.00179858524657	-0.00146917802434	-0.00128294199705	-0.2185336122	-0.173316128814	-0.153553157974	1.06448576041e-10	1.7735284442e-05	100.0
0.000155804535078	0.00126111283655	2.08901969084e-05	0.016904843078	0.161842542608	0.0033082772161	1.06448576041e-10	1.7735284442e-05	100.0
-0.000501156546742	0.00263692179203	-0.000182183229838	-0.058953652282	0.337002325366	-0.0197266311198	1.06448576041e-10	1.7735284442e-05	100.0
-0.0021572107264	-0.00781804901719	0.000323643637643	-0.25666023822	-0.944602466356	0.0391840331749	1.06448576041e-10	1.7735284442e-05	100.0
0.0050851604575	0.00294965368842	-0.000507530876995	0.606932324717	0.354649061381	-0.0590705163914	1.06448576041e-10	1.7735284442e-05	100.0
0.00202464208423	0.00468124086314	-0.000199533229018	0.223023489176	0.559627363575	-0.0201202709242	1.06448576041e-10	1.7735284442e-05	100.0
0.00394216990115	0.00414960803276	0.000377614326993	0.46629238522	0.498711100039	0.0479165651896	1.06448576041e-10	1.7735284442e-05	100.0
-0.000276678789353	0.00378611473559	-0.000769088966986	-0.0290768492105	0.482573059827	-0.0668232193921	1.06448576041e-10	1.7735284442e-05	100.0
0.00170814233962	0.00422257758686	-5.4293603086e-05	0.181188218695	0.509791924654	-0.00220319884559	1.06448576041e-10	1.7735284442e-05	100.0
0.00123423682353	-0.00338214319744	0.00230917710395	0.145486818892	-0.406972405439	0.276213788494	1.06211257902e-10	1.7695745118e-05	100.0
-0.00326358209382	-0.00816002215866	0.00298469033015	-0.394307095181	-0.981804870629	0.35465371812	1.06211257902e-10	1.7695745118e-05	100.0
0.00208499971838	-0.00232875398319	0.00124512005143	0.248018824241	-0.279578073949	0.149395694761	1.06211257902e-10	1.7695745118e-05	100.0
-0.00073759968998	-0.00159433534043	0.00431963325605	-0.0910490581662	-0.190048831457	0.517790717542	1.06211257902e-10	1.7695745118e-05	100.0
-0.000100939320422	-0.00815006505704	-0.00123625088068	-0.015061976544	-0.991207827493	-0.13825859239	1.06211257902e-10	1.7695745118e-05	100.0
-2.72983921274e-05	-0.00845458022819	-0.00034533738022	-0.00963869965488	-1.04257591254	-0.0278405842193	1.06211257902e-10	1.7695745118e-05	100.0
-0.000470191306346	-0.000955783656886	-0.00272655380776	-0.0594428806331	-0.112206107869	-0.32501551703	1.06211257902e-10	1.7695745118e-05	100.0
0.00120393164687	-0.00402513248405	-0.0035422609973	0.142437575336	-0.484008680669	-0.423548054011	1.06211257902e-10	1.7695745118e-05	100.0
-0.000274230150256	-0.00861341776237	-0.000616600954294	-0.0324571756049	-1.05692387476	-0.0539469418384	1.06211257902e-10	1.7695745118e-05	100.0
-0.000582084444709	-0.00403657138911	0.00404695837105	-0.0721936562255	-0.485514806159	0.484291128929	1.05582835044e-10	1.7591044252e-05	100.0
-0.00103802313565	-0.00257665401691	0.00324321019698	-0.126913259698	-0.308353419022	0.388115926823	1.05582835044e-10	1.7591044252e-05	100.0
-0.000897372022087	0.00162492114455	0.00133854478652	-0.108357462725	0.205168952293	0.156856949046	1.05582835044e-10	1.7591044252e-05	100.0
-0.000375369888249	0.00296688921516	0.000553348341247	-0.0432762570492	0.379273988498	0.0590361410739	1.05582835044e-10	1.7591044252e-05	100.0
0.00309561764732	0.00474374503052	0.00060087799727	0.361014546443	0.568110090387	0.0694142931564	1.05582835044e-10	1.7591044252e-05	100.0
0.00241225192719	-0.000532670975784	-0.000783885724117	0.287154029055	-0.0606694528173	-0.0934632751252	1.05582835044e-10	1.7591044252e-05	100.0
-0.00231236100214	-0.004501740658	-0.00151328333265	-0.280623709215	-0.541286004849	-0.180037271983	1.05582835044e-10	1.7591044252e-05	100.0
0.000138435903767	0.000572086902384	-0.00113917916353	0.0148348569712	0.0754028633154	-0.134374752925	1.05582835044e-10	1.7591044252e-05	100.0
-0.000733064247217	0.00319271383894	-0.000403405939093	-0.0819673503509	0.407836892273	-0.0412695228105	1.05582835044e-10	1.7591044252e-05	100.0
6.17274371707e-05	-0.00580873037553	-0.00118727481734	0.00392093751744	-0.702669942768	-0.13996606105	1.05280642906e-10	1.754069634e-05	100.0
0.00182266070603	-0.0039347065609	-0.000756911667861	0.215916292333	-0.474427711859	-0.0885263544168	1.05280642906e-10	1.754069634e-05	100.0
0.00137447935601	0.000526660762331	-0.00127460318143	0.161585385069	0.067965241488	-0.151265099029	1.05280642906e-10	1.754069634e-05	100.0
0.00220680543356	0.00213019673789	-0.000568920545986	0.25887917813	0.263660186165	-0.0666798875446	1.05280642906e-10	1.754069634e-05	100.0
-0.00207233682525	-0.010370411218	0.000239418656612	-0.244881673082	-1.23987593631	0.0269411707336	1.05280642906e-10	1.754069634e-05	100.0
-0.000125488384976	-0.00765853902023	-0.00213713979774	-0.0179496704665	-0.92488453936	-0.249175633018	1.05280642906e-10	1.754069634e-05	100.0
-0.00447516615409	-0.00719876710852	-0.00251043306253	-0.540192128075	-0.865252027588	-0.298082976032	1.05280642906e-10	1.754069634e-05	100.0
-0.00400690490075	-0.00856584452241	-0.00197815740756	-0.482722569028	-1.02959004903	-0.233700813248	1.05280642906e-10	1.754069634e-05	100.0
-0.00137715660067	-0.00736698832773	0.00265181940895	-0.167374797537	-0.888325331058	0.313737305341	1.04714076652e-10	1.7446301337e-05	100.0
-0.00220867765653	-0.00497679796528	0.00207299443527	-0.267879428797	-0.599420245024	0.247263925746	1.04714076652e-10	1.7446301337e-05	100.0
0.00105495888225	0.000346786182846	-0.00115404901147	0.123871206402	0.0468558526216	-0.136640957313	1.04714076652e-10	1.7446301337e-05	100.0
8.75040599291e-05	0.000548187411641	-0.00157785947076	0.00854461932509	0.0720741555367	-0.186377669885	1.04714076652e-10	1.7446301337e-05	100.0
-0.00334939446889	-0.00261321386588	-0.00146308331065	-0.405458504281	-0.312308122647	-0.174883692558	1.04278415063e-10	1.7373716221e-05	100.0
-0.00033701265734	-0.00620874602529	-0.00419542407972	-0.0426123450411	-0.747915597895	-0.503017292683	1.04278415063e-10	1.7373716221e-05	100.0
0.00141551195695	0.00474537694506	0.000269576535624	0.139592642701	0.562647772988	0.0266336876087	1.04278415063e-10	1.7373716221e-05	100.0
0.00064565358833	0.00247088823645	-0.0022180869916	0.0731030795276	0.304139567228	-0.258762303251	1.04278415063e-10	1.7373716221e-05	100.0
-0.000321891385517	-0.000345309485846	-0.00249274318074	-0.0407444788481	-0.0380359997178	-0.296391144207	1.04278415063e-10	1.7373716221e-05	100.0
-0.00013196020524	0.0041537804366	-0.00100917206551	-0.0158130331832	0.516248510778	-0.0851323905498	1.04278415063e-10	1.7373716221e-05	100.0
0.000137253507733	-0.00792796446601	0.00157466095144	0.0124760762889	-0.95996530171	0.179323234701	1.03882834541e-10	1.7307808969e-05	100.0
0.000643738064809	-0.00653163671988	0.000646501155434	0.0731983496467	-0.791888940273	0.0750877091613	1.03882834541e-10	1.7307808969e-05	100.0
0.000599192475779	-0.00365564234926	0.00235226370592	0.0689305095085	-0.439892876964	0.280733636931	1.03882834541e-10	1.7307808969e-05	100.0
-0.00021453897524	-0.00901852916213	0.00102433113729	-0.0256228754408	-1.09066642186	0.0974869720813	1.03882834541e-10	1.7307808969e-05	100.0
0.00201389409529	-0.003594554984	0.000248940238532	0.239289567125	-0.433128054443	0.0306928592957	1.03882834541e-10	1.7307808969e-05	100.0
0.00266556623643	-0.000215231162799	-0.000236609450986	0.317015595493	-0.0238047749687	-0.0281377497791	1.03882834541e-10	1.7307808969e-05	100.0
-0.000762685007588	-0.00345738567628	0.00162532733516	-0.0942789277409	-0.415445722687	0.193477657433	1.03882834541e-10	1.7307808969e-05	100.0
-0.000567344845999	0.00395573495726	0.000914520969248	-0.0594477775093	0.496213367858	0.0835258399756	1.03841948835e-10	1.7300997045e-05	100.0
-0.000300836139702	0.00331655957059	0.00239078897043	-0.0384549212326	0.40485838458	0.273965361158	1.03841948835e-10	1.7300997045e-05	100.0
0.000140984644382	0.00272611930345	0.00163439331814	0.0142056358413	0.339341623107	0.185877343747	1.03841948835e-10	1.7300997045e-05	100.0
-0.000940139157141	0.00275328253773	7.70448061932e-05	-0.108954937796	0.350225231331	0.0090015627229	1.03841948835e-10	1.7300997045e-05	100.0
0.00217368318244	0.00417151978347	0.000564157815289	0.244556791535	0.500908114792	0.0617679535329	1.03841948835e-10	1.7300997045e-05	100.0
0.000496920876515	-0.00273423919776	-0.000955274567554	0.0576507337126	-0.327489031509	-0.114734835016	1.03841948835e-10	1.7300997045e-05	100.0
-0.00164869910672	-0.00734937059301	-0.00247717909764	-0.199892401141	-0.886037885696	-0.294532313239	1.03841948835e-10	1.7300997045e-05	100.0
-0.000705065214742	0.00392782906722	-0.000124573647304	-0.0633132945958	0.508603446367	-0.00858845683448	1.03841948835e-10	1.7300997045e-05	100.0
0.004707970047	0.00436135125291	-0.00069705980775	0.559685845675	0.522192871472	-0.0824629142438	1.03841948835e-10	1.7300997045e-05	100.0
0.00221229356555	-0.00161146347453	-0.00191460195068	0.263405215123	-0.192734267108	-0.227751049364	1.0341629494e-10	1.7230079301e-05	100.0
0.00185797243035	-0.00203748455519	-0.000243221132204	0.221127032033	-0.243230172104	-0.028125546807	1.0341629494e-10	1.7230079301e-05	100.0
-0.000300525932894	-0.00712145413511	-0.0042146008008	-0.0390453418808	-0.858195201773	-0.502606851771	1.0341629494e-10	1.7230079301e-05	100.0
-0.00274439574908	-0.00935448747534	-0.0017693362052	-0.328751295716	-1.12288053605	-0.208448263436	1.0341629494e-10	1.7230079301e-05	100.0
-0.000924196921608	0.0029274585433	0.000246177576951	-0.105949836553	0.372338684347	0.0259663568979	1.03404627679e-10	1.7228135431e-05	100.0
-0.00142012797947	0.000668242607908	0.00253415181176	-0.172390278852	0.085179124531	0.300071801552	1.02966401304e-10	1.7155122999e-05	100.0
-0.00184119898305	-0.00208940056204	0.00151000864272	-0.223615398231	-0.248968456916	0.179114123692	1.02966401304e-10	1.7155122999e-05	100.0
0.000245563463625	0.000608319126878	0.00209621181787	0.0268528637718	0.0780793512356	0.248252591985	1.02966401304e-10	1.7155122999e-05	100.0
-0.00317722164103	-0.00176416468741	0.00064351082336	-0.384710058044	-0.208987053935	0.0763427795131	1.02966401304e-10	1.7155122999e-05	100.0
0.0049997003438	0.00474921094716	-0.000391254456431	0.595570234417	0.569530523555	-0.046665452893	1.02966401304e-10	1.7155122999e-05	100.0
0.00212608118058	0.0034591719368	-0.000218839941644	0.241584439302	0.421906786605	-0.0229735652542	1.02966401304e-10	1.7155122999e-05	100.0
-0.000608152592088	0.00200725718037	-0.00117091176359	-0.0735810631527	0.252842171948	-0.134568871485	1.02966401304e-10	1.7155122999e-05	100.0
-0.00085424196509	0.00317135611804	-0.000811969615354	-0.0976796655724	0.400517539594	-0.0868601756753	1.02966401304e-10	1.7155122999e-05	100.0
0.000724466153849	-0.00735723539747	0.000860815499762	0.0814809517984	-0.893759661626	0.0987714288911	1.0294940331e-10	1.7152290981e-05	100.0
0.0014320078626	0.00279260083593	-0.0002308652043	0.160778631594	0.348234729694	-0.025026484142	1.0294940331e-10	1.7152290981e-05	100.0
0.00118128340058	-0.00104020992513	-0.000220710206178	0.139184470708	-0.121669715368	-0.0269274793287	1.0294940331e-10	1.7152290981e-05	100.0
-0.00120900757888	-0.00890442539568	-0.0024668591777	-0.14593996618	-1.0709586797	-0.287487260367	1.0294940331e-10	1.7152290981e-05	100.0
-0.00145739908723	-0.0095548936854	-0.000268039749118	-0.160318888418	-1.14238194055	-0.028578595371	1.0294940331e-10	1.7152290981e-05	100.0
-0.000506757475573	0.00347986956535	0.000768421642782	-0.0556244870783	0.442720460121	0.0762576362273	1.0252721942e-10	1.7081951371e-05	100.0
0.00131431734001	-0.00673221787708	-0.000995244981385	0.153388795081	-0.815615022079	-0.11663773366	1.02482059071e-10	1.7074427253e-05	100.0
0.000766923695659	-0.00252616026065	-0.00254974690185	0.0893363261165	-0.303601803417	-0.305221014302	1.02482059071e-10	1.7074427253e-05	100.0
0.00177104583414	0.000528938610234	-0.000591026701926	0.209230360686	0.0689845216867	-0.0703762438586	1.02482059071e-10	1.7074427253e-05	100.0
-0.00269863845769	-0.00810236912216	-0.00384887981958	-0.326496503257	-0.974768618096	-0.458425312458	1.02482059071e-10	1.7074427253e-05	100.0
-0.00281610527348	-0.00921846255129	-0.00158566933547	-0.337002559101	-1.10737049447	-0.185845451073	1.02482059071e-10	1.7074427253e-05	100.0
0.00104125021386	-0.00415891363299	0.00276118301856	0.122065672324	-0.500799706965	0.329478914108	1.01546163633e-10	1.6918498706e-05	100.0
0.000137726529312	-0.0092508520778	0.000849594815924	0.007180987664	-1.11231426354	0.0708193338767	1.01546163633e-10	1.6918498706e-05	100.0
0.00273817634652	7.41152262537e-05	-0.00160869615332	0.325824174089	0.0117417654983	-0.191908675906	1.01546163633e-10	1.6918498706e-05	100.0
-0.00432132102493	-0.00893802272749	0.00185790196458	-0.520434717016	-1.07266988229	0.220943202699	1.01546163633e-10	1.6918498706e-05	100.0
0.000166701424768	-0.00836582800774	-0.00203546089176	0.016240726959	-1.00948853366	-0.233771272197	1.01546163633e-10	1.6918498706e-05	100.0
0.00435606224033	0.00293157717866	0.000725527830591	0.518115611235	0.353393848119	0.0850492493545	1.01203890428e-10	1.686147293e-05	100.0
-0.00102304410232	0.00143135381318	-0.000644839449149	-0.123352523423	0.182323653559	-0.0750060150248	1.01203890428e-10	1.686147293e-05	100.0
-0.000641849144033	0.00269078974598	-0.00167646337402	-0.0773413620661	0.334918481296	-0.191313009236	1.01203890428e-10	1.686147293e-05	100.0
0.00118969366186	0.0046976377627	-0.000756899612542	0.116100597036	0.56290183369	-0.0721217454977	1.01203890428e-10	1.686147293e-05	100.0
-0.000722377302059	0.00382035403142	-0.00129827550553	-0.0819808336554	0.472970178476	-0.134835174946	1.01203890428e-10	1.686147293e-05	100.0
0.000429973226564	-0.00898327970653	0.00117593291226	0.0428661102129	-1.08555294552	0.121968328311	1.00608256599e-10	1.6762235009e-05	100.0
0.00182677080711	-0.00416805217469	0.000324991193681	0.216759845268	-0.502926726943	0.0377173087888	1.00608256599e-10	1.6762235009e-05	100.0
4.47813261115e-06	-0.00966716567511	0.00131593660504	-0.00320100372173	-1.15499439739	0.138401054526	1.00608256599e-10	1.6762235009e-05	100.0
0.00236305806109	-0.0043327205333	0.000143242125324	0.281426384367	-0.523008270864	0.0169695611088	1.00608256599e-10	1.6762235009e-05	100.0
0.00384811330232	0.000472349112219	0.000498168536506	0.459344251427	0.0587095252789	0.0588179891255	1.00608256599e-10	1.6762235009e-05	100.0
-0.00330551465503	-0.00896000982586	0.00225371368311	-0.397995673987	-1.07723978894	0.267347569495	1.00608256599e-10	1.6762235009e-05	100.0
0.000201745919075	-0.00686715777499	-0.000321651718496	0.020009107564	-0.834555916034	-0.0379423029557	1.00608256599e-10	1.6762235009e-05	100.0
0.000423249471725	-0.00848403543086	-0.000746988596075	0.0403101706395	-1.03659256107	-0.0772729949587	1.00608256599e-10	1.6762235009e-05	100.0
0.00109156761808	-0.00614845899555	-0.00213708894575	0.127620592479	-0.742731242332	-0.253360867094	1.00608256599e-10	1.6762235009e-05	100.0
0.00269067859467	-0.0028677521392	-0.00403523577873	0.321606053577	-0.344874827348	-0.483289403546	1.00608256599e-10	1.6762235009e-05	100.0
-0.00226426686333	-0.0103484277079	-0.00161583229373	-0.271193298773	-1.24403212888	-0.189240592348	1.00608256599e-10	1.6762235009e-05	100.0
0.00106822505028	-0.00467616483361	-0.000723344261544	0.126442229506	-0.564608776104	-0.0858946494484	1.00316524765e-10	1.6713629877e-05	100.0
-0.00303635852485	-0.0026088636402	-0.00234712456673	-0.367890666684	-0.31190204328	-0.280800560212	1.00316524765e-10	1.6713629877e-05	100.0
-0.0010368300327	0.00272283784324	0.00090972105113	-0.121752138226	0.342762760738	0.102338765344	9.98712075113e-11	1.6639436041e-05	100.0
-0.00133681033429	-0.00651128595382	0.00111178960891	-0.162017524339	-0.787467296428	0.130943999132	9.98712075113e-11	1.6639436041e-05	100.0
-0.00287205922992	-0.00549423102451	-0.000133338809501	-0.347152321111	-0.661731538808	-0.0162636588644	9.98712075113e-11	1.6639436041e-05	100.0
0.000970821865047	0.00228982241416	0.00107239244074	0.110637869003	0.286744757144	0.123907814762	9.98712075113e-11	1.6639436041e-05	100.0
8.80115429945e-05	0.000330215498054	-0.00128930592887	0.00889672358068	0.0463295352196	-0.15351482021	9.98712075113e-11	1.6639436041e-05	100.0
0.000104002816378	0.00115049838727	-0.00280662354936	0.00988549418936	0.143294660019	-0.332026221197	9.98712075113e-11	1.6639436041e-05	100.0
0.000881075045943	0.00285467623745	-0.00232691610216	0.100519686008	0.348682200888	-0.269168662779	9.98712075113e-11	1.6639436041e-05	100.0
0.000896804984538	-0.00665547124141	0.00148973471927	0.103532533039	-0.80525765056	0.174706614168	9.96680362289e-11	1.6605585889e-05	100.0
0.000338752852924	-0.00677927427078	0.00219598761475	0.0372105695586	-0.819290942364	0.258920206919	9.96680362289e-11	1.6605585889e-05	100.0
0.000520131556491	-0.00263957806466	0.00408200915456	0.0603210278192	-0.316594947632	0.488502935061	9.94246832992e-11	1.6565041116e-05	100.0
-0.00250739472484	-0.0031036331971	0.00206064550536	-0.303948523526	-0.371971646303	0.246803100041	9.94246832992e-11	1.6565041116e-05	100.0
0.00107262583317	0.0041315675963	0.000441492732129	0.0981686001901	0.51294631738	0.0429859168689	9.94246832992e-11	1.6565041116e-05	100.0
-0.00143109951277	0.00108938271653	-0.00121305217521	-0.172932382624	0.138631161215	-0.142079731102	9.94246832992e-11	1.6565041116e-05	100.0
0.000537020364274	-0.0085109667968	0.00179313581493	0.0591113972374	-1.02833540436	0.20401527188	9.91970208251e-11	1.6527110512e-05	100.0
-2.71290524277e-05	-0.00760783143553	0.000493591366284	-0.00784096268269	-0.928755910972	0.05594025172	9.91970208251e-11	1.6527110512e-05	100.0
0.00376087407887	-0.000225342744761	0.0017807387328	0.449546408915	-0.0257255157116	0.212462767589	9.91970208251e-11	1.6527110512e-05	100.0
-0.00368980495021	-0.00791972939425	0.00306346634331	-0.445423157368	-0.952035358189	0.364032571336	9.91970208251e-11	1.6527110512e-05	100.0
0.00320916199137	-0.0013149121192	7.23016122515e-05	0.383030789729	-0.156953249563	0.00886643343299	9.91970208251e-11	1.6527110512e-05	100.0
-0.00201059970648	-0.0100183289935	0.00131185783301	-0.238760209533	-1.19938545171	0.150953737019	9.91970208251e-11	1.6527110512e-05	100.0
0.00128037403155	-0.00726124075575	-0.00133042636121	0.148480834263	-0.879717122987	-0.155402199655	9.91970208251e-11	1.6527110512e-05	100.0
0.000353472663578	-0.00875455178721	-0.000788472526702	0.0306623848455	-1.06817311791	-0.0763049149903	9.91970208251e-11	1.6527110512e-05	100.0
0.00121375796601	-0.00566682663318	0.00134117814693	0.142286796984	-0.685082488361	0.158731365305	9.87253013624e-11	1.6448517832e-05	100.0
0.000351333029027	-0.0050610917323	0.00363874755572	0.0394017529351	-0.609648805247	0.433702900446	9.87253013624e-11	1.6448517832e-05	100.0
-0.000622825275106	-0.00693484272835	0.00400384833445	-0.0775373425625	-0.835465494759	0.476798857456	9.87253013624e-11	1.6448517832e-05	100.0
0.00326414503479	-0.00244647063503	-0.000961308742745	0.389966580856	-0.2944191496	-0.114165141068	9.87253013624e-11	1.6448517832e-05	100.0
0.000648547807539	-0.00845148625635	-0.00147901457724	0.0713128928891	-1.02241501437	-0.165416461505	9.87253013624e-11	1.6448517832e-05	100.0
-0.00072176075438	0.00324355855133	0.00136871416473	-0.0844148124941	0.40427464174	0.150379819595	9.85281648705e-11	1.641567313e-05	100.0
8.8149860391e-05	0.00355919514782	0.00292282771776	0.00723022426168	0.431886006453	0.339539723642	9.85281648705e-11	1.641567313e-05	100.0
7.50597435943e-05	0.00212036831417	0.00186615764037	0.0069582455556	0.264382458948	0.217146010841	9.85281648705e-11	1.641567313e-05	100.0
0.00226306747814	0.00325768408166	0.00292431973245	0.266733583925	0.393983944328	0.343936200484	9.85281648705e-11	1.641567313e-05	100.0
-0.0017412944153	0.00155669625905	0.00161554152662	-0.209631029343	0.194966144413	0.189795703914	9.85281648705e-11	1.641567313e-05	100.0
0.00417104716164	0.00527247155965	0.00152428291595	0.495074943613	0.631395113557	0.179434135754	9.85281648705e-11	1.641567313e-05	100.0
0.00100214235964	0.00022004532386	0.000475687910216	0.118030580987	0.0320824480427	0.0558894925378	9.85281648705e-11	1.641567313e-05	100.0
-0.00153853766209	-0.0028907432629	-0.00040261296421	-0.186924391921	-0.345921090633	-0.0476268179214	9.85281648705e-11	1.641567313e-05	100.0
-0.00111502712632	0.00287511334866	-0.000102000982939	-0.128637315485	0.364616543782	-0.0102819375671	9.85281648705e-11	1.641567313e-05	100.0
0.000229218329055	0.00158346596808	-0.000332903281089	0.0242746456435	0.20173155211	-0.0384499281833	9.85281648705e-11	1.641567313e-05	100.0
-0.00105369203534	-0.00700878500539	-0.000964248113526	-0.126422108012	-0.848191490847	-0.112271508879	9.85281648705e-11	1.641567313e-05	100.0
-0.000291425702933	0.0030306676601	-0.00180950460948	-0.0371520135945	0.375690263182	-0.205224762942	9.85281648705e-11	1.641567313e-05	100.0
0.000445376636902	0.000525940383849	-0.00450115037206	0.051131939453	0.066109679171	-0.53759366906	9.85281648705e-11	1.641567313e-05	100.0
0.00250772932465	0.00519784781529	-0.000713518673231	0.288219337713	0.618223379547	-0.0817714404485	9.85281648705e-11	1.641567313e-05	100.0
0.00281486507288	0.00425729134171	-0.00123903607821	0.328348383251	0.513091535048	-0.14240708417	9.85281648705e-11	1.641567313e-05	100.0
-0.000875255295596	0.00217366121402	-0.00259499657865	-0.106392679974	0.267733936912	-0.304157539746	9.85281648705e-11	1.641567313e-05	100.0
0.00112676620617	0.00279564690428	-0.00400218518551	0.132076048515	0.338637390837	-0.474181533285	9.85281648705e-11	1.641567313e-05	100.0
0.000286383820736	-0.0085769390092	0.000179444943557	0.0190863703888	-1.0599067742	0.0157007845679	9.77795993905e-11	1.6290955429e-05	100.0
0.000982049091224	-0.00603772040493	0.000692040874149	0.114172690967	-0.731247561476	0.0822517304964	9.77795993905e-11	1.6290955429e-05	100.0
9.5994086091e-05	-0.00759493698529	7.31940943528e-05	0.00646622495035	-0.92791306467	0.00801399298681	9.77795993905e-11	1.6290955429e-05	100.0
0.00207785731445	-0.000793752161808	0.00276385730516	0.247060598614	-0.0935789261894	0.330105128958	9.77795993905e-11	1.6290955429e-05	100.0
0.000459286354461	-0.0085699022446	-0.000137325102562	0.0383439746447	-1.055309461	-0.0132040092008	9.77795993905e-11	1.6290955429e-05	100.0
0.00145720822235	-0.00508926099334	0.000340473350875	0.17176489776	-0.61543124854	0.0410978663241	9.77795993905e-11	1.6290955429e-05	100.0
0.0039588275948	0.000217069132255	0.000151860571228	0.472996332861	0.0275569763395	0.0182575237468	9.77795993905e-11	1.6290955429e-05	100.0
-0.00347864064605	-0.00519504022286	0.004845903692	-0.42171401457	-0.624811200029	0.580317678281	9.77795993905e-11	1.6290955429e-05	100.0
0.0012119685505	0.0033493054473	0.0036428565765	0.142211799443	0.406453220165	0.430857591096	9.76266174496e-11	1.626546727e-05	100.0
-0.00264736156074	-0.00122894344224	0.0012103000932	-0.320709366392	-0.144344814539	0.143312595439	9.76266174496e-11	1.626546727e-05	100.0
-0.000756314889113	0.00380764904971	0.000243534749937	-0.0736517493768	0.490109072583	0.0201064517198	9.76266174496e-11	1.626546727e-05	100.0
0.00367947897436	0.00165230531279	0.00222029609543	0.438452693018	0.199969036019	0.262901047172	9.76266174496e-11	1.626546727e-05	100.0
-0.00130439850585	-1.36466189983e-05	0.000664463613913	-0.158220099133	0.00423697330047	0.0793700664667	9.76266174496e-11	1.626546727e-05	100.0
0.00173733717348	-0.00330829109141	0.001884792006	0.206020816238	-0.398160166905	0.225432745326	9.68307291536e-11	1.6132865165e-05	100.0
0.00388690706231	-0.00157552830824	0.00294297254827	0.465604102395	-0.189307767242	0.352136972055	9.68307291536e-11	1.6132865165e-05	100.0
-0.00133190928258	-0.00909415120038	0.00219044437716	-0.159579354436	-1.09299605902	0.253808080826	9.68307291536e-11	1.6132865165e-05	100.0
0.0023337215309	-0.00392511463795	-0.00230549704295	0.277564628068	-0.473081695496	-0.275625148573	9.68307291536e-11	1.6132865165e-05	100.0
0.00237744488692	-0.000102741657619	-0.00181549835635	0.282788481108	-0.00929923549006	-0.215748045564	9.68307291536e-11	1.6132865165e-05	100.0
0.000576093335685	-0.00104244021476	6.89242440467e-05	0.0667975017816	-0.122011711858	0.00913180515338	9.68307291536e-11	1.6132865165e-05	100.0
0.000328660613904	-0.00796003364839	-0.00113127590759	0.0339702648367	-0.966775549265	-0.125482168065	9.68307291536e-11	1.6132865165e-05	100.0
-0.00180083227595	-0.00621426741283	-0.00410992598205	-0.218976827519	-0.747512376212	-0.49013847052	9.68307291536e-11	1.6132865165e-05	100.0
-0.0035081085003	-0.00970779009156	-0.00176476930597	-0.421682559853	-1.16472798607	-0.208255192474	9.68307291536e-11	1.6132865165e-05	100.0
0.0012322021691	0.00403307266592	0.00129211259462	0.132892263632	0.490935323162	0.138819098329	9.6719789587e-11	1.6114381641e-05	100.0
-0.00188463473224	-0.000778421944678	0.000825424598306	-0.22856576615	-0.0895355246593	0.0980715319531	9.6719789587e-11	1.6114381641e-05	100.0
0.00348748634642	0.00498647212457	0.000408710073859	0.409865008361	0.597473336614	0.0478485465629	9.6719789587e-11	1.6114381641e-05	100.0
-0.00123768753902	0.00248300754471	-0.000751274339762	-0.146195698117	0.312602681701	-0.0847161702792	9.6719789587e-11	1.6114381641e-05	100.0
0.000554210109055	-0.0082772263068	6.19405528805e-05	0.0543713649492	-1.01524489217	0.00635659210933	9.63549362072e-11	1.6053593806e-05	100.0
0.00148614792931	-0.0060577047105	0.000111716984138	0.174801628562	-0.733653712771	0.0131097183418	9.63549362072e-11	1.6053593806e-05	100.0
0.00178257345216	0.00186744395634	0.00135689542752	0.208769475856	0.230952530592	0.159296985681	9.63549362072e-11	1.6053593806e-05	100.0
0.0028486003152	-0.00280608533521	0.0030335731076	0.340709785175	-0.337396117207	0.362667730877	9.63549362072e-11	1.6053593806e-05	100.0
0.00229433198811	-0.00198953932959	-0.00370976425776	0.273386971461	-0.23893909896	-0.443299931472	9.63549362072e-11	1.6053593806e-05	100.0
-0.00405674772041	-0.0112970846383	0.00012274099638	-0.488470053425	-1.35358089885	0.0149177316504	9.63549362072e-11	1.6053593806e-05	100.0
0.00241457273021	-0.00167725197582	0.00392112854297	0.287807601646	-0.200992155975	0.468635802901	9.58782380423e-11	1.597417163e-05	100.0
-0.00221268899311	-0.00701330086712	0.0039162991493	-0.268532394882	-0.843548459113	0.46628350057	9.58782380423e-11	1.597417163e-05	100.0
0.00258704731958	0.00274985704706	-0.000851595736516	0.303424055891	0.336080408978	-0.0992654383387	9.58782380423e-11	1.597417163e-05	100.0
-0.00199233484819	-0.00359833185868	0.00177582525404	-0.242377002177	-0.432866445128	0.212467733464	9.58782380423e-11	1.597417163e-05	100.0
-0.000776977806008	-0.00756288764811	-0.00374181805383	-0.0958181242451	-0.909493132737	-0.444105831224	9.58782380423e-11	1.597417163e-05	100.0
-0.00220192556564	-0.0107217326423	-0.00126874129359	-0.263769740103	-1.28285592798	-0.147444659081	9.58782380423e-11	1.597417163e-05	100.0
0.00265331245206	0.0041464800498	0.0012555888384	0.308296856409	0.500386403555	0.144359184167	9.58072789632e-11	1.5962349213e-05	100.0
-0.00190246776641	-0.000993257445408	0.000190642798374	-0.230598065729	-0.115476106816	0.0231086352909	9.58072789632e-11	1.5962349213e-05	100.0
0.00136592800528	-0.00757229545581	0.00175071036422	0.158870750811	-0.915324226018	0.203683144648	9.49217740273e-11	1.5814816174e-05	100.0
0.00211472188434	-0.00577704374311	-0.00184204001601	0.250767933498	-0.697715089548	-0.218529924078	9.49217740273e-11	1.5814816174e-05	100.0
0.00382000663997	-0.00165662652583	-0.00279795959014	0.457241899861	-0.199038190314	-0.3339662702	9.49217740273e-11	1.5814816174e-05	100.0
-0.00318961285924	-0.0107574068733	0.000448932608718	-0.382748688916	-1.28757203599	0.0529518375559	9.49217740273e-11	1.5814816174e-05	100.0
0.000976383231369	-0.00767665296923	-0.0015764848903	0.1119097519	-0.92950212651	-0.182481894753	9.49217740273e-11	1.5814816174e-05	100.0
0.00346934092779	-0.00370858325238	-0.00420327077416	0.414898940599	-0.446452139974	-0.502560949933	9.49217740273e-11	1.5814816174e-05	100.0
-0.000908172317589	-0.00984118502831	6.40756161638e-05	-0.0895593013022	-1.16082965607	0.00664912023675	9.49217740273e-11	1.5814816174e-05	100.0
0.00442350166372	0.00582293927897	0.000686837673018	0.525467508814	0.696069523862	0.0817559356013	9.48887838388e-11	1.5809319714e-05	100.0
0.00266727181017	0.0024219978883	-0.00173862571033	0.315427548815	0.296482505795	-0.204540638344	9.48887838388e-11	1.5809319714e-05	100.0
-0.00159037760883	-0.000610116646767	-0.00303855760335	-0.193369704728	-0.0701630238534	-0.362168527799	9.48887838388e-11	1.5809319714e-05	100.0
0.00215796022035	0.00476984211173	-0.000735404078449	0.243175125771	0.571074598857	-0.0797060920167	9.48887838388e-11	1.5809319714e-05	100.0
-0.000472032416147	0.00398338677557	-0.00158044375681	-0.0551972017341	0.489050140437	-0.167709971663	9.48887838388e-11	1.5809319714e-05	100.0
-0.00226460614737	-0.00223939984334	0.00342034069613	-0.274753055984	-0.26807762043	0.408264858477	9.44271726503e-11	1.5732411163e-05	100.0
0.00486167156255	0.00387935257497	0.000349049559153	0.57856849046	0.465043553878	0.0395342070596	9.44271726503e-11	1.5732411163e-05	100.0
-0.00142359872031	0.00245028012214	-0.000445938274073	-0.168034223642	0.308821768658	-0.0506788515351	9.44271726503e-11	1.5732411163e-05	100.0
0.000428961891214	0.0025332092803	-0.00238733416605	0.047975547705	0.311431039335	-0.278137217302	9.44271726503e-11	1.5732411163e-05	100.0
0.000237115751769	-0.00127337766045	-0.00546819608195	0.0262409471466	-0.151771122256	-0.655062996987	9.44271726503e-11	1.5732411163e-05	100.0
0.00216700835622	0.00458389503849	-0.00193646300916	0.251033163033	0.551997825354	-0.222917958714	9.44271726503e-11	1.5732411163e-05	100.0
-8.12333554625e-05	0.00262750072705	-0.00433531548534	-0.0125337964945	0.318567862417	-0.514442714934	9.44271726503e-11	1.5732411163e-05	100.0
0.000950374407769	0.00460209955809	0.000679196315593	0.0826704382655	0.55254857946	0.0556677484863	9.39639018944e-11	1.5655226113e-05	100.0
-0.00125382450674	0.00158792440466	0.000605550336292	-0.150411162974	0.201603271442	0.071073693223	9.39639018944e-11	1.5655226113e-05	100.0
0.00282901971839	0.00587610645731	0.000745087152835	0.330177791646	0.699183061707	0.0864512460304	9.39639018944e-11	1.5655226113e-05	100.0
0.00253429771965	-0.00243894866038	-0.00178347158614	0.302477598242	-0.292466632348	-0.213756163719	9.39639018944e-11	1.5655226113e-05	100.0
-0.00336598001003	-0.000836089857528	-0.00171454469104	-0.407068222831	-0.0969880254163	-0.203690715937	9.39639018944e-11	1.5655226113e-05	100.0
0.000532465367664	-0.00743559245392	-0.000286019191669	0.0577310757815	-0.906051805194	-0.0325133829363	9.39609347891e-11	1.5654731767e-05	100.0
0.00150935651018	-0.0057706730273	-0.000422186065507	0.177520023284	-0.698378888177	-0.0495670459621	9.39609347891e-11	1.5654731767e-05	100.0
0.00400896177675	0.000644261920735	-0.000608963209869	0.478826878331	0.0792854584482	-0.0719288233882	9.39609347891e-11	1.5654731767e-05	100.0
0.00206576053231	0.00259983648745	0.00100944909432	0.240301751908	0.320047142302	0.118438135818	9.39609347891e-11	1.5654731767e-05	100.0
0.00146030443119	0.00068008515164	0.000872309357342	0.171784214986	0.086998498909	0.103453175081	9.39609347891e-11	1.5654731767e-05	100.0
-0.00213470900285	-0.00958132551415	-0.000178899153101	-0.249236163704	-1.15124026511	-0.0243325319913	9.39609347891e-11	1.5654731767e-05	100.0
-0.0029491193367	-0.0111248580218	0.00160924592639	-0.354981385242	-1.33268756158	0.189615604184	9.39609347891e-11	1.5654731767e-05	100.0
0.000638782188255	-0.00896436087442	-0.000851034798586	0.0632943455815	-1.08495158298	-0.082466855348	9.39609347891e-11	1.5654731767e-05	100.0
0.000234163974849	-0.00881610997489	-0.00105723980341	0.0209894370499	-1.06742541902	-0.105670914778	9.39609347891e-11	1.5654731767e-05	100.0
-0.00190487948081	-0.0093173837126	-0.00283887936154	-0.229962834622	-1.11857961554	-0.334465641396	9.39609347891e-11	1.5654731767e-05	100.0
-0.00187378151907	-0.0100548028596	-0.00243556104218	-0.225755820132	-1.20580390438	-0.285862262433	9.39609347891e-11	1.5654731767e-05	100.0
0.0037908928655	0.00409667681039	0.00168927190325	0.449378493938	0.493092929995	0.197594075951	9.34989715711e-11	1.5577764565e-05	100.0
-0.00172105709042	0.000827249750955	0.000986619611224	-0.207813831141	0.106691525246	0.116181555344	9.34989715711e-11	1.5577764565e-05	100.0
0.00401031077296	0.00511524909946	0.00152592818395	0.47569680234	0.613172990108	0.178958255616	9.34989715711e-11	1.5577764565e-05	100.0
-0.00013146155732	0.00174825559472	0.00247932101957	-0.0184688590963	0.21661863992	0.29194739993	9.34989715711e-11	1.5577764565e-05	100.0
-0.00234678841007	-0.00382592491619	0.00112251083544	-0.284468216374	-0.459658764224	0.134640318697	9.34989715711e-11	1.5577764565e-05	100.0
-0.00145035890902	0.00186729087903	4.58940179207e-06	-0.173162134708	0.236479664793	-0.000158760366255	9.34989715711e-11	1.5577764565e-05	100.0
0.00386678156342	0.00578811113072	0.000631474753417	0.457398213463	0.691163497625	0.0734666031668	9.34989715711e-11	1.5577764565e-05	100.0
0.000172396888494	-0.0012843451594	-0.0014647976035	0.0184088200432	-0.15205275914	-0.175865280537	9.34989715711e-11	1.5577764565e-05	100.0
-0.003193051241	-0.00476844880594	-0.00380497584957	-0.386871694105	-0.573121188741	-0.456293144636	9.34989715711e-11	1.5577764565e-05	100.0
-0.000956553152197	0.00381039833584	-0.000204780162148	-0.0974998055407	0.486131402635	-0.0173113362025	9.34989715711e-11	1.5577764565e-05	100.0
0.00313047599661	-0.00366960428568	0.000818119682903	0.374224522685	-0.442292673331	0.0975839198989	9.34787550227e-11	1.5574396307e-05	100.0
0.00304633794958	-0.000535134892826	0.0011984482245	0.363403281088	-0.0627369081074	0.142781751474	9.34787550227e-11	1.5574396307e-05	100.0
0.00143893694718	0.000533286518817	-0.00423956515439	0.170092619884	0.0661351534782	-0.506267013945	9.34787550227e-11	1.5574396307e-05	100.0
-0.00409157943663	-0.0107212022564	-0.00151235192674	-0.49312062172	-1.28676652313	-0.181122761031	9.34787550227e-11	1.5574396307e-05	100.0
0.0013030034386	-0.00448961461421	-0.00608720418452	0.153999521851	-0.540644185873	-0.729371762329	9.34787550227e-11	1.5574396307e-05	100.0
-0.00272625200908	-0.0104671167843	-0.000487926957419	-0.325565468638	-1.25286084486	-0.0563743731555	9.34787550227e-11	1.5574396307e-05	100.0
-0.000825561303728	0.000364141469475	0.00316341329055	-0.101337672768	0.0475704437908	0.375378361254	9.30322308106e-11	1.5500001381e-05	100.0
-0.00299120893062	-0.00372450718779	0.00327468977424	-0.362457140794	-0.447410574187	0.391397063656	9.30322308106e-11	1.5500001381e-05	100.0
-0.000973252992631	0.00367624077393	0.00042349834131	-0.103659280685	0.467131924752	0.0407847091373	9.30322308106e-11	1.5500001381e-05	100.0
-0.00193708595326	0.0011830532872	-0.000417124116266	-0.233051310806	0.150732486937	-0.0494267001987	9.30322308106e-11	1.5500001381e-05	100.0
0.00309017654661	0.00545606807096	-0.0004884864668	0.361192969693	0.649745802077	-0.0574457444232	9.30322308106e-11	1.5500001381e-05	100.0
0.000991216304859	-0.00662037774465	-0.000327931804473	0.114316887097	-0.803130753561	-0.0372466981708	9.29953180083e-11	1.5493851378e-05	100.0
-0.00245035370239	-0.00358096429457	-0.00610158167505	-0.297843200452	-0.42978045696	-0.732673088369	9.25637299029e-11	1.5421944941e-05	100.0
0.0020581374321	-0.00520933767087	0.003124016953	0.244720171717	-0.628253641321	0.373026354936	9.2510573456e-11	1.5413088602e-05	100.0
0.00303626402478	0.000463611318132	-0.00161199013196	0.361331130087	0.0577900604893	-0.191225754274	9.2510573456e-11	1.5413088602e-05	100.0
-0.00290886592933	-0.0105784325906	0.0013963121945	-0.349148097464	-1.26803155701	0.165563794119	9.2510573456e-11	1.5413088602e-05	100.0
0.000740453761953	-0.00565541066588	-0.00468868872309	0.0861868436188	-0.680817063073	-0.560145889846	9.2510573456e-11	1.5413088602e-05	100.0
0.00282383353067	0.00348849706555	0.000734057036883	0.329261668381	0.422066518674	0.0854548091931	9.20933179781e-11	1.5343570109e-05	100.0
0.00124997926939	-0.00044808033995	0.000228449892563	0.148202755469	-0.0499209944558	0.0274738260325	9.20933179781e-11	1.5343570109e-05	100.0
-0.00283979941293	-0.000238924099352	-0.00143635964111	-0.343403339025	-0.0243221389851	-0.170621897069	9.20933179781e-11	1.5343570109e-05	100.0
-0.0016961417624	0.00136355275062	-0.000920163508851	-0.204017357399	0.172751194163	-0.107815572501	9.20933179781e-11	1.5343570109e-05	100.0
0.00102358987767	-0.00827720445957	0.00107824912945	0.11431882089	-1.00399666362	0.120082380166	9.20244207858e-11	1.5332091221e-05	100.0
0.0024331477849	0.000637073928526	0.00263195161206	0.289548049318	0.0796626607027	0.313053695964	9.20244207858e-11	1.5332091221e-05	100.0
0.000241802408602	0.000202954128116	0.00324500617869	0.0261645413144	0.0277177275109	0.386430960369	9.20244207858e-11	1.5332091221e-05	100.0
0.00107012566109	-0.00830881483863	0.000109193066015	0.116290723098	-1.01345511217	0.0121236841612	9.20244207858e-11	1.5332091221e-05	100.0
0.00350792717459	-0.00336468656883	0.00077594700397	0.419497885517	-0.405904226222	0.0931470184851	9.20244207858e-11	1.5332091221e-05	100.0
0.00131369028804	-0.00146406286644	0.0055350935771	0.155858797127	-0.174976547992	0.664041691081	9.20244207858e-11	1.5332091221e-05	100.0
0.00298093135032	-0.00260089979362	-0.00100346607981	0.355733143039	-0.313255418671	-0.120419309524	9.20244207858e-11	1.5332091221e-05	100.0
0.00292910462863	0.00272684439813	0.000849605086658	0.344984471097	0.332390338497	0.0997411426747	9.20244207858e-11	1.5332091221e-05	100.0
0.00385252110082	-0.000764297215762	0.00182362302119	0.461294626146	-0.0903970449224	0.217749024036	9.20244207858e-11	1.5332091221e-05	100.0
0.00229250192209	0.000789387440192	-0.00338437165169	0.27252472848	0.0977566957383	-0.403863226372	9.20244207858e-11	1.5332091221e-05	100.0
0.000576266047047	-0.000200359902843	-0.00283022183036	0.0669229949132	-0.0207452901826	-0.337934657601	9.20244207858e-11	1.5332091221e-05	100.0
0.00268544845004	-0.00455895755794	-0.00220457542869	0.319906271407	-0.549960853454	-0.262296830948	9.20244207858e-11	1.5332091221e-05	100.0
0.000771327396774	-0.00110250636983	-0.00266553998853	0.0900491104489	-0.130768374589	-0.317148640971	9.20244207858e-11	1.5332091221e-05	100.0
-0.00458990133674	-0.00913670002657	-0.00146067172399	-0.553789065267	-1.09808555234	-0.172757164925	9.20244207858e-11	1.5332091221e-05	100.0
0.00159451475395	-0.00334351979242	-0.00407458608179	0.189036186144	-0.402161342062	-0.487249722681	9.20244207858e-11	1.5332091221e-05	100.0
0.000535086997592	-0.00631918489619	-0.0033009018256	0.0615805588605	-0.762074421184	-0.392810105064	9.20244207858e-11	1.5332091221e-05	100.0
0.000355683458541	-0.00939930308848	-0.00102215445263	0.0328867381094	-1.12615110314	-0.0987998325642	9.20244207858e-11	1.5332091221e-05	100.0
0.00418950709738	0.00197350888912	0.00156434921463	0.500101834189	0.238793348727	0.185113387453	9.16209950364e-11	1.5264876884e-05	100.0
-0.00142368862774	0.000219502676678	-0.000405891881608	-0.172523013549	0.0327943649566	-0.0475029969789	9.16209950364e-11	1.5264876884e-05	100.0
0.00264531207669	-0.00374472177451	0.0017600970874	0.315412869984	-0.451390585144	0.209322026871	9.15368599979e-11	1.5250859235e-05	100.0
0.000551830859555	-0.00827532841415	-0.000263946664797	0.0544695408291	-1.01413171352	-0.0266354925886	9.15368599979e-11	1.5250859235e-05	100.0
0.00171557871064	-0.00568982560211	-0.00120100455467	0.202560344451	-0.687938426242	-0.142553884441	9.15368599979e-11	1.5250859235e-05	100.0
0.00117349973231	0.00069027408971	0.00341403549476	0.138677578083	0.0857534840849	0.406538841043	9.11466604978e-11	1.518584851e-05	100.0
-0.00269790263064	-0.00239341295377	0.00129105738214	-0.326804189665	-0.285590893042	0.154275775863	9.11466604978e-11	1.518584851e-05	100.0
-0.000871381616931	-0.00458145314952	-0.00272429469773	-0.107010936835	-0.55142191069	-0.325261823943	9.11466604978e-11	1.518584851e-05	100.0
-0.00178907356146	-0.00481992426688	-0.00414346809871	-0.217869504538	-0.579379395807	-0.495800957422	9.11466604978e-11	1.518584851e-05	100.0
0.000367157079148	0.00420484797535	-0.00144341280193	0.0344515941593	0.511073048696	-0.146512047375	9.11466604978e-11	1.518584851e-05	100.0
0.00114325969728	-0.00746985772773	0.000949485797461	0.1312641758	-0.906296212928	0.108834411906	9.10477402224e-11	1.5169367507e-05	100.0
0.00014694714235	-0.00511615998736	0.00527191531417	0.0148269350175	-0.615645476322	0.630871837047	9.10477402224e-11	1.5169367507e-05	100.0
-5.31126017939e-06	-0.00708377913831	0.00417198018501	-0.00342191087952	-0.852719390223	0.496591498177	9.10477402224e-11	1.5169367507e-05	100.0
0.00060018710013	-0.00789869955549	0.000477484201565	0.0639184790584	-0.964188545381	0.0530044397364	9.10477402224e-11	1.5169367507e-05	100.0
0.00145384425809	-0.00626562490451	0.000558706869008	0.170498027063	-0.758744088836	0.0653227945724	9.10477402224e-11	1.5169367507e-05	100.0
0.000567322256439	0.000205235428602	0.0052523071921	0.0655886685377	0.026381373036	0.628747741074	9.10477402224e-11	1.5169367507e-05	100.0
0.000829486153241	-0.00133486602707	0.0065957487177	0.0971695016575	-0.159583042816	0.791005098554	9.10477402224e-11	1.5169367507e-05	100.0
0.000994287027977	-0.00827145190242	-9.77356657925e-05	0.107305885335	-1.00952580258	-0.00994405667	9.10477402224e-11	1.5169367507e-05	100.0
0.00318383933308	-0.0037263433811	-0.000466781891021	0.380446943181	-0.44939545356	-0.0551401863329	9.10477402224e-11	1.5169367507e-05	100.0
0.00190129866588	0.00344954788264	1.1763475959e-07	0.21322350543	0.422631816189	0.000612346279244	9.10477402224e-11	1.5169367507e-05	100.0
0.00362289667282	-0.000931182094292	0.000766519625336	0.433863869209	-0.110359667906	0.0909169797233	9.10477402224e-11	1.5169367507e-05	100.0
-0.00190206586162	-0.00910113516743	-0.00369958953694	-0.230656899083	-1.09347914868	-0.439069369532	9.10477402224e-11	1.5169367507e-05	100.0
-0.00127764400847	-0.0101067421951	-0.00140180457729	-0.15086117127	-1.20843645785	-0.158296802513	9.10477402224e-11	1.5169367507e-05	100.0
-0.000894429991576	0.00314013210089	0.00240831863672	-0.107814890177	0.38453093312	0.277887690949	9.01917051804e-11	1.5026744416e-05	100.0
-0.000925621317617	0.00335807324094	0.000997082324582	-0.105752764344	0.420934258897	0.105841329004	9.01917051804e-11	1.5026744416e-05	100.0
-0.000291447329651	0.00407282152907	0.00172564228215	-0.0366611654853	0.495917570482	0.184457975369	9.01917051804e-11	1.5026744416e-05	100.0
-0.00100014670262	0.00197377842798	0.00180874940435	-0.120722806468	0.246248255149	0.211077854663	9.01917051804e-11	1.5026744416e-05	100.0
-0.00128952716584	0.0032463389139	0.000868821495599	-0.148608222559	0.40652289415	0.0945537534956	9.01917051804e-11	1.5026744416e-05	100.0
0.00133770051187	0.00112554359806	0.00169242250471	0.157359254693	0.141284493163	0.199956609413	9.01917051804e-11	1.5026744416e-05	100.0
-0.00261906019956	-0.00461650562303	-0.00109099835603	-0.317095546369	-0.555289212921	-0.1310377154	9.01917051804e-11	1.5026744416e-05	100.0
0.000405543788458	-0.00331236336153	-6.87648085823e-05	0.04595846111	-0.398247446422	-0.00812987546751	9.01917051804e-11	1.5026744416e-05	100.0
-0.00338451024631	-0.00545649211309	-0.00156475717545	-0.409255596266	-0.65628896517	-0.186670273438	9.01917051804e-11	1.5026744416e-05	100.0
0.0051859700086	0.00533890760886	-0.000876354442925	0.618536472207	0.640135210022	-0.103009143644	9.01917051804e-11	1.5026744416e-05	100.0
0.000484529899255	0.00248381886307	-0.00293705362659	0.0548117671523	0.303542234503	-0.344874497024	9.01917051804e-11	1.5026744416e-05	100.0
0.000519834975011	0.000697735522649	-0.00336157280653	0.0598737672491	0.0868383775211	-0.398852633057	9.01917051804e-11	1.5026744416e-05	100.0
-0.000845789404742	0.00354815050339	-0.000902324521655	-0.0944276394755	0.445882074192	-0.092212473862	9.01917051804e-11	1.5026744416e-05	100.0
0.00293492760101	-0.0017567458514	0.00267320372742	0.350300900677	-0.210803796044	0.318609459593	9.00647734188e-11	1.500559645e-05	100.0
-0.00135816499379	-0.00843000743526	0.0046706701546	-0.165749442127	-1.01315779716	0.556425447537	9.00647734188e-11	1.500559645e-05	100.0
0.00392302384442	0.00198200612731	0.00284922019709	0.468381121604	0.240158697091	0.338590682577	8.92279491267e-11	1.4866174042e-05	100.0
-0.00315711428204	-0.000832339207419	0.000638946760564	-0.381988736393	-0.09630178746	0.0748884156943	8.92279491267e-11	1.4866174042e-05	100.0
-0.00149560747745	0.00235035122622	0.000468041570715	-0.177084323499	0.295979530068	0.0530905323987	8.92279491267e-11	1.4866174042e-05	100.0
-0.000478049608643	-0.00677634576386	0.00189791625671	-0.0591599117644	-0.818641293769	0.224440391139	8.92279491267e-11	1.4866174042e-05	100.0
-0.00276930965435	-0.00655157463428	0.00246520714075	-0.335253043391	-0.789223083117	0.295025787618	8.92279491267e-11	1.4866174042e-05	100.0
0.00111078998306	-0.00775594831177	0.0024554338485	0.129246742601	-0.935580401725	0.287737840767	8.90749671858e-11	1.4840685883e-05	100.0
0.000714009513238	-0.00850682563158	0.00176714909439	0.0800232612239	-1.02664288164	0.200524740872	8.90749671858e-11	1.4840685883e-05	100.0
0.0027013211565	0.00111016475323	0.00229686135091	0.320688957776	0.136026860422	0.273620054314	8.90749671858e-11	1.4840685883e-05	100.0
0.00132438444466	0.00284984885617	0.00106782408361	0.150190491065	0.353215929169	0.120098394071	8.90749671858e-11	1.4840685883e-05	100.0
0.00136340851568	-0.00401080834842	0.00345519729045	0.16150882519	-0.482874242577	0.412210051411	8.90749671858e-11	1.4840685883e-05	100.0
-0.00389157421383	-0.00886457261387	0.0031943194749	-0.469512682124	-1.06458923319	0.379775104464	8.90749671858e-11	1.4840685883e-05	100.0
0.00331539428997	0.00178578337044	0.000571576855505	0.393093687351	0.218015998879	0.068092615505	8.90749671858e-11	1.4840685883e-05	100.0
-0.00409040931724	-0.0100966826047	0.0025136370574	-0.493088225549	-1.21146775008	0.298155275555	8.90749671858e-11	1.4840685883e-05	100.0
0.00418472003813	0.000305273493595	-0.0029287727737	0.500660522897	0.0374406685426	-0.349506281846	8.90749671858e-11	1.4840685883e-05	100.0
0.000188599972533	-0.00419365990949	-0.0015840365778	0.019782445825	-0.505670169119	-0.188655645991	8.90749671858e-11	1.4840685883e-05	100.0
0.00196547552384	1.30280216121e-05	-0.00540692093474	0.233777983316	0.00298945217963	-0.646980202513	8.90749671858e-11	1.4840685883e-05	100.0
-0.00451067579065	-0.00651186417896	-0.00327525444451	-0.545280919923	-0.782950990471	-0.390987994939	8.90749671858e-11	1.4840685883e-05	100.0
-0.000793412946819	0.00397330898915	0.00132287394883	-0.0904763256927	0.488512415631	0.135839364141	8.87426010953e-11	1.478531072e-05	100.0
-0.000988217934909	0.00288685000448	0.00187477478094	-0.118131590543	0.356563338744	0.214001490983	8.87426010953e-11	1.478531072e-05	100.0
0.00164247555945	0.00241016015504	0.00379429777011	0.194051668832	0.293126866507	0.449962874732	8.87426010953e-11	1.478531072e-05	100.0
-0.00239772700749	-0.004263493682	0.00192976141518	-0.290710662996	-0.513048310252	0.229632484738	8.87426010953e-11	1.478531072e-05	100.0
-0.000874707129772	0.00400865096123	-8.57283232575e-05	-0.0814558758144	0.513800784093	-0.00757072454208	8.87426010953e-11	1.478531072e-05	100.0
0.00324418871765	0.00453439632152	5.85667066122e-05	0.379149400984	0.543814659716	0.00858816893384	8.87426010953e-11	1.478531072e-05	100.0
-0.000860200044545	0.00316212792961	-0.00102688601804	-0.0994050684741	0.397218084844	-0.111350232415	8.87426010953e-11	1.478531072e-05	100.0
0.00405292063612	0.00535093870905	-8.47468057177e-05	0.479623233757	0.639740446176	-0.00770912198811	8.87426010953e-11	1.478531072e-05	100.0
0.00219006203502	-0.00564494459058	0.001611236039	0.259900628127	-0.681831109534	0.190744974927	8.80775671748e-11	1.4674510124e-05	100.0
0.00278633022676	-0.00434606536315	0.00455380224854	0.332660708871	-0.523352566611	0.544661351299	8.80775671748e-11	1.4674510124e-05	100.0
-0.000203454604779	-0.00827732466917	0.00361376093737	-0.0269945749318	-0.995887569088	0.427750651413	8.80775671748e-11	1.4674510124e-05	100.0
0.000862141362685	-0.00866062191419	0.00014714229496	0.0862707774886	-1.05892621745	0.0134870737729	8.80775671748e-11	1.4674510124e-05	100.0
0.00243610459758	-0.00357657181928	0.000864882473892	0.290528099742	-0.430964747859	0.102183322954	8.80775671748e-11	1.4674510124e-05	100.0
0.00202897030733	0.000759302875425	0.0034769301675	0.240763444662	0.0934808391202	0.414332545215	8.80775671748e-11	1.4674510124e-05	100.0
-0.00390323449791	-0.00579197547923	0.00532679325609	-0.472482434188	-0.696570641943	0.63751267875	8.80775671748e-11	1.4674510124e-05	100.0
0.00317277465855	-0.00284932252836	-0.0018675171287	0.378815289093	-0.343234329099	-0.222470570882	8.80775671748e-11	1.4674510124e-05	100.0
0.00212041727536	0.00268407255525	-0.00195097033343	0.248665438874	0.327718666703	-0.228906185452	8.80775671748e-11	1.4674510124e-05	100.0
-0.000904464481726	-0.00714354792217	-0.000457570465426	-0.1080693214	-0.866752774554	-0.0545119942867	8.80775671748e-11	1.4674510124e-05	100.0
-0.00100161710945	-0.0103325044338	0.000137019593822	-0.112584612618	-1.22408286834	0.0129314982812	8.80775671748e-11	1.4674510124e-05	100.0
0.00172673132446	-0.00702541633703	-0.00256976549854	0.20368516981	-0.847670967488	-0.303501093621	8.80775671748e-11	1.4674510124e-05	100.0
-0.00294306216679	-0.00507765518249	-0.00409104543291	-0.356919736373	-0.610498536056	-0.488373871397	8.80775671748e-11	1.4674510124e-05	100.0
-0.00455185559483	-0.00922492229697	-0.00220849859148	-0.548374040567	-1.10600489331	-0.262810408673	8.80775671748e-11	1.4674510124e-05	100.0
0.00161004831615	-0.00664931042645	0.0021520243489	0.189703514219	-0.802968000059	0.254133289941	8.75758749189e-11	1.4590923709e-05	100.0
-0.000144718334784	-0.000183547591717	0.00311558810723	-0.0200516689554	-0.0185483497048	0.372041270265	8.75758749189e-11	1.4590923709e-05	100.0
0.00349408617498	-0.00435963863281	-0.00195378355181	0.418022138193	-0.525896184717	-0.232767212358	8.75758749189e-11	1.4590923709e-05	100.0
0.00206561724498	-0.00622635289327	-0.00173700770983	0.244431986814	-0.752216289977	-0.204939980905	8.75758749189e-11	1.4590923709e-05	100.0
0.000482794953986	-0.00920897391088	-0.00134165087792	0.0504018389915	-1.10675971622	-0.142606545938	8.75758749189e-11	1.4590923709e-05	100.0
-0.000888891166684	0.000751789839011	0.00560106093589	-0.109170864575	0.0929645212831	0.670352806195	8.72714197348e-11	1.4540198753e-05	100.0
0.00143895747829	0.00410544145185	0.00283440434169	0.166572844123	0.494737376627	0.329871415998	8.72714197348e-11	1.4540198753e-05	100.0
-0.00234540305934	0.00058247192886	0.00122346581802	-0.283117200754	0.0759909330062	0.144572315526	8.72714197348e-11	1.4540198753e-05	100.0
0.0058432647892	0.00395214104836	0.00108610720306	0.698673881178	0.474287767396	0.127905949023	8.72714197348e-11	1.4540198753e-05	100.0
0.00150128575941	9.03979182706e-05	0.00188949819745	0.178040399744	0.0150454930703	0.225538485891	8.72714197348e-11	1.4540198753e-05	100.0
-0.00241661987793	-0.00857607212587	-0.000315141377336	-0.286405551505	-1.03342055361	-0.0366019571077	8.72714197348e-11	1.4540198753e-05	100.0
-0.00351349073654	-0.00346189587075	-0.000648342169646	-0.425363676999	-0.415252401969	-0.0772126876874	8.72714197348e-11	1.4540198753e-05	100.0
-0.00117457742285	0.00191929858391	-0.000283220489909	-0.140116922285	0.243482689295	-0.0324777109619	8.72714197348e-11	1.4540198753e-05	100.0
0.00348579202538	0.00499813944484	-0.00126137029476	0.411272780357	0.600387825152	-0.147171470882	8.72714197348e-11	1.4540198753e-05	100.0
0.00319535770471	0.00196594732929	-0.0026904774519	0.380860520379	0.238958576812	-0.319447256883	8.72714197348e-11	1.4540198753e-05	100.0
-0.00146646614897	-0.00212895328503	-0.00374963376588	-0.178962854026	-0.254773657218	-0.447814322663	8.72714197348e-11	1.4540198753e-05	100.0
-0.00123333606272	0.00137422354869	-0.00221040040505	-0.149370215106	0.171689819446	-0.259994286511	8.72714197348e-11	1.4540198753e-05	100.0
0.00376842172427	0.00183962220907	-0.00237922324325	0.449593928467	0.223265250762	-0.281711111939	8.72714197348e-11	1.4540198753e-05	100.0
-0.00035502377601	-0.000764486245391	-0.00531558466921	-0.0451428961903	-0.0905287418454	-0.635728654944	8.72714197348e-11	1.4540198753e-05	100.0
0.00452206250079	0.00478917728393	-0.00103100197816	0.537370741312	0.574261787205	-0.120334692293	8.72714197348e-11	1.4540198753e-05	100.0
0.00420206425913	0.00386703345511	-0.00131275892813	0.499035283999	0.465500746931	-0.153062774364	8.72714197348e-11	1.4540198753e-05	100.0
-0.000707579717777	0.00233318928215	-0.00440283921869	-0.0873699595677	0.283658058908	-0.523127650673	8.72714197348e-11	1.4540198753e-05	100.0
-0.000896966645662	0.00362779036299	-0.000949335371322	-0.100165208475	0.453612974885	-0.0959684645005	8.72714197348e-11	1.4540198753e-05	100.0
0.00138362541821	-0.00780809682139	0.000453011365161	0.158255891961	-0.948774533237	0.0507948670105	8.70720201964e-11	1.4506977007e-05	100.0
0.00190192473742	-0.00613816269211	0.000670319672137	0.22469432654	-0.742697812215	0.0780942341737	8.70720201964e-11	1.4506977007e-05	100.0
0.00324299479759	-0.00330449552655	-0.00171368634641	0.387555019713	-0.397975952654	-0.204366514006	8.70720201964e-11	1.4506977007e-05	100.0
0.00278493879445	5.26499778489e-06	-0.00077356243019	0.331193733856	0.00268198576906	-0.0911107228329	8.70720201964e-11	1.4506977007e-05	100.0
-0.003871290778	-0.00997079452348	0.000429544935381	-0.464866075372	-1.194946357	0.0496382608128	8.70720201964e-11	1.4506977007e-05	100.0
0.000470611478128	-0.00886977263039	-0.000681721827475	0.041546083707	-1.08007715046	-0.0611064634084	8.70720201964e-11	1.4506977007e-05	100.0
0.000850222004931	-0.00781559080172	-0.00266190119764	0.0983833394897	-0.942578096911	-0.312516585453	8.70720201964e-11	1.4506977007e-05	100.0
0.000574321909563	-0.00496285287381	-0.00126718823579	0.0668761640035	-0.599074738367	-0.150078480674	8.67757119796e-11	1.4457609409e-05	100.0
-0.00215879505276	-0.00645114860181	-0.00272389209294	-0.261452159874	-0.776879574347	-0.324154420004	8.67757119796e-11	1.4457609409e-05	100.0
0.000613792911178	0.00463497634455	-0.00167601490567	0.0633708108889	0.556191050156	-0.178400174417	8.67757119796e-11	1.4457609409e-05	100.0
0.00359763854974	-0.000533163536558	0.00254065232073	0.429966957128	-0.0630131402405	0.303559811568	8.65659527174e-11	1.4422661641e-05	100.0
-0.00116118060924	-0.00970866575242	0.00239450527072	-0.140014226026	-1.16453676598	0.278600088212	8.65659527174e-11	1.4422661641e-05	100.0
-0.00278320140562	-0.00953153963307	0.00227302668159	-0.33545437142	-1.1475838858	0.269707908867	8.62771879888e-11	1.4374550856e-05	100.0
-0.00484988398682	-0.00576365910701	0.000286365043269	-0.58666672887	-0.693395054634	0.0338110183335	8.62771879888e-11	1.4374550856e-05	100.0
0.00348800930146	0.00423272845594	-0.000106402264093	0.410339965544	0.509574268065	-0.0112432639967	8.62771879888e-11	1.4374550856e-05	100.0
0.000202596477331	-0.00152861040642	-0.00415875737495	0.0218626654191	-0.182313951783	-0.497493812483	8.62771879888e-11	1.4374550856e-05	100.0
-6.97961013291e-05	-0.00238739400025	-0.0041700213574	-0.0111503244813	-0.28570934418	-0.498827802941	8.62771879888e-11	1.4374550856e-05	100.0
-0.00153075989249	0.00161773493705	-0.00173169466569	-0.184516504599	0.202511142061	-0.203325325369	8.62771879888e-11	1.4374550856e-05	100.0
0.00174651899948	0.00519006280549	-0.000901444119552	0.192641594019	0.616108414583	-0.0978466121202	8.62771879888e-11	1.4374550856e-05	100.0
0.00147211598373	0.00403416193617	-0.00310978440297	0.171390581881	0.486335329928	-0.363967935613	8.62771879888e-11	1.4374550856e-05	100.0
0.00136722888563	0.00343000301849	-0.00317644163093	0.15941041734	0.415024120004	-0.372756167358	8.62771879888e-11	1.4374550856e-05	100.0
0.00174758621474	-0.00656097344987	0.00276063233679	0.206533031492	-0.791371079923	0.326977812799	8.60575216121e-11	1.4337952473e-05	100.0
0.000406391912281	-0.00909497173545	0.000815825386611	0.0352749709687	-1.09902347894	0.0724352348656	8.60575216121e-11	1.4337952473e-05	100.0
0.00358014254557	-0.00248440294257	0.000459306534414	0.427967769492	-0.299249779405	0.0545186870517	8.60575216121e-11	1.4337952473e-05	100.0
0.00315118293405	0.00261557819071	-0.00123586980647	0.37227426114	0.317695792782	-0.146886173459	8.60575216121e-11	1.4337952473e-05	100.0
-0.00391478129388	-0.00822170897316	0.00120111473345	-0.471072787914	-0.987608403724	0.140597473547	8.60575216121e-11	1.4337952473e-05	100.0
-3.94957702423e-05	0.000794405411146	0.00465476958918	-0.00727843805478	0.0979302987453	0.555006688116	8.57756968926e-11	1.4290997955e-05	100.0
-0.00212184020417	-0.000328469241173	0.00447498548781	-0.257445092688	-0.0367443796884	0.535037505944	8.57756968926e-11	1.4290997955e-05	100.0
-0.00084093888938	-0.00403648026596	-0.000728094118588	-0.10316467239	-0.485642835474	-0.0874487023278	8.57756968926e-11	1.4290997955e-05	100.0
-0.00153749259808	-0.00898255602979	-0.00159665602259	-0.18169867694	-1.08157605991	-0.184565142476	8.57756968926e-11	1.4290997955e-05	100.0
0.00466515926667	0.00570027211611	0.00017356920403	0.554665330171	0.681500150918	0.0220326476796	8.57756968926e-11	1.4290997955e-05	100.0
0.00495925513845	0.00327049013024	-0.000650148888155	0.591228287533	0.393667899832	-0.0755745032168	8.57756968926e-11	1.4290997955e-05	100.0
-0.0016023992415	0.00209823601139	-0.00241379363503	-0.19317674873	0.259121144488	-0.283380950614	8.57756968926e-11	1.4290997955e-05	100.0
0.00188696577083	0.00309018440535	-0.00167217809792	0.218237907462	0.377182362522	-0.194524070259	8.55466263006e-11	1.4252832747e-05	100.0
-0.00136336571233	-0.00829866760664	0.00127015659689	-0.160536072723	-1.0044589463	0.146982962268	8.55466263006e-11	1.4252832747e-05	100.0
-0.000342238523927	-0.0073298373424	-0.00441818206701	-0.0439289671805	-0.882109133614	-0.526079698132	8.55466263006e-11	1.4252832747e-05	100.0
-0.0019303173243	-0.0105125409582	-0.000931188881086	-0.229665578471	-1.25594234181	-0.107030779058	8.55466263006e-11	1.4252832747e-05	100.0
